1	AGCCGCC..C	0.492874664559358588


A:	0.263670949421117975	0.269484246151950992	0.363821610270127408	0.0823098681415011046	0.468431722063080207	0.354420478664064849	0.253802988420469617	0.830753771266315465	0.00882138459468323456	0.00429971174778065268	0.0515534389556014656	0.0147537649743659526	0.00255466971325237887	0.00315128656352734359	0.672457849791487069	0.0495492522221649604	0.0599517478589667792	0.110219905265183268	0.211693563481323347	0.368573974748544099	0.181476726968143009	0.267459624122843644	0.151620676937114899
C:	0.20871380054966793	0.255758855025919243	0.415912135128632005	0.134631500171886019	0.0945181497688487912	0.144997633116563567	0.362356375279437766	0.121638312096948624	0.0056934719111496071	0.984735086549931257	0.941348750240669788	0.00195775365211980221	0.982992070210708132	0.990572896528703591	0.031181871751761485	0.443776973745011165	0.738530716579861808	0.119677248292641758	0.393829861436202012	0.193414527703809079	0.361401468564547819	0.168061882446773788	0.0691698620436880811
G:	0.466295846800593965	0.192318540825281655	0.107753154646452994	0.349765974581432601	0.156699946677542138	0.130804917412614947	0.0193930102357305025	0.0373314267584455248	0.978955766754224461	0.00661156213865910961	0.00378650582187483608	0.981356214424678039	0.00972916345915279875	0.0022968412425576762	0.217895387259520572	0.0407315298009838419	0.139829613067037361	0.600856736877674509	0.168104618484385193	0.294685437118027853	0.306343471236056897	0.437012162545750809	0.157414137193082944
T:	0.0613194032286201306	0.28243835799684811	0.112513099954787593	0.433292657105180275	0.280350181490528864	0.369776970806756637	0.364447626064362115	0.0102764898782903857	0.00652937673994269681	0.00435363956362898092	0.00331130498185391007	0.00193226694883620611	0.00472409661688669017	0.00397897566521138918	0.0784648911972308737	0.465942244231840033	0.0616879224941340515	0.169246109564500465	0.226371956598089448	0.143326060429618969	0.150778333231252275	0.12746633088463176	0.621795323826114075



2	CGCCGCCA	0.492535925760208262


A:	0.0652684241280271088	0.180245360767388735	0.480371461071360372	0.265937757122863652	0.485398786651999159	0.295646953729023208	0.067789999375131136	0.601048758595387154	0.00363092347975441212	0.00434758643630087836	0.103407004224217821	0.00712950402034246977	0.0416149981260612042	0.00217356995130225722	0.501877849864535288	0.101864884317732116	0.225354420701181557	0.485701197539650376	0.287063406034041092	0.0356095357331401801	0.155852663549693556	0.0733695575496947694
C:	0.359309651455533511	0.412197472334883735	0.160700787337708876	0.539207441346392405	0.0745422008451186397	0.210458768851357491	0.118326012799966869	0.338397700573024247	0.00446701176635127569	0.977281516720618689	0.890809123658830105	0.00775665411797667812	0.910461871313759669	0.980147120947310215	0.0756662068536786934	0.152470085114701743	0.17411667869410633	0.157858992562306224	0.259632238317324504	0.332401982646854698	0.423689974378324496	0.108951464376949208
G:	0.14827909906005681	0.263043914960417931	0.07060096268584206	0.084885618517805674	0.0960747537124149348	0.158701474519822444	0.783275114975328014	0.0562600136904478029	0.987472249198457513	0.0153089256517107486	0.00294265199736698569	0.980235941594128158	0.0216755448017316803	0.00285757179695080225	0.357518421087435851	0.100711048137602813	0.0972217518925888701	0.204577889296968478	0.0502056916555759975	0.195080711171223135	0.145192772422147653	0.470943500481139128
T:	0.42714282535638257	0.144513251937309599	0.288326788905088691	0.109969183012938269	0.343984258790467267	0.335192802899796857	0.0306088728495739812	0.00429352714114079593	0.00442981555543679922	0.00306197119136968444	0.00284122011958508833	0.0048779002675526942	0.0262475857584474468	0.0148217373044367259	0.0649375221943501672	0.644953982429963328	0.503307148712123243	0.151861920601074922	0.403098663993058406	0.436907770448781987	0.275264589649834294	0.346735477592216895



3	A..AGCCGCC	0.49064269722112472


A:	0.159884312603564901	0.116879596110865238	0.263670949421117975	0.269484246151950992	0.363821610270127408	0.0823098681415011046	0.468431722063080207	0.354420478664064849	0.253802988420469617	0.556495576102755746	0.00761666124258500605	0.00443401016127552685	0.0222716823978081617	0.0129443060140300952	0.00409909928110398688	0.00841304047003568167	0.672457849791487069	0.0495492522221649604	0.0599517478589667792	0.110219905265183268	0.211693563481323347	0.368573974748544099	0.181476726968143009
C:	0.383411594550940828	0.124510023618841057	0.20871380054966793	0.255758855025919243	0.415912135128632005	0.134631500171886019	0.0945181497688487912	0.144997633116563567	0.362356375279437766	0.393254011231651374	0.00150772665035331051	0.989725210282889466	0.972681836121496976	0.00456021072782428574	0.974019343809612601	0.985757709550676056	0.031181871751761485	0.443776973745011165	0.738530716579861808	0.119677248292641758	0.393829861436202012	0.193414527703809079	0.361401468564547819
G:	0.336446193470831261	0.514612875277652514	0.466295846800593965	0.192318540825281655	0.107753154646452994	0.349765974581432601	0.156699946677542138	0.130804917412614947	0.0193930102357305025	0.0457026075425198801	0.98688066515108444	0.0035522196807494224	0.00283523009363554286	0.981594805135410048	0.0182231988736513976	0.0014651202079522549	0.217895387259520572	0.0407315298009838419	0.139829613067037361	0.600856736877674509	0.168104618484385193	0.294685437118027853	0.306343471236056897
T:	0.120257899374663009	0.243997504992641192	0.0613194032286201306	0.28243835799684811	0.112513099954787593	0.433292657105180275	0.280350181490528864	0.369776970806756637	0.364447626064362115	0.00454780512307299992	0.00399494695597724308	0.00228855987508558434	0.00221125138705931937	0.000900678122735570869	0.00365835803563201479	0.0043641297713360075	0.0784648911972308737	0.465942244231840033	0.0616879224941340515	0.169246109564500465	0.226371956598089448	0.143326060429618969	0.150778333231252275



4	AGCCGCCA	0.490541808663011804


A:	0.263670949421117975	0.269484246151950992	0.363821610270127408	0.0823098681415011046	0.468431722063080207	0.354420478664064849	0.253802988420469617	0.601048758595387154	0.0131633349647688746	0.00461910852049324228	0.0375304256540004927	0.013276842590832176	0.0056004094564100133	0.00479419296586327294	0.672457849791487069	0.0495492522221649604	0.0599517478589667792	0.110219905265183268	0.211693563481323347	0.368573974748544099	0.181476726968143009	0.267459624122843644
C:	0.20871380054966793	0.255758855025919243	0.415912135128632005	0.134631500171886019	0.0945181497688487912	0.144997633116563567	0.362356375279437766	0.338397700573024247	0.00124877458906490678	0.990247449753912349	0.958171383069574841	0.00316022629936334563	0.984621433097464277	0.990183101482043058	0.031181871751761485	0.443776973745011165	0.738530716579861808	0.119677248292641758	0.393829861436202012	0.193414527703809079	0.361401468564547819	0.168061882446773788
G:	0.466295846800593965	0.192318540825281655	0.107753154646452994	0.349765974581432601	0.156699946677542138	0.130804917412614947	0.0193930102357305025	0.0562600136904478029	0.981737290456477427	0.00271207882600695002	0.00189414749097563703	0.982419632326305533	0.00624816478322527434	0.00122326974090729017	0.217895387259520572	0.0407315298009838419	0.139829613067037361	0.600856736877674509	0.168104618484385193	0.294685437118027853	0.306343471236056897	0.437012162545750809
T:	0.0613194032286201306	0.28243835799684811	0.112513099954787593	0.433292657105180275	0.280350181490528864	0.369776970806756637	0.364447626064362115	0.00429352714114079593	0.00385059998968879178	0.0024213628995874586	0.00240404378544902961	0.00114329878349894515	0.00352999266290043547	0.00379943581118637844	0.0784648911972308737	0.465942244231840033	0.0616879224941340515	0.169246109564500465	0.226371956598089448	0.143326060429618969	0.150778333231252275	0.12746633088463176



5	C.GCCGCCA	0.490368943547192177


A:	0.414925434295275687	0.167636768214672993	0.165925544441674176	0.458468378899328617	0.527497819313763903	0.204008548273683995	0.379994253151399995	0.129043652200049282	0.601048758595387154	0.0119668486803863198	0.00782176679740336215	0.113476261345633314	0.0169201561394911205	0.0336062604208859594	0.0146214907219291517	0.575986818817953279	0.0649152957474741116	0.228713654972541156	0.15604568174042538	0.205792443372824995	0.264076732504711831	0.0736862377761727531	0.0815629506878748842
C:	0.142353369062723024	0.256629022058934504	0.286818768961207544	0.403994425064045695	0.206582979036374493	0.22792973626661191	0.18170519297920227	0.524743626403008731	0.338397700573024247	0.00898704583908391196	0.978753401883682184	0.856069817762761493	0.013686711194686829	0.871932144312217177	0.96383361686926588	0.0807082482666107131	0.380061761148493745	0.403074982887561452	0.192911011446365955	0.0977160292925816971	0.30446194142355386	0.100441921513248767	0.391077359684194154
G:	0.244415524463630713	0.309333920423459422	0.399113926869536461	0.0782395738860175624	0.1838810205446777	0.314746441095843432	0.10185766423846064	0.245556201932550108	0.0562600136904478029	0.972872062974204255	0.00826017168401983982	0.0233026342582049674	0.963091443203731819	0.0549492608842624797	0.00915939214413391737	0.261843849967026034	0.0676081871196344641	0.189348053190676924	0.522699103128641963	0.182590052797738547	0.206794066011011287	0.175037092302032673	0.160704416587777067
T:	0.198305672178370576	0.266400289302933081	0.14814175972758182	0.0592976221506081258	0.0820381811051839041	0.253315274363860664	0.336442889630937095	0.10065651946439188	0.00429352714114079593	0.00617404250632551294	0.00516465963489461359	0.00715128663340022542	0.00630168946209023173	0.039512334382634384	0.0123855002646710511	0.0814610829484099733	0.487414755984397679	0.178863308949220468	0.128344203684566701	0.513901474536854762	0.224667260060723022	0.650834748408545807	0.366655273040153895



