1	GCGCCGCC	0.498184826632421219


A:	0.297944116468157599	0.101749969080894107	0.277585879933619882	0.38314335731112819	0.348159141527830727	0.103015108517080691	0.146876846952508461	0.0434386350034109051	0.0077542853558253943	0.00999905242154078795	0.00157224994148170735	0.0464735224639569866	0.00749718299853295211	0.0147294113861942217	0.0571615281468155091	0.582422077368574859	0.140907399900757641	0.415665955306695068	0.293043856808888075	0.329288274105404633	0.111477693445119661	0.257197911667793828
C:	0.439987068491123647	0.240183895904974257	0.18992532007411978	0.188189112971357549	0.180668874461842966	0.187400626384459419	0.244173215079218128	0.294335245382551015	0.95804978318489531	0.00171378757536263935	0.918078066495986764	0.95058734189628562	0.00143343484914665648	0.854370487431219489	0.929044867944547816	0.00762193390401654303	0.0810267424303619453	0.23201668150378265	0.106927537891095057	0.384101466136729714	0.226919996258361479	0.281149580651266444
G:	0.0708840614283666354	0.0377190895235037769	0.228530832875523181	0.0452694245568668678	0.325974910102716151	0.238905103403500887	0.418410335090728897	0.656053913657047369	0.00438058135294061615	0.985767630840830488	0.0780745053803832639	0.00197354121842932134	0.988011039202492717	0.0450224131812416488	0.00504355346741060966	0.374365331190266567	0.153288685306584212	0.0493769788774239143	0.142724767469712355	0.0828618440652256443	0.200342638381389162	0.0943620467901654818
T:	0.191184753612352119	0.620347045490627858	0.303957967116737157	0.383398105160647393	0.145197073907610155	0.470679161694959003	0.190539602877544514	0.00617220595699071172	0.0298153501063386794	0.00251952916226608504	0.00227517818214826509	0.000965594421328071657	0.00305834294982767406	0.0858776880013446405	0.0087500504412260648	0.0355906575371420306	0.624777172362296202	0.302940384312098367	0.457303837830304512	0.203748415692640009	0.461259671915129698	0.367290460890774246



2	CGCCGCCA	0.498108558843867489


A:	0.0715678353772049655	0.0870362109175047433	0.166120233050057898	0.245200464662229234	0.10844112575091166	0.227412190848245396	0.0189285020635446673	0.0528970980333056103	0.0106736549832689739	0.00204229212455593917	0.0229643094114044507	0.00691232517671238484	0.0467762076709873562	0.0918514475542775718	0.582422077368574859	0.189672979754097486	0.57693169730242554	0.3506149299043275	0.616501339856206299	0.403663856561784765	0.103827173127620154	0.115659948098421137
C:	0.286060914751402692	0.622040263837262964	0.334014343363734666	0.0596312878049748707	0.468353639091985274	0.160757285713891973	0.417701703803619785	0.933880036857803311	0.00042127254898624587	0.956267012818960356	0.975210900932472028	0.00147383403646146375	0.650390437609410717	0.891548202195876457	0.00762193390401654303	0.0744093404795394591	0.23487325134616199	0.0656905261014056305	0.0528452795360459272	0.196443420560218524	0.137071192814842181	0.3926963648755768
G:	0.12220455330142603	0.157162939291027715	0.149825940636079264	0.540679933710036627	0.101309243200632235	0.396638714593791507	0.557014174273263627	0.00516685562558708869	0.986631545996139198	0.040769647844938453	0.0010617752397980236	0.989474501317038817	0.0156116019260859171	0.000893966612361270434	0.374365331190266567	0.146309329645327562	0.0495040622401578333	0.243173048042389912	0.0708322639599138147	0.152939455242842023	0.0289828451542719224	0.261296627354245083
T:	0.520166696569966313	0.133760585954204578	0.350039482950128173	0.154488313822759268	0.321895991956470831	0.215191808844071123	0.00635561985957192061	0.00805600948330399046	0.00227352647160558194	0.000921047211545251342	0.000763014416325497863	0.00213933946978733422	0.28722175279351601	0.0157063836374847012	0.0355906575371420306	0.589608350121035493	0.138690989111254637	0.340521495951876957	0.259821116647833959	0.246953267635154688	0.730118788903265743	0.23034705967175698



3	GCGCCG.CA	0.497795969773299748


A:	0.439964058986390051	0.0715678353772049655	0.0870362109175047433	0.166120233050057898	0.245200464662229234	0.10844112575091166	0.227412190848245396	0.0189285020635446673	0.00385946113436599926	0.010384371342969396	0.00346344420467799118	0.0204407468769197196	0.00470979424316886894	0.0467762076709873562	0.0439903237193624666	0.826823710030827701	0.189672979754097486	0.57693169730242554	0.3506149299043275	0.616501339856206299	0.403663856561784765	0.103827173127620154	0.115659948098421137
C:	0.287871591308587604	0.286060914751402692	0.622040263837262964	0.334014343363734666	0.0596312878049748707	0.468353639091985274	0.160757285713891973	0.417701703803619785	0.979771631978278374	0.00130112300110412559	0.947000701920454579	0.977277807865819304	0.00187960141935675499	0.650390437609410717	0.936444747205532368	0.0124087693310078301	0.0744093404795394591	0.23487325134616199	0.0656905261014056305	0.0528452795360459272	0.196443420560218524	0.137071192814842181	0.3926963648755768
G:	0.230920120462260401	0.12220455330142603	0.157162939291027715	0.149825940636079264	0.540679933710036627	0.101309243200632235	0.396638714593791507	0.557014174273263627	0.00162011526300938962	0.987354235492615586	0.0487744528469365507	0.00104053195208281466	0.991151933220281645	0.0156116019260859171	0.00129037698274220259	0.136307008061209374	0.146309329645327562	0.0495040622401578333	0.243173048042389912	0.0708322639599138147	0.152939455242842023	0.0289828451542719224	0.261296627354245083
T:	0.0412442292427619433	0.520166696569966313	0.133760585954204578	0.350039482950128173	0.154488313822759268	0.321895991956470831	0.215191808844071123	0.00635561985957192061	0.0147487916243462371	0.00096027016331089243	0.000761401027930879416	0.00124091330517816133	0.00225867111719273075	0.28722175279351601	0.0182745520923629624	0.0244605125769550952	0.589608350121035493	0.138690989111254637	0.340521495951876957	0.259821116647833959	0.246953267635154688	0.730118788903265743	0.23034705967175698



4	CCGCCG.CA	0.497691015952980689


A:	0.439964058986390051	0.0715678353772049655	0.0870362109175047433	0.166120233050057898	0.245200464662229234	0.10844112575091166	0.227412190848245396	0.0189285020635446673	0.0252621106264045003	0.0084537851402306837	0.0015095585207435983	0.0114575999491536076	0.00643388551603537854	0.0467762076709873562	0.0327077446906244377	0.854611522622843414	0.189672979754097486	0.57693169730242554	0.3506149299043275	0.616501339856206299	0.403663856561784765	0.103827173127620154	0.115659948098421137
C:	0.287871591308587604	0.286060914751402692	0.622040263837262964	0.334014343363734666	0.0596312878049748707	0.468353639091985274	0.160757285713891973	0.417701703803619785	0.962052559407834703	0.00057626048551727959	0.984744668327787527	0.986129793140786741	0.004383355175301792	0.650390437609410717	0.956745509251460845	0.00550691697644339265	0.0744093404795394591	0.23487325134616199	0.0656905261014056305	0.0528452795360459272	0.196443420560218524	0.137071192814842181	0.3926963648755768
G:	0.230920120462260401	0.12220455330142603	0.157162939291027715	0.149825940636079264	0.540679933710036627	0.101309243200632235	0.396638714593791507	0.557014174273263627	0.0070433964262094859	0.988905798203883687	0.012137049181538391	0.00145328139636631585	0.987805057758646589	0.0156116019260859171	0.00211128291070888425	0.122030615183770115	0.146309329645327562	0.0495040622401578333	0.243173048042389912	0.0708322639599138147	0.152939455242842023	0.0289828451542719224	0.261296627354245083
T:	0.0412442292427619433	0.520166696569966313	0.133760585954204578	0.350039482950128173	0.154488313822759268	0.321895991956470831	0.215191808844071123	0.00635561985957192061	0.00564193353955131095	0.0020641561703683502	0.00160872396993048345	0.00095932551369333548	0.00137770155001624055	0.28722175279351601	0.00843546314720583332	0.0178509452169430784	0.589608350121035493	0.138690989111254637	0.340521495951876957	0.259821116647833959	0.246953267635154688	0.730118788903265743	0.23034705967175698



5	CGCCG.CA.A	0.497326352875323093


A:	0.0715678353772049655	0.0870362109175047433	0.166120233050057898	0.245200464662229234	0.10844112575091166	0.227412190848245396	0.0189285020635446673	0.0262840110874409589	0.0109286532106979714	0.0052354082791601395	0.0130680339278287596	0.00734607212013716057	0.0467762076709873562	0.0155594556107919874	0.861837003597241152	0.189672979754097486	0.57693169730242554	0.3506149299043275	0.616501339856206299	0.403663856561784765	0.103827173127620154	0.115659948098421137	0.145942985587430777
C:	0.286060914751402692	0.622040263837262964	0.334014343363734666	0.0596312878049748707	0.468353639091985274	0.160757285713891973	0.417701703803619785	0.962701681371076319	0.000846148491637480443	0.968352448920332846	0.984427765722262131	0.00274920917348013313	0.650390437609410717	0.97081194632697971	0.00527844519668923435	0.0744093404795394591	0.23487325134616199	0.0656905261014056305	0.0528452795360459272	0.196443420560218524	0.137071192814842181	0.3926963648755768	0.357637685703013582
G:	0.12220455330142603	0.157162939291027715	0.149825940636079264	0.540679933710036627	0.101309243200632235	0.396638714593791507	0.557014174273263627	0.00206303433762824508	0.98706948314860794	0.0254527759623607155	0.00136504326636700883	0.988752161208849941	0.0156116019260859171	0.00100221291898144108	0.104058160362110453	0.146309329645327562	0.0495040622401578333	0.243173048042389912	0.0708322639599138147	0.152939455242842023	0.0289828451542719224	0.261296627354245083	0.194361834061193368
T:	0.520166696569966313	0.133760585954204578	0.350039482950128173	0.154488313822759268	0.321895991956470831	0.215191808844071123	0.00635561985957192061	0.00895127320385447655	0.00115571514905660844	0.000959366838146298994	0.00113915708354210092	0.00115255749753276547	0.28722175279351601	0.0126263851432468614	0.0288263908439591601	0.589608350121035493	0.138690989111254637	0.340521495951876957	0.259821116647833959	0.246953267635154688	0.730118788903265743	0.23034705967175698	0.302057494648362274



