1	GCGCCG.CA	0.494872574321306268


A:	0.19089298275903004	0.285356442734948722	0.142732194099032513	0.0721100816675892626	0.528281953965798175	0.321495323294149052	0.117588584913510177	0.015964503667355318	0.00539667847360847858	0.204559690532724093	0.00155264997657769665	0.00143402883801109441	0.00976206008698516164	0.163155985190498653	0.0453570756374472136	0.876106437314670478	0.294184676150623247	0.176563884232705401	0.538761792613820456	0.0596645850745309408	0.0455717358170983718	0.347420526356640114	0.272069881548290236
C:	0.25066535587888103	0.365360191980921728	0.223597233418138804	0.530298949726280833	0.198548118310932939	0.369173701577107622	0.0762217175373432102	0.200499712542300121	0.983224880825979505	0.00121775421462462624	0.902707904404152228	0.989635830275348699	0.00453114690928073193	0.724408185058465212	0.880225666311493699	0.0281204607065851184	0.386403542707214772	0.13671568229432185	0.226194438776517544	0.67520913238041753	0.70820309469550755	0.0582464485092456004	0.197602514686211651
G:	0.105128816719541484	0.0772062821650974791	0.301856350026780804	0.0917511195080679761	0.198548118310932939	0.227354963688884807	0.635830423512509293	0.777419484139336483	0.00184644795334748533	0.793161681247307735	0.0941820844190759605	0.00515193358908666051	0.982077233033919498	0.0196496383154446866	0.00861361439353166428	0.0640664327937309429	0.18997994876709937	0.066455222200649231	0.163982755748068324	0.0396697086368380664	0.177597907979253056	0.127988787934407585	0.26713512770350162
T:	0.453312844642547446	0.272077083119032071	0.331814222456047879	0.305839849098061928	0.0746218094123359473	0.0819760114398585181	0.170359274036637319	0.00611629965100807866	0.00953199274706453087	0.0010608740053435456	0.0015573612001941145	0.00377820729755354584	0.00362955996981460846	0.0927861914355914486	0.0658036436575274228	0.0317066691850134608	0.129431832375062611	0.620265211272323517	0.0710610128615936764	0.225456573908213463	0.0686272615081410223	0.466344237199706701	0.263192476061996493



2	CGGCGCCG	0.494158356898347968


A:	0.244951846370020625	0.342952438576474111	0.238072439232045439	0.00318384396657557575	0.159554091387945381	0.12875156016567258	0.194003942257714943	0.0176015826929301244	0.041919201793599868	0.00456694707912612261	0.00382318958188814467	0.0734913388854077088	0.0013090686528668759	0.0260005416296968708	0.101746746804841125	0.0775949263331829687	0.196453645507659205	0.633330510542605101	0.457043441512567669	0.120001775587750351	0.271782612517199467	0.142341415799185318
C:	0.208865217439427499	0.0831131241254354014	0.483681892941557748	0.364641844288479201	0.234619309992150042	0.448877326504389828	0.230296280795298201	0.834315008215315982	0.0665574279466428888	0.493248072757617648	0.921662756409443743	0.00102271512326040342	0.500875911510389353	0.865522828630060372	0.0463366622869127688	0.620953574755035601	0.527608060539931557	0.122863988246997357	0.218220510407835812	0.153852910606770099	0.280450476752621216	0.411973937891803789
G:	0.307946063453515321	0.0792893872788712458	0.218540454071019359	0.615374617515453212	0.184778212367119566	0.220646334486430924	0.442005781434853281	0.0463366622869127688	0.865522828630060372	0.500875911510389353	0.00102271512326040342	0.921662756409443743	0.493248072757617648	0.0665574279466428888	0.834315008215315982	0.0917531013512299708	0.183436750110785199	0.0973805510449650189	0.162368024039798259	0.366370419020775519	0.243445265657575965	0.269311164718463567
T:	0.238236872737036555	0.494645050019219242	0.0597052137553774549	0.0167996942294920122	0.42104838625278501	0.201724778843506669	0.133693995512133575	0.101746746804841125	0.0260005416296968708	0.0013090686528668759	0.0734913388854077088	0.00382318958188814467	0.00456694707912612261	0.041919201793599868	0.0176015826929301244	0.20969839756055146	0.0925015438416240392	0.146424950165432523	0.162368024039798259	0.359774894784704032	0.204321645072603352	0.176373481590547325



3	GGCGCCG..A	0.493342786246012052


A:	0.460007884787593673	0.0955337699589373597	0.105907913930692472	0.0261406091050465562	0.673604030879478003	0.190918865865629046	0.0446677216947633484	0.0118574388790454508	0.00559206378844253907	0.0589800873519503728	0.00220366207906910928	0.00918676771616855427	0.0246606017117343825	0.0665815509843238181	0.0453570756374472136	0.841840029738975984	0.299132961140703398	0.500190076318139249	0.602133483848427322	0.135629697793885426	0.324215903825946	0.343258920067252829	0.16083931375407638
C:	0.288658481993326912	0.0823488298245935754	0.470049145946061082	0.88910029140564448	0.13133017310293007	0.503221672246856237	0.0733300289533535577	0.165453640892350523	0.985038812256512062	0.00137164618698244869	0.686756968996940726	0.970653909989212113	0.0783985113940379471	0.844705930719584032	0.880225666311493699	0.0988440952812582798	0.483897255561582363	0.0946497892732642468	0.199786841712119734	0.0631909207671182222	0.54910096913848084	0.140950426175933448	0.387167274585368244
G:	0.223760896281241428	0.302531410344700061	0.0803465820607693443	0.00412289406273549148	0.0428695552402445985	0.220731644940183196	0.820090663378971471	0.819332209075138567	0.00280452601599249752	0.937402572491784512	0.30896819530539778	0.0104453422059219084	0.878093107171147284	0.0138215964497981271	0.00861361439353166428	0.0357506600162829101	0.101779263475622821	0.099608354149016882	0.0319925365074454704	0.483821922645151548	0.0839229651216569148	0.259901455113103252	0.0609609475679630966
T:	0.0275727369378379865	0.519585989871769004	0.343696358062477102	0.0806362054265734719	0.152196240777347329	0.0851278169473315213	0.0619115859729116227	0.00335671115346545868	0.00656459793905290147	0.00224569396928266623	0.00207117361859238465	0.0097139800886974241	0.018847779723080386	0.0748909218462940231	0.0658036436575274228	0.023565214963482826	0.115190519822091418	0.305551780259579622	0.166087137932007473	0.317357458793844804	0.0427601619139162459	0.255889198643710471	0.391032464092592279



4	C.GCGCCGC	0.493177494333879266


A:	0.192114564938091873	0.376384335054010275	0.23587404396802035	0.413577887233607153	0.12491421811733157	0.0533154448631069881	0.0961161685587866273	0.0501204357421628588	0.0552254174372621001	0.0092189093180503212	0.0030626892424708625	0.0692852576660692706	0.00130232499280417688	0.0035029534217195673	0.00482436222544244546	0.0340507162346131243	0.126903627031715369	0.591185423345925618	0.415999482522200992	0.519760739516716806	0.396783373025007173	0.210309775245397917	0.20429289729874181
C:	0.466471818643619349	0.347807407460902768	0.150240205524114456	0.195482633340938001	0.0479558137244769847	0.767854294422877366	0.466184683469869989	0.710290916852655371	0.372871434257390265	0.162971993819424207	0.987914209123714635	0.00150340851828916909	0.826951929620254392	0.983514181272315051	0.0059410805440997415	0.931116428599784058	0.838955003173817936	0.213381162325803182	0.297965000562664915	0.185522276276981473	0.511509955139654698	0.358791847739010153	0.22517059639624716
G:	0.0886635958578391802	0.0587984029876670276	0.430401263989829836	0.185234244300972197	0.0898362587626195282	0.135956231554193478	0.139573708784951779	0.049856973603736989	0.327613882566502174	0.825710142051284873	0.00243139804695609145	0.927844065964167394	0.169631355154174108	0.0108250591802029296	0.982519388499758841	0.00770841275085645178	0.0150913863288490883	0.0542926678731929373	0.0685097718902223363	0.0920347039861654846	0.0498463047533141693	0.354288472454312403	0.109385608977686755
T:	0.252750020560449598	0.217009854497419929	0.183484486518035358	0.205705235124482649	0.737293709395571917	0.0428740291598221684	0.298125439186391604	0.189731673801444781	0.244289265738845461	0.00209895481124059946	0.00659170358685841065	0.00136726785147416667	0.00211439023276732369	0.00215780612576245229	0.00671516873069897193	0.0271244424147463659	0.0190499834656176065	0.141140746455078263	0.217525745024911757	0.202682280220136236	0.0418603670820239603	0.0766099045612795265	0.461150897327324274



5	GCGCCGC.A	0.492727513358810197


A:	0.23587404396802035	0.413577887233607153	0.12491421811733157	0.0533154448631069881	0.0961161685587866273	0.0501204357421628588	0.0552254174372621001	0.0137222119957921605	0.00344456711301836704	0.0838504973332530223	0.00135459698153119028	0.00345314296353546999	0.00329605589910496695	0.0665815509843238181	0.126903627031715369	0.591185423345925618	0.415999482522200992	0.519760739516716806	0.396783373025007173	0.210309775245397917	0.20429289729874181	0.280904654441271406	0.222048125107131868
C:	0.150240205524114456	0.195482633340938001	0.0479558137244769847	0.767854294422877366	0.466184683469869989	0.710290916852655371	0.372871434257390265	0.198686548757255972	0.990937485262915667	0.00148913369741737275	0.661823110626357825	0.986545451084109976	0.00442466437862701696	0.844705930719584032	0.838955003173817936	0.213381162325803182	0.297965000562664915	0.185522276276981473	0.511509955139654698	0.358791847739010153	0.22517059639624716	0.198301178691502889	0.215832148219792271
G:	0.430401263989829836	0.185234244300972197	0.0898362587626195282	0.135956231554193478	0.139573708784951779	0.049856973603736989	0.327613882566502174	0.783803050375597848	0.00110816169285692163	0.913806148136261119	0.335397718097599019	0.00865781112753132212	0.985486019504629644	0.0138215964497981271	0.0150913863288490883	0.0542926678731929373	0.0685097718902223363	0.0920347039861654846	0.0498463047533141693	0.354288472454312403	0.109385608977686755	0.404422216627741232	0.293471350012990425
T:	0.183484486518035358	0.205705235124482649	0.737293709395571917	0.0428740291598221684	0.298125439186391604	0.189731673801444781	0.244289265738845461	0.00378818887135401868	0.00450978593120904456	0.000854220833068486271	0.00142457429451196585	0.00134359482482323152	0.00679326021763837217	0.0748909218462940231	0.0190499834656176065	0.141140746455078263	0.217525745024911757	0.202682280220136236	0.0418603670820239603	0.0766099045612795265	0.461150897327324274	0.116371950239484473	0.268648376660085435



