1	GCGCCG.CA	0.499094247853491488


A:	0.468078778003925516	0.308583065488394176	0.165749672450071915	0.122103793323278401	0.151177574188554961	0.0950391679524591789	0.157739257545201688	0.053211877894645305	0.0178601163102203392	0.00660917259738551718	0.00176965048255879368	0.024199786613043455	0.004734782566754901	0.0277006458773718165	0.0433952070107493017	0.859347663885095687	0.445934708010585133	0.219593199903658623	0.67031190148930405	0.307846209118986271	0.383886626279738613	0.492673508847681914	0.404414057769555013
C:	0.11826630498070342	0.210090518519092092	0.128058337958275635	0.493257317063635573	0.23763803016465893	0.443910360935106397	0.150883766843556207	0.217112920429965449	0.974375573331008308	0.00105821564227977756	0.962528980996935406	0.973179562419045072	0.00189174476093700442	0.719315142983715871	0.925488595061929306	0.00761263188634840325	0.239626273293845739	0.187858422841180641	0.219498063332658295	0.63328969093790693	0.447163270318865543	0.0236772515436073164	0.124227847937315047
G:	0.229624198750059791	0.0674470646585924455	0.335005009039708832	0.158699409191358023	0.23763803016465893	0.230099229643927261	0.286760077068427372	0.722472108999467846	0.00142730195863621387	0.990668475973064671	0.0344636430134959666	0.000758482486201974681	0.989948358601690229	0.0154811545980173993	0.00369128453230844313	0.115339797246809966	0.0969540880454057119	0.102094512523288603	0.0672632323763189166	0.0163251383352770566	0.0826841299092493124	0.0800739594326442417	0.176286091701301964
T:	0.184030718265311274	0.413879351333921287	0.371186980551943618	0.225939480421728003	0.373546365482127178	0.230951241468507164	0.404616898542814734	0.00720309267592139971	0.00633700840013513873	0.00166413578727003472	0.00123772550700983409	0.00186216848170949875	0.00342511407061786549	0.237503056540894914	0.0274249133950129495	0.0176999069817459435	0.217484930650163416	0.490453864731872133	0.0429268028017187382	0.0425389616078297419	0.0862659734921465318	0.403575280176066528	0.295072002591827977



2	CGCCGCCA	0.49870030770757854


A:	0.308583065488394176	0.165749672450071915	0.122103793323278401	0.151177574188554961	0.0950391679524591789	0.157739257545201688	0.053211877894645305	0.133631968876548779	0.023477038863056751	0.00215339919745425146	0.0535324372354582728	0.00623278426532550077	0.0277006458773718165	0.205652278694484028	0.732510952418185307	0.445934708010585133	0.219593199903658623	0.67031190148930405	0.307846209118986271	0.383886626279738613	0.492673508847681914	0.404414057769555013
C:	0.210090518519092092	0.128058337958275635	0.493257317063635573	0.23763803016465893	0.443910360935106397	0.150883766843556207	0.217112920429965449	0.848309151082395063	0.000601830675847147867	0.936587059248168221	0.944242784572339965	0.00109493046784729236	0.719315142983715871	0.78105025863425706	0.00904211274004848748	0.239626273293845739	0.187858422841180641	0.219498063332658295	0.63328969093790693	0.447163270318865543	0.0236772515436073164	0.124227847937315047
G:	0.0674470646585924455	0.335005009039708832	0.158699409191358023	0.23763803016465893	0.230099229643927261	0.286760077068427372	0.722472108999467846	0.0121298989313009853	0.973068287128570425	0.0594816770125802919	0.00107197223315709709	0.986054331000358451	0.0154811545980173993	0.0014469584284358954	0.229250515915937345	0.0969540880454057119	0.102094512523288603	0.0672632323763189166	0.0163251383352770566	0.0826841299092493124	0.0800739594326442417	0.176286091701301964
T:	0.413879351333921287	0.371186980551943618	0.225939480421728003	0.373546365482127178	0.230951241468507164	0.404616898542814734	0.00720309267592139971	0.00592898110975517329	0.00285284333252567659	0.00177786454179723607	0.00115280595904466498	0.00661795426646875587	0.237503056540894914	0.0118505042428230163	0.0291964189258288607	0.217484930650163416	0.490453864731872133	0.0429268028017187382	0.0425389616078297419	0.0862659734921465318	0.403575280176066528	0.295072002591827977



3	GCGCCGCC	0.498269058963668851


A:	0.264674675761729785	0.421023506364882911	0.404762382791816524	0.137464160291857945	0.0489319549918129841	0.468816649637425529	0.138137367673774301	0.0774515225301670896	0.0145057980021890872	0.00666932924238691478	0.00165326369258817531	0.0270343920797689193	0.00652194125941766484	0.0130487603314728338	0.091518427133661987	0.732510952418185307	0.226602411032961901	0.379520756694322745	0.388437002230980298	0.242168790870992775	0.174858803292808248	0.299544724082614699
C:	0.164521885764906034	0.165088877403059142	0.0450920612035146029	0.087306509663745606	0.0223573750723930562	0.40794153920628627	0.313829781626100852	0.106607747619343523	0.978909915175651151	0.00105781736109030108	0.938425643313218788	0.970768459131827161	0.00047169554379239659	0.841744948185047653	0.895882055851477406	0.00904211274004848748	0.225233480237674976	0.249137920018850295	0.437962970305338074	0.230425676817718988	0.72998939178820903	0.359850504704258619
G:	0.144187091511597978	0.134076818160702754	0.224759098188788584	0.492578211796421707	0.0822905837941237824	0.0706108218998277824	0.100371630885649971	0.800327764171865466	0.00111524324707060813	0.98928125789329005	0.0579937387384068978	0.00114453956166599679	0.989176449313301509	0.0186139793124159024	0.00662525235483983856	0.229250515915937345	0.0821249376275744233	0.139912156040037089	0.0191941672101298476	0.505962317780366243	0.0342652644944311376	0.167482334612904574
T:	0.426616346961766204	0.279810798071355193	0.325386457815880289	0.282651118247974742	0.846420086141670177	0.0526309892564604188	0.447661219814474876	0.0156129656786239218	0.00546904357508915376	0.00299159550323273422	0.00192735425578613899	0.00105260922673792316	0.00382991388348842917	0.126592312171063611	0.00597426466002076831	0.0291964189258288607	0.4660391711017887	0.231429167246789871	0.15440586025355178	0.021443214530921994	0.0608865404245515848	0.173122436600222108



4	CGCCG.CAA	0.497878306615712939


A:	0.308583065488394176	0.165749672450071915	0.122103793323278401	0.151177574188554961	0.0950391679524591789	0.157739257545201688	0.053211877894645305	0.0606085652764826855	0.0134182724327974839	0.00173618259351578446	0.0176714233028797475	0.00606049564882834549	0.0277006458773718165	0.158519891626512757	0.862894334075744788	0.445934708010585133	0.219593199903658623	0.67031190148930405	0.307846209118986271	0.383886626279738613	0.492673508847681914	0.404414057769555013	0.182170319514036512
C:	0.210090518519092092	0.128058337958275635	0.493257317063635573	0.23763803016465893	0.443910360935106397	0.150883766843556207	0.217112920429965449	0.906846964314003659	0.000669839132490573799	0.908542814112231369	0.978951358660343916	0.00318097478900129099	0.719315142983715871	0.809873334977967499	0.0126400004970568723	0.239626273293845739	0.187858422841180641	0.219498063332658295	0.63328969093790693	0.447163270318865543	0.0236772515436073164	0.124227847937315047	0.234173242335104251
G:	0.0674470646585924455	0.335005009039708832	0.158699409191358023	0.23763803016465893	0.230099229643927261	0.286760077068427372	0.722472108999467846	0.0141994278600803746	0.984182818254286274	0.0869585182006277598	0.00120394005452180152	0.98797903085036583	0.0154811545980173993	0.00755908420838635632	0.108112975711953954	0.0969540880454057119	0.102094512523288603	0.0672632323763189166	0.0163251383352770566	0.0826841299092493124	0.0800739594326442417	0.176286091701301964	0.241831348921116548
T:	0.413879351333921287	0.371186980551943618	0.225939480421728003	0.373546365482127178	0.230951241468507164	0.404616898542814734	0.00720309267592139971	0.0183450425494332804	0.00172907018042566799	0.00276248509362508673	0.00217327798225453487	0.00277949871180453343	0.237503056540894914	0.0240476891871333872	0.0163526897152443864	0.217484930650163416	0.490453864731872133	0.0429268028017187382	0.0425389616078297419	0.0862659734921465318	0.403575280176066528	0.295072002591827977	0.341825089229742688



5	A.TG.CGGCG	0.497683921451850381


A:	0.341825089229742689	0.295072002591827977	0.403575280176066528	0.0862659734921465318	0.0425389616078297419	0.0429268028017187382	0.490453864731872133	0.217484930650163416	0.065150065677001046	0.0474342667202550792	0.237503056540894914	0.00633542495006232552	0.00303939179246372822	0.00304542225911120074	0.00264840828920065405	0.0119485437692509563	0.00720309267592139971	0.404616898542814734	0.230951241468507164	0.373546365482127178	0.225939480421728003	0.371186980551943618	0.413879351333921287
C:	0.241831348921116548	0.176286091701301964	0.0800739594326442417	0.0826841299092493124	0.0163251383352770566	0.0672632323763189166	0.102094512523288603	0.0969540880454057119	0.125071839905306992	0.00434366291936489961	0.0154811545980173993	0.981856940768285188	0.00118100617585674094	0.0445093418809608697	0.985126157825822511	0.00854025221415840895	0.722472108999467846	0.286760077068427372	0.230099229643927261	0.23763803016465893	0.158699409191358023	0.335005009039708832	0.0674470646585924455
G:	0.234173242335104252	0.124227847937315047	0.0236772515436073164	0.447163270318865543	0.63328969093790693	0.219498063332658295	0.187858422841180641	0.239626273293845739	0.0120728140356214673	0.880012727595052368	0.719315142983715871	0.001973023360319925	0.960485024393804878	0.94947477432716754	0.00127654654290205557	0.929724777721142622	0.217112920429965449	0.150883766843556207	0.443910360935106397	0.23763803016465893	0.493257317063635573	0.128058337958275635	0.210090518519092092
T:	0.182170319514036512	0.404414057769555013	0.492673508847681914	0.383886626279738613	0.307846209118986271	0.67031190148930405	0.219593199903658623	0.445934708010585133	0.797705280382070495	0.0682093427653276529	0.0277006458773718165	0.00983461092133256181	0.0352945776378746532	0.00297046153276038972	0.0109488873420747792	0.0497864262954480124	0.053211877894645305	0.157739257545201688	0.0950391679524591789	0.151177574188554961	0.122103793323278401	0.165749672450071915	0.308583065488394176



