1	GCGC.GCGC	0.497131289191724683


A:	0.299396643608852396	0.116552577521261655	0.0768362406218229619	0.651060860168950157	0.41120610261820236	0.124753795026975861	0.137717784784290396	0.0334505561762000864	0.0193765527750455949	0.0414378643055509107	0.0199470734406222138	0.00254300186679202457	0.0243183348042343641	0.020791954288047735	0.0533378556491333842	0.0402494996521830088	0.120826970816757002	0.0323532635309658062	0.156061006125079758	0.272697389720639885	0.298651224115382178	0.230143283606789066	0.232654735844313539
C:	0.307905762306224329	0.536735850463431846	0.178338996387592404	0.184416715715232276	0.202776648153964011	0.558070678798203042	0.495458652787000488	0.302225100760842007	0.871294376920748721	0.0109629297529593452	0.910591418654345204	0.221058749655521838	0.0451431731007982184	0.926807251653442009	0.0559912146550722994	0.624074843410774897	0.572119899895083206	0.46222106023914071	0.464570725971777038	0.128172157588172011	0.127517204290796327	0.219720302157212807	0.0959998309114972553
G:	0.320836774545795293	0.215725538313241088	0.373619893032389099	0.10760995495738992	0.2683046074109786	0.14780927489797947	0.263328347340273245	0.624074843410774897	0.0559912146550722994	0.926807251653442009	0.0451431731007982184	0.773327869972162526	0.910591418654345204	0.0109629297529593452	0.871294376920748721	0.302225100760842007	0.212601800299943856	0.419676107848181018	0.125666088465921691	0.371912656253250368	0.160142288171174053	0.30195515792789584	0.21811896570186151
T:	0.0718608195391279822	0.130986033702065411	0.371204869958195535	0.0569124691584276474	0.117712641816855029	0.169366251276841627	0.103495215088435871	0.0402494996521830088	0.0533378556491333842	0.020791954288047735	0.0243183348042343641	0.00307037850552361166	0.0199470734406222138	0.0414378643055509107	0.0193765527750455949	0.0334505561762000864	0.0944513289882159362	0.0857495683817124653	0.253702179437221513	0.227217796437937736	0.413689283422647442	0.248181256308102287	0.453226467542327695



2	GC.GCGC.GC	0.496741384417892762


A:	0.0640571252457604181	0.13877209306410358	0.591108180490493407	0.0867582514775942147	0.111164491295802207	0.102972222352823922	0.13222702521666449	0.0421989296000471264	0.0399625983811672673	0.0320245548514437253	0.0291522347629910239	0.0294463178501350896	0.0147023216279905809	0.00412157877956685209	0.0351901894674837693	0.0390347042341021965	0.0938751521547789236	0.231562790085216909	0.210787256349288461	0.482403661954722261	0.2015994044476921	0.360064864467466613	0.210751014106732925
C:	0.261699751403567661	0.127800064647365913	0.120596604311272862	0.412025029815334267	0.283521850650449528	0.565845877276880319	0.0489274023551335134	0.848796320946895637	0.073762657541874848	0.111335718184847092	0.922640688370741817	0.0187607590161320695	0.841937405335718602	0.939640908663093802	0.0738145599855734673	0.7798108681940998	0.164767205002491491	0.167155551799323345	0.279658011087767866	0.183631084632656918	0.251193177906362357	0.124669284837064353	0.264802220940766506
G:	0.280109557725566922	0.533956065046032451	0.190831364350906127	0.336215291001108414	0.242940689465029933	0.214942953987446992	0.7798108681940998	0.0738145599855734673	0.83608093405495385	0.841937405335718602	0.0187607590161320695	0.922640688370741817	0.111335718184847092	0.0546597698250952645	0.848796320946895637	0.0489274023551335134	0.679977527754471455	0.400503562552902743	0.276921165503370592	0.169845818928071522	0.106257872618672322	0.117509438871165191	0.212965801885651051
T:	0.394133565625105	0.199471777242498056	0.0974638508473276035	0.165001427705963104	0.362372968588718332	0.116238946382848768	0.0390347042341021965	0.0351901894674837693	0.0501938100220040343	0.0147023216279905809	0.0294463178501350896	0.0291522347629910239	0.0320245548514437253	0.00157774273224408151	0.0421989296000471264	0.13222702521666449	0.0613801150882581304	0.200778095562557004	0.232633567059573082	0.164119434484549299	0.440949545027273221	0.397756411824303842	0.311480963066849519



3	CCGCCG.CA	0.495959277917716205


A:	0.139884962511742805	0.214246380272580302	0.363862025393371955	0.358892561278784796	0.112936392026921594	0.145691431919021049	0.341980038471922598	0.012799880725019081	0.0116352753229469636	0.00952339114669685846	0.00155701211506325191	0.00558247254616392941	0.0110495637350645182	0.013643631351577799	0.00739616670251215733	0.886385956352117531	0.0513003741237313036	0.21402965843272306	0.342106822773607255	0.673843298704428247	0.257268583981059913	0.145808582311712804	0.082108247098994337
C:	0.475326590028248017	0.315727323510162238	0.235631079168565731	0.134818758173375737	0.159292408266424362	0.576137941316335354	0.116534262362339726	0.530143477725954611	0.963264187703193105	0.000644344435897326609	0.97943631461059093	0.989684591434238439	0.00197673885081874382	0.497679988565771456	0.983342042848001642	0.0039033731542308403	0.430315194387727571	0.423124744707622524	0.0238709490803046656	0.119795417454737936	0.354576012212375197	0.563941793292690921	0.2440562129641129
G:	0.18726336733835279	0.173415199932488126	0.255072096662109868	0.154296225121864833	0.577392444114014126	0.103073283052159232	0.326157352105153782	0.452254613718480038	0.0213205055137601357	0.987836554276861095	0.0161956079422542854	0.00339690679637386605	0.985975139309175598	0.356427311324304486	0.00246117280606488333	0.10158258135056831	0.437029773075239257	0.121553100081752144	0.400673224665560437	0.0987473715639128596	0.131504350485032741	0.0585153188123018487	0.538368463134125572
T:	0.197525080121656388	0.296611096284769334	0.145434798775952446	0.351992455425974634	0.150378755592639917	0.175097343712484365	0.215328347060583894	0.00480202783054626987	0.00378003146009979597	0.00199571014054471991	0.00281106533209153261	0.00133602922322376502	0.00099855810494114	0.132249068758346259	0.00680061764342131711	0.00812808914308331874	0.0813546584133018685	0.241292496777902273	0.233349003480527642	0.107613912276920957	0.25665105332153215	0.231734305583294426	0.135467076802767191



4	CGCCG.CG.C	0.49577030535643732


A:	0.0709935218048741326	0.135681475229744316	0.0984267968755250259	0.0328567913179400481	0.173649053329317373	0.102147432325040546	0.0354496693779003365	0.0129390582493595565	0.0116296909526152076	0.00664572733777917361	0.0072212084257303411	0.00461135925374962136	0.00345389954488678172	0.0188502561270871875	0.429619995366529674	0.122370393184544378	0.090433165507258638	0.16846525845623983	0.177162204137432677	0.22729014981142616	0.144655699536744833	0.594737519644256588	0.522070566758482604
C:	0.497827909814982163	0.117662866511627116	0.158102872290287966	0.648709134037570812	0.250424781804370659	0.108095658922518435	0.313050727740059073	0.885534113876420823	0.00468244941941517319	0.870356165034819518	0.958530717102726894	0.00465725516549312768	0.488860947444618703	0.965034996843844696	0.00561140929109086963	0.359144275140501871	0.759394465592224735	0.431464392751511047	0.375777679121837406	0.510748661038217108	0.598987982541096034	0.103811964377751557	0.247511606088639988
G:	0.243398571470349872	0.503860364205228811	0.393250447115749619	0.276246736158493515	0.213401697583205774	0.574721711364959104	0.619292955201176737	0.0177241340189212849	0.979035072243773887	0.107368244496659191	0.0130820075772905852	0.987587109194967176	0.499755592775782055	0.0058818115460402352	0.555098114983516643	0.399544580645363713	0.0682802189067161927	0.186838814358247614	0.322168678830740315	0.171506235189211723	0.0948517981116318807	0.26987188059110007	0.119303803717447991
T:	0.187779996909793833	0.242795294053399756	0.350219883718437389	0.0421873384859956243	0.362524467283106195	0.215035197387481915	0.0322066476808638535	0.0838026938552983361	0.00465278738419573198	0.0156298631307421176	0.0211660668942521802	0.00314427638579007528	0.00792956023471246076	0.0102329354830278817	0.00967048035886281256	0.118940751029590038	0.0818921499938004339	0.213231534434001509	0.124891437909989602	0.0904549539611450086	0.161504519810527252	0.0315786353868917842	0.111114023435429418



5	GCGCCG.CA	0.495514767619894305


A:	0.139884962511742805	0.214246380272580302	0.363862025393371955	0.358892561278784796	0.112936392026921594	0.145691431919021049	0.341980038471922598	0.012799880725019081	0.00285037010668958937	0.00449299246103518246	0.00315122519151577713	0.00397773866862458734	0.00673812078226972941	0.013643631351577799	0.0156031756664768894	0.767108419374017848	0.0513003741237313036	0.21402965843272306	0.342106822773607255	0.673843298704428247	0.257268583981059913	0.145808582311712804	0.082108247098994337
C:	0.475326590028248017	0.315727323510162238	0.235631079168565731	0.134818758173375737	0.159292408266424362	0.576137941316335354	0.116534262362339726	0.530143477725954611	0.988193133713282206	0.00131531730887096877	0.90992533123842703	0.990633118302872679	0.00136684617759956696	0.497679988565771456	0.971591778745666727	0.0102605948367902704	0.430315194387727571	0.423124744707622524	0.0238709490803046656	0.119795417454737936	0.354576012212375197	0.563941793292690921	0.2440562129641129
G:	0.18726336733835279	0.173415199932488126	0.255072096662109868	0.154296225121864833	0.577392444114014126	0.103073283052159232	0.326157352105153782	0.452254613718480038	0.00237194704990552617	0.992219721358277101	0.0859024905563708513	0.0037821306355658379	0.98801194632222584	0.356427311324304486	0.00267262991578938267	0.205970070562971941	0.437029773075239257	0.121553100081752144	0.400673224665560437	0.0987473715639128596	0.131504350485032741	0.0585153188123018487	0.538368463134125572
T:	0.197525080121656388	0.296611096284769334	0.145434798775952446	0.351992455425974634	0.150378755592639917	0.175097343712484365	0.215328347060583894	0.00480202783054626987	0.00658454913012267852	0.00197196887181674738	0.00102095301368634198	0.00160701239293689624	0.00388308671790486393	0.132249068758346259	0.0101324156720670008	0.0166609152262199405	0.0813546584133018685	0.241292496777902273	0.233349003480527642	0.107613912276920957	0.25665105332153215	0.231734305583294426	0.135467076802767191



