1	ATGTTGCA	0.497133710541989279


A:	0.226688730102516525	0.0971444761862572938	0.551026844213924435	0.0277311880106143985	0.0520680514589446392	0.160607340901567548	0.347032997058360019	0.798128672631762662	0.00412783895040365375	0.0037713922750771005	0.0128843233672695009	0.0033296269359820715	0.0174351081262209857	0.0132051591199446907	0.709425358475097354	0.251893626055864392	0.365849939632754346	0.206354447583879919	0.952027023193490564	0.248579795175874192	0.230231276732798236	0.173779590995070512
C:	0.129189486804573184	0.421241821963211473	0.0549828666042775413	0.0583619148214897311	0.271897964566461992	0.354938530442991577	0.00690408204192829738	0.179804346428695524	0.0092424624099902393	0.00886256066706115377	0.0051792507139140912	0.194005691566934838	0.00605676845929953034	0.859068900971793505	0.0570374134198783446	0.154517472234729184	0.159316836706492278	0.0644805374270438546	0.00360768632892148708	0.0231597019128669598	0.264779039602218494	0.114189353036409828
G:	0.145591167346022282	0.0298698634274387241	0.000830480276103539609	0.104291610529988732	0.140998866557662725	0.0610601031854270537	0.0235916255417312911	0.00773997538829331662	0.00145210951916288264	0.984743178687683074	0.00728461314936167877	0.0636168332552589192	0.904019435543739742	0.0167459787197407746	0.117271380288099677	0.20916451675686252	0.217747961173119357	0.463650243208021996	0.023075645080292666	0.575177611194241341	0.129878629531472318	0.208206928579398522
T:	0.49853061574688801	0.451743838423092509	0.393159808905694484	0.809615286637907138	0.535035117416930643	0.423394025470013821	0.622471295357980393	0.014327005551248498	0.985177589120443224	0.0026228683701786718	0.974651812769454729	0.739047848241824171	0.0724886878707397422	0.11097996118852103	0.116265847816924625	0.384424384952543903	0.25708526248763402	0.265514771781054231	0.0212896453972952833	0.153082891717017508	0.375111054133510952	0.503824127389121138



2	GCAACAGA	0.49683296937813291


A:	0.336309453411332001	0.336834475550308139	0.0370766505199557848	0.380494195304144663	0.545836962953151948	0.32710044056070537	0.201393457860195279	0.115306988834724946	0.00616941081558971904	0.952874055633703509	0.988003405686610928	0.00187157098322506509	0.988934363706535714	0.00193037956703277636	0.965436192627740151	0.274328621679810743	0.568549635161447651	0.387580126558408639	0.00423494635379444248	0.0669700462206585114	0.0602621516973850408	0.172706063422314924
C:	0.187548114152132385	0.172511576994941963	0.0773503014844337365	0.0987645090567529023	0.170290091941918572	0.137838688211713768	0.161805498328484581	0.0304268216099757282	0.989148030798398772	0.0111656322842759852	0.00147309810656323839	0.992421351161317305	0.000608205695332247229	0.00215473041272773895	0.00288727986281860101	0.151548687493387852	0.167832893036841448	0.242695190599039032	0.00777134630433652293	0.402905333598444301	0.651050754915973806	0.0853581636305830342
G:	0.364718598554411405	0.156166030215625899	0.00939203602467282239	0.517106712832701154	0.193606748672897265	0.144263371485431039	0.114275099647185585	0.852325792522263148	0.00234997158657522091	0.0349771594719090987	0.00405436364751245548	0.00166834681007413512	0.00473155406085695305	0.578229801835912355	0.00237028939558195614	0.387039827571658388	0.167089766824265508	0.271573091165082902	0.740688824480015532	0.0422151157558759135	0.0439704090524035765	0.190598727942737098
T:	0.11142383388212421	0.334487917239123998	0.876181011970937656	0.00363458280640128075	0.0902661964320322151	0.390797499742149822	0.522525944164134555	0.00194039703303617758	0.00233258679943628814	0.00098315261011140696	0.0064691325593133781	0.00403873104538349456	0.00572587653727508615	0.41768508818432713	0.0293062381138592923	0.187082863255143017	0.0965277049774453928	0.0981515916774694273	0.247304882861853503	0.487909504425021274	0.244716684334237577	0.551337045004364944



3	GCAACATA	0.495830851697438952


A:	0.375111054133510952	0.153082891717017508	0.0212896453972952833	0.265514771781054231	0.25708526248763402	0.384424384952543903	0.116265847816924625	0.286593370450462342	0.0609105178870105781	0.945506791646084711	0.983860420680421785	0.00152962896521027433	0.990650043760507232	0.00193037956703277636	0.622471295357980393	0.423394025470013821	0.535035117416930643	0.809615286637907138	0.393159808905694484	0.451743838423092509	0.49853061574688801	0.518380933624001612
C:	0.129878629531472318	0.575177611194241341	0.023075645080292666	0.463650243208021996	0.217747961173119357	0.20916451675686252	0.117271380288099677	0.017216948566985574	0.933668537819963403	0.0203162984262402424	0.00917588809333967358	0.990571021107668305	0.00348436019735259821	0.00215473041272773895	0.0235916255417312911	0.0610601031854270537	0.140998866557662725	0.104291610529988732	0.000830480276103539609	0.0298698634274387241	0.145591167346022282	0.108911951073318512
G:	0.264779039602218494	0.0231597019128669598	0.00360768632892148708	0.0644805374270438546	0.159316836706492278	0.154517472234729184	0.0570374134198783446	0.69007669137722199	0.00138286874105922629	0.0333834224355515907	0.00190573365111416241	0.00228063343313630805	0.00478506639054108238	0.578229801835912355	0.00690408204192829738	0.354938530442991577	0.271897964566461992	0.0583619148214897311	0.0549828666042775413	0.421241821963211473	0.129189486804573184	0.264660984560589653
T:	0.230231276732798236	0.248579795175874192	0.952027023193490564	0.206354447583879919	0.365849939632754346	0.251893626055864392	0.709425358475097354	0.00611298960533009444	0.00403807555196679236	0.000793487492123456434	0.00505795757512437873	0.00561871649398511305	0.00108052965159908734	0.41768508818432713	0.347032997058360019	0.160607340901567548	0.0520680514589446392	0.0277311880106143985	0.551026844213924435	0.0971444761862572938	0.226688730102516525	0.108046130742090223



4	T.TGTTGCA	0.49553637897662415


A:	0.551337045004364943	0.244716684334237577	0.487909504425021274	0.247304882861853503	0.0981515916774694273	0.0965277049774453928	0.187082863255143017	0.432341981487338366	0.41768508818432713	0.0214906679490165023	0.00905955669275331901	0.0279726976295719271	0.00462983227644025254	0.0680737404076531317	0.0374709894497669046	0.522525944164134555	0.390797499742149822	0.0902661964320322151	0.00363458280640128075	0.876181011970937656	0.334487917239123998	0.11142383388212421	0.736185010471704941
C:	0.190598727942737098	0.0439704090524035765	0.0422151157558759135	0.740688824480015532	0.271573091165082902	0.167089766824265508	0.387039827571658388	0.0270321158648286472	0.578229801835912355	0.0110455517304003007	0.00392598876388129566	0.0119398125540505126	0.154848359930515277	0.0216562761572714439	0.690492679548780549	0.114275099647185585	0.144263371485431039	0.193606748672897265	0.517106712832701154	0.00939203602467282239	0.156166030215625899	0.364718598554411405	0.0143939557813276096
G:	0.0853581636305830342	0.651050754915973806	0.402905333598444301	0.00777134630433652293	0.242695190599039032	0.167832893036841448	0.151548687493387852	0.0436289516029735145	0.00215473041272773895	0.00231633834865278025	0.971337386555022591	0.0315766410168992733	0.202849831432677187	0.839702502566582305	0.0354700224472717114	0.161805498328484581	0.137838688211713768	0.170290091941918572	0.0987645090567529023	0.0773503014844337365	0.172511576994941963	0.187548114152132385	0.21999350347474112
T:	0.172706063422314924	0.0602621516973850408	0.0669700462206585114	0.00423494635379444248	0.387580126558408639	0.568549635161447651	0.274328621679810743	0.496996951044859472	0.00193037956703277636	0.965147441971930417	0.0156770679883427941	0.928510848799478287	0.637671976360367283	0.0705674808684931194	0.236566308554180835	0.201393457860195279	0.32710044056070537	0.545836962953151948	0.380494195304144663	0.0370766505199557848	0.336834475550308139	0.336309453411332001	0.0294275302722263297



5	GCAACAT..A	0.495083502903369894


A:	0.375111054133510952	0.153082891717017508	0.0212896453972952833	0.265514771781054231	0.25708526248763402	0.384424384952543903	0.116265847816924625	0.210581080997696883	0.0397922824443689288	0.850660003152231278	0.985702150877747426	0.00201121240512688836	0.990662273575790283	0.00736645910934560768	0.622471295357980393	0.423394025470013821	0.535035117416930643	0.809615286637907138	0.393159808905694484	0.451743838423092509	0.49853061574688801	0.518380933624001612	0.488986216780176332
C:	0.129878629531472318	0.575177611194241341	0.023075645080292666	0.463650243208021996	0.217747961173119357	0.20916451675686252	0.117271380288099677	0.0204926189978508695	0.946548641609429884	0.0730045222715672437	0.00414396345700377998	0.990297383027742378	0.00238547330379646496	0.00445722804837998998	0.0235916255417312911	0.0610601031854270537	0.140998866557662725	0.104291610529988732	0.000830480276103539609	0.0298698634274387241	0.145591167346022282	0.108911951073318512	0.120183161140176827
G:	0.264779039602218494	0.0231597019128669598	0.00360768632892148708	0.0644805374270438546	0.159316836706492278	0.154517472234729184	0.0570374134198783446	0.759424437458768153	0.00199872944071764558	0.0747767232115669212	0.00537826808059907453	0.00384089609554531629	0.00309461392596023329	0.150645054038138235	0.00690408204192829738	0.354938530442991577	0.271897964566461992	0.0583619148214897311	0.0549828666042775413	0.421241821963211473	0.129189486804573184	0.264660984560589653	0.170140122965255642
T:	0.230231276732798236	0.248579795175874192	0.952027023193490564	0.206354447583879919	0.365849939632754346	0.251893626055864392	0.709425358475097354	0.0095018625456840951	0.0116603465054835417	0.00155875136463455666	0.00477561758464971934	0.00385050847158541766	0.00385763919445301862	0.837531258804136167	0.347032997058360019	0.160607340901567548	0.0520680514589446392	0.0277311880106143985	0.551026844213924435	0.0971444761862572938	0.226688730102516525	0.108046130742090223	0.220690499114391198



