1	GGCGCCG..A	0.497564693371144984


A:	0.194914479183928971	0.223709910641717378	0.0397994798411789356	0.0898852216465406036	0.159620230502694034	0.276664939912832036	0.0239075997022377042	0.0569036153977668714	0.00761684262106911895	0.0113825047987966231	0.00686032051398688806	0.00099398009128408863	0.00707824521853796852	0.0504183743410846663	0.0127801778629942675	0.0960407630051666241	0.755751711841734657	0.511739657040245996	0.0365676320066578758	0.502632610774248215	0.305390914908155374	0.531170456450441698	0.354153654976034528
C:	0.616391762151713079	0.443141741845899747	0.0888884843752093368	0.0336371651843506945	0.530973867678550984	0.197423555826017782	0.889154338832710846	0.0669657737097638397	0.361127704708108652	0.982320410281369476	0.00317476290763382399	0.801095100669106532	0.958221416971273278	0.0222715338836523574	0.894080523866809701	0.77864477213924512	0.135036869770913699	0.267536109367387726	0.032069764768099811	0.0617232687028349693	0.0446769075484227162	0.135147241850158989	0.275100652764706148
G:	0.0526639015099256015	0.0639821590741086967	0.0453681038541206998	0.0458947309096558389	0.127900959618817432	0.238910090872763423	0.0196088787825780468	0.831873714313416992	0.618378978520496873	0.00294881687888077378	0.987696808232251558	0.194360999917700514	0.00742704101254812095	0.91268985420055881	0.029909002009158077	0.0814549882414018627	0.0955987826907481799	0.0661813278247034145	0.860053384563641251	0.0508013821794547001	0.33562827670114842	0.272999738675819458	0.20237618195817323
T:	0.136029857154432349	0.269166188438274178	0.825943931929491028	0.830582882259452863	0.18150494219993755	0.287001413388386759	0.067329182682473403	0.0442568965790522972	0.012876474150325356	0.00334826804095312687	0.00226810834612772994	0.00354991932190886472	0.0272732967976406327	0.0146202375747041667	0.0632302962610379549	0.0438594766141863934	0.0136126356966034646	0.154542905767662864	0.0713092186616010625	0.384842738343462116	0.314303900842273491	0.0606825630235798546	0.168369510301086094



2	CGGCGCCG	0.497072977129533165


A:	0.235587888371244255	0.312826606643318091	0.359187457266335143	0.00622927944846658474	0.124095892745952309	0.0956227777718455747	0.162251602036244795	0.0239075997022377042	0.0695016486778542552	0.00411317953278974342	0.00740872646597298248	0.0093717324035741194	0.00258985258963971547	0.0157308933256991108	0.067329182682473403	0.0408099566491809155	0.0810272052647911	0.569140927675522506	0.473804413100929159	0.218303779722641389	0.354119784984104352	0.249742340940056082
C:	0.240742675739676644	0.121409658152276995	0.501488418479411887	0.435912230481069618	0.321959406860323703	0.476005174237907519	0.281920084291129833	0.889154338832710846	0.0260045805470195645	0.484099776610532546	0.980941181123939101	0.00227836000651379673	0.509197191267037995	0.88876287744942707	0.0196088787825780468	0.678593672682968663	0.795966377226654866	0.0622071789820074892	0.183012133408252146	0.14872212499249222	0.219254980431163093	0.264647017150372491
G:	0.17525406937891236	0.0509688910223028538	0.0875615190269086183	0.541804817498474142	0.223312513113864652	0.229458526904499731	0.331618566092103062	0.0196088787825780468	0.88876287744942707	0.509197191267037995	0.00227836000651379673	0.980941181123939101	0.484099776610532546	0.0260045805470195645	0.889154338832710846	0.115446038993278728	0.0728148383688647908	0.217118909948263512	0.171591726745409347	0.242424187211581752	0.153557353894349911	0.310883070969228998
T:	0.34841536651016674	0.514794844182102061	0.051762605227344352	0.0160536725719896553	0.330632187279859337	0.198913521085747176	0.224209747580522311	0.067329182682473403	0.0157308933256991108	0.00258985258963971547	0.0093717324035741194	0.00740872646597298248	0.00411317953278974342	0.0695016486778542552	0.0239075997022377042	0.165150331674571693	0.0501915791396892433	0.151532983394206492	0.171591726745409347	0.390549908073284639	0.273067880690382644	0.174727570940342429



3	G.CGCCG.CA	0.49675418134895032


A:	0.0731842854359656377	0.317664270074739513	0.233438006631888142	0.0526845199114462777	0.774474780652866913	0.737799440867057131	0.0599135520995425686	0.0141375557149824394	0.0106639778605303167	0.00649127318403534729	0.000858295277062185072	0.00480956780606841289	0.00819609075621176828	0.0279622396525868558	0.0185808435068377462	0.80759668375806856	0.055030438001731718	0.0582239354430924302	0.317857061853860571	0.141589662936714125	0.0897729268983148334	0.301614691820007585	0.247406791662878726
C:	0.34723402971663978	0.232170553620708919	0.181750072714462505	0.479216446498980487	0.105567707328745775	0.116298329199832793	0.0668824493925832389	0.321473488317643644	0.975460206776265145	0.000854655458458426088	0.953078922169963574	0.990185794152803525	0.00296578716799018503	0.421408602437477827	0.940010590983195425	0.0109687924801953349	0.478714578786969819	0.327845125984132922	0.338148890765903874	0.32233918335169148	0.0757245143448240075	0.124919642349808918	0.240136311328296057
G:	0.0728945870280516154	0.217994622683842649	0.492120909788251916	0.0530591086565894931	0.105567707328745775	0.124063391983680974	0.734336129189141511	0.634918643125533389	0.0106992399265820352	0.990724072373957531	0.0442311666451460679	0.00322419901780018365	0.986037647998962557	0.251434801838030594	0.0217184940902526236	0.174658917002124291	0.38945876895468337	0.030185397355857285	0.281550582028413165	0.520378667993506166	0.710638756520514157	0.137435518080598477	0.194631746488499811
T:	0.506687097819342967	0.232170553620708919	0.0926910108653974362	0.415039924932983743	0.0143898046896415363	0.021838837949429102	0.138867869318732682	0.0294703128418405274	0.00317657543662250354	0.00192999898354869593	0.00183161590782817339	0.00178043902332787837	0.00280047407683548978	0.299194356071904723	0.0196900714197142052	0.0067756067596118145	0.0767962142566150937	0.583745541216917363	0.0624434653518223898	0.0156924857180882294	0.123863802236347002	0.436030147749585021	0.317825150520325406



4	GCGCCG.CA	0.496466946250434265


A:	0.0731842854359656377	0.317664270074739513	0.233438006631888142	0.0526845199114462777	0.774474780652866913	0.737799440867057131	0.0599135520995425686	0.0141375557149824394	0.00682286219202107838	0.00371221407891253293	0.00128884692877396556	0.00716381930973949182	0.00794348658233263232	0.0279622396525868558	0.0131407233078502025	0.725530384802397151	0.055030438001731718	0.0582239354430924302	0.317857061853860571	0.141589662936714125	0.0897729268983148334	0.301614691820007585	0.247406791662878726
C:	0.34723402971663978	0.232170553620708919	0.181750072714462505	0.479216446498980487	0.105567707328745775	0.116298329199832793	0.0668824493925832389	0.321473488317643644	0.981434535791483852	0.000951671755549398724	0.893286590521058656	0.989939242949661178	0.00174766859812909199	0.421408602437477827	0.947303896064707418	0.00386413584218939077	0.478714578786969819	0.327845125984132922	0.338148890765903874	0.32233918335169148	0.0757245143448240075	0.124919642349808918	0.240136311328296057
G:	0.0728945870280516154	0.217994622683842649	0.492120909788251916	0.0530591086565894931	0.105567707328745775	0.124063391983680974	0.734336129189141511	0.634918643125533389	0.00182088445771199081	0.992467620819218436	0.104254804405244123	0.00153123388272547468	0.988697075691653044	0.251434801838030594	0.00688729147874411644	0.262049490927806268	0.38945876895468337	0.030185397355857285	0.281550582028413165	0.520378667993506166	0.710638756520514157	0.137435518080598477	0.194631746488499811
T:	0.506687097819342967	0.232170553620708919	0.0926910108653974362	0.415039924932983743	0.0143898046896415363	0.021838837949429102	0.138867869318732682	0.0294703128418405274	0.00992171755878307885	0.00286849334631963271	0.00116975814492325539	0.00136570385787385508	0.00161176912788523133	0.299194356071904723	0.0326680891486982631	0.00855598842760719088	0.0767962142566150937	0.583745541216917363	0.0624434653518223898	0.0156924857180882294	0.123863802236347002	0.436030147749585021	0.317825150520325406



5	GCGGCGCC	0.496305647922973845


A:	0.412569138277039807	0.0376109220542481595	0.692993261241154015	0.229736215109690113	0.1574574566870182	0.158888051785299772	0.028012444532291582	0.0632302962610379549	0.00157699247859460086	0.00167395853575642209	0.00129906063126649096	0.00284827804685957798	0.00388799414115320488	0.0119658557470844846	0.151436305002281614	0.14479684417920712	0.433679458808168157	0.0669183519752400159	0.960446921618953199	0.117288698962960494	0.0747849444378033027	0.0933139544888263829
C:	0.126341930591257059	0.402633317059144417	0.0234621709002947887	0.0905927624304990537	0.0965021953762699672	0.232473112567054424	0.468965101428525112	0.029909002009158077	0.965748314687788393	0.0243511429407563316	0.409300931910617139	0.991400307371185742	0.00112143296893258635	0.791959368597875961	0.716231833009292745	0.132326478795224239	0.331265139817812897	0.165011080607364453	0.0151489722566758589	0.171142839377538087	0.666221014278606403	0.108958605155216723
G:	0.172586888084721096	0.104417148518677778	0.221118774968270071	0.190246083508799276	0.231148077355413022	0.238968586923069573	0.413273730498530157	0.894080523866809701	0.00172822509472399099	0.97058776837943643	0.588614148664658168	0.00366170707184358101	0.98574822982436547	0.187803162264540985	0.079629651711862775	0.608273516017873658	0.117178091452479655	0.142430609884040679	0.0140802308348445174	0.176720274862696304	0.104111529689593672	0.063828095037327223
T:	0.288502043046982038	0.455338612367929645	0.0624257928902811251	0.489424938951011557	0.514892270581298811	0.369670248724576232	0.0897487235406531491	0.0127801778629942675	0.0309464677388930157	0.00338713014405081601	0.000785858793458201787	0.00208970751011109925	0.00924234306554873914	0.00827161339049856937	0.0527022102765628655	0.114603161007694982	0.117877309921539291	0.625639957533354852	0.0103238752895264246	0.534848186796805115	0.154882511593996623	0.733899345318629671



