1	GGCGGCTA	0.498417957117331745


A:	0.37486528030706098	0.0150121370942088784	0.0683562371884719894	0.0335891384581833947	0.0690729073006914095	0.463796352593770659	0.0652838987370952898	0.00246665394457498417	0.0023266196454040355	0.00148473952450979806	0.00134969125390896776	0.000976743958765728564	0.0016181053294354222	0.00168799011175603158	0.792895146963315229	0.288464588467373677	0.0398420552410258695	0.144736233095941032	0.485612001819255525	0.805621037638132733	0.184881286983610362	0.194664535355285918
C:	0.0911742436214177254	0.276747635948190001	0.257045874337423261	0.602075444564101281	0.10218273296175114	0.104205304962652755	0.370693385460062436	0.00254355749193104128	0.00441829612946883076	0.978791848335264544	0.000747836529179832117	0.00157121588716027147	0.98765197435250273	0.00600159410914553545	0.0234670664104734196	0.125723199288251126	0.0435692795361978917	0.177836163534095279	0.0152755732066742914	0.0281761966827196362	0.12213086969771099	0.260665238050414445
G:	0.216478886134855552	0.265186674048676385	0.00320948102051420329	0.179682193704836722	0.290286516141054766	0.346757006889350096	0.00770437685761719543	0.99301706048141349	0.990612428828062492	0.000499150701880950339	0.959054540689453809	0.986986402007483768	0.00101635325014937429	0.0659844506528959778	0.155944342949906201	0.244612093206313235	0.195127767660062745	0.634818360309708757	0.481005428976125016	0.041562522400503995	0.290908671255530109	0.331790670820590935
T:	0.317481589936665743	0.443053552908924736	0.671388407453590546	0.184653223272878602	0.538457843596502685	0.08524133555422649	0.556318338945225079	0.00197272808208048412	0.00264265539706464182	0.0192242614383447079	0.0388479315274573907	0.0104656381465902323	0.00971356706791247384	0.926325965126202455	0.0276934436763051498	0.341200119038061962	0.721460897562713494	0.0426092430602549322	0.0181069959979451674	0.124640243278643636	0.402079172063148539	0.212879555773708702



2	A..AGCCGCC	0.49793335696561503


A:	0.24196968168369054	0.212879555773708702	0.402079172063148539	0.124640243278643636	0.0181069959979451674	0.0426092430602549322	0.721460897562713494	0.341200119038061962	0.0276934436763051498	0.533724384163759279	0.012838106599302258	0.00514991768725242563	0.0262347988287765021	0.027343492654670411	0.00263876235948725843	0.00196233497289251454	0.556318338945225079	0.08524133555422649	0.538457843596502685	0.184653223272878602	0.671388407453590546	0.443053552908924736	0.317481589936665743
C:	0.135081305094420772	0.331790670820590935	0.290908671255530109	0.041562522400503995	0.481005428976125016	0.634818360309708757	0.195127767660062745	0.244612093206313235	0.155944342949906201	0.453262954758827193	0.000875007051466374079	0.989293582516850565	0.971206385698379149	0.000312058575246335424	0.986089133675619173	0.990749608595100227	0.00770437685761719543	0.346757006889350096	0.290286516141054766	0.179682193704836722	0.00320948102051420329	0.265186674048676385	0.216478886134855552
G:	0.4865682074305964	0.260665238050414445	0.12213086969771099	0.0281761966827196362	0.0152755732066742914	0.177836163534095279	0.0435692795361978917	0.125723199288251126	0.0234670664104734196	0.0109522260645432196	0.983253151084119912	0.000938419352882183312	0.000882350827558535499	0.970205793680321757	0.00835510967420401037	0.00296328060955958334	0.370693385460062436	0.104205304962652755	0.10218273296175114	0.602075444564101281	0.257045874337423261	0.276747635948190001	0.0911742436214177254
T:	0.136380805791292287	0.194664535355285918	0.184881286983610362	0.805621037638132733	0.485612001819255525	0.144736233095941032	0.0398420552410258695	0.288464588467373677	0.792895146963315229	0.00206043501287030843	0.00303373526511145607	0.00461808044301482582	0.00167646464528581293	0.00213865508976149646	0.00291699429068955859	0.00432477582244767493	0.0652838987370952898	0.463796352593770659	0.0690729073006914095	0.0335891384581833947	0.0683562371884719894	0.0150121370942088784	0.37486528030706098



3	AGCCGCCA	0.497189547349612865


A:	0.402079172063148539	0.124640243278643636	0.0181069959979451674	0.0426092430602549322	0.721460897562713494	0.341200119038061962	0.0276934436763051498	0.446226726230149317	0.00671143855539413604	0.00586152828379557523	0.0467961107911002288	0.015975116797627192	0.00261470194436833885	0.00351463581599899419	0.556318338945225079	0.08524133555422649	0.538457843596502685	0.184653223272878602	0.671388407453590546	0.443053552908924736	0.317481589936665743	0.294530572497097176
C:	0.290908671255530109	0.041562522400503995	0.481005428976125016	0.634818360309708757	0.195127767660062745	0.244612093206313235	0.155944342949906201	0.541804145085491614	0.000520882665840076067	0.989707875928909419	0.951184578999456833	0.000499473409287787212	0.988632886865423587	0.992111771292992202	0.00770437685761719543	0.346757006889350096	0.290286516141054766	0.179682193704836722	0.00320948102051420329	0.265186674048676385	0.216478886134855552	0.138557338023164176
G:	0.12213086969771099	0.0281761966827196362	0.0152755732066742914	0.177836163534095279	0.0435692795361978917	0.125723199288251126	0.0234670664104734196	0.00901160026769537517	0.986914258903289014	0.00134355658856672593	0.000849980367563956798	0.981399213867797126	0.00353613777856695673	0.00168926783266582649	0.370693385460062436	0.104205304962652755	0.10218273296175114	0.602075444564101281	0.257045874337423261	0.276747635948190001	0.0911742436214177254	0.401398561630827085
T:	0.184881286983610362	0.805621037638132733	0.485612001819255525	0.144736233095941032	0.0398420552410258695	0.288464588467373677	0.792895146963315229	0.00295752841666369377	0.00585341987547677366	0.00308703919872828002	0.00116932984187898145	0.00212619592528789472	0.00521627341164111772	0.00268432505834297772	0.0652838987370952898	0.463796352593770659	0.0690729073006914095	0.0335891384581833947	0.0683562371884719894	0.0150121370942088784	0.37486528030706098	0.165513527848911563



4	C..TGGCGGC	0.497171075487617251


A:	0.247883910332404007	0.215011064422751021	0.115872180562749941	0.132034191394363765	0.0207213408418027351	0.250410026339990521	0.0587986195732888555	0.0831543514519652696	0.567343204917979497	0.112241655713742813	0.00596329567021018448	0.0165765863814994833	0.00497702964617164882	0.00522848009032604433	0.00182741490688883861	0.00571101226048348667	0.101888058203525974	0.234129613196027414	0.494213548892107108	0.104872609933724728	0.169028723813673176	0.592228600100837546
C:	0.0279992071378592948	0.319636980053929936	0.235326853277544072	0.107669571738327622	0.726922776899506123	0.606921369698511461	0.399083879066342597	0.0854177384271540582	0.115584321349091751	0.275207833446760758	0.00123966828863338451	0.00759033272532848802	0.978868870039623033	0.00238977571544527447	0.00644367173398398802	0.979617986515359978	0.00484900523142047763	0.00475725882609755154	0.0601872414585358915	0.0547606184276272813	0.0513289250057864367	0.00289160828673995412
G:	0.661920112738727731	0.167651536694853324	0.119341923329490196	0.574226778618443046	0.118112371769339984	0.111156421190748177	0.0306236654928287476	0.489070300179017841	0.233400135062476653	0.0318126404211364749	0.987130884928411755	0.971036087189573986	0.00120331107730327636	0.941402968453544479	0.984056329261188863	0.000759290770009161391	0.138502183073166223	0.661018970442938979	0.215711887760209459	0.125877997546089748	0.599655412659436723	0.380012337489645179
T:	0.0621967697910089672	0.29770041882846572	0.529459042830215791	0.186069458248865567	0.134243510489351158	0.0315121827707498409	0.5114938358675398	0.342357609941862831	0.0836723386704520983	0.580737870418359955	0.00566615111274467611	0.00479699370359804242	0.0149507892369020417	0.050978775740684202	0.00767258409793830998	0.0139117104541473735	0.754760753491887325	0.100094157534936055	0.229887321889147541	0.714488774092558243	0.179986938521103664	0.0248674541227773208



5	AGCCGCC..A	0.496947739341902824


A:	0.402079172063148539	0.124640243278643636	0.0181069959979451674	0.0426092430602549322	0.721460897562713494	0.341200119038061962	0.0276934436763051498	0.713258151336671469	0.00575012355177299644	0.0104055296010793394	0.0283577372706884128	0.0250345977646091545	0.00161573764382414471	0.00230594276235951931	0.556318338945225079	0.08524133555422649	0.538457843596502685	0.184653223272878602	0.671388407453590546	0.443053552908924736	0.317481589936665743	0.294530572497097176	0.278943561966227731
C:	0.290908671255530109	0.041562522400503995	0.481005428976125016	0.634818360309708757	0.195127767660062745	0.244612093206313235	0.155944342949906201	0.271877298684689476	0.000580982100153775781	0.987221776560687988	0.968843335680550919	0.000466013400133078968	0.983887201977426872	0.993573340725842308	0.00770437685761719543	0.346757006889350096	0.290286516141054766	0.179682193704836722	0.00320948102051420329	0.265186674048676385	0.216478886134855552	0.138557338023164176	0.0299270052752246289
G:	0.12213086969771099	0.0281761966827196362	0.0152755732066742914	0.177836163534095279	0.0435692795361978917	0.125723199288251126	0.0234670664104734196	0.0118658642405313438	0.990107987350157283	0.000757447391394977067	0.00115712750210246064	0.9733852286347838	0.0106093390981949232	0.00179440454352230082	0.370693385460062436	0.104205304962652755	0.10218273296175114	0.602075444564101281	0.257045874337423261	0.276747635948190001	0.0911742436214177254	0.401398561630827085	0.600392967968455312
T:	0.184881286983610362	0.805621037638132733	0.485612001819255525	0.144736233095941032	0.0398420552410258695	0.288464588467373677	0.792895146963315229	0.00299868573810771108	0.00356090699791594456	0.00161524644683769565	0.00164179954665820765	0.00111416020047396641	0.00388772128055406044	0.00232631196827587166	0.0652838987370952898	0.463796352593770659	0.0690729073006914095	0.0335891384581833947	0.0683562371884719894	0.0150121370942088784	0.37486528030706098	0.165513527848911563	0.090736464790092328



