1	CGCCGGCG	0.498671801708388881


A:	0.0932747574679739656	0.114620527586045765	0.130928585482220203	0.107336787114916119	0.319583464236636589	0.231482722771014449	0.528180804944249915	0.0113572993092384329	0.0118866350815816013	0.0161708722242450272	0.0037485781262302438	0.0122018574954415389	0.0148085666961825184	0.01444558030044796	0.183915513217801306	0.12583792874750748	0.346420096001790175	0.5345061225870164	0.0529811426988134734	0.396713593240326738	0.383174867703385719	0.303714438100652816
C:	0.441088510251023761	0.131944566466021786	0.246997446931644835	0.422565380146510003	0.115541815936962251	0.0576633887028086025	0.22194195345645554	0.797948063261925196	0.000558680249400957937	0.674813352625500386	0.980891642907777668	0.00315792147055054946	0.294207208454072069	0.973109104368569481	0.00677912421103506452	0.384042654224279451	0.274760138780518564	0.182902564373797196	0.122491194478056653	0.371942899725729421	0.29483112237297251	0.0602006756635586531
G:	0.0273888589476745556	0.560584418196911193	0.390138816320912526	0.222264869792755404	0.357857745865391806	0.527290980292663458	0.109042909003533015	0.00677912421103506452	0.973109104368569481	0.294207208454072069	0.00315792147055054946	0.980891642907777668	0.674813352625500386	0.000558680249400957937	0.797948063261925196	0.325851669494428843	0.111197899652799386	0.104221527161276212	0.723490374650290385	0.0662515846448605419	0.104644231628249202	0.528459088013584155
T:	0.438247873333327718	0.192850487751021256	0.231935151265222437	0.247832962945818473	0.207016973961009354	0.18356290823351349	0.14083433259576153	0.183915513217801306	0.01444558030044796	0.0148085666961825184	0.0122018574954415389	0.0037485781262302438	0.0161708722242450272	0.0118866350815816013	0.0113572993092384329	0.164267747533784226	0.267621865564891875	0.178369785877910191	0.101037288172839488	0.165091922389083299	0.21734977829539257	0.107625798222204375



2	GCGCCGCC	0.49594364318877803


A:	0.117486931383945765	0.12914109635797823	0.210223343502231899	0.293684871327520823	0.287905195501291826	0.138198976752290525	0.212784059044162438	0.139373581829219662	0.0369427685566444634	0.0165154241217240635	0.00254075433720157705	0.0623296878378192257	0.016207196660069888	0.0395956498984604552	0.084861363136628368	0.279983838404728789	0.214704548921289548	0.513501386979355341	0.173681513012797193	0.387062438909092488	0.220947566819668377	0.155977924146123193
C:	0.379130656428827218	0.182913557455873734	0.143195818933369346	0.200776906813929446	0.174626774540185638	0.20227242285152165	0.183700061605575045	0.154191948980068367	0.905931164403073158	0.00294300911308444909	0.828388918355715801	0.931581430021278768	0.0016032125382759658	0.729553283712447098	0.890238148766056976	0.0424866919413465229	0.264055261951952612	0.186210374784414364	0.138114501242060516	0.252675478297567432	0.206746249562312376	0.561767716963313797
G:	0.0379518713665917135	0.0522047994614267685	0.18108634746391288	0.102498873695500383	0.370656101056836261	0.463855457619015497	0.436961479281256221	0.687338977496715707	0.010314835608970049	0.975148890023149555	0.164114842689138284	0.00439228194922886506	0.974932903402509465	0.165937112556000147	0.0140136146174895054	0.572143167078407829	0.186128597915064635	0.0981898389405010575	0.0885310510251086406	0.166029011261965729	0.101018855393911433	0.157056020537913003
T:	0.465430540820635303	0.635740546724721268	0.465494490100485875	0.403039348163049348	0.166811928901686275	0.195673142777172328	0.166554400069006296	0.0190954916939962638	0.0468112314313123298	0.00539267674204193197	0.00495548461794433802	0.0016966001916731414	0.00725668739914468107	0.064913953833092299	0.0108868734798251508	0.105386302575516859	0.335111591211693206	0.202098399295729237	0.599672934720033651	0.194233071531374351	0.471287328224107814	0.125198338352650006



3	GCGCCG.CA	0.495545636390576382


A:	0.451576542343039655	0.0943478420656618514	0.152109394373374593	0.265038163129972924	0.235008007737031948	0.292116077769512535	0.100232674469802614	0.079638947500602375	0.0332929534488397353	0.00854662248326589837	0.00577943118540928952	0.0273310554664613617	0.0119215330555046783	0.0395956498984604552	0.0583947847057596247	0.513419971397292962	0.164968045305554946	0.165482880260120316	0.462015399476122687	0.312004488569488861	0.205156443714634618	0.158584147578724391	0.242444224021461226
C:	0.288730942225732971	0.259333499556075338	0.149757889645919068	0.193225823230839207	0.253303698220329985	0.387189776757852045	0.196778691620551927	0.340907007523363881	0.915943009728913996	0.00103033887921490794	0.907690371518231317	0.967962496958099613	0.00261871011948502819	0.729553283712447098	0.901936878808949727	0.0668261501838959307	0.278295417789090045	0.306682912640373669	0.087660751260673577	0.25190295600238704	0.180609800888789477	0.681846160387204438	0.0990777730536174347
G:	0.0903953608413515639	0.274356227722961883	0.136225276778905061	0.212199584899799108	0.453162638818607465	0.158403942707928665	0.5640137237509668	0.529714887050559983	0.00499701390372484935	0.98841391509725479	0.083893285376787509	0.00200661237981739473	0.979999207145423528	0.165937112556000147	0.00448621869855325453	0.345226668392821572	0.143990844594822491	0.238401003681048	0.16190343942029571	0.0998989960504954373	0.351679928687971472	0.0616116275684485336	0.497910430774376428
T:	0.16929715458987581	0.371962430655300928	0.561907439201801278	0.32953642873938876	0.0585256552240306025	0.162290202764706755	0.138974910158678659	0.0497391579254737608	0.0457670229185214196	0.00200912354026440411	0.00263691191957188503	0.00269983519562163045	0.0054605496795867651	0.064913953833092299	0.0351821177867373934	0.0745272100259895354	0.412745692310532518	0.289433203418458014	0.288420409842908026	0.336193559377628662	0.262553826708604433	0.0979580644656226374	0.160567572150544912



4	A.CG.CGGCG	0.495372771274756754


A:	0.123064342315131633	0.0932747574679739656	0.114620527586045765	0.130928585482220203	0.107336787114916119	0.319583464236636589	0.231482722771014449	0.528180804944249915	0.0829097905703785941	0.0109546660210767037	0.0161708722242450272	0.011409565817772102	0.00527340288415885804	0.00659486665273181493	0.00473031542767971956	0.0916632081390340976	0.12583792874750748	0.346420096001790175	0.5345061225870164	0.0529811426988134734	0.396713593240326738	0.383174867703385719	0.303714438100652816
C:	0.0760904498601887068	0.441088510251023761	0.131944566466021786	0.246997446931644835	0.422565380146510003	0.115541815936962251	0.0576633887028086025	0.22194195345645554	0.571047230503280718	0.00244486596959378814	0.674813352625500386	0.977386618912970853	0.00234521120577143899	0.082621258257135039	0.988696980612422984	0.0168192773835976849	0.384042654224279451	0.274760138780518564	0.182902564373797196	0.122491194478056653	0.371942899725729421	0.29483112237297251	0.0602006756635586531
G:	0.225321013990779415	0.0273888589476745556	0.560584418196911193	0.390138816320912526	0.222264869792755404	0.357857745865391806	0.527290980292663458	0.109042909003533015	0.0856125754434321058	0.973382092385316266	0.294207208454072069	0.0029061053400532913	0.979858102976776404	0.901713585194632672	0.0019516092964298621	0.816975295778082894	0.325851669494428843	0.111197899652799386	0.104221527161276212	0.723490374650290385	0.0662515846448605419	0.104644231628249202	0.528459088013584155
T:	0.575524193833900245	0.438247873333327718	0.192850487751021256	0.231935151265222437	0.247832962945818473	0.207016973961009354	0.18356290823351349	0.14083433259576153	0.260430403482908582	0.0132183756240132418	0.0148085666961825184	0.0082977099292037538	0.0125232829332932988	0.00907028989550047457	0.00462109466346743392	0.0745422186992853231	0.164267747533784226	0.267621865564891875	0.178369785877910191	0.101037288172839488	0.165091922389083299	0.21734977829539257	0.107625798222204375



5	CGCCGCCG	0.495360629558288471


A:	0.12914109635797823	0.210223343502231899	0.293684871327520823	0.287905195501291826	0.138198976752290525	0.212784059044162438	0.139373581829219662	0.251248255020154795	0.0123925283872416771	0.00454261079926658321	0.0586063827516269437	0.013156669962429674	0.0148085666961825184	0.0269653897319228001	0.279983838404728789	0.214704548921289548	0.513501386979355341	0.173681513012797193	0.387062438909092488	0.220947566819668377	0.155977924146123193	0.0382742444232637791
C:	0.182913557455873734	0.143195818933369346	0.200776906813929446	0.174626774540185638	0.20227242285152165	0.183700061605575045	0.154191948980068367	0.664249598070608062	0.0101172136543561244	0.776150206702721097	0.931008233842134045	0.00102241512107811478	0.294207208454072069	0.95706595762628763	0.0424866919413465229	0.264055261951952612	0.186210374784414364	0.138114501242060516	0.252675478297567432	0.206746249562312376	0.561767716963313797	0.215811720184769266
G:	0.0522047994614267685	0.18108634746391288	0.102498873695500383	0.370656101056836261	0.463855457619015497	0.436961479281256221	0.687338977496715707	0.0415603221759114624	0.964076223877611412	0.214265139338831871	0.00707971253872403694	0.979825506127401973	0.674813352625500386	0.0117659609030132926	0.572143167078407829	0.186128597915064635	0.0981898389405010575	0.0885310510251086406	0.166029011261965729	0.101018855393911433	0.157056020537913003	0.49954755957025165
T:	0.635740546724721268	0.465494490100485875	0.403039348163049348	0.166811928901686275	0.195673142777172328	0.166554400069006296	0.0190954916939962638	0.0429418247333256809	0.0134140340807907868	0.00504204315918044872	0.00330567086751497477	0.00599540878909023845	0.0161708722242450272	0.00420269173877627771	0.105386302575516859	0.335111591211693206	0.202098399295729237	0.599672934720033651	0.194233071531374351	0.471287328224107814	0.125198338352650006	0.246366475821715305



