1	GCAACATA	0.497107453324113405


A:	0.606119123329519609	0.625439317651371523	0.10427936682501954	0.416097571234942974	0.0872777039242034347	0.233794285245717866	0.258402927148903925	0.0572678867581924774	0.0313447271420214068	0.965619166580104472	0.987525167907957224	0.00233311609655345606	0.987913475861079776	0.00201171033247076261	0.772518338160121346	0.757284397529108748	0.51853933868758627	0.112115934007157356	0.362107633829680447	0.260000152398746812	0.441780604710602024	0.480517658964581645
C:	0.220162037607082031	0.248717323815355341	0.437161376279395523	0.189149825431594997	0.28412421880607971	0.287157130954071567	0.0692165215782687336	0.0248284236406406811	0.962193783727994687	0.00976756647407810783	0.00868541545254747462	0.992344075871320344	0.000895703242962249859	0.00249101344026826783	0.0202372092265718267	0.0650869056413736227	0.108459257831653472	0.38842192517211346	0.121212557940871869	0.0822192673570931106	0.112063416035383834	0.0470062842232261577
G:	0.108286863534072938	0.0510573787232648808	0.288135678216550813	0.0667365273646745158	0.271311488648914356	0.161480321558571215	0.0677201432514744246	0.915443466660352242	0.00221809752278691769	0.0236395286711549096	0.00173766905702990464	0.00160503818693635597	0.00765542610392015418	0.255610947514162918	0.00501211973565356902	0.100530005926578913	0.237216599595794904	0.309461151894796387	0.23222050084296536	0.364958605632891675	0.410828391851532315	0.420827427176405526
T:	0.065431975529325422	0.0747859798100082552	0.170423578679034124	0.328016075968787514	0.357286588620802499	0.317568262241639352	0.604660408021352917	0.00246022294081459941	0.00424339160719698903	0.000973738274662510894	0.00205174758246539678	0.00371776984518984407	0.00353539479203782014	0.739886328713098051	0.202232332877653258	0.0770986909029387158	0.135784803884965355	0.190000988925932797	0.284459307386482324	0.292821974611268402	0.0353275874024818265	0.0516486296357866712



2	GCAACAT.A	0.495996114650730149


A:	0.606119123329519609	0.625439317651371523	0.10427936682501954	0.416097571234942974	0.0872777039242034347	0.233794285245717866	0.258402927148903925	0.0716905072039193975	0.0118991137485562274	0.959689011032154477	0.985714346899384596	0.00459823555563753717	0.990892329245838362	0.00960994911079354347	0.772518338160121346	0.757284397529108748	0.51853933868758627	0.112115934007157356	0.362107633829680447	0.260000152398746812	0.441780604710602024	0.480517658964581645	0.263189506005847739
C:	0.220162037607082031	0.248717323815355341	0.437161376279395523	0.189149825431594997	0.28412421880607971	0.287157130954071567	0.0692165215782687336	0.0468208946727061353	0.980319760896419824	0.0131715715708737959	0.00736488947870141583	0.990304876438941588	0.00159572893711911511	0.00215139962148995245	0.0202372092265718267	0.0650869056413736227	0.108459257831653472	0.38842192517211346	0.121212557940871869	0.0822192673570931106	0.112063416035383834	0.0470062842232261577	0.160597150960908549
G:	0.108286863534072938	0.0510573787232648808	0.288135678216550813	0.0667365273646745158	0.271311488648914356	0.161480321558571215	0.0677201432514744246	0.877823743689289152	0.00162070480630252086	0.0249614135189959769	0.00261002940772604285	0.00238267550167434387	0.00422014663794657097	0.0758733935448427559	0.00501211973565356902	0.100530005926578913	0.237216599595794904	0.309461151894796387	0.23222050084296536	0.364958605632891675	0.410828391851532315	0.420827427176405526	0.151623014924964527
T:	0.065431975529325422	0.0747859798100082552	0.170423578679034124	0.328016075968787514	0.357286588620802499	0.317568262241639352	0.604660408021352917	0.00366485443408531568	0.00616042054872142755	0.00217800387797575025	0.00431073421418794533	0.00271421250374653137	0.00329179517909595205	0.912365257722873748	0.202232332877653258	0.0770986909029387158	0.135784803884965355	0.190000988925932797	0.284459307386482324	0.292821974611268402	0.0353275874024818265	0.0516486296357866712	0.424590328108279184



3	ATGTTGCA	0.495731698458588177


A:	0.0353275874024818265	0.292821974611268402	0.284459307386482324	0.190000988925932797	0.135784803884965355	0.0770986909029387158	0.202232332877653258	0.941773270074737646	0.00257463308182027759	0.00300724960297442519	0.00472655224701922739	0.00124390407704320373	0.00381703064629329017	0.00304412817099527819	0.604660408021352917	0.317568262241639352	0.357286588620802499	0.328016075968787514	0.170423578679034124	0.0747859798100082552	0.065431975529325422	0.167734597829743095
C:	0.410828391851532315	0.364958605632891675	0.23222050084296536	0.309461151894796387	0.237216599595794904	0.100530005926578913	0.00501211973565356902	0.0439826210640629869	0.00851560180323520468	0.00253013757736170635	0.00182921081809026697	0.118979466877697045	0.00171866405247722541	0.939785431208243238	0.0677201432514744246	0.161480321558571215	0.271311488648914356	0.0667365273646745158	0.288135678216550813	0.0510573787232648808	0.108286863534072938	0.0329603855156920833
G:	0.112063416035383834	0.0822192673570931106	0.121212557940871869	0.38842192517211346	0.108459257831653472	0.0650869056413736227	0.0202372092265718267	0.00599829737173065236	0.000910324620428479288	0.991804921914106874	0.0125613114019566121	0.0277721353723119439	0.950643815229787576	0.00787475310755226337	0.0692165215782687336	0.287157130954071567	0.28412421880607971	0.189149825431594997	0.437161376279395523	0.248717323815355341	0.220162037607082031	0.621113501945598166
T:	0.441780604710602024	0.260000152398746812	0.362107633829680447	0.112115934007157356	0.51853933868758627	0.757284397529108748	0.772518338160121346	0.00824581148946871473	0.987999440494516038	0.00265769090555699411	0.980882925532933893	0.852004493672947807	0.0438204900714419088	0.0492956875132092206	0.258402927148903925	0.233794285245717866	0.0872777039242034347	0.416097571234942974	0.10427936682501954	0.625439317651371523	0.606119123329519609	0.178191514708966656



4	GCAACAGA	0.495150276597846488


A:	0.340219299894286942	0.177185904144575415	0.189289623665260943	0.42689622202400867	0.240379061281101431	0.117599030881707761	0.454116525306001527	0.123908748648745673	0.0101515309399609167	0.940964791951931423	0.984105270740401815	0.00266915165986016393	0.983851165438322938	0.00201171033247076261	0.936310581045619084	0.260263088509618744	0.283579959188145117	0.190979018342964784	0.123686276825598799	0.227021882514554442	0.647946708383765866	0.237437735554771208
C:	0.398224538258249682	0.219143210368990041	0.345943239105299055	0.384941348701227935	0.1693387541848801	0.137626191237758862	0.140621822699882163	0.0248607281669751824	0.982560287257897479	0.0179129326309135878	0.00123373923433288716	0.987811463968189274	0.00122313631037801155	0.00249101344026826783	0.00444409738941376687	0.178917228655066357	0.296618830665884458	0.440764841854122593	0.0840024721591194499	0.206805785809047067	0.0804978438929281028	0.135788545197009156
G:	0.183563853125186843	0.218184179973203512	0.100386962527211508	0.0636903389475962036	0.136847470447845403	0.392211526423322224	0.0949466849855136068	0.847191085664881173	0.00377376447124695655	0.0393358406933702332	0.0077194616214413836	0.00107200862832193144	0.0125583622066883558	0.255610947514162918	0.0054077579635040681	0.394822744019332552	0.249956777867923215	0.134073166281427478	0.114121502505724877	0.488308392066887068	0.0556809377037930507	0.422405648441784114
T:	0.0779923087222765338	0.385486705513231032	0.364380174702228494	0.124472090327167191	0.453434714086173066	0.352563251457211154	0.310314967008602703	0.00403943751939797147	0.003514417330894648	0.00178643472378475585	0.00694152840382391405	0.00844737574362863113	0.00236733604461069497	0.739886328713098051	0.0538375636014630808	0.165996938815982347	0.16984443227804721	0.234182973521485145	0.678189748509556874	0.0778639396095114227	0.21587451001951298	0.204368070806435523



5	GCAACAT..A	0.494965993113958345


A:	0.606119123329519609	0.625439317651371523	0.10427936682501954	0.416097571234942974	0.0872777039242034347	0.233794285245717866	0.258402927148903925	0.129637508033330136	0.00977902001195296005	0.924784112607202417	0.972323633454559798	0.00324684662439775998	0.981190242616885206	0.012855520288168941	0.772518338160121346	0.757284397529108748	0.51853933868758627	0.112115934007157356	0.362107633829680447	0.260000152398746812	0.441780604710602024	0.480517658964581645	0.263189506005847739
C:	0.220162037607082031	0.248717323815355341	0.437161376279395523	0.189149825431594997	0.28412421880607971	0.287157130954071567	0.0692165215782687336	0.0748436420491766378	0.965376958311491051	0.0274619878921029864	0.015464929084169066	0.985384017035598193	0.0022887901905786561	0.00575101773536279694	0.0202372092265718267	0.0650869056413736227	0.108459257831653472	0.38842192517211346	0.121212557940871869	0.0822192673570931106	0.112063416035383834	0.0470062842232261577	0.160597150960908549
G:	0.108286863534072938	0.0510573787232648808	0.288135678216550813	0.0667365273646745158	0.271311488648914356	0.161480321558571215	0.0677201432514744246	0.773611643825426818	0.00522168917983644226	0.0456898617582812774	0.00481370864937590233	0.00482036729550081891	0.0125981100060484623	0.105930856723016772	0.00501211973565356902	0.100530005926578913	0.237216599595794904	0.309461151894796387	0.23222050084296536	0.364958605632891675	0.410828391851532315	0.420827427176405526	0.151623014924964527
T:	0.065431975529325422	0.0747859798100082552	0.170423578679034124	0.328016075968787514	0.357286588620802499	0.317568262241639352	0.604660408021352917	0.0219072060920664086	0.0196223324967195466	0.00206403774241331936	0.00739772881189523375	0.00654876904450322771	0.0039228571864876758	0.87546260525345149	0.202232332877653258	0.0770986909029387158	0.135784803884965355	0.190000988925932797	0.284459307386482324	0.292821974611268402	0.0353275874024818265	0.0516486296357866712	0.424590328108279184



