1	GCGCCGCC	0.492405907339721426


A:	0.113284900065748199	0.0973188179711693619	0.16211878016673421	0.477007620506968099	0.321317940622668295	0.128587668022547525	0.166836772829904435	0.00855347585572719938	0.00190132665318656031	0.0825431490132826417	0.00090467468355564251	0.00189654145907721945	0.0067425010862921789	0.0136551496219802273	0.0251377330651136863	0.270902449261511329	0.194801642614922509	0.480404641994726536	0.210710651514730066	0.281632531466237589	0.256629317334454633	0.105693298103748357
C:	0.284047372217483708	0.369362118485030577	0.183062917746364322	0.217189626778346571	0.153703113571165674	0.332440392546903349	0.235086641064499572	0.104638893570609032	0.990165482979405621	0.000716258889610010999	0.882563748555457395	0.989386474701019152	0.000560306482856126771	0.979117960180145589	0.954220512856229644	0.095465402234823572	0.291519069003015107	0.232173082300301697	0.119286241495029617	0.36453866399783112	0.280744167478191207	0.652402251073467801
G:	0.0543597324327962511	0.0686767384594569976	0.326628058556692571	0.0872372452365404553	0.36387334287401494	0.26962397991910768	0.386233065735756501	0.886027485928898617	0.00242666682679635535	0.915854247722599404	0.115194225401270552	0.00803665467012388881	0.986322258745541123	0.00304474135600817685	0.0086545616032506723	0.541816031212860854	0.0910522378592256928	0.155026109836536607	0.142933703083757174	0.0388994447416177542	0.169795294003396771	0.0920912547309648491
T:	0.548307995283971841	0.464642325084343063	0.328190243530208897	0.218565507478144874	0.161105602932151091	0.269347959511441447	0.211843520369839492	0.000780144644765151703	0.00550652354061146363	0.00088634437450794351	0.00133735135971640989	0.000680329169779739622	0.00637493368531057107	0.00418214884186600711	0.0119871924754059975	0.0918161172908042447	0.422627050522836691	0.13239616586843516	0.527069403906483143	0.314929359794313537	0.292831221183957388	0.149813196091818993



2	G.GCGCCGC	0.489548617668850697


A:	0.272303778894797873	0.239224361426015003	0.22545377082784757	0.207113979544501698	0.056291282704322221	0.179900973046289285	0.0970125325955594892	0.0362868867918304061	0.088035109353008887	0.0104570128458076863	0.00148473005897036038	0.0865563101066975335	0.00136629286603421715	0.00203561299550485452	0.00873282084867600744	0.00460970204427209756	0.0251377330651136863	0.140418560959792074	0.265720463588102699	0.420022796107089701	0.126112599885326083	0.143589679162333081	0.417145772434884402
C:	0.515579293501715137	0.199111002525472404	0.562531122483926424	0.44068656855846739	0.352182608339428405	0.399429211476016556	0.293907603167409443	0.274521422367803331	0.431451535030979847	0.0777286474972316056	0.98915217955864777	0.0020662881785418312	0.590442989655881373	0.97705182582300056	0.0019017996139513669	0.974165120205733318	0.954220512856229644	0.549231863549082238	0.223031631908547965	0.155321531176460322	0.55452644178958483	0.19131698252080348	0.179906299213636544
G:	0.115338966809754973	0.224599168289097557	0.0913657934213431128	0.195729742433707846	0.273275683405773591	0.202144379270882883	0.389539270509810861	0.557069976690292228	0.327684370910128631	0.90799570911730026	0.00299297203308764054	0.910504768361936547	0.407037615648837028	0.0189640789060205246	0.986129203767783336	0.00273295221752095497	0.0086545616032506723	0.22976296272161789	0.204100328925859333	0.189982268706619775	0.092011385636294594	0.160600584826429301	0.230068501464053309
T:	0.0967779607937320168	0.337065467759415037	0.120649313266882893	0.156469709463323066	0.318250425550475782	0.218525436206811275	0.219540593727220207	0.132121714150074035	0.152828984705882635	0.0038186305396604486	0.00637011834929422891	0.000872633352824088001	0.00115310182924738191	0.00194848227547406074	0.00323617576958929005	0.018492225532473629	0.0119871924754059975	0.080586612769507797	0.307147575577490003	0.234673404009830202	0.227349572688794493	0.504492753490434138	0.172879426887425745



3	CGGCG.CGC	0.489479922951548378


A:	0.195865720122124147	0.216903743242461484	0.165868183474146293	0.16805717673594826	0.20646855191940329	0.177979509882163761	0.241872781623068933	0.0991030736159743597	0.066960000299693661	0.0223648162774849345	0.0293335583072064753	0.0366167407980125614	0.00133735135971640989	0.0457835914932880297	0.107838056415329201	0.0325174156126975164	0.0981406410094571362	0.287774242134799567	0.115395381488246998	0.239577559063793354	0.209032185061174407	0.471770154425814306	0.421163011583564464
C:	0.281511988933666238	0.411259244880730743	0.495021012599464109	0.274216958908146604	0.395876937392566471	0.406748801455838662	0.190995395135420417	0.555639125332754389	0.222220103051059056	0.323968537149991469	0.813737202840765016	0.0252574419317358531	0.115194225401270552	0.817643302768300639	0.0630779128915843618	0.636363089524636695	0.582706446831069242	0.161877611148923461	0.157621982253700847	0.128779680847511458	0.11089411931603596	0.234792257603566009	0.201923099183414859
G:	0.321815372205932814	0.131403736528297395	0.199381068172345441	0.404365518820702079	0.0678221698819997734	0.143096777590824976	0.37310556724509347	0.205632758398585712	0.65545953894273498	0.614678990751901864	0.011593771443124285	0.914384345241374521	0.882563748555457395	0.0508068914321093422	0.768625684594922605	0.138933843435893051	0.149026030805445397	0.420192452097143712	0.559080486935350984	0.392877391674895012	0.24002568137720798	0.121913288465435541	0.241067401022239995
T:	0.200806918738276801	0.240433275348510379	0.139729735754044157	0.153360345535203058	0.329832340806030466	0.2721749110711726	0.194026255996417181	0.139625042652685539	0.0553603577065123037	0.0389876558206217325	0.145335467408904224	0.0237414720288770645	0.00090467468355564251	0.0857662143063019894	0.0604583460981638322	0.192185651426772738	0.170126881354028225	0.130155694619133259	0.167902149322701171	0.238765368413800176	0.440048014245581654	0.171524299505184143	0.135846488210780682



4	CGCCGCCG	0.489430532918457055


A:	0.0973188179711693619	0.16211878016673421	0.477007620506968099	0.321317940622668295	0.128587668022547525	0.166836772829904435	0.00855347585572719938	0.070355978511640384	0.147647688948370513	0.00230378988691042561	0.00671978867503652536	0.0290588134284757274	0.0111112113894131561	0.0131116969550402991	0.270902449261511329	0.194801642614922509	0.480404641994726536	0.210710651514730066	0.281632531466237589	0.256629317334454633	0.105693298103748357	0.0430823731793066192
C:	0.369362118485030577	0.183062917746364322	0.217189626778346571	0.153703113571165674	0.332440392546903349	0.235086641064499572	0.104638893570609032	0.882480096840039194	0.00825518231164590291	0.760979609895121003	0.980895052856794904	0.00180718813581380712	0.942121558489102692	0.939748559545061034	0.095465402234823572	0.291519069003015107	0.232173082300301697	0.119286241495029617	0.36453866399783112	0.280744167478191207	0.652402251073467801	0.224436988176699872
G:	0.0686767384594569976	0.326628058556692571	0.0872372452365404553	0.36387334287401494	0.26962397991910768	0.386233065735756501	0.886027485928898617	0.0234035873324001343	0.840213341109438335	0.232137466898550458	0.0105147768415980115	0.965504944975654569	0.0422496708197046066	0.0322989902281620695	0.541816031212860854	0.0910522378592256928	0.155026109836536607	0.142933703083757174	0.0388994447416177542	0.169795294003396771	0.0920912547309648491	0.552248730375890707
T:	0.464642325084343063	0.328190243530208897	0.218565507478144874	0.161105602932151091	0.269347959511441447	0.211843520369839492	0.000780144644765151703	0.0237603373159202875	0.00388378763054524962	0.00457913331941811296	0.00187038162657055945	0.00362905346005589665	0.00451755930177954533	0.0148407532717365978	0.0918161172908042447	0.422627050522836691	0.13239616586843516	0.527069403906483143	0.314929359794313537	0.292831221183957388	0.149813196091818993	0.180231908268102802



5	A.GGCGGCG	0.489334839729342619


A:	0.078872486977838589	0.180231908268102802	0.149813196091818993	0.292831221183957388	0.314929359794313537	0.527069403906483143	0.13239616586843516	0.422627050522836691	0.0918161172908042447	0.0634309771311940312	0.0205339647420777214	0.0147670117655012231	0.00301653340079656727	0.00398870243278200966	0.00182622056065415324	0.0068626370626937438	0.000780144644765151703	0.211843520369839492	0.269347959511441447	0.161105602932151091	0.218565507478144874	0.328190243530208897	0.464642325084343063
C:	0.319053633530247226	0.552248730375890707	0.0920912547309648491	0.169795294003396771	0.0388994447416177542	0.142933703083757174	0.155026109836536607	0.0910522378592256928	0.541816031212860854	0.0165986066647377579	0.0082041824887249429	0.967606708945090284	0.00670429434611218815	0.0896177710516360932	0.767805369025429843	0.00481441654623732499	0.886027485928898617	0.386233065735756501	0.26962397991910768	0.36387334287401494	0.0872372452365404553	0.326628058556692571	0.0686767384594569976
G:	0.227881908911270782	0.224436988176699872	0.652402251073467801	0.280744167478191207	0.36453866399783112	0.119286241495029617	0.232173082300301697	0.291519069003015107	0.095465402234823572	0.878528478392384265	0.905741072303664591	0.00189962388209891316	0.98325470484856523	0.904274716316781954	0.00577501648149680158	0.975264936407227027	0.104638893570609032	0.235086641064499572	0.332440392546903349	0.153703113571165674	0.217189626778346571	0.183062917746364322	0.369362118485030577
T:	0.374191970580643403	0.0430823731793066192	0.105693298103748357	0.256629317334454633	0.281632531466237589	0.210710651514730066	0.480404641994726536	0.194801642614922509	0.270902449261511329	0.0414419378116839454	0.0655207804655327445	0.0157266554073095801	0.00702446740452601499	0.00211881019879994328	0.224593393932419202	0.0130580099838419043	0.00855347585572719938	0.166836772829904435	0.128587668022547525	0.321317940622668295	0.477007620506968099	0.16211878016673421	0.0973188179711693619



