1	A.T.GCGGCG	0.494826045957615763


A:	0.693288838390047208	0.0355435559375900531	0.0363588092971017228	0.561860956301568284	0.190857443999753054	0.257120704246598947	0.650056042319355508	0.341447063732001381	0.094842422340974903	0.00843460432746574109	0.111979423338332412	0.0112251926073351493	0.00283526104109845124	0.00385539726315900187	0.00230864067116945502	0.0130584384410160141	0.0537129554941667212	0.201659182135311006	0.094717729178508017	0.529786762839124089	0.0197181110618258987	0.637089622127492154	0.295779360055515117
C:	0.156157992490759817	0.255402445043934128	0.46740797841023391	0.0394861407095667964	0.752966552204515947	0.272605035860287151	0.0767265169393900843	0.115499126969519557	0.0368497418647845055	0.00357863856262587555	0.0292744602229605315	0.974606542648910147	0.00874892618680839562	0.0502299506829256201	0.986914135456852705	0.0223911699947881541	0.466736421897105881	0.498519381789622165	0.210285172263758551	0.0114165842602407877	0.0270528853720857338	0.0777183337507426178	0.0770709256429454126
G:	0.0623780671727107564	0.407585124370191078	0.0484347107054822566	0.330153407345222311	0.0422402606166746755	0.248483390649481783	0.161224708185467902	0.128958817429335251	0.0459253983987912137	0.541242736859861728	0.708523068139686039	0.00511987584996382782	0.973835814200540527	0.942660791613031664	0.00151118060873832866	0.865222501066523127	0.410179344238218243	0.126079654706386751	0.241951428633361506	0.100151597133073658	0.92736664445531161	0.214232962148508221	0.163287278627774862
T:	0.0881751019464822194	0.301468874648284742	0.44779850158718211	0.0684994956436426096	0.0139357431790563243	0.221790869243632119	0.111992732555786506	0.41409499186914381	0.822382437395449378	0.446744020250046655	0.150223048299021018	0.00904838889379087622	0.0145799985715526263	0.00325386044088371411	0.00926604326323951187	0.0993278904976727048	0.0693712783705091548	0.173741781368680078	0.453045669924371926	0.358645055767561465	0.0258623591107767572	0.0709590819732570074	0.463862435673764608



2	CGCCGCAA	0.493594595265273711


A:	0.280105932523869062	0.0779478030024332085	0.160736129972434273	0.0203202957096797928	0.198818170781208607	0.12223595337888705	0.109819448055579898	0.297760515865430722	0.0181026935505940787	0.00411220154713770647	0.00310054767868160095	0.00686477136348490723	0.0200232656077213614	0.446744020250046655	0.778360203755965501	0.581808165888315167	0.425046810010950433	0.0623896943738462838	0.148182620382851987	0.552481770803865568	0.31920322416655825	0.355810284048016741
C:	0.199175443203108779	0.314497298284766167	0.402613397216267584	0.0140951068524729153	0.435694818469410646	0.191566982154543549	0.392528094463877153	0.665475105986169326	0.00154225281177819835	0.963576045748473544	0.991114672222172027	0.00176290122142032644	0.907894700419664537	0.541242736859861728	0.0501856480349413623	0.0551242016107630603	0.199291783017812932	0.279208140038672261	0.0503477498829513315	0.108528343521012907	0.180584714507173155	0.146202860620874423
G:	0.263835511452743716	0.130940108392449162	0.125836027991163361	0.557290469064611579	0.229855116917943109	0.16661519166341295	0.160845244007281735	0.0153922632485483583	0.979468835450002484	0.0301981087666046417	0.00277890866886440663	0.987773388273687818	0.015102893531262225	0.00357863856262587555	0.035800767029425319	0.0168662834921203346	0.0471165630730253875	0.0988186149869005486	0.0494241177144134465	0.0251104239040717466	0.388940659975198205	0.113573255905097133
T:	0.256883112820278443	0.476614790320351463	0.310814444820134782	0.408294128373235713	0.135631893831437638	0.519581872803156451	0.336807213473261215	0.0213721148998515936	0.00088621818762523938	0.00211364393778410801	0.00300587143028196552	0.00359893914140694861	0.0569791404413518764	0.00843460432746574109	0.135653381179667818	0.346201349008801438	0.328544843898211247	0.559583550600580907	0.752045512019783235	0.313879461771049778	0.111271401351070389	0.384413599426011703



3	AAT..CGGCG	0.493529455556107003


A:	0.312086773342314658	0.0407838160724500905	0.0224701460363960086	0.399986684689483032	0.44013024548969391	0.183848647469533643	0.849237785907857631	0.732826681504718099	0.293822650999797232	0.0412814837945234763	0.111979423338332412	0.00791676137848824616	0.00552653927152735229	0.00550832345049504647	0.0040584046638885348	0.0181123209266555411	0.0127603021218479592	0.0404178992362436874	0.0403911018390634331	0.369624450696703551	0.323108674883921428	0.698301434405351436
C:	0.0926627044955796499	0.184082264776468565	0.468267088319793681	0.108050809334353262	0.380113886947210448	0.188054242790324275	0.0467434538181784973	0.0142617970821738975	0.0336634530267980902	0.0118725987165331179	0.0292744602229605315	0.982369676279326208	0.00244307908239735697	0.0186774286355518323	0.983282155771295162	0.0138856776602647593	0.312937001383748286	0.228806148962599913	0.195645960630511765	0.0425440931985695027	0.0276276635731594259	0.0687068625135179989
G:	0.165967783124150259	0.626742641306345077	0.171642061125387793	0.189954229028505426	0.087243242527401373	0.204674974714877742	0.0581262223641637008	0.0905546966070946295	0.0108507850247420064	0.760321728908894367	0.708523068139686039	0.00434352917039652935	0.942595816835629235	0.974582655430593759	0.00218428530236481044	0.906315513857010325	0.627719642986974553	0.151255294462783615	0.426280928651833449	0.162526089221392851	0.53812751127346801	0.191431280656078298
T:	0.429282739037955433	0.148391277844736268	0.337620704518422517	0.30200827694765828	0.0925126250356942697	0.42342213502526434	0.0458925379098001704	0.162356824806013373	0.661663110948662671	0.186524188580049039	0.150223048299021018	0.00537003317178901664	0.0494345648104460561	0.00123159248335936263	0.010475154262451493	0.061686487556069375	0.046583053507429202	0.579520657338372785	0.337682008878591353	0.425305366883334095	0.111136150269451136	0.041560422425052267



4	GGCGGCG.A	0.492741575264281106


A:	0.155176153525583781	0.042917258362106026	0.15997293400746544	0.211980342025625552	0.107873464490693826	0.485889879367690304	0.0310527731944094344	0.00620423273580898801	0.0596787925882154582	0.00525849247272024813	0.00463671511286976394	0.00297120624263097191	0.00613834024432165765	0.0454585127662794786	0.043576282705276735	0.531395024388105149	0.0839467281695506902	0.115786900915722833	0.00966408468113279678	0.539031320591677657	0.448762738642444471	0.304041220727457088	0.183867603637759111
C:	0.374450047788886855	0.348500659375901996	0.632435452292448553	0.135339258793244124	0.07911534228486628	0.246490968428243428	0.152868839555561271	0.0118559970039031808	0.0774642424252565609	0.986958192993740631	0.00661253475858088183	0.139715205404486212	0.971112864717622469	0.0371367695281037532	0.619090201213847192	0.103675669512984072	0.101567022785481342	0.130710514410664566	0.0320384082333236763	0.0996072008144813636	0.163447597360423049	0.126098594325929521	0.300482101781476966
G:	0.224287774387936111	0.448250078532846202	0.0417540634437546576	0.103027286154064602	0.624412007327342493	0.121680802067047772	0.0597710225869073332	0.727274729635022412	0.772323402258254227	0.00109944562790273237	0.979383269921922325	0.851882324719147911	0.00188943609391871139	0.808040238956606131	0.280045727101569358	0.258772119911729038	0.221283045858314551	0.0411841889820213756	0.911374566960200365	0.323389393177503208	0.168560430240096908	0.287480335640498324	0.271722264650645124
T:	0.246086024297593253	0.160332003729145776	0.165837550256331349	0.549653113027065722	0.188599185897097401	0.145938350137018496	0.756307364663121962	0.254665040625265419	0.0905335627282737539	0.0066838689056363886	0.00936748020662702933	0.00543126363373490502	0.0208593589441371619	0.109364478749010637	0.0572877889793067148	0.106157186187181741	0.593203203186653418	0.712318395691591226	0.0469229401253431621	0.0379720854163377709	0.219229233757035572	0.282379849306115068	0.243928029930118799



5	AA.G.CGGCG	0.492661339686005923


A:	0.0594073874364664861	0.0543256934732867938	0.114330032882174245	0.232425150767204888	0.061148396786755096	0.225638909300516204	0.725804982997978963	0.784893368228378723	0.10869805409915637	0.0525750151166702709	0.157067677281907131	0.00671663710597106577	0.00265752042786481898	0.00257949837068737473	0.00358939069654709426	0.0164975568789792832	0.042648428742034149	0.257686381403530061	0.215409071781233514	0.381157643673453761	0.190863662286228425	0.213043038927367499	0.330155739453663375
C:	0.226120178700022037	0.131402359144840937	0.137304151924460888	0.0138120780863001021	0.170321980609500974	0.129396810132547119	0.0774849464825627547	0.084165629407603651	0.315387690581871142	0.00603913007062842947	0.0487520142507538623	0.981085263737869221	0.00130225451526768342	0.00933723204956310902	0.989213741878345321	0.0102758743117583513	0.36320072339898657	0.198584502751011082	0.32496412423735776	0.183285504960682459	0.277585044506482442	0.349446705970593448	0.0673569136238788268
G:	0.635494864712049395	0.0939940833573290179	0.395585254947695594	0.551922287395917555	0.596354741155447849	0.285246807765681701	0.143427774769573819	0.0369671315531619339	0.0119188929109475377	0.754931240889581137	0.575668999711474666	0.00927951720122815674	0.963672152671502389	0.985403523711784393	0.00241008539429087866	0.930190089474391044	0.503270742806804145	0.0849731580641022104	0.0656551767408262513	0.0594619615127587239	0.465612724155637687	0.306843302963959064	0.108914283350211537
T:	0.0789775691514620817	0.720277864024543251	0.352780560245669272	0.201840483750577455	0.172174881448296081	0.359717472801254976	0.0532822957498844636	0.0939738708108556919	0.563995362408024951	0.186454613923120163	0.218511308755864341	0.00291858195493155665	0.0323680723853651087	0.00267974586796512354	0.00478678203081670588	0.0430364793348713209	0.0908801050521751357	0.458755957781356646	0.393971627240582475	0.376094889853105056	0.0659385690516514456	0.13066695213807999	0.493573063572246261



