1	GGCGGCTA	0.498210120111177288


A:	0.359340228970606612	0.0373444303346969851	0.0766693714749683679	0.035145716878200901	0.0605666795677035425	0.579597657161183056	0.103684907926268086	0.00485304968170974216	0.00548504909264101304	0.00115568840643746504	0.00137155665452160239	0.000863431086577619273	0.00141488341381431887	0.001673119381093407	0.772345861195740956	0.260369713195123374	0.0472179340659590494	0.128115443680834712	0.521841333712707315	0.840173168165725822	0.0852483206527345467	0.262903280451033333
C:	0.0829670071941423038	0.241814659175733816	0.439354847176572912	0.738454729963359301	0.0997313729027850643	0.113107448250535646	0.409242975380890004	0.00250462095632655245	0.00742145629568125065	0.966058800354168519	0.000978988363040507045	0.00298199353902062442	0.977254419295086694	0.00816006708593925431	0.0516174282640726033	0.125656284695937324	0.046513964972349309	0.105331312706275817	0.0170802357169680035	0.029989544882333745	0.128615630371532398	0.233007445631545433
G:	0.21040246741939719	0.408076265391769477	0.0236010094841432218	0.150899522871932059	0.275389058680210271	0.228128058624913	0.0315524854485491098	0.991557188994293337	0.982259962096087604	0.000464906817655693274	0.906947997835486457	0.989534158514386768	0.000831226947703866867	0.0564964005635531308	0.150610452612162779	0.418137993968882659	0.288182664618043799	0.723708724738282008	0.427036628465376097	0.0409637493334514936	0.312233096306894145	0.39412415313444827
T:	0.347290296415853894	0.312764645097799722	0.460374771864315499	0.0755000302865077388	0.564312888849301122	0.079166835963368298	0.4555196312442928	0.00108514036767036809	0.0048335325155901324	0.0323206044217383225	0.0907014571469514337	0.00662041686001498838	0.0204994703433951202	0.933670412969414208	0.0254262579280236613	0.195836008140056643	0.618085436343647843	0.0428445188746074635	0.0340418021049485847	0.0888735376184889389	0.47390295266883891	0.109965120782972964



2	A..AGCCGCC	0.497745480326125487


A:	0.297129266033718695	0.109965120782972964	0.47390295266883891	0.0888735376184889389	0.0340418021049485847	0.0428445188746074635	0.618085436343647843	0.195836008140056643	0.0254262579280236613	0.52626875128295163	0.0116153186463619822	0.00390285012517979102	0.0638707496389618293	0.0327338528842586942	0.00654998072009604737	0.00221166785064055842	0.4555196312442928	0.079166835963368298	0.564312888849301122	0.0755000302865077388	0.460374771864315499	0.312764645097799722	0.347290296415853894
C:	0.0899842242837664114	0.39412415313444827	0.312233096306894145	0.0409637493334514936	0.427036628465376097	0.723708724738282008	0.288182664618043799	0.418137993968882659	0.150610452612162779	0.445039197980355509	0.00152641652819130361	0.990785347422479632	0.933111306258389876	0.000453964614354373053	0.962194703132158002	0.990128307309237447	0.0315524854485491098	0.228128058624913	0.275389058680210271	0.150899522871932059	0.0236010094841432218	0.408076265391769477	0.21040246741939719
G:	0.463421134190930528	0.233007445631545433	0.128615630371532398	0.029989544882333745	0.0170802357169680035	0.105331312706275817	0.046513964972349309	0.125656284695937324	0.0516174282640726033	0.0242555601065704832	0.983807659899959036	0.00339336227572730067	0.00126165861473090244	0.964780792126841986	0.0240195192694450544	0.00345761302957134146	0.409242975380890004	0.113107448250535646	0.0997313729027850643	0.738454729963359301	0.439354847176572912	0.241814659175733816	0.0829670071941423038
T:	0.149465375491584366	0.262903280451033333	0.0852483206527345467	0.840173168165725823	0.521841333712707315	0.128115443680834712	0.0472179340659590494	0.260369713195123374	0.772345861195740956	0.00443649063012237774	0.00305060492548767837	0.0019184401766132762	0.001756285487917392	0.00203139037454494707	0.00723579687830089596	0.00420241181055065275	0.103684907926268086	0.579597657161183056	0.0605666795677035425	0.035145716878200901	0.0766693714749683679	0.0373444303346969851	0.359340228970606612



3	CCGCCGCC	0.497338870688418986


A:	0.282393502421076918	0.352217890741207275	0.0499572770898183328	0.0337696203748220718	0.594853194808695911	0.666817738235512284	0.260184379424856163	0.039676028680515416	0.349000098322021472	0.0171443020651456577	0.00510937063359893929	0.0670092841168437866	0.0334586000433428024	0.0656231547579541585	0.0118014253673258502	0.697363117042416012	0.0417347375453317199	0.190325657796039626	0.439258868141717499	0.111708073800189521	0.12473716596202258	0.153039970182303461
C:	0.310457756178861594	0.157201493966275255	0.472303477772095104	0.831677112351173095	0.0556931931374790511	0.213363722157342512	0.356655811152018996	0.372812116612319049	0.562078037716492494	0.000915167980836897908	0.973407091115255764	0.928364901618120565	0.00181887093508898587	0.815067721966308367	0.976158156893110976	0.0647523442725305266	0.330507939980927711	0.509863976420062689	0.174636539318039577	0.114921695194464289	0.536279106651167174	0.340004350949663626
G:	0.120223814227507866	0.219042899870151663	0.186757137451128724	0.116323921762649874	0.155266035870172736	0.0548907621196952463	0.0970685275054203144	0.552611075263709206	0.0812854006508399502	0.979340252334157179	0.0204581994142052358	0.00205658128398804625	0.961818913307860306	0.0570240489508085862	0.00681991131827182527	0.194890580693674097	0.0845428013285035724	0.145105969014103315	0.155124581931600162	0.615769106924784343	0.281221627642031458	0.342586275943925843
T:	0.286924927172553622	0.271537715422365807	0.290982107686957839	0.0182293455113549583	0.194187576183652302	0.0649277774874499579	0.286091281917704527	0.0349007794434563292	0.00763646331064608306	0.00260027761986026515	0.00102533883694006045	0.00256923298104760166	0.00290361571370790562	0.0622850743249288878	0.00522050642129134885	0.0429939579913793642	0.543214521145236997	0.15470439676979437	0.230980010608642762	0.157601124080561847	0.0577620997447787878	0.164369402924107069



4	AGCCGCC..A	0.497316864360514169


A:	0.47390295266883891	0.0888735376184889389	0.0340418021049485847	0.0428445188746074635	0.618085436343647843	0.195836008140056643	0.0254262579280236613	0.740758558092362289	0.008892083465782893	0.00784406405259914911	0.0728163351320996442	0.038724449143555154	0.00293166027297776048	0.00203594308469472399	0.4555196312442928	0.079166835963368298	0.564312888849301122	0.0755000302865077388	0.460374771864315499	0.312764645097799722	0.347290296415853894	0.131131729559604232	0.504805277298917224
C:	0.312233096306894145	0.0409637493334514936	0.427036628465376097	0.723708724738282008	0.288182664618043799	0.418137993968882659	0.150610452612162779	0.233083747348605103	0.000924958448193394846	0.989344589279483355	0.924632018423237761	0.00109896938862508276	0.964719097705976464	0.992581303774551735	0.0315524854485491098	0.228128058624913	0.275389058680210271	0.150899522871932059	0.0236010094841432218	0.408076265391769477	0.21040246741939719	0.198611318691709361	0.0729495593830629552
G:	0.128615630371532398	0.029989544882333745	0.0170802357169680035	0.105331312706275817	0.046513964972349309	0.125656284695937324	0.0516174282640726033	0.0225884902018293395	0.988653554558217254	0.00179144180484679869	0.00107760175481151277	0.958682360353197897	0.026301305921380828	0.0012137568166269766	0.409242975380890004	0.113107448250535646	0.0997313729027850643	0.738454729963359301	0.439354847176572912	0.241814659175733816	0.0829670071941423038	0.483671285480886942	0.237345288594287517
T:	0.0852483206527345467	0.840173168165725823	0.521841333712707315	0.128115443680834712	0.0472179340659590494	0.260369713195123374	0.772345861195740956	0.00356920435720326882	0.00152940352780645864	0.00101990486307069698	0.00147404468985108231	0.00149422111462186657	0.00604793609966494781	0.00416899632412656431	0.103684907926268086	0.579597657161183056	0.0605666795677035425	0.035145716878200901	0.0766693714749683679	0.0373444303346969851	0.359340228970606612	0.186585666267799465	0.184899874723732303



5	A.GGCGGCT	0.497028388505633034


A:	0.184899874723732303	0.186585666267799465	0.359340228970606612	0.0373444303346969851	0.0766693714749683679	0.035145716878200901	0.0605666795677035425	0.579597657161183056	0.103684907926268086	0.0029989868084002399	0.00895465297943449631	0.0017974979882976068	0.00180160650883620112	0.000846338161277813922	0.00143083161469108013	0.00482750338317878827	0.772345861195740956	0.260369713195123374	0.0472179340659590494	0.128115443680834712	0.521841333712707315	0.840173168165725822	0.0852483206527345467
C:	0.237345288594287517	0.483671285480886942	0.0829670071941423038	0.241814659175733816	0.439354847176572912	0.738454729963359301	0.0997313729027850643	0.113107448250535646	0.409242975380890004	0.00152748850622482448	0.0122274122667661777	0.972168017884428855	0.00106990237780374433	0.00429891505970187702	0.9777412636735427	0.0168535477878911459	0.0516174282640726033	0.125656284695937324	0.046513964972349309	0.105331312706275817	0.0170802357169680035	0.029989544882333745	0.128615630371532398
G:	0.0729495593830629552	0.198611318691709361	0.21040246741939719	0.408076265391769477	0.0236010094841432218	0.150899522871932059	0.275389058680210271	0.228128058624913	0.0315524854485491098	0.992456310545086265	0.974744661954206996	0.000430105170063725387	0.892065583462960175	0.990752042263516108	0.00140111552128355932	0.45329281662942983	0.150610452612162779	0.418137993968882659	0.288182664618043799	0.723708724738282008	0.427036628465376097	0.0409637493334514936	0.312233096306894145
T:	0.504805277298917224	0.131131729559604232	0.347290296415853894	0.312764645097799722	0.460374771864315499	0.0755000302865077388	0.564312888849301122	0.079166835963368298	0.4555196312442928	0.00301721414028867033	0.00407327279959233035	0.0256043789572098129	0.10506290765039988	0.00410270451550420095	0.0194267891904826601	0.525026132199500236	0.0254262579280236613	0.195836008140056643	0.618085436343647843	0.0428445188746074635	0.0340418021049485847	0.0888735376184889389	0.47390295266883891



