1	CGCCGCCA	0.498694103925753139


A:	0.257880942985637265	0.512180725900277468	0.510177601729454824	0.0316382340027311994	0.398963933042061911	0.21138222974115597	0.050295123423555832	0.094887009827828655	0.0122917379026832892	0.00203732466958994257	0.0184320460838009886	0.00842196363176165542	0.0204601660512118947	0.109577369187885486	0.726615500696341008	0.184223058515115645	0.174214340518609592	0.729676683640138126	0.259246301489400855	0.123738535935736474	0.302729595159687695	0.576101977262107742
C:	0.189800979561935322	0.0426006036048652061	0.109498885683937998	0.0221507607377201244	0.433373730204818602	0.219293582003445196	0.129016172892042119	0.881827068047648291	0.00064929613831974708	0.961166695148152668	0.978817265842703725	0.000930157631245403267	0.852813223463496144	0.883662704922510543	0.00360339891476314659	0.236894247347602545	0.268586713190930463	0.118778804642210543	0.206137504290293645	0.745153856999384316	0.211185405881558809	0.104494811523561226
G:	0.0980287837520370952	0.136613904535727262	0.222700600409224909	0.0679251202090877829	0.112657603772707305	0.261266320933012222	0.806777728963723628	0.0149686076612382471	0.98483458418809443	0.035151433762574319	0.00163894474528506107	0.987242352778499076	0.00660976290893504019	0.00159073327700179691	0.243364819819193503	0.184782048652659829	0.0826229565490533638	0.0184334300012192417	0.525265934369800037	0.0849535969223270824	0.312230118248391563	0.132527072175017342
T:	0.454289293700390318	0.308604765959130063	0.157622912177382269	0.878285885050460893	0.0550047329804121817	0.308057867322386612	0.0139109747206784208	0.00831731446328480687	0.00222438177090253416	0.00164454641968307065	0.00111174332821022518	0.00340552595849386502	0.120116847576356921	0.00516919261260217433	0.0264162805697023423	0.394100645484621981	0.474575989741406582	0.133111081716432088	0.00935025985050546378	0.0461540101425521279	0.173854880710361934	0.18687613903931369



2	GCGCCGCC	0.498045711733174509


A:	0.309278720690261083	0.257880942985637265	0.512180725900277468	0.510177601729454824	0.0316382340027311994	0.398963933042061911	0.21138222974115597	0.050295123423555832	0.0101973328583198833	0.00682588495165868695	0.00134009533347999949	0.0108476491274434122	0.00774932281976828066	0.00695835047366220836	0.0151496199407951593	0.726615500696341008	0.184223058515115645	0.174214340518609592	0.729676683640138126	0.259246301489400855	0.123738535935736474	0.302729595159687695
C:	0.158790662120731425	0.189800979561935322	0.0426006036048652061	0.109498885683937998	0.0221507607377201244	0.433373730204818602	0.219293582003445196	0.129016172892042119	0.978888677449600089	0.000981026448818788599	0.941316657849327644	0.985372941377381053	0.000506663182850450259	0.947489163198089382	0.974956305545746732	0.00360339891476314659	0.236894247347602545	0.268586713190930463	0.118778804642210543	0.206137504290293645	0.745153856999384316	0.211185405881558809
G:	0.221477424270285396	0.0980287837520370952	0.136613904535727262	0.222700600409224909	0.0679251202090877829	0.112657603772707305	0.261266320933012222	0.806777728963723628	0.00162255977986624299	0.989275104236295107	0.055347696434999655	0.00271394243863433932	0.988291565286189117	0.006484808829302353	0.00691576955332403884	0.243364819819193503	0.184782048652659829	0.0826229565490533638	0.0184334300012192417	0.525265934369800037	0.0849535969223270824	0.312230118248391563
T:	0.310453192918722097	0.454289293700390318	0.308604765959130063	0.157622912177382269	0.878285885050460893	0.0550047329804121817	0.308057867322386612	0.0139109747206784208	0.00929142991221378462	0.00291798436322741784	0.00199555038219270195	0.00106546705654119556	0.00345244871119215175	0.0390676774989460564	0.00297830496013407006	0.0264162805697023423	0.394100645484621981	0.474575989741406582	0.133111081716432088	0.00935025985050546378	0.0461540101425521279	0.173854880710361934



3	GCGCCG.CA	0.497853491488411336


A:	0.518153732401072016	0.162727962058226208	0.0852134369634745431	0.230298721254843972	0.113512146226867399	0.178108883202854363	0.327890237580145296	0.0626790592493843006	0.0262016963032474468	0.00593026166688878207	0.00282663924826902202	0.0128994210082181825	0.00624634032506434363	0.0204601660512118947	0.039365754173170759	0.873537189553273675	0.278131605192248498	0.194453410790218678	0.759322285834231388	0.149895067072458371	0.160708313554761707	0.441350780238800219	0.344895971782490829
C:	0.0830426782382986853	0.121636787904314914	0.144320906919677001	0.545553041163873169	0.223403490434400371	0.330870791684991456	0.0992495683521031432	0.386800523195812034	0.952479691040932509	0.00203343412034506534	0.938259599562387013	0.981778498002783334	0.00434583826214631484	0.852813223463496144	0.93720464115638372	0.0117156717366805288	0.160242111153353985	0.246316160232782503	0.109380548216380783	0.805164147267703991	0.462150222963664624	0.0221191867809506618	0.102458772551429012
G:	0.14496468409428975	0.0432244608394601646	0.219858496380300256	0.157086072089496602	0.223403490434400371	0.250046628829684827	0.231420160229435167	0.5411533934855704	0.00335910937791137933	0.990216381172260332	0.057086516532164635	0.00215530314043083658	0.985240620950514629	0.00660976290893504019	0.00634570080955411196	0.0813804853811600893	0.0685267942911626097	0.110574319404482462	0.0811698743296812128	0.010968313874709078	0.112133706429007124	0.0700924861904012766	0.363286474177033419
T:	0.253838905266339548	0.672410789197998713	0.5506071597365482	0.0670621654917862576	0.43968087290433186	0.240973696282469353	0.341440033838316394	0.00936702406923326572	0.0179595032779086648	0.00181992304050582085	0.00182724465717932965	0.00316677784856764695	0.00416720046227471286	0.120116847576356921	0.017083903860891409	0.0333666533288857065	0.493099489363234907	0.448656109572516357	0.050127291619706617	0.0339724717851285604	0.265007757052566546	0.466437546789847842	0.189358781489046739



4	CGCCGCCG	0.49737877208655946


A:	0.257880942985637265	0.512180725900277468	0.510177601729454824	0.0316382340027311994	0.398963933042061911	0.21138222974115597	0.050295123423555832	0.102069031145520999	0.0107588602820016266	0.00539926024660086537	0.0124487151201326808	0.0121289177347730191	0.00251653969249439341	0.00703837393451655029	0.726615500696341008	0.184223058515115645	0.174214340518609592	0.729676683640138126	0.259246301489400855	0.123738535935736474	0.302729595159687695	0.576101977262107742
C:	0.189800979561935322	0.0426006036048652061	0.109498885683937998	0.0221507607377201244	0.433373730204818602	0.219293582003445196	0.129016172892042119	0.85888271925311329	0.00343316399600457978	0.855099409958151734	0.977984182895545257	0.000585181243226284494	0.868423865378659687	0.985282505652643154	0.00360339891476314659	0.236894247347602545	0.268586713190930463	0.118778804642210543	0.206137504290293645	0.745153856999384316	0.211185405881558809	0.104494811523561226
G:	0.0980287837520370952	0.136613904535727262	0.222700600409224909	0.0679251202090877829	0.112657603772707305	0.261266320933012222	0.806777728963723628	0.00330617327666723289	0.970840439022173357	0.13660269299807076	0.00760348833288448745	0.984493809243881347	0.105662700516526511	0.00309932721711902522	0.243364819819193503	0.184782048652659829	0.0826229565490533638	0.0184334300012192417	0.525265934369800037	0.0849535969223270824	0.312230118248391563	0.132527072175017342
T:	0.454289293700390318	0.308604765959130063	0.157622912177382269	0.878285885050460893	0.0550047329804121817	0.308057867322386612	0.0139109747206784208	0.0357420763246984785	0.0149675366998204363	0.00289863679717664111	0.00196361365143757515	0.0027920917781193496	0.0233968944123194084	0.00457979319572127032	0.0264162805697023423	0.394100645484621981	0.474575989741406582	0.133111081716432088	0.00935025985050546378	0.0461540101425521279	0.173854880710361934	0.18687613903931369



5	C.GCCGCCA	0.496941535560077423


A:	0.418537898850535219	0.324409770276979163	0.0751850886143787264	0.345618839089572811	0.0120077882456749072	0.11664732865490301	0.271875491968116416	0.0380396561686076149	0.094887009827828655	0.00884664795198415925	0.00131535150353920089	0.0251364632195670463	0.0108388575392871475	0.0176537939019356257	0.0795510776939817599	0.821170909719443896	0.565870929963535506	0.500775233493082638	0.776065193843972181	0.0611822351933070479	0.275823454903558895	0.293074276064586802	0.302105362423209613
C:	0.173843850894805388	0.1276925384291732	0.17589633195926301	0.231825573544253238	0.0113925042110689094	0.132096903720134129	0.223082986880682625	0.705449206767045211	0.881827068047648291	0.00198399935917823586	0.986374475740786023	0.971664868148607444	0.000473814675647474015	0.920329441268843186	0.91314953191266602	0.00426388851956053967	0.0836380579596556963	0.0694823878128930454	0.0945112202344237431	0.687982406453586427	0.119073684616268704	0.20971993070906081	0.101379214157860922
G:	0.349089761445730842	0.0508353151748318572	0.0789025615249748858	0.0598744374837282403	0.0742683191378527948	0.192913309867749571	0.196583059613850365	0.191451820099137142	0.0149686076612382471	0.987322780144685147	0.00840706764841827326	0.00238062921117614086	0.984729257442716677	0.00963182213086427209	0.00147528264734936426	0.144530704340550357	0.113037471499449167	0.0361460803338224352	0.0603298796193400147	0.101952830782797252	0.266182793541373027	0.370123965518505937	0.406114318451787422
T:	0.0585284888089285508	0.497062376119015779	0.670016017901383377	0.362681149882445711	0.902331388405403389	0.55834245775721329	0.308458461537350595	0.0650593169652100327	0.00831731446328480687	0.00184657254415245834	0.00390310510725650326	0.000818039420649369131	0.00395807034234870189	0.0523849426983569167	0.00582410774600285589	0.0300344974204452077	0.237453540577359631	0.393596298360201881	0.0690937063022640616	0.148882527570309273	0.338920066938799375	0.12708182770784645	0.190401104967142042



