1	GCGCCGCC	0.497323545391682308


A:	0.131591431997408186	0.168699118021124292	0.173787446825173198	0.159933068940875208	0.294383108431773629	0.12308457763361638	0.126076781405641771	0.0509878704486334369	0.0251206985871776482	0.00418387589306163518	0.00144377958867677949	0.0316915000934322097	0.00434920672053614346	0.0412632677514924091	0.0753576279619341652	0.631942236744237418	0.151337784968834557	0.101487385589460815	0.263699697014315657	0.222550453211373534	0.0836175409368781144	0.344560373696412854
C:	0.475626741545656671	0.401878271798798303	0.295562297301325483	0.431567862574162889	0.297492692160213454	0.479387706481147792	0.182616228223990986	0.307752973536786475	0.956726330123820006	0.00464550935477239415	0.914501452073890518	0.965575714382435385	0.00215338388145581113	0.923134725535233864	0.911418483257229106	0.0368545761908074299	0.160292445996233911	0.522935210164380849	0.286745227164267193	0.302854042816780395	0.195534824955313216	0.316343419545482554
G:	0.0770975718564277366	0.0295593304489329436	0.27227489233175795	0.0365773190439410237	0.245722513722762525	0.25947116719958119	0.583458029672961598	0.630376957011997173	0.00495038193571640414	0.988803566464719273	0.0820598138303895313	0.00174355016732978826	0.988031132796470762	0.0147860487947472528	0.00815757214278766486	0.278705852367490117	0.147442516112152884	0.124696676943164675	0.119148975663014508	0.18285959404453807	0.252799908226801487	0.179798762087432425
T:	0.315684254600507407	0.399863279731144462	0.258375363541743369	0.37192174944102088	0.162401685685250392	0.138056548685654639	0.107848960697405645	0.0108821990025829151	0.0132025893532859417	0.00236704828744669727	0.00199495450704317148	0.000989235356802616926	0.00546627660153728323	0.0208159579185264739	0.00506631663804906403	0.0524973346974650357	0.540927252922778648	0.250880727302993661	0.330406100158402642	0.291735909927308002	0.468047725881007182	0.159297444670672166



2	CGCCGCC..C	0.497209600948241802


A:	0.168699118021124292	0.173787446825173198	0.159933068940875208	0.294383108431773629	0.12308457763361638	0.126076781405641771	0.0509878704486334369	0.105604981422672545	0.0084136068633094109	0.0060646512472763509	0.00999643928574758574	0.00524451002835983797	0.0412612568102616912	0.0788682908343061215	0.631942236744237418	0.151337784968834557	0.101487385589460815	0.263699697014315657	0.222550453211373534	0.0836175409368781144	0.344560373696412854	0.0922612254244701173	0.35827773852003935
C:	0.401878271798798303	0.295562297301325483	0.431567862574162889	0.297492692160213454	0.479387706481147792	0.182616228223990986	0.307752973536786475	0.834310376859271064	0.00459742363634704623	0.85348081146018477	0.983719525286659705	0.00379379846874322351	0.91836896694182046	0.91112765758416249	0.0368545761908074299	0.160292445996233911	0.522935210164380849	0.286745227164267193	0.302854042816780395	0.195534824955313216	0.316343419545482554	0.174075075172565285	0.163378228688185377
G:	0.0295593304489329436	0.27227489233175795	0.0365773190439410237	0.245722513722762525	0.25947116719958119	0.583458029672961598	0.630376957011997173	0.0417868949372331891	0.982762286433328698	0.135061898290974339	0.00419091665569384387	0.988327482413802561	0.0194583347628025319	0.00404257894980019358	0.278705852367490117	0.147442516112152884	0.124696676943164675	0.119148975663014508	0.18285959404453807	0.252799908226801487	0.179798762087432425	0.573196344340222728	0.140958613450006045
T:	0.399863279731144462	0.258375363541743369	0.37192174944102088	0.162401685685250392	0.138056548685654639	0.107848960697405645	0.0108821990025829151	0.0182977467808232015	0.00422668306701484532	0.00539263900156454047	0.00209311877189886509	0.00263420908909437796	0.0209114414851153166	0.00596147263173119462	0.0524973346974650357	0.540927252922778648	0.250880727302993661	0.330406100158402642	0.291735909927308002	0.468047725881007182	0.159297444670672166	0.16046735506274187	0.337385419341769228



3	CG..GGCGGC	0.497185046175119759


A:	0.504432110367080864	0.240315703998709892	0.103333084477428126	0.633000323931499936	0.277406101992381051	0.169789529510412635	0.0670499320579005001	0.0616468563510216203	0.205427251294274834	0.0156189912794403006	0.011179628937102545	0.021889135868749718	0.00470900106533277519	0.00373056212001405184	0.00670210160504730434	0.0079773563050866665	0.0182977467808232015	0.0455634303119498654	0.165655276704129338	0.146264683061587354	0.470137533147183715	0.603710978068834855	0.0624203861947920569
C:	0.135484390802967762	0.190050688098945663	0.533342499164671931	0.113259133653193876	0.153254515329196439	0.495872117038119066	0.713070484925617827	0.0301140821309341088	0.13169437612238848	0.521224928409187821	0.00788178769708281171	0.0368867193237954825	0.977944739386447215	0.0278766471576158076	0.0428505790723696996	0.964591213524817643	0.0417868949372331891	0.0308087736698751546	0.41576852132602229	0.365807743156774697	0.148525269399826288	0.0759829713342778707	0.512040891840094548
G:	0.251185416733726462	0.251992623907052635	0.178438919969189281	0.140258883714727959	0.406076131244496991	0.0533535906210635494	0.0872558991900843113	0.840526100659010542	0.53854922709627795	0.0221436254589626973	0.967302611825031612	0.918343796906294695	0.0115917615890120683	0.956708399246306976	0.9422839067962901	0.0144966119707603529	0.834310376859271064	0.8910189495182321	0.218003580265926373	0.284206842474013503	0.181842869669062968	0.207232141471475087	0.211412037472746966
T:	0.108898082096224911	0.31764098399529181	0.184885496388710662	0.113481658700578229	0.163263251433925519	0.28098476283040475	0.132623683826397362	0.0677129608590337292	0.124329145487058737	0.441012454852409181	0.0136359715407830313	0.022880347901160104	0.00575449795920794181	0.0116843914760631649	0.00816341252629289581	0.0129348181993353379	0.105604981422672545	0.0326088464999428797	0.200572621703921999	0.203720731307624446	0.199494327783927029	0.113073909125412188	0.21412668449236643



4	CG.CGCCG.C	0.496974186750954827


A:	0.0614227136563894694	0.148850523096421524	0.24974179326325111	0.12110218139015606	0.134610997880603276	0.380836984032918427	0.132859257848565529	0.0729160103849688499	0.0134523050199994466	0.0154233250234842739	0.00803835742221539948	0.00688704957002985014	0.0150697168751454917	0.0503155363655138656	0.0498365210047661386	0.0779799440829699781	0.542244711361977922	0.210499403629473739	0.310062807147702073	0.270707061176439608	0.239107784123836323	0.196264215860708758	0.064883629074618107
C:	0.219721285805263612	0.667691068773936479	0.46643136893724678	0.240093618063176723	0.298230993869715939	0.287878170869882055	0.672525074127033419	0.0419350458688697314	0.439249151625102115	0.959955125509593522	0.00491124765626453755	0.602983901239788614	0.971684741205340818	0.0339258263193507244	0.842587540989980356	0.841402236628721346	0.164069080942015124	0.249151661184146578	0.0688011534470728621	0.0705379270150455958	0.143868974623668148	0.433269933116909094	0.638418295951111752
G:	0.450587772974162344	0.0541803712188059492	0.0829533706658824312	0.484105986676191208	0.35468832508289972	0.268784568286355857	0.132615048410307858	0.823905440273527327	0.524998092272383145	0.015767769240290413	0.978671165523327626	0.387489789116467402	0.00629868771824573495	0.888529402322278896	0.0618340933269995334	0.0353590155949513925	0.271723918533918967	0.332705419207501481	0.356477451815236263	0.0529399793707956073	0.388519447408827457	0.0429308934745857825	0.193827857150235061
T:	0.268268227564184574	0.129278036910836049	0.200873467133619679	0.154698213870476008	0.212469683166781064	0.0625002768108436598	0.0620006196140931931	0.0612435034726340921	0.0223004510825152937	0.0088537802266317907	0.00837922939819243707	0.00263926007371413454	0.00694685420126795506	0.0272292349928565143	0.0457418446782539723	0.0452588036933572833	0.0219622891620879867	0.207643515978878201	0.264658587589988802	0.605815032437719189	0.228503793843668072	0.327534957547796365	0.10287021782403508



5	G.CGGCGGC	0.496529527008116429


A:	0.1884323083254231	0.231030904768801882	0.371648597597691719	0.371485748198676084	0.169789141418678611	0.322290652400659948	0.253399428913021833	0.121332021724529589	0.176964891506055178	0.0156189912794403006	0.00525775016807794139	0.0069076105685998153	0.00575361197652863592	0.00877969494421959993	0.0223004510825152937	0.0843190950055952091	0.0284397249712200158	0.0597178280667074721	0.246363808535456071	0.120917243399562192	0.215077151969830067	0.496952703289216631	0.16287753350163118
C:	0.178471047523377916	0.0586066586302644944	0.475584917757091578	0.0197326741504526854	0.225752734786378767	0.242019272132383638	0.175784906048094084	0.0418538921488241539	0.106708555024658785	0.521224928409187821	0.00458040745243810182	0.174150819080105597	0.986815552980409612	0.0818181628616244443	0.524998092272383145	0.715490027199062445	0.0396745695102012709	0.247919407786761479	0.221633677996703192	0.285183199164247304	0.197125902054780041	0.0778252012117171502	0.33377470264072423
G:	0.415373657294592858	0.379972767014893534	0.0473528974532480563	0.505860882557665462	0.520544509934456229	0.137965823997831516	0.176509707287576196	0.560397341842169598	0.519217831668103202	0.0221436254589626973	0.969466412231626499	0.812877645430838656	0.0031732477742254305	0.860171209366634369	0.439249151625102115	0.113490156446217915	0.567148794772035474	0.593483655289883205	0.337114649993927218	0.38637999166244472	0.408848930287162249	0.3091708879034785	0.339182591907412125
T:	0.217722986856606127	0.33038966958604009	0.105413587191968646	0.102920695093205769	0.0839136138604863931	0.297724251469124898	0.394305957751307887	0.276416744284476659	0.197108721801182835	0.441012454852409181	0.0206954301478574579	0.00606392492045593154	0.0042575872688363212	0.0492309328275215872	0.0134523050199994466	0.0867007213491244303	0.364736910746543239	0.0988791088566478439	0.194887863473913519	0.207519565773745785	0.178948015688227643	0.116051207595587719	0.164165171950232464



