1	GCCG.CGGC	0.485255998815048879


A:	0.142117181943152021	0.045025392048201537	0.200152262308944208	0.0918131061089342453	0.0338087967276479783	0.0828681197723076938	0.298585171019474706	0.13182606719136995	0.0468815725187587166	0.0712935016194532236	0.0296383619519675574	0.0839395101997491459	0.0209069989513238898	0.0778526942408612111	0.0915142522521855035	0.0967445025424163293	0.140696499279795277	0.318388895116609843	0.343055277139550762	0.40285987876272551	0.139505361788159172	0.211965953630453147	0.116309479984878077
C:	0.0877094172144949533	0.3372786760586407	0.499699474549046889	0.16679076070386042	0.103106188286537355	0.408457354738185959	0.319376327115545924	0.0403588512112025867	0.733509694174949853	0.787048442465781511	0.0225478012201870942	0.630642774415116401	0.926906837876521459	0.0638053616739040539	0.128094481054105927	0.731070579055011135	0.545288478192690304	0.08309621234602755	0.349877127996994993	0.141527140492099378	0.27108601773203222	0.282314566905375987	0.634592462557483926
G:	0.44219834087171181	0.569207680668554237	0.166395626072512063	0.289357485348456473	0.815766932142845436	0.448947778950137019	0.175705138488717323	0.731070579055011135	0.128094481054105927	0.0638053616739040539	0.926906837876521459	0.060974087669209407	0.0225478012201870942	0.787048442465781511	0.733509694174949853	0.0403588512112025867	0.283830443504387077	0.492552439258325147	0.113840424179054272	0.226544758089454432	0.475917869671921048	0.0445484500548210186	0.0378563596391620911
T:	0.327975059970641216	0.0484882512246035262	0.133752637069496839	0.452038647838748862	0.0473180828429692305	0.0597267465393693279	0.206333363376262047	0.0967445025424163293	0.0915142522521855035	0.0778526942408612111	0.0209069989513238898	0.224443627715925047	0.0296383619519675574	0.0712935016194532236	0.0468815725187587166	0.13182606719136995	0.0301845790231273424	0.10596245327903746	0.193227170684399973	0.22906822265572068	0.113490750807887561	0.461171029409349848	0.211241697818475906



2	G.CGGCCGC	0.480406623530573941


A:	0.183734773010949756	0.170469530592619129	0.150847640306306843	0.41920906976659726	0.176203771664312451	0.203565164541622295	0.162526056264777274	0.0707097083100278468	0.153100521134288436	0.0206390340531115694	0.0156470170219308195	0.0104518454612859972	0.0125604008662685844	0.0829515291925634985	0.0495027957734058733	0.195149470909468317	0.418722075591975937	0.275630054530432356	0.356143705266657689	0.354176338219341579	0.0511560456933033049	0.100332822582489082	0.347267451584831837
C:	0.431190398101291781	0.200785611654506709	0.239731942822471757	0.336248219646371794	0.203757027696366547	0.142834603988020224	0.608023263535376026	0.120909214042033022	0.341271748783295045	0.94426532128666952	0.0135904437803944219	0.0235536145182650719	0.92270098070006571	0.80797116749109944	0.0170761571917871247	0.562845611126856502	0.356934753464837768	0.426912153310556154	0.182203602665432528	0.117213985209583656	0.440842205965370941	0.445072364184081365	0.304890202065452519
G:	0.152041610634477476	0.281241899399752075	0.433493338296356978	0.0978098355252179804	0.401223985720891071	0.247653244957094296	0.0367954599485721895	0.676242152493580845	0.384650791175674859	0.0169585834526764406	0.928678341217617596	0.955416594813986982	0.053282036996551241	0.0334226663184297552	0.915125809156417442	0.0533850313962784414	0.075509072487641537	0.0970428246596993163	0.266000430384898218	0.366065670857391567	0.325967641238402991	0.388303557372309381	0.234242106090530545
T:	0.233033218253280988	0.347502958353122088	0.175927078574864422	0.146732875061812966	0.218815214918429931	0.405946986513263185	0.192655220251274511	0.132138925154358286	0.12097693890674166	0.0181370612075424705	0.0420841979800571623	0.0105779452064619493	0.0114565814371144644	0.0756546369979073067	0.01829523787838956	0.18861988656739674	0.148834098455544758	0.200414967499312174	0.195652261683011564	0.162544005713683199	0.182034107102922764	0.0662912558611201718	0.113600240259185098



3	CG.CGGCCG	0.479213458660816759


A:	0.240855634858085585	0.183734773010949756	0.170469530592619129	0.150847640306306843	0.41920906976659726	0.176203771664312451	0.203565164541622295	0.162526056264777274	0.0285868947175457412	0.153100521134288436	0.0103531185513591434	0.019560651541868148	0.0114099901798453627	0.0209558790028480006	0.0645859661977308258	0.117229452695761664	0.195149470909468317	0.418722075591975937	0.275630054530432356	0.356143705266657689	0.354176338219341579	0.0511560456933033049	0.100332822582489082
C:	0.294059799387189499	0.431190398101291781	0.200785611654506709	0.239731942822471757	0.336248219646371794	0.203757027696366547	0.142834603988020224	0.608023263535376026	0.0353377969798588026	0.341271748783295045	0.964862263410670938	0.0375031085906331114	0.065495858945088106	0.958224127159122456	0.833606090004612863	0.0390122507694713755	0.562845611126856502	0.356934753464837768	0.426912153310556154	0.182203602665432528	0.117213985209583656	0.440842205965370941	0.445072364184081365
G:	0.218430734921300588	0.152041610634477476	0.281241899399752075	0.433493338296356978	0.0978098355252179804	0.401223985720891071	0.247653244957094296	0.0367954599485721895	0.91252075356217436	0.384650791175674859	0.0139602865453385091	0.927644545626249768	0.915706442213947667	0.0103468774720729759	0.0296858513535102863	0.827606828763485656	0.0533850313962784414	0.075509072487641537	0.0970428246596993163	0.266000430384898218	0.366065670857391567	0.325967641238402991	0.388303557372309381
T:	0.246653830833424329	0.233033218253280988	0.347502958353122088	0.175927078574864422	0.146732875061812966	0.218815214918429931	0.405946986513263185	0.192655220251274511	0.0235545547404210961	0.12097693890674166	0.0108243314926314092	0.0152916942412489723	0.00738770866111886408	0.0104731163659565677	0.0721220924441460252	0.0161514677712813044	0.18861988656739674	0.148834098455544758	0.200414967499312174	0.195652261683011564	0.162544005713683199	0.182034107102922764	0.0662912558611201718



4	CGGC.GCCG	0.478084575886244692


A:	0.139087600414051304	0.228171523864731292	0.0652650793968881704	0.111744192018505729	0.0805820700516999091	0.319694247948539951	0.149457229977937045	0.0608854655292436324	0.165280776875048943	0.0500590789835179099	0.027503210326226985	0.197894533061662691	0.0554716252087767266	0.0500202658396824503	0.0657994624286096337	0.197447268928070534	0.0890250699138554583	0.0628339437776763956	0.203418633850245962	0.146589806852031198	0.0617642665299058356	0.286702847926884006	0.31935769038305784
C:	0.486841335788813961	0.582726217266295024	0.138569708059378981	0.40455234085012524	0.258674352973600963	0.251317162700157553	0.189121878540218829	0.677636509321516943	0.0912028840995211183	0.106526890082927263	0.898971270391012654	0.331569376536873284	0.0180538940739836349	0.793393765093872377	0.677716876596820305	0.0640307562211688907	0.394550645872560403	0.235793606120874184	0.26105479290076049	0.392405355793167708	0.264303264678514382	0.125113392940301438	0.115644803737767566
G:	0.201290617268118759	0.115383909443434972	0.684805920261224317	0.355333939054542789	0.402186560870028023	0.131071935505112599	0.587829905594707723	0.0640307562211688907	0.677716876596820305	0.793393765093872377	0.0180538940739836349	0.355440030795868462	0.898971270391012654	0.106526890082927263	0.0912028840995211183	0.677636509321516943	0.454033110972284126	0.58429456962264641	0.0994011985560916426	0.193416812459756511	0.598247469853528768	0.411978857947068246	0.436829545719622362
T:	0.172780446529015976	0.0737183494255387117	0.111359292282508532	0.128369528076826243	0.258557016104671105	0.297916653846189897	0.0735909858871364027	0.197447268928070534	0.0657994624286096337	0.0500202658396824503	0.0554716252087767266	0.115096059605595563	0.027503210326226985	0.0500590789835179099	0.165280776875048943	0.0608854655292436324	0.0623911732413000129	0.11707788047880301	0.436125374692901905	0.267588024895044583	0.0756849989380510143	0.17620490118574631	0.128167960159552232



5	CGCCGGC..A	0.477927738812604959


A:	0.228852584931826191	0.0706466840272809584	0.199459134396750421	0.0982607045963984151	0.386295456208060652	0.242133307298115125	0.406599202575887775	0.074573871656584282	0.0332759539205970759	0.0182340474336524271	0.00371725696549425694	0.023576489508210719	0.00650922634226097228	0.0146365909131239719	0.227321514959988244	0.0762987495181889909	0.520760389571050636	0.572053832945065725	0.0594716509043050492	0.117552054259396468	0.251037840629559219	0.221237227022947324	0.388016848957767563
C:	0.138271211097380519	0.248083961162048008	0.309719302652094443	0.34580269558802749	0.203378547791659024	0.255613593519020038	0.0917266478420561878	0.61138253013213709	0.00380564677976282767	0.878417407985995104	0.854260784816274434	0.0172016086723470177	0.0411200279614083232	0.961576699847250014	0.187651779020524966	0.243664641255796614	0.267988189514143707	0.0715918146096497942	0.535485658612272256	0.569514851953388625	0.449566031504354022	0.366433339997124893	0.236467292982160764
G:	0.13397718476758999	0.375072198828543342	0.242863059203729586	0.325703052812174379	0.246148224915535832	0.208114957108542822	0.356971453042546985	0.13462907867206663	0.959687193967894385	0.0723391045051755298	0.0194238934859614332	0.938625091260297039	0.940496972532881107	0.0082552189131363521	0.533457046429924146	0.534879467524577887	0.0718930789194219612	0.0715634204500795929	0.264789504904128924	0.0705325283619959575	0.0325286787654924305	0.167694156430554157	0.0638060157266615391
T:	0.4988990192032033	0.306197155982127692	0.24795850374742555	0.230233547003399716	0.164177771084744493	0.294138142074322015	0.144702696539509052	0.179414519539211998	0.0032312053317457111	0.0310094400751769386	0.122598064732269876	0.0205968105591452243	0.0118737731634495976	0.0155314903264896624	0.0515696595895626444	0.145157141701436508	0.139358341995383696	0.284790931995204888	0.140253185579293771	0.242400565425218949	0.266867449100594329	0.244635276549373626	0.311709842333410134



