1	GGCCGGCC	0.496513924550661663


A:	0.136565323326402048	0.235299231206755855	0.0738885613616347195	0.148316567371720457	0.107906353180360047	0.246305635110529869	0.157198437039444034	0.0220745873460548171	0.0458535118683522168	0.0101055391395466403	0.00309968142361938494	0.00471709500927804901	0.0732455292469913702	0.00577251114893848391	0.0854339403815078653	0.610050920481784163	0.37147497749310362	0.552087361087195528	0.25711794082931389	0.318099242424320622	0.126558588254837906	0.101349928637496891
C:	0.356024117102352374	0.536714355606811837	0.22296380206166581	0.489953859278494003	0.138804562134098387	0.171992594887766529	0.208516896564473969	0.164031982786344941	0.00358327606824104561	0.908372178876988742	0.987834962149864433	0.00434826141723813357	0.00827675273647324794	0.944790700914468254	0.728459489486092376	0.00528013811412060938	0.223839148179911857	0.180209005941095377	0.313268116329652674	0.422554560146317681	0.283006778394779005	0.257077767525581311
G:	0.235939857298234087	0.139698770330280733	0.404744289319329987	0.245855495601607242	0.432566730827183246	0.248481537893041347	0.241847932774814891	0.728459489486092376	0.944790700914468254	0.00827675273647324794	0.00434826141723813357	0.987834962149864433	0.908372178876988742	0.00358327606824104561	0.164031982786344941	0.330825006424173811	0.184690511188125848	0.147169270984244691	0.256282512607449408	0.18223501533278899	0.359018753814700181	0.272797937465951299
T:	0.271470702273011492	0.0882876428561515747	0.298403347257369483	0.115874077748178299	0.32072235385835832	0.333220232108662255	0.392436733621267106	0.0854339403815078653	0.00577251114893848391	0.0732455292469913702	0.00471709500927804901	0.00309968142361938494	0.0101055391395466403	0.0458535118683522168	0.0220745873460548171	0.0538439349799214166	0.219995363138858675	0.120534361987464404	0.173331430233584028	0.0771111820965727068	0.231415879535682908	0.3687743663709705



2	G.ACCG.CCA	0.49319076077114305


A:	0.417937991188983067	0.286097460395360403	0.230073192952033104	0.190536471674174122	0.130671011121925647	0.140573023910411007	0.0448136466187860028	0.100451207385281243	0.771842644286869984	0.00342993182823472205	0.00865588807392315549	0.00242359541543735285	0.39423688872537716	0.00321887220525689343	0.00623757828193114074	0.842393699727051264	0.360901628317763081	0.148134623681762086	0.145853393655602454	0.303751010368064463	0.386248127268994526	0.344457850201099344	0.342444874739452671
C:	0.0887561495881494825	0.45911851900820421	0.232521823852292412	0.501376943222600027	0.368959743809587639	0.149299298395418141	0.352624874868734212	0.360883920654137262	0.00454515058336531745	0.991032757273409338	0.986595025132528784	0.00312615355314135919	0.0259457745889603186	0.988092622787079177	0.978072447498899593	0.0135730857210487263	0.25885642241325203	0.591387444309544557	0.584754884530034356	0.169492550088468423	0.225778790593108727	0.207883403711355082	0.190109389084416757
G:	0.143532531625848898	0.188164384170460014	0.0634537745222128992	0.192931470097358833	0.294822315865517724	0.580672687351640964	0.52223849587652988	0.257397011497434735	0.203667137637694659	0.00353358477456367799	0.00165428663910958985	0.988284441905373171	0.202631533059163874	0.0023607556309969512	0.00355542995325566031	0.118372326174080727	0.148300411480850644	0.086384332084299334	0.104736079634693207	0.288315922023733225	0.302548702436216359	0.155528058441052318	0.39541974866584798
T:	0.349773327597018553	0.0666196364259753726	0.473951208673461585	0.115155115005867018	0.20554692920296899	0.129454990342529888	0.0803229826359499059	0.28126786046314676	0.0199450674920700396	0.00200372612379226188	0.00309480015443847109	0.00616580912604811739	0.377185803626498648	0.00632774937666697832	0.012134544265913606	0.0256608883778192832	0.231941537788134245	0.174093599924394022	0.164655642179669984	0.238440517519733889	0.0854243797016803884	0.292130687646493256	0.0720259875102825924



3	G.CGGCCG.C	0.49293931763195576


A:	0.199412382578984286	0.0680490177764044897	0.175707146851957217	0.0523907296203404138	0.110631085757205773	0.108993869132846811	0.172662161270815718	0.120918805218269262	0.0491069098140188139	0.0418554451206539425	0.0817309745606671527	0.0439460168217817804	0.143771041645553277	0.202817983866054803	0.0833134256107745016	0.236697889225407642	0.110033624516837824	0.546775722885882162	0.222473387577293821	0.297644125542249841	0.0528265954637723149	0.31086477668272715	0.115808890782692864
C:	0.226816152081966686	0.650772438491807899	0.507260488280888573	0.326272320379432247	0.354869973594335151	0.654024925517797387	0.068511500779124565	0.415510489788942009	0.731080964730170022	0.271960245091712092	0.0205712179826987476	0.853751790634852319	0.542413268142080688	0.0169941415897563607	0.0309875567577947611	0.522128448724652074	0.48103378209647319	0.212492110582807665	0.477565592713139855	0.0678172620877637885	0.537429792830080243	0.250221154961510338	0.364877878795708361
G:	0.261785170194816337	0.134087800025513438	0.142162640853745115	0.510723576815315168	0.230091001966964524	0.132575032185669763	0.522128448724652074	0.177843254858425041	0.0169941415897563607	0.542413268142080688	0.853751790634852319	0.0205712179826987476	0.271960245091712092	0.731080964730170022	0.87504428327357091	0.068511500779124565	0.344690277252488169	0.0944828604291263034	0.118958878892284931	0.43505212765677544	0.36170213206724878	0.386765681127700575	0.476724127246018492
T:	0.31198629514423269	0.147090743706274174	0.174869724013409095	0.110613373184912171	0.304407938681494551	0.104406173163686039	0.236697889225407642	0.285727450134363688	0.202817983866054803	0.143771041645553277	0.0439460168217817804	0.0817309745606671527	0.0418554451206539425	0.0491069098140188139	0.0106547343578598276	0.172662161270815718	0.0642423161342008171	0.14624930610218387	0.181002140817281394	0.19948648471321093	0.0480414796388986626	0.052148387228061937	0.0425891031755802832



4	ACCGTCCA	0.492010767559024005


A:	0.286097460395360403	0.230073192952033104	0.190536471674174122	0.130671011121925647	0.140573023910411007	0.0448136466187860028	0.100451207385281243	0.602847764527456595	0.0062930428435385396	0.00774428592012282075	0.00300970104975022804	0.39423688872537716	0.00670260908914925783	0.0224749570251786995	0.763761208089455529	0.360901628317763081	0.148134623681762086	0.145853393655602454	0.303751010368064463	0.386248127268994526	0.344457850201099344	0.342444874739452671
C:	0.45911851900820421	0.232521823852292412	0.501376943222600027	0.368959743809587639	0.149299298395418141	0.352624874868734212	0.360883920654137262	0.00505809079590856255	0.983835567109927575	0.980904975605954777	0.00276561940595753381	0.0259457745889603186	0.979311749087467284	0.955979196364356168	0.0252200228254329692	0.25885642241325203	0.591387444309544557	0.584754884530034356	0.169492550088468423	0.225778790593108727	0.207883403711355082	0.190109389084416757
G:	0.188164384170460014	0.0634537745222128992	0.192931470097358833	0.294822315865517724	0.580672687351640964	0.52223849587652988	0.257397011497434735	0.376305605872884001	0.00712414487082859642	0.00626234313270628555	0.9820744644632344	0.202631533059163874	0.00634954315935294188	0.00422663567371567269	0.151330787988671982	0.148300411480850644	0.086384332084299334	0.104736079634693207	0.288315922023733225	0.302548702436216359	0.155528058441052318	0.39541974866584798
T:	0.0666196364259753726	0.473951208673461585	0.115155115005867018	0.20554692920296899	0.129454990342529888	0.0803229826359499059	0.28126786046314676	0.015788538803750841	0.00274724517570528861	0.00508839534121611678	0.0121502150810578385	0.377185803626498648	0.00763609866403051604	0.0173192109367494601	0.0596879810964395199	0.231941537788134245	0.174093599924394022	0.164655642179669984	0.238440517519733889	0.0854243797016803884	0.292130687646493256	0.0720259875102825924



5	ACCG.CCA.C	0.491778611879362571


A:	0.286097460395360403	0.230073192952033104	0.190536471674174122	0.130671011121925647	0.140573023910411007	0.0448136466187860028	0.100451207385281243	0.684655554877650773	0.00490163875048029403	0.00355739033427977148	0.0065413832441489414	0.39423688872537716	0.00482353466667290797	0.0112722961616366828	0.898152321108945296	0.360901628317763081	0.148134623681762086	0.145853393655602454	0.303751010368064463	0.386248127268994526	0.344457850201099344	0.342444874739452671	0.171530534729036162
C:	0.45911851900820421	0.232521823852292412	0.501376943222600027	0.368959743809587639	0.149299298395418141	0.352624874868734212	0.360883920654137262	0.00247185159616765403	0.989469809636302172	0.988855202474589285	0.00281582428827843099	0.0259457745889603186	0.989585484284251141	0.970199118042709409	0.00858826728513145325	0.25885642241325203	0.591387444309544557	0.584754884530034356	0.169492550088468423	0.225778790593108727	0.207883403711355082	0.190109389084416757	0.0970227941040200289
G:	0.188164384170460014	0.0634537745222128992	0.192931470097358833	0.294822315865517724	0.580672687351640964	0.52223849587652988	0.257397011497434735	0.299534987928701369	0.00268144924315955035	0.00426175979047824935	0.987243249693934274	0.202631533059163874	0.00354839591665549255	0.00378242187381115158	0.0735179646120543537	0.148300411480850644	0.086384332084299334	0.104736079634693207	0.288315922023733225	0.302548702436216359	0.155528058441052318	0.39541974866584798	0.2925197970818061
T:	0.0666196364259753726	0.473951208673461585	0.115155115005867018	0.20554692920296899	0.129454990342529888	0.0803229826359499059	0.28126786046314676	0.0133376055974802039	0.00294710237005798343	0.00332564740065269397	0.00339954277363835337	0.377185803626498648	0.00204258513242045805	0.0147461639218427563	0.0197414469938688975	0.231941537788134245	0.174093599924394022	0.164655642179669984	0.238440517519733889	0.0854243797016803884	0.292130687646493256	0.0720259875102825924	0.438926874085137709



