1	CCGCCGCC	0.49752639068135941


A:	0.134768323661875428	0.391555798706523496	0.441338502003304729	0.0394854193682432995	0.160305338793655285	0.50943837106253861	0.196309352954589364	0.0136313275784139266	0.0539503679022126369	0.00687239116557081138	0.00153793417956372198	0.0149802955675524733	0.00956880143751509742	0.0610255966612066397	0.16012312838169953	0.651105102711946392	0.062826571850285629	0.352801097549102737	0.276253163908160204	0.212236194032825988	0.104791508501931203	0.0993529421821413693
C:	0.329914257299991308	0.123364523176854404	0.163855173069903175	0.317418006755230777	0.0758884786666979289	0.422151859028715242	0.375712708391852158	0.506722881484081174	0.832777216271298861	0.00130052555430622163	0.969155918365676192	0.982759879991262779	0.00150427809296217003	0.900197825301523483	0.833147637607580372	0.00619595638337659962	0.365272558988958937	0.267285347277282123	0.232139904425075876	0.0853618646777657647	0.568793366266462152	0.485363893242576223
G:	0.271767099854208912	0.154074358735356957	0.195195804516842282	0.629932329414304334	0.165418603438005441	0.0517512988356921735	0.220545266578520223	0.466053253719753844	0.11042136684621848	0.988182685468234877	0.0279858014703774533	0.000797915185328909182	0.986253402959587643	0.0088459225900062576	0.00219044398521893303	0.291801923163485678	0.0848020831678366565	0.0516449455344035692	0.243730315739962447	0.694202407763336019	0.272230692400595251	0.262865414161746769
T:	0.263550319183924352	0.331005319381265143	0.199610520409949814	0.0131642444622215887	0.598387579101641346	0.0166584710730539749	0.207432672075038256	0.0135925372177510556	0.00285104898027002165	0.0036443978118880896	0.00132034598438263238	0.00146190925585583821	0.0026735175099350896	0.0299306554472636197	0.00453879002550116571	0.0508970177411913305	0.487098785992918778	0.328268609639211571	0.247876615926801473	0.00819953352607222874	0.0541844328310113937	0.152417750413535639



2	GCGCCG.CA	0.497214501960395057


A:	0.391300985032508334	0.393429954574924319	0.078217259743601133	0.0812568537140654995	0.365602617921853064	0.294279026133520584	0.229071482746546905	0.0234077682382744993	0.0359218575104758351	0.00455033563225963842	0.00151877045854212329	0.0145876023442927361	0.00457380687299157858	0.170875989133193637	0.11713120900736696	0.838694822337322031	0.148566216346252575	0.255233550457637991	0.395303723846274828	0.0935301095381435883	0.0157072048369747276	0.30780953759750205	0.141184239080638195
C:	0.283470030212517866	0.214768848291556514	0.371742562578314911	0.632235021322235167	0.239048205216471179	0.369889373605866143	0.169762631261610486	0.370321356681800724	0.958682004591308921	0.00111858355795984926	0.912934268929403747	0.983087475922975469	0.00411817602668327425	0.779915869448810178	0.863450124654580093	0.0115202080298044199	0.406220810404676259	0.203583085699423124	0.283579021354836234	0.572804550100467355	0.697842471136651152	0.274142833827266855	0.396334348182575883
G:	0.194566377849110544	0.111775668565315559	0.138947475275728388	0.159282364716374886	0.239048205216471179	0.235277624571735363	0.473381743532786906	0.589388524077051782	0.000988171831894280113	0.992167730925628622	0.0848907874598856473	0.00106193349191982575	0.988355627573266747	0.0026176000015368996	0.00852826943140547269	0.104151756942080178	0.153241033196633314	0.123868040433324963	0.242668714965327362	0.0381174808277156145	0.177615049483410634	0.178253417144094357	0.240839044829512475
T:	0.130662606905863256	0.280025528568203608	0.411092702402355568	0.127225760247324447	0.156300971645204578	0.10055397568887791	0.127784142459055702	0.0168823510028729942	0.0044079660663209639	0.00216334988415189002	0.000656173152168482827	0.00126298824081196968	0.00295238952705840072	0.0465905414164592863	0.0108903969066474743	0.0456332126907933715	0.291971940052437852	0.417315323409613922	0.078448539833561576	0.295547859533673443	0.108835274542963487	0.239794211431136737	0.221642367907273447



3	GCGCCGCC	0.497090281913837602


A:	0.134768323661875428	0.391555798706523496	0.441338502003304729	0.0394854193682432995	0.160305338793655285	0.50943837106253861	0.196309352954589364	0.0136313275784139266	0.0330943795189246196	0.00519992311155649266	0.00154142350065648031	0.021875596164806588	0.00432048523403695725	0.0375618734261569573	0.152327747178848241	0.651105102711946392	0.062826571850285629	0.352801097549102737	0.276253163908160204	0.212236194032825988	0.104791508501931203	0.0993529421821413693
C:	0.329914257299991308	0.123364523176854404	0.163855173069903175	0.317418006755230777	0.0758884786666979289	0.422151859028715242	0.375712708391852158	0.506722881484081174	0.961325033053726006	0.00187584798919687245	0.877131641392765275	0.97561078773645708	0.000825967091521958584	0.923901615879814329	0.842896542927084402	0.00619595638337659962	0.365272558988958937	0.267285347277282123	0.232139904425075876	0.0853618646777657647	0.568793366266462152	0.485363893242576223
G:	0.271767099854208912	0.154074358735356957	0.195195804516842282	0.629932329414304334	0.165418603438005441	0.0517512988356921735	0.220545266578520223	0.466053253719753844	0.0030218191995810369	0.989969659312492134	0.120433196694559823	0.00172886643315566635	0.991226473680447497	0.00440788190764687823	0.00216055205057445894	0.291801923163485678	0.0848020831678366565	0.0516449455344035692	0.243730315739962447	0.694202407763336019	0.272230692400595251	0.262865414161746769
T:	0.263550319183924352	0.331005319381265143	0.199610520409949814	0.0131642444622215887	0.598387579101641346	0.0166584710730539749	0.207432672075038256	0.0135925372177510556	0.00255876822776833723	0.00295456958675450081	0.000893738412018422515	0.000784749665580665464	0.00362707399399358711	0.0341286287863818354	0.0026151578434928977	0.0508970177411913305	0.487098785992918778	0.328268609639211571	0.247876615926801473	0.00819953352607222874	0.0541844328310113937	0.152417750413535639



4	CGCCGACA	0.496972253933588127


A:	0.393429954574924319	0.078217259743601133	0.0812568537140654995	0.365602617921853064	0.294279026133520584	0.229071482746546905	0.0234077682382744993	0.0471178258559580529	0.0065832613653801945	0.000673081604628485421	0.0110825089230754644	0.00213832152035005092	0.170875989133193637	0.0466418474957913852	0.907987362387202647	0.148566216346252575	0.255233550457637991	0.395303723846274828	0.0935301095381435883	0.0157072048369747276	0.30780953759750205	0.141184239080638195
C:	0.214768848291556514	0.371742562578314911	0.632235021322235167	0.239048205216471179	0.369889373605866143	0.169762631261610486	0.370321356681800724	0.944352595164742437	0.000751872462202998379	0.964573869942510408	0.985961035664627305	0.0115992517010098704	0.779915869448810178	0.941302250654835976	0.0126164434898476742	0.406220810404676259	0.203583085699423124	0.283579021354836234	0.572804550100467355	0.697842471136651152	0.274142833827266855	0.396334348182575883
G:	0.111775668565315559	0.138947475275728388	0.159282364716374886	0.239048205216471179	0.235277624571735363	0.473381743532786906	0.589388524077051782	0.00618451368344750992	0.989627852830527466	0.0328425663720864471	0.00217895845930433999	0.979376776995868432	0.0026176000015368996	0.00714961293392043774	0.0211935949832757096	0.153241033196633314	0.123868040433324963	0.242668714965327362	0.0381174808277156145	0.177615049483410634	0.178253417144094357	0.240839044829512475
T:	0.280025528568203608	0.411092702402355568	0.127225760247324447	0.156300971645204578	0.10055397568887791	0.127784142459055702	0.0168823510028729942	0.00234506529585200038	0.0030370133418893409	0.00191048208077465952	0.000777496952992891045	0.00688564978277164647	0.0465905414164592863	0.00490628891545220098	0.0582025991396739696	0.291971940052437852	0.417315323409613922	0.078448539833561576	0.295547859533673443	0.108835274542963487	0.239794211431136737	0.221642367907273447



5	CGCCGCCA	0.496938433669164723


A:	0.391555798706523496	0.441338502003304729	0.0394854193682432995	0.160305338793655285	0.50943837106253861	0.196309352954589364	0.0136313275784139266	0.148945485996862313	0.00881281226282354825	0.00101053101529117679	0.0271534344445923537	0.00472295910982381644	0.170875989133193637	0.317486870790059922	0.651105102711946392	0.062826571850285629	0.352801097549102737	0.276253163908160204	0.212236194032825988	0.104791508501931203	0.0993529421821413693	0.316219382120787038
C:	0.123364523176854404	0.163855173069903175	0.317418006755230777	0.0758884786666979289	0.422151859028715242	0.375712708391852158	0.506722881484081174	0.842616389115201632	0.000892559848263115213	0.949508731605109762	0.971294118659983273	0.00127265765429168485	0.779915869448810178	0.678064839423435064	0.00619595638337659962	0.365272558988958937	0.267285347277282123	0.232139904425075876	0.0853618646777657647	0.568793366266462152	0.485363893242576223	0.202095113404530461
G:	0.154074358735356957	0.195195804516842282	0.629932329414304334	0.165418603438005441	0.0517512988356921735	0.220545266578520223	0.466053253719753844	0.00718100877746732315	0.988813799318666636	0.0487024163647802309	0.000754299025808042841	0.990441362480263319	0.0026176000015368996	0.00130956960226752709	0.291801923163485678	0.0848020831678366565	0.0516449455344035692	0.243730315739962447	0.694202407763336019	0.272230692400595251	0.262865414161746769	0.269204652653400309
T:	0.331005319381265143	0.199610520409949814	0.0131642444622215887	0.598387579101641346	0.0166584710730539749	0.207432672075038256	0.0135925372177510556	0.00125711611046873182	0.00148082857024670099	0.000778321014818829898	0.000798147869616330552	0.00356302075562117972	0.0465905414164592863	0.00313872018423748708	0.0508970177411913305	0.487098785992918778	0.328268609639211571	0.247876615926801473	0.00819953352607222874	0.0541844328310113937	0.152417750413535639	0.212480851821282192



