1	CGCCGCCA	0.498722020943967443


A:	0.196586674442350306	0.169959414695343667	0.152670809748103555	0.215057766016966995	0.188606156814559887	0.343106049576903105	0.0263626717692835131	0.0428973720826586052	0.0171478678883644025	0.000994137638687866512	0.0296966142312546001	0.00287764398083789435	0.0262808526565056415	0.230279550233454497	0.77302848154320293	0.269087579944116635	0.276450262979902285	0.821953415196848826	0.219316306188491943	0.164437209296076954	0.449456831201839059	0.387387574028808017
C:	0.203454535067119036	0.222707989576717214	0.634815120739923486	0.24868544527239193	0.475094992200769405	0.142056131641836141	0.395157903344596717	0.953041439078974974	0.000580007021576529805	0.958650349238826654	0.968931852781660465	0.00130190509678622393	0.782070416107159735	0.762882043561729841	0.00326726807776968888	0.150861306108129643	0.156883896981085684	0.0765529900083409392	0.722553943216052206	0.403583309513727202	0.0653910922347391436	0.167972124599284638
G:	0.0525901613607373665	0.258438370934616221	0.134391373854632619	0.24868544527239193	0.230850149590544015	0.225035931562990053	0.573098149026581942	0.00235390294487505435	0.981092891242922813	0.0395949333505704545	0.000561783835337170399	0.992653044965728606	0.00565604885393004727	0.00100432251836152901	0.210633868430584014	0.049618163028285844	0.0553871631907009898	0.0595120565050673299	0.0170561446622870012	0.0746008004306036758	0.127839642328982277	0.265983102507551425
T:	0.547368629129793291	0.348894224793322897	0.0781226956573403401	0.287571343438249145	0.105448701394126694	0.2898018872182707	0.00538127585953782785	0.00170728589349136631	0.00117923384713625492	0.000760579771915025043	0.000809749151747764106	0.00316740595664727535	0.185992682382404576	0.00583408368645413294	0.0130703819484433673	0.530432950919467878	0.511278676848311042	0.0419815382897429048	0.0410736059331688498	0.357378680759592168	0.35731243423443952	0.178657198864355921



2	GCGCCG.CA	0.498656881234800735


A:	0.437740737022204252	0.196586674442350306	0.169959414695343667	0.152670809748103555	0.215057766016966995	0.188606156814559887	0.343106049576903105	0.0263626717692835131	0.00907497994766300481	0.00537975762189675971	0.000964324452702135314	0.0214370542308065056	0.00244824388283063165	0.0262808526565056415	0.0540844351871203398	0.870959186417879852	0.269087579944116635	0.276450262979902285	0.821953415196848826	0.219316306188491943	0.164437209296076954	0.449456831201839059	0.387387574028808017
C:	0.113768091479995681	0.203454535067119036	0.222707989576717214	0.634815120739923486	0.24868544527239193	0.475094992200769405	0.142056131641836141	0.395157903344596717	0.984854310054568015	0.000909132729217964504	0.935546298279635437	0.976495533714961455	0.00245559511858902195	0.782070416107159735	0.93406043241469693	0.00379473250557949996	0.150861306108129643	0.156883896981085684	0.0765529900083409392	0.722553943216052206	0.403583309513727202	0.0653910922347391436	0.167972124599284638
G:	0.088577260715483685	0.0525901613607373665	0.258438370934616221	0.134391373854632619	0.24868544527239193	0.230850149590544015	0.225035931562990053	0.573098149026581942	0.000529218658732784604	0.991716889379264469	0.0627163931905463218	0.000448788164654045864	0.992950490592002057	0.00565604885393004727	0.00154211553031499843	0.109142410140293378	0.049618163028285844	0.0553871631907009898	0.0595120565050673299	0.0170561446622870012	0.0746008004306036758	0.127839642328982277	0.265983102507551425
T:	0.359913910782316382	0.547368629129793291	0.348894224793322897	0.0781226956573403401	0.287571343438249145	0.105448701394126694	0.2898018872182707	0.00538127585953782785	0.00554149133903619582	0.0019942202696208067	0.000772984077116105405	0.00161862388957799402	0.00214567040657828897	0.185992682382404576	0.0103130168678677312	0.0161036709362472702	0.530432950919467878	0.511278676848311042	0.0419815382897429048	0.0410736059331688498	0.357378680759592168	0.35731243423443952	0.178657198864355921



3	GCGCCGCC	0.498576161405598571


A:	0.208014308179566507	0.340501514651824301	0.442942328523259575	0.215888485936508853	0.065458854971561637	0.458455033609562778	0.198449908449366147	0.0363885650950665275	0.00709286932951806881	0.00538159898013900692	0.00119801078333621235	0.0269876817823842083	0.00360474607382902092	0.00533385216820688141	0.0555029685141067131	0.77302848154320293	0.202963938540433481	0.271461291181258393	0.682176276517994312	0.239187950122527883	0.10743618539571803	0.183958743121666843
C:	0.185315572809290773	0.215173063257850093	0.0489742749805139511	0.364336102245466427	0.01910936015697868	0.467770481393822273	0.264637206128079282	0.105219650392342231	0.987835956562313188	0.0011105760309708388	0.924103227091659911	0.971214847926463824	0.000736444393163286171	0.925559419422115797	0.940428712082547395	0.00326726807776968888	0.263376351131645282	0.187194428673504761	0.134884754187506853	0.112557442727381858	0.785032904096190622	0.264798744943512661
G:	0.280098843555716336	0.107967017934391675	0.13621022107487459	0.290269168683322622	0.0798605028736366933	0.0433133286616338152	0.223736360506407829	0.851403335964800983	0.000837053842885627906	0.990492807798395673	0.0738729653155680696	0.00108896089152588598	0.991564670107594386	0.00677816267878822741	0.00206285771048466617	0.210633868430584014	0.0624563753766694963	0.0636757970848243937	0.0291467446850853329	0.638860391856545615	0.0732232869479011507	0.436561174286876066
T:	0.326571275455426384	0.336358404155933932	0.371873175421351884	0.129506243134702098	0.83557128199782299	0.030461156334981134	0.313176524916146741	0.006988448547790258	0.00423412026528311495	0.00301501719049448128	0.000825796809435807299	0.000708509399626081248	0.00409413942541330732	0.0623285657308890946	0.00200546169286122593	0.0130703819484433673	0.471203334951251741	0.477668483060412452	0.153792224609413503	0.00939421529354464317	0.0343076235601901973	0.114681337647944431



4	CCGCCG.CA	0.49845836021638791


A:	0.437740737022204252	0.196586674442350306	0.169959414695343667	0.152670809748103555	0.215057766016966995	0.188606156814559887	0.343106049576903105	0.0263626717692835131	0.0198830532526506878	0.0187348096919995844	0.00090372014799823736	0.0116210340061672551	0.00514426651846032124	0.0262808526565056415	0.0955737174720255437	0.889711548798418294	0.269087579944116635	0.276450262979902285	0.821953415196848826	0.219316306188491943	0.164437209296076954	0.449456831201839059	0.387387574028808017
C:	0.113768091479995681	0.203454535067119036	0.222707989576717214	0.634815120739923486	0.24868544527239193	0.475094992200769405	0.142056131641836141	0.395157903344596717	0.972650377969929827	0.000392375531935241498	0.982861442516159656	0.986318163017029103	0.00198907829596823712	0.782070416107159735	0.892052802922844266	0.00248509387628826911	0.150861306108129643	0.156883896981085684	0.0765529900083409392	0.722553943216052206	0.403583309513727202	0.0653910922347391436	0.167972124599284638
G:	0.088577260715483685	0.0525901613607373665	0.258438370934616221	0.134391373854632619	0.24868544527239193	0.230850149590544015	0.225035931562990053	0.573098149026581942	0.00437107581075647041	0.979648636884160493	0.0146882976531920923	0.00116116334922966452	0.990289641450358417	0.00565604885393004727	0.00347965667241206571	0.0719864620085799389	0.049618163028285844	0.0553871631907009898	0.0595120565050673299	0.0170561446622870012	0.0746008004306036758	0.127839642328982277	0.265983102507551425
T:	0.359913910782316382	0.547368629129793291	0.348894224793322897	0.0781226956573403401	0.287571343438249145	0.105448701394126694	0.2898018872182707	0.00538127585953782785	0.00309549296666301475	0.00122417789190468136	0.00154653968265001417	0.000899639627573977517	0.00257701373521302462	0.185992682382404576	0.00889382293271812408	0.0358168953167134982	0.530432950919467878	0.511278676848311042	0.0419815382897429048	0.0410736059331688498	0.357378680759592168	0.35731243423443952	0.178657198864355921



5	A.TG.CGGCG	0.498123976375998809


A:	0.302239773607645901	0.178657198864355921	0.35731243423443952	0.357378680759592168	0.0410736059331688498	0.0419815382897429048	0.511278676848311042	0.530432950919467878	0.0468228109461940328	0.0148496152712296905	0.185992682382404576	0.00222161889893515326	0.0014776461956928138	0.000822393412696683521	0.00106654651448711462	0.00588633040464430014	0.00538127585953782785	0.2898018872182707	0.105448701394126694	0.287571343438249145	0.0781226956573403401	0.348894224793322897	0.547368629129793291
C:	0.140456791951881511	0.265983102507551425	0.127839642328982277	0.0746008004306036758	0.0170561446622870012	0.0595120565050673299	0.0553871631907009898	0.049618163028285844	0.0807531756436157525	0.00170944833783245633	0.00565604885393004727	0.991341292561178154	0.000672749132807198875	0.0246104994857558674	0.987166595702116486	0.0014042764282274254	0.573098149026581942	0.225035931562990053	0.230850149590544015	0.24868544527239193	0.134391373854632619	0.258438370934616221	0.0525901613607373665
G:	0.411861896795050183	0.167972124599284638	0.0653910922347391436	0.403583309513727202	0.722553943216052206	0.0765529900083409392	0.156883896981085684	0.150861306108129643	0.00435575270705455347	0.899770613185204722	0.782070416107159735	0.00184194527697276955	0.984806809375340684	0.973314166554419792	0.00072261434723306094	0.97543756008365747	0.395157903344596717	0.142056131641836141	0.475094992200769405	0.24868544527239193	0.634815120739923486	0.222707989576717214	0.203454535067119036
T:	0.145441537645422404	0.387387574028808017	0.449456831201839059	0.164437209296076954	0.219316306188491943	0.821953415196848826	0.276450262979902285	0.269087579944116635	0.868068260703135661	0.0836703232057331314	0.0262808526565056415	0.00459514326291392294	0.0130427952961593039	0.00125294054712765709	0.011044243436163338	0.0172718330834708043	0.0263626717692835131	0.343106049576903105	0.188606156814559887	0.215057766016966995	0.152670809748103555	0.169959414695343667	0.196586674442350306



