1	G..GCCGACA	0.498160578688768673


A:	0.237798102964380024	0.235788434844454268	0.375458850884477931	0.236613198464923634	0.13792748681747221	0.221276546782180215	0.129272803826508234	0.0672957013368901416	0.0349548583757613953	0.213741310155347818	0.000711798789054050211	0.00148397318059247902	0.00265940934737031196	0.982075735785429315	0.00303449206341634267	0.843347862561609165	0.144093989187370094	0.379489931169949048	0.0867174559192952051	0.0416015123648550527	0.0988349021404144828	0.20516125398799573	0.136308092084708761
C:	0.307317589647163875	0.383453707488799194	0.0658227062569951514	0.103393768114723742	0.57208598402756924	0.335729296451386172	0.291767471413354778	0.720999959372364965	0.217823254567108038	0.000487748324163438969	0.962354548187040117	0.992471497505102154	0.00325817454929879282	0.00820154380210933317	0.992450448686815042	0.00452736446984301513	0.453425216936473677	0.330601198856790072	0.0418349373384294827	0.185358258471663468	0.437310626837277821	0.166746612717158694	0.195414625504619652
G:	0.394731732351202448	0.204312690889333554	0.423702916807827949	0.144690551795834013	0.0798459855070528487	0.250266680631877526	0.469934608103594571	0.0927492145036293031	0.0940571976777848988	0.782548968955455458	0.0015568893981050948	0.00474116107201457174	0.992486962310757907	0.0071572140794744985	0.00102258248152323306	0.12005406435459095	0.211272965327698908	0.14495443498663044	0.429522118316270254	0.603799157162980996	0.305227597113120651	0.260107403320654225	0.323286971616543349
T:	0.0601525750372536529	0.176445166777412984	0.135015526050698969	0.515302481624518611	0.210140543647905702	0.192727476134556087	0.109025116656542417	0.11895512478711559	0.653164689379345668	0.00322197256503328479	0.035376763625800738	0.00130336824229079512	0.00159545379257298866	0.00256550633298685369	0.00349247676824538229	0.0320707086139568703	0.191207828548457322	0.14495443498663044	0.441925488426005059	0.169241072000500483	0.158626873909187045	0.367984729974191351	0.344990310794128238



2	TGCCGACA	0.497924731983323407


A:	0.235788434844454268	0.375458850884477931	0.236613198464923634	0.13792748681747221	0.221276546782180215	0.129272803826508234	0.0672957013368901416	0.0349548583757613953	0.1842281875238578	0.000539686767435850377	0.0094422188972918672	0.00186209274188927094	0.94287779148559069	0.0051761944436810607	0.611771931729652757	0.144093989187370094	0.379489931169949048	0.0867174559192952051	0.0416015123648550527	0.0988349021404144828	0.20516125398799573	0.136308092084708761
C:	0.383453707488799194	0.0658227062569951514	0.103393768114723742	0.57208598402756924	0.335729296451386172	0.291767471413354778	0.720999959372364965	0.217823254567108038	0.00018111169401908276	0.943892463329306849	0.988243117558265643	0.00162867897770432584	0.0139570867822102025	0.989087212277372803	0.0101921856011814423	0.453425216936473677	0.330601198856790072	0.0418349373384294827	0.185358258471663468	0.437310626837277821	0.166746612717158694	0.195414625504619652
G:	0.204312690889333554	0.423702916807827949	0.144690551795834013	0.0798459855070528487	0.250266680631877526	0.469934608103594571	0.0927492145036293031	0.0940571976777848988	0.811391727191797218	0.00127702505877381985	0.00133080829485808944	0.992370794686936257	0.0406032614361496003	0.000494062371592385156	0.31205899923090652	0.211272965327698908	0.14495443498663044	0.429522118316270254	0.603799157162980996	0.305227597113120651	0.260107403320654225	0.323286971616543349
T:	0.176445166777412984	0.135015526050698969	0.515302481624518611	0.210140543647905702	0.192727476134556087	0.109025116656542417	0.11895512478711559	0.653164689379345668	0.00419897359032589917	0.0542908248444834806	0.000983855249584400644	0.00413843359347014657	0.00256186029604950688	0.0052425309073537507	0.0659768834382592804	0.191207828548457322	0.14495443498663044	0.441925488426005059	0.169241072000500483	0.158626873909187045	0.367984729974191351	0.344990310794128238



3	C.GCCGACA	0.497881408506625639


A:	0.237798102964380024	0.235788434844454268	0.375458850884477931	0.236613198464923634	0.13792748681747221	0.221276546782180215	0.129272803826508234	0.0672957013368901416	0.0349548583757613953	0.164963595467790216	0.000861832769198120086	0.00569477982702029403	0.00170915488702987344	0.982135679933868525	0.00352119092645720906	0.894727558421358019	0.144093989187370094	0.379489931169949048	0.0867174559192952051	0.0416015123648550527	0.0988349021404144828	0.20516125398799573	0.136308092084708761
C:	0.307317589647163875	0.383453707488799194	0.0658227062569951514	0.103393768114723742	0.57208598402756924	0.335729296451386172	0.291767471413354778	0.720999959372364965	0.217823254567108038	0.000456555287540752251	0.946700217280623933	0.991439942780957842	0.00221255881046948645	0.00947069858818992598	0.991817671834498668	0.00668942410617338916	0.453425216936473677	0.330601198856790072	0.0418349373384294827	0.185358258471663468	0.437310626837277821	0.166746612717158694	0.195414625504619652
G:	0.394731732351202448	0.204312690889333554	0.423702916807827949	0.144690551795834013	0.0798459855070528487	0.250266680631877526	0.469934608103594571	0.0927492145036293031	0.0940571976777848988	0.831801487485270088	0.000475913765059696787	0.0019841851779892669	0.993016989450624782	0.00247208175894211559	0.000770718457255855097	0.0240645815455060811	0.211272965327698908	0.14495443498663044	0.429522118316270254	0.603799157162980996	0.305227597113120651	0.260107403320654225	0.323286971616543349
T:	0.0601525750372536529	0.176445166777412984	0.135015526050698969	0.515302481624518611	0.210140543647905702	0.192727476134556087	0.109025116656542417	0.11895512478711559	0.653164689379345668	0.00277836175939894368	0.0519620361851182498	0.000881092214032597051	0.0030612968518758584	0.00592153971899943299	0.00389041878178826768	0.0745184359269625104	0.191207828548457322	0.14495443498663044	0.441925488426005059	0.169241072000500483	0.158626873909187045	0.367984729974191351	0.344990310794128238



4	G..GTCGGCA	0.497816268797458931


A:	0.0891182424465636427	0.230687350014732042	0.129546383891563409	0.0596591091162352624	0.027349046178311737	0.168498079368653788	0.106572763959702642	0.0557601833161039564	0.0659768834382592804	0.00846256925620704626	0.00215924988885589065	0.00291717247712776401	0.00169070099182039064	0.0436196249722368065	0.00204721621494735586	0.884704943588818924	0.205151822922596346	0.355628270014556804	0.305816041262086429	0.031520949870450819	0.204194058071442402	0.0898693600101159539	0.160734630980282668
C:	0.40757823035901473	0.590029475820421474	0.412500416524988271	0.104173306977069028	0.527223628696181339	0.473471092267735031	0.160482847974074378	0.557601833161039564	0.31205899923090652	0.000349727209324219107	0.00668082813564205847	0.993227159059589747	0.00353538028261995798	0.00128439145446743119	0.826141265923815802	0.0401502532257824973	0.132854540223020433	0.45668061361843195	0.175269596564872805	0.184137023643097839	0.41218794580104965	0.230827747595460159	0.287295132204477295
G:	0.217994230816584851	0.113349324086688639	0.325049703354400744	0.789916185077655143	0.161459442497487227	0.23286099402911809	0.512074967910159095	0.0823369975438227905	0.0101921856011814423	0.988082601606394757	0.0529592547814812696	0.00192687960755506781	0.992316602546201935	0.954439143402863293	0.000405974650013480943	0.0620406858530699539	0.602921321046351828	0.127159677568193424	0.171754819772554183	0.550362563483201438	0.0519701458068351471	0.117734808576978767	0.330223982311463961
T:	0.285309296377836777	0.0659338500781578442	0.132903496229047577	0.0462513988290405662	0.283967882628019696	0.125169834334493092	0.220869420156063885	0.304300985979033689	0.611771931729652757	0.00310510192807397745	0.938200667194020781	0.00192878885572742142	0.00245731617935771674	0.000656840170432469664	0.171405543211223361	0.0131041173323286246	0.0590723158080313922	0.060531438798817822	0.347159542400486583	0.233979463003249904	0.331647850320672801	0.56156808381744512	0.221746254503776076



5	CTGCCGAC	0.497800650188604328


A:	0.122969038450497874	0.221746254503776076	0.56156808381744512	0.331647850320672801	0.233979463003249904	0.347159542400486583	0.060531438798817822	0.0590723158080313922	0.0240075963112987308	0.13567181013072923	0.000374695286632871368	0.00532232312683748954	0.00137960498552530716	0.950067447608822932	0.00441547150440685007	0.611771931729652757	0.304300985979033689	0.220869420156063885	0.125169834334493092	0.283967882628019696	0.0462513988290405662	0.132903496229047577
C:	0.158172397933912027	0.330223982311463961	0.117734808576978767	0.0519701458068351471	0.550362563483201438	0.171754819772554183	0.127159677568193424	0.602921321046351828	0.0756174854868288285	0.000412423073959431122	0.933819172841976922	0.991754701674722722	0.00160850132056344893	0.0404827182618543074	0.989026213879393687	0.0101921856011814423	0.0823369975438227905	0.512074967910159095	0.23286099402911809	0.161459442497487227	0.789916185077655143	0.325049703354400744
G:	0.187780826672370925	0.287295132204477295	0.230827747595460159	0.41218794580104965	0.184137023643097839	0.175269596564872805	0.45668061361843195	0.132854540223020433	0.0941586724831929135	0.862050224328094267	0.00102515391455026853	0.00117613635208978137	0.992486143444719897	0.00491886884717360125	0.0003903673529666679	0.31205899923090652	0.557601833161039564	0.160482847974074378	0.473471092267735031	0.527223628696181339	0.104173306977069028	0.412500416524988271
T:	0.531077736943219174	0.160734630980282668	0.0898693600101159539	0.204194058071442402	0.031520949870450819	0.305816041262086429	0.355628270014556804	0.205151822922596346	0.806216245718679527	0.00186554246721707166	0.0647809779568399379	0.00174683884635000681	0.0045257502491913468	0.00453096528214915987	0.00616794726323279452	0.0659768834382592804	0.0557601833161039564	0.106572763959702642	0.168498079368653788	0.027349046178311737	0.0596591091162352624	0.129546383891563409



