1	CCGCCG.CA	0.498218871931644194


A:	0.485157268032518513	0.119142193433130209	0.211372640115095861	0.150208664402131929	0.278106694084193951	0.109228378654957256	0.139037735864892703	0.0372504593135153566	0.0312126620062122195	0.00233691014944024993	0.00333950416283189281	0.0105517350543948521	0.00527344636470046624	0.0394514478237145605	0.0583789558865475705	0.688817049004949111	0.222691929410027613	0.548641726281456935	0.436747983986270583	0.405255291821352111	0.313007674525850693	0.113492738738342302	0.123466227062375381
C:	0.279934079882642706	0.363888661324054258	0.343905874157642334	0.225014522481795056	0.0656753031811715077	0.424281798163942486	0.145395628269159245	0.507278219071098337	0.952150959794283067	0.00217353919207741709	0.97901028052343184	0.98643519430174479	0.00636979980542884186	0.730121421943705178	0.926354374376021452	0.0157877027753143021	0.0778624062328333787	0.201335647345201614	0.0408602535716119077	0.0731532992407868899	0.213305337032582168	0.103858697311877252	0.137873625649297096
G:	0.173317046260814821	0.192876837584314776	0.220818029794378726	0.213183641205517913	0.364161047015105458	0.133638170942725825	0.553161801151162308	0.439284839733202671	0.00894050518795008774	0.993027532867481648	0.015053218224574666	0.00164422085667535065	0.986801838396934453	0.0526485933664198034	0.00154679730474517081	0.266167721924779501	0.182867158838786479	0.0625147477808217026	0.295142136111697726	0.119655437178883753	0.153979625973857321	0.0346830799386390218	0.322635361751740929
T:	0.0615916058240239599	0.324092307658500757	0.22390345593288308	0.411593171910555102	0.292056955719529084	0.332851652238374433	0.162404834714785744	0.0161864818821836352	0.00769587301155462554	0.00246201779100068483	0.00259699708916160078	0.00136884978718500712	0.0015549154329362385	0.177778536866160458	0.0137198724326858067	0.0292275262949570866	0.516578505518352529	0.187507878592519748	0.227249626330419783	0.401935971758977246	0.319707362467709817	0.747965484011141424	0.416024785536586593



2	CGCCGCCG	0.498123178742529757


A:	0.0922620352803934523	0.512283556862255599	0.211113116842177366	0.364685532175983322	0.0744477984718988636	0.202425071732947395	0.0424446734280804556	0.0515061334719109398	0.00678583936114210127	0.00194343415779399977	0.0153105636103796947	0.00483295888150477554	0.00335463687308605372	0.00988444388062179962	0.459399471104888615	0.164301788134265964	0.341231791407708335	0.405551827133903439	0.221431794009322411	0.145180342824361036	0.11993013910920604	0.118688137813576127
C:	0.292427147777464701	0.124347528533865593	0.120944939340648782	0.139585469594740832	0.204233901593799247	0.246246850643537018	0.456792991016816403	0.89989634264540019	0.00649477147990452336	0.88813640785180977	0.98093212907940895	0.00161388739984807792	0.685801469378023055	0.984905730570592694	0.0176445584563101397	0.120164231004172188	0.229623040911381031	0.189910417245898682	0.320357993099108645	0.251980065980720129	0.448820836863108962	0.198908001022034385
G:	0.0338579541064055239	0.149180084409843624	0.184067378248284211	0.379174278337285855	0.277186690471208319	0.414119480761734403	0.48355966857573637	0.0139135481819837662	0.976278212546047549	0.107779204354525805	0.00261405313144501881	0.99096935441203411	0.296956525557220131	0.00273912186048104803	0.496348951940347753	0.157781028032929738	0.0887167242861087225	0.0963306353058174022	0.155962960761905986	0.227834125030082531	0.095357682519829595	0.342100276871207183
T:	0.581452862835736322	0.214188830194035184	0.483874565568889641	0.116554719891989991	0.444131609463093571	0.137208596861781184	0.017202666979366771	0.0346839757007051041	0.0104411766129058265	0.00214095363587042538	0.00114325417876633642	0.00258379930661303671	0.0138873681916707599	0.00247070368830445856	0.0266070184984534927	0.55775295282863211	0.340428443394801912	0.308207120314380477	0.302247252129662958	0.375005466164836305	0.335891341507855403	0.340303584293182305



3	CGCCGCCA	0.497541998128896921


A:	0.0922620352803934523	0.512283556862255599	0.211113116842177366	0.364685532175983322	0.0744477984718988636	0.202425071732947395	0.0424446734280804556	0.159664236288218855	0.00495343510263126195	0.0021515369771815092	0.0204018641101534172	0.00493104377502993076	0.0394514478237145605	0.062757520172243993	0.459399471104888615	0.164301788134265964	0.341231791407708335	0.405551827133903439	0.221431794009322411	0.145180342824361036	0.11993013910920604	0.118688137813576127
C:	0.292427147777464701	0.124347528533865593	0.120944939340648782	0.139585469594740832	0.204233901593799247	0.246246850643537018	0.456792991016816403	0.828718643385165954	0.00129168458718917052	0.949527087474450726	0.977243048261245788	0.0034198314542567256	0.730121421943705178	0.924487553291829657	0.0176445584563101397	0.120164231004172188	0.229623040911381031	0.189910417245898682	0.320357993099108645	0.251980065980720129	0.448820836863108962	0.198908001022034385
G:	0.0338579541064055239	0.149180084409843624	0.184067378248284211	0.379174278337285855	0.277186690471208319	0.414119480761734403	0.48355966857573637	0.005433351903416153	0.991839937196019507	0.0472239696558688736	0.00147648880876696727	0.989590009358563682	0.0526485933664198034	0.00142992359736124202	0.496348951940347753	0.157781028032929738	0.0887167242861087225	0.0963306353058174022	0.155962960761905986	0.227834125030082531	0.095357682519829595	0.342100276871207183
T:	0.581452862835736322	0.214188830194035184	0.483874565568889641	0.116554719891989991	0.444131609463093571	0.137208596861781184	0.017202666979366771	0.00618376842319903798	0.00191494311416006034	0.00109740589249889099	0.000878598819833827284	0.00205911541214966193	0.177778536866160458	0.011325002938565108	0.0266070184984534927	0.55775295282863211	0.340428443394801912	0.308207120314380477	0.302247252129662958	0.375005466164836305	0.335891341507855403	0.340303584293182305



4	GCGCCGCC	0.497536550429714512


A:	0.263631241794050689	0.0922620352803934523	0.512283556862255599	0.211113116842177366	0.364685532175983322	0.0744477984718988636	0.202425071732947395	0.0424446734280804556	0.0231259610664065086	0.00835060534896648591	0.00160826826111956554	0.0431017146642976308	0.00462185991116378296	0.0310439838301692781	0.0462257393413639895	0.459399471104888615	0.164301788134265964	0.341231791407708335	0.405551827133903439	0.221431794009322411	0.145180342824361036	0.11993013910920604
C:	0.458082205209816848	0.292427147777464701	0.124347528533865593	0.120944939340648782	0.139585469594740832	0.204233901593799247	0.246246850643537018	0.456792991016816403	0.949173600942794891	0.0037513408172967686	0.906091765924319775	0.952990224275988491	0.006779411011835065	0.829328563468910922	0.937720495875272773	0.0176445584563101397	0.120164231004172188	0.229623040911381031	0.189910417245898682	0.320357993099108645	0.251980065980720129	0.448820836863108962
G:	0.0586300756930007648	0.0338579541064055239	0.149180084409843624	0.184067378248284211	0.379174278337285855	0.277186690471208319	0.414119480761734403	0.48355966857573637	0.00424515654306757262	0.985044261610219385	0.089163201070006847	0.00275307594717023116	0.985522132220279836	0.0726775737104359793	0.007492922193081719	0.496348951940347753	0.157781028032929738	0.0887167242861087225	0.0963306353058174022	0.155962960761905986	0.227834125030082531	0.095357682519829595
T:	0.219656477303131698	0.581452862835736322	0.214188830194035184	0.483874565568889641	0.116554719891989991	0.444131609463093571	0.137208596861781184	0.017202666979366771	0.0234552814477310276	0.00285379222351736036	0.00313676474455381214	0.00115498511254364688	0.0030765968567213165	0.0669498789904838204	0.00856084259028151872	0.0266070184984534927	0.55775295282863211	0.340428443394801912	0.308207120314380477	0.302247252129662958	0.375005466164836305	0.335891341507855403



5	GCGCCG.CA	0.497366893860818887


A:	0.485157268032518513	0.119142193433130209	0.211372640115095861	0.150208664402131929	0.278106694084193951	0.109228378654957256	0.139037735864892703	0.0372504593135153566	0.00930864203367463784	0.00589458162776023745	0.00432284354299748943	0.0161128813535493243	0.00447678546734678703	0.0394514478237145605	0.0426654496676687313	0.722274476341277083	0.222691929410027613	0.548641726281456935	0.436747983986270583	0.405255291821352111	0.313007674525850693	0.113492738738342302	0.123466227062375381
C:	0.279934079882642706	0.363888661324054258	0.343905874157642334	0.225014522481795056	0.0656753031811715077	0.424281798163942486	0.145395628269159245	0.507278219071098337	0.977545626698940376	0.00231486224173113197	0.919181122029044823	0.981177718507334115	0.0031770943539876953	0.730121421943705178	0.941513013544583789	0.0253185663401415731	0.0778624062328333787	0.201335647345201614	0.0408602535716119077	0.0731532992407868899	0.213305337032582168	0.103858697311877252	0.137873625649297096
G:	0.173317046260814821	0.192876837584314776	0.220818029794378726	0.213183641205517913	0.364161047015105458	0.133638170942725825	0.553161801151162308	0.439284839733202671	0.002664792227226866	0.990759967144447155	0.0752590949097844884	0.00140097862272591744	0.989421120265909661	0.0526485933664198034	0.0013663321620671154	0.220916718645157478	0.182867158838786479	0.0625147477808217026	0.295142136111697726	0.119655437178883753	0.153979625973857321	0.0346830799386390218	0.322635361751740929
T:	0.0615916058240239599	0.324092307658500757	0.22390345593288308	0.411593171910555102	0.292056955719529084	0.332851652238374433	0.162404834714785744	0.0161864818821836352	0.0104809390401581203	0.00103058898606147513	0.00123693951817319883	0.00130842151639064299	0.00292499991275585619	0.177778536866160458	0.014455204625680364	0.0314902386734238664	0.516578505518352529	0.187507878592519748	0.227249626330419783	0.401935971758977246	0.319707362467709817	0.747965484011141424	0.416024785536586593



