1	ATGTTGCA	0.497053057375421878


A:	0.226782899318372218	0.10006352424737273	0.535138407846976291	0.0398937229628006821	0.0501536588802287657	0.127367487062665111	0.2856710491417285	0.83032460442683898	0.00326633607183460894	0.00409088946574966966	0.0160031756589588267	0.00346466316760882867	0.0112406418185958213	0.016047490039502416	0.691166118600825222	0.315425647902119525	0.367199965217033107	0.202438613325963829	0.954354390870579702	0.302332875868799503	0.169373714704859268	0.25462744691022379
C:	0.1056340302046836	0.428408116864093149	0.0674481937549176038	0.113778458010880011	0.201342885730953333	0.294156865100976676	0.00708026678738939851	0.138377694020406641	0.0133849067957143491	0.00589027563163372727	0.00609412252390342077	0.166874462664342564	0.00662520426198986425	0.886499125684333947	0.0450971501821469481	0.227493986141104777	0.175048971755157234	0.0645649854510023518	0.00231952465892212422	0.0309293982193818247	0.3420430558510454	0.147492110831365434
G:	0.292898457198831658	0.0240842084474354959	0.00252231577194187171	0.144945318500399725	0.118006336651977239	0.0437493198179006442	0.0246235700977489411	0.0067162475497651663	0.00125901227383764183	0.98629534755123382	0.0112238020959675105	0.0772496131559315969	0.923953904539862367	0.01800716633342877	0.118523334896965089	0.231623393670098027	0.201309359688356995	0.491151446020427007	0.0262463766833180486	0.590688822738299557	0.125659042758500938	0.177423488697104919
T:	0.374684613278112525	0.447444150441098625	0.394891082626164234	0.701382500525919581	0.630497118736840662	0.53472632801845757	0.68262511397313316	0.0245814540029892122	0.9820897448586134	0.00372348735138278324	0.966678899721170242	0.75241126101211701	0.0581802493795519475	0.0794462179427348668	0.145213396320062742	0.225456972286677671	0.256441703339452663	0.241844955202606812	0.0170797077871801255	0.0760489031735191151	0.362924186685594394	0.420456953561305857



2	GCAACAGA	0.496609633232418482


A:	0.324038606786827575	0.248054910739393325	0.0202094404762839893	0.248693784902810601	0.428381288429193872	0.256045227626394627	0.191471354167782332	0.109478230143801759	0.0100435033803213328	0.948515924730916971	0.981287558155786775	0.0024603448316477621	0.983828431752194512	0.00334441927314860093	0.974711546894204765	0.326992786642238886	0.544095171642981107	0.201394946377723094	0.0059946636041991794	0.183349494876871749	0.0677385207820890094	0.155609662429292687
C:	0.221846493181753848	0.24131372144147012	0.0709756898944844913	0.104609946008132968	0.282343697571421191	0.0888691214936468676	0.18415212108838094	0.0301991131326340174	0.9835720569046569	0.0137868655108372683	0.000937773592759298336	0.98989200585795059	0.000737848896637326587	0.00167629838512512663	0.0027649178572108806	0.0633794340307253719	0.191368531444745299	0.231619244755772481	0.0100541993763573602	0.289426273054398941	0.710921613643551446	0.0927954217699428189
G:	0.308527396883228898	0.21586301379906742	0.00487152114555427941	0.641876928582662415	0.211325636558446512	0.146905801126044678	0.0575398058474781606	0.857191326279509389	0.00422976350740093905	0.036238330275244361	0.00853296141062601905	0.00139242589318415081	0.0111702685216171942	0.517349352702504521	0.00353726579025176003	0.522572341445204486	0.177080613320578831	0.432488769302250145	0.69691363053035816	0.0693822476472854187	0.0330514212218840955	0.202077114041306601
T:	0.145587503148189678	0.294768354020069135	0.90394334848367724	0.00481934050639401602	0.0779493774409384256	0.508179849753913828	0.566836718896358567	0.00313133044405483471	0.00215467620762082805	0.00145887948300139955	0.00924170684082790767	0.00625522341721749742	0.00426345082955096691	0.477629929639221752	0.0189862694583325947	0.0870554378818312562	0.0874556835916947635	0.13449703956425428	0.2870375064890853	0.457841984421443891	0.188288444352475449	0.549517801759457893



3	GCAACATA	0.496230833012180453


A:	0.362924186685594394	0.0760489031735191151	0.0170797077871801255	0.241844955202606812	0.256441703339452663	0.225456972286677671	0.145213396320062742	0.193939252100646171	0.04132962939699123	0.956522975141300234	0.982219283662985848	0.00158836653091076897	0.988646369563041219	0.00334441927314860093	0.68262511397313316	0.53472632801845757	0.630497118736840662	0.701382500525919581	0.394891082626164234	0.447444150441098625	0.374684613278112525	0.500012941787883671
C:	0.125659042758500938	0.590688822738299557	0.0262463766833180486	0.491151446020427007	0.201309359688356995	0.231623393670098027	0.118523334896965089	0.0141356246047252292	0.95207294154866931	0.0223760909185124744	0.00856648217757816381	0.991616819580467491	0.00141966445605510292	0.00167629838512512663	0.0246235700977489411	0.0437493198179006442	0.118006336651977239	0.144945318500399725	0.00252231577194187171	0.0240842084474354959	0.292898457198831658	0.0950871730151020789
G:	0.3420430558510454	0.0309293982193818247	0.00231952465892212422	0.0645649854510023518	0.175048971755157234	0.227493986141104777	0.0450971501821469481	0.786665522071102889	0.00116025266700290063	0.0196456993574323822	0.00175546630628153216	0.00253370967478437532	0.0087961224046370132	0.517349352702504521	0.00708026678738939851	0.294156865100976676	0.201342885730953333	0.113778458010880011	0.0674481937549176038	0.428408116864093149	0.1056340302046836	0.292169194573731323
T:	0.169373714704859268	0.302332875868799503	0.954354390870579702	0.202438613325963829	0.367199965217033107	0.315425647902119525	0.691166118600825222	0.00525960122352571106	0.00543717638733655975	0.00145523458275490965	0.00745876785315445563	0.00426110421383736445	0.00113784357626666501	0.477629929639221752	0.2856710491417285	0.127367487062665111	0.0501536588802287657	0.0398937229628006821	0.535138407846976291	0.10006352424737273	0.226782899318372218	0.112730690623282928



4	GCAACAT..A	0.496060598540870515


A:	0.362924186685594394	0.0760489031735191151	0.0170797077871801255	0.241844955202606812	0.256441703339452663	0.225456972286677671	0.145213396320062742	0.133302545564474999	0.035049156064774899	0.84295148656408296	0.982125099196653095	0.00299304692134462009	0.989758345436810354	0.0168922857294768787	0.68262511397313316	0.53472632801845757	0.630497118736840662	0.701382500525919581	0.394891082626164234	0.447444150441098625	0.374684613278112525	0.500012941787883671	0.443702634623745593
C:	0.125659042758500938	0.590688822738299557	0.0262463766833180486	0.491151446020427007	0.201309359688356995	0.231623393670098027	0.118523334896965089	0.0173349864121129019	0.946518655430783794	0.0919523848703653524	0.00505362462656736139	0.989337097950852732	0.00162041000869264368	0.00591322918679163197	0.0246235700977489411	0.0437493198179006442	0.118006336651977239	0.144945318500399725	0.00252231577194187171	0.0240842084474354959	0.292898457198831658	0.0950871730151020789	0.134035348188446011
G:	0.3420430558510454	0.0309293982193818247	0.00231952465892212422	0.0645649854510023518	0.175048971755157234	0.227493986141104777	0.0450971501821469481	0.836359107824929043	0.00241888946610355672	0.0635926243011999174	0.00400758528115450296	0.00485016286235802318	0.00589922729599780277	0.0804354196973116211	0.00708026678738939851	0.294156865100976676	0.201342885730953333	0.113778458010880011	0.0674481937549176038	0.428408116864093149	0.1056340302046836	0.292169194573731323	0.215219135655081161
T:	0.169373714704859268	0.302332875868799503	0.954354390870579702	0.202438613325963829	0.367199965217033107	0.315425647902119525	0.691166118600825222	0.0130033601984830568	0.0160132990383377507	0.0015035042643517703	0.00881369089562504068	0.0028196922654446252	0.00272201725849919921	0.896759065386419868	0.2856710491417285	0.127367487062665111	0.0501536588802287657	0.0398937229628006821	0.535138407846976291	0.10006352424737273	0.226782899318372218	0.112730690623282928	0.207042881532727235



5	ATGT.GCAA	0.495297533376346221


A:	0.0813025117751595726	0.138394563069507709	0.416102237656038673	0.0421876961418944175	0.179738801112818055	0.0772135613279681101	0.52134758746859148	0.755637259460413113	0.00669915660569492031	0.00650783768980462702	0.0104072247046953611	0.00346466316760882867	0.0130275952013321596	0.0165255450743196508	0.877931225135615971	0.609933702527431139	0.388986280902578228	0.0288559849282563814	0.393768794011649058	0.147511406713137378	0.138533897919023851	0.113600095331149213	0.0818106086710122778
C:	0.289613341308083289	0.365725951406210233	0.076272973971528773	0.163208740394610318	0.45148345573108669	0.378212309618791511	0.0319131352986202614	0.191090411728552374	0.0140486539089698941	0.00886239894521267625	0.0203704957438308075	0.166874462664342564	0.0279830794500415029	0.909999617381933068	0.0187450921210726725	0.203095696935850161	0.113964297419880013	0.0221721254117963551	0.138748803714045778	0.057934014571469921	0.369439132864669716	0.566183095892361038	0.636383212645434988
G:	0.140949974597693078	0.10520641732701358	0.0188917354303927697	0.163208740394610318	0.0357090656299940634	0.0484986946391013509	0.0776534504855583148	0.0203158333117378078	0.00182901828430320109	0.978408114989080603	0.00942684099124758678	0.0772496131559315969	0.920073640991562139	0.0318648620784398183	0.0186330269623166524	0.0586131952693667737	0.103824953664033734	0.790125757931264879	0.233741201137152582	0.63438474595141724	0.204208856121908559	0.0471783861878783821	0.0906842841146195658
T:	0.488134172319064061	0.390673068197268478	0.488733052942039785	0.631394823068884946	0.333068677526101192	0.496075434414139028	0.369085826747229944	0.0329564954992967053	0.977423171201031985	0.00622164837590209384	0.959795438560226245	0.75241126101211701	0.0389156843570641984	0.0416099754653074625	0.0846906557809947039	0.128357405267351927	0.393224468013508025	0.158846131728682385	0.233741201137152582	0.160169832763975461	0.287818113094397874	0.273038422588611367	0.191121894568933168



