1	CACCGACC	0.497573835966786953


A:	0.202426629883377701	0.399943976892167506	0.240801003441336651	0.372792105648306239	0.0559534284781554842	0.278827758878577751	0.0613135760387064414	0.0362495987101436272	0.775402538728619585	0.00303027700698259208	0.00410449297490304167	0.00246659179240460672	0.840714792351493668	0.003440028454162025	0.486591743113100836	0.354742400379599637	0.161585476939840679	0.206620472151708625	0.0252728414842916145	0.139283604034964577	0.834013594204594502	0.122774427471892875
C:	0.301660798508877668	0.207712316569153187	0.423424650233800733	0.0173115238142405017	0.257722614356613887	0.150980850200542851	0.515342736583918502	0.939149162951439793	0.000800860685443219768	0.989807996234374889	0.989704411261525368	0.00278408500606121106	0.127209951748352428	0.987375655428479688	0.479335426383880235	0.0559538233011459475	0.0863683329262601078	0.0525311363236939805	0.00442090534332056977	0.172510894078709144	0.0301120119061294383	0.438337021288578622
G:	0.413151566840570717	0.136811635802761819	0.128564521490199481	0.117257633677744162	0.216026616387060698	0.484376350685507954	0.295140237992401215	0.017477422377581309	0.222202972931586011	0.00516029107816844882	0.00186307017573018919	0.988014568659581902	0.00455467469216148753	0.0016056576172613988	0.00262774089320846954	0.0623310965242446667	0.0921546337290862002	0.328049691098128444	0.413227700894129375	0.458669155027187283	0.0963955337642295055	0.169254120091785283
T:	0.0827610047671739148	0.255532070735917487	0.207209824834663135	0.492638736859709097	0.470297340778169931	0.085815040235371443	0.128203449384973842	0.00712381596083527051	0.00159362765435118409	0.00200143568047407048	0.00432802558784140109	0.00673475454195228022	0.027520581207992417	0.00757865850009688833	0.0314450896098104597	0.526972679795009749	0.659891556404813013	0.41279870042646895	0.557078552278258441	0.229536346859138996	0.039478860125046554	0.26963443114774322



2	CACCG.CCA	0.497261030324085563


A:	0.0180238756049859199	0.204683312471674489	0.349606887443621455	0.0506914497225678347	0.00157310920596071356	0.383583262256179254	0.167485104179289889	0.0456934463498397264	0.559464625426535906	0.00408946234644887111	0.00661914502659428365	0.00522505513903847348	0.424509410460932693	0.0110626451771413578	0.0328158170355388201	0.899398048077966497	0.382971764989170747	0.410759066712822209	0.171328070651798863	0.0686943115480536036	0.186110884014402435	0.205203573182144296	0.505120190134662014
C:	0.581507286087540605	0.383724713818808396	0.273850039317015345	0.39084223774187628	0.912360707920670361	0.232793451540435297	0.210673488815880773	0.92436501165401194	0.00112164639517609973	0.987367240440908573	0.986231750506701718	0.00134107608428682597	0.258072357260843422	0.984187246728441409	0.948307304908645026	0.01479441421823371	0.119650359091816201	0.180826505936758934	0.312889593134033326	0.869931141744479644	0.113291525275897876	0.32323788885990176	0.114814426176911853
G:	0.0168183281478765288	0.201734004491443376	0.121226371328981698	0.000566318754930245987	0.00205101659348454598	0.244809734545653148	0.319028636379583806	0.023274757524145133	0.437523916776373924	0.00670671673404636395	0.00129559291182792417	0.983627044853143684	0.0721698947704324101	0.00126226531809483221	0.0026646078715483869	0.0417463593693181854	0.170421085827004013	0.168101727753443575	0.10687536719832204	0.0478756428606889453	0.55477886086725169	0.169182130648287585	0.144731332379939202
T:	0.383650510159596946	0.20985796921807374	0.255316701910381502	0.557899993780625639	0.084015166279884379	0.138813551657732302	0.302812770625245532	0.00666678447200320091	0.00188981140191407066	0.00183658047859619156	0.00585351155487607426	0.00980682392353101639	0.245248337507791475	0.00348784277632240107	0.0162122701842677665	0.0440611783344816078	0.326956790092009039	0.240312699596975282	0.408906969015845772	0.0134989038467778068	0.145818729842447998	0.302376407309666359	0.235334051308486931



3	A..TGGTCGG	0.496692662176533144


A:	0.0891225872478968115	0.0477580014111501157	0.141706954266482894	0.269941844445897745	0.0320498380055355689	0.46807236886992554	0.808181381725348306	0.545590640352698626	0.253876445081042865	0.0961057152361658477	0.0323308327497058003	0.0102953949776062943	0.0229667383612935286	0.0126551483503533345	0.00848530304904800174	0.0187259198790910358	0.00196113211689311056	0.00753835591249103473	0.293218778527174683	0.521062672291462598	0.295490042287620707	0.824487476794343558
C:	0.0977844901383813702	0.40131980123832431	0.408807478423078327	0.439772764307529516	0.249990123236441683	0.382462993115315312	0.155427593184311172	0.244080950329603874	0.0732191649750402667	0.0708775356859101397	0.00929890402218202729	0.00289422240802182947	0.0493739235083553764	0.959174084172954055	0.00597714022413857409	0.00456256112616785516	0.252491164056175824	0.114287709727960986	0.238690374508138205	0.187141344106804572	0.0111073288624712118	0.00143015458191565589
G:	0.0292315822462721945	0.172151447925644801	0.108941603418077042	0.15912695482461751	0.109451458193621525	0.130272770474537532	0.00789451080361042507	0.120352926475277632	0.168790805616422235	0.0126839891562288671	0.813770912976259261	0.975666512464473843	0.0160353373163772707	0.0114049567256274156	0.975540842893173036	0.970571606528133114	0.0835641876915678456	0.720258967405629707	0.363080359121085961	0.180749943119284241	0.559178110956869037	0.134404828381278916
T:	0.783861340367449624	0.378770749424880773	0.340543963892361737	0.131158436421955228	0.608508580564401223	0.0191918675402216162	0.0284965142867300971	0.0899754828424198686	0.504113584327494633	0.820332759921695145	0.144599350251852912	0.0111438701498980333	0.911624000813973824	0.0167658107510651953	0.00999671383364038801	0.00613991246660799468	0.66198351613536322	0.157914966953918272	0.105010487843601152	0.111046040482448589	0.134224517893039045	0.0396775402424618702



4	CGCCG.CCA	0.496420417886743759


A:	0.0180238756049859199	0.204683312471674489	0.349606887443621455	0.0506914497225678347	0.00157310920596071356	0.383583262256179254	0.167485104179289889	0.029788851467135405	0.559464625426535906	0.00177281795785920756	0.0041567460372898159	0.00852435563671789854	0.424509410460932693	0.00581276279978661241	0.0365843818312784341	0.915059695672407628	0.382971764989170747	0.410759066712822209	0.171328070651798863	0.0686943115480536036	0.186110884014402435	0.205203573182144296	0.505120190134662014
C:	0.581507286087540605	0.383724713818808396	0.273850039317015345	0.39084223774187628	0.912360707920670361	0.232793451540435297	0.210673488815880773	0.875940912958687218	0.00112164639517609973	0.987813098334195529	0.991586969450911358	0.00238256908738021341	0.258072357260843422	0.985256407248088578	0.952983090767480281	0.0383521621233237072	0.119650359091816201	0.180826505936758934	0.312889593134033326	0.869931141744479644	0.113291525275897876	0.32323788885990176	0.114814426176911853
G:	0.0168183281478765288	0.201734004491443376	0.121226371328981698	0.000566318754930245987	0.00205101659348454598	0.244809734545653148	0.319028636379583806	0.0133113940023177061	0.437523916776373924	0.00482508054945586386	0.00145497085284043077	0.97710201912952799	0.0721698947704324101	0.00495874966892182986	0.00441961059838952197	0.0174062311353849651	0.170421085827004013	0.168101727753443575	0.10687536719832204	0.0478756428606889453	0.55477886086725169	0.169182130648287585	0.144731332379939202
T:	0.383650510159596946	0.20985796921807374	0.255316701910381502	0.557899993780625639	0.084015166279884379	0.138813551657732302	0.302812770625245532	0.0809588415718596706	0.00188981140191407066	0.00558900315848939991	0.00280131365895839573	0.0119910561463738982	0.245248337507791475	0.00397208028320297984	0.00601291680285176326	0.0291819110688836993	0.326956790092009039	0.240312699596975282	0.408906969015845772	0.0134989038467778068	0.145818729842447998	0.302376407309666359	0.235334051308486931



5	ACCGACCA	0.495550572819955856


A:	0.385570349677112135	0.172042775424618031	0.661101362498681857	0.00412685254707254404	0.363898429070243161	0.133526025741696673	0.275979817422642487	0.722161190939165956	0.00614441103273230465	0.00255612174706011209	0.00377940636069391043	0.889999962949182378	0.0055132387306401711	0.154831174890204272	0.893375318402450964	0.303045407060574357	0.13020605049389962	0.0284965142867300971	0.0811751657416603249	0.172622691255365654	0.255204833179360825	0.279783759533291523
C:	0.0987658621753261646	0.242269333600964328	0.0888994946360107556	0.917230709921628785	0.235828959710696447	0.342995281109630481	0.292157410348096783	0.00188719921128872232	0.989043226132138366	0.988982710609781539	0.0019299070869528886	0.038247211739221827	0.986950363642959669	0.819380945447645351	0.00500924700590327516	0.202624427367936105	0.32393994125259232	0.00789451080361042507	0.804792813652542458	0.3072033059570065	0.144149040553102012	0.137451393135873201
G:	0.130686833248451606	0.209796278182214674	0.0028758802367579614	0.00283492796930034876	0.279443029134196516	0.125184839969751681	0.313014764400473749	0.274310220217785888	0.00232199146130792743	0.00243150391875669466	0.988713919736016719	0.0101798714631007608	0.00134676988423698097	0.00118121258070510902	0.0672774519367543946	0.173328189244708269	0.319120043445795318	0.155427593184311172	0.102244757436523494	0.331072858679926162	0.198923973026363073	0.2428801387359827
T:	0.384976954899110095	0.375891612792202967	0.247123262628549426	0.0758075095619983217	0.120829582084863876	0.398293853178921165	0.118848007828786981	0.00164138963175943358	0.00249037137382140213	0.00602966372440165442	0.00557676681633648173	0.0615729538484950345	0.00618962774216317873	0.0246066670814452676	0.0343379826548913667	0.321001976326781269	0.226733964807712742	0.808181381725348306	0.0117872631692737227	0.189101144107701683	0.40172215324117409	0.339884708594852575



