1	CACCGACA	0.498904104514471994


A:	0.236533704248991092	0.0859250945083581679	0.102192459850414929	0.202795123791059986	0.148965440522761196	0.212385290776213579	0.149009464625404865	0.0163243305416478199	0.86674799858363944	0.00251903779518507469	0.00159028507540320566	0.00126996714592313049	0.949410190629027702	0.00333313690805337976	0.915379038109871885	0.489552862560522592	0.31171673693556103	0.0657644506422424285	0.275627063476360847	0.0884280045674107593	0.0965397738954601344	0.406486818626747612
C:	0.367071085402407367	0.0736234009423158874	0.477146767009828139	0.409574094822163711	0.538590125585263743	0.404202331322665604	0.345807978474392017	0.969713205571808902	0.000605148484898215187	0.993331641294581219	0.992601486679550023	0.00440292146999846857	0.0429035168118123151	0.983254573944743482	0.0503494336716356793	0.222511098457397497	0.185732771597175934	0.405608116306649179	0.317143778937119759	0.597063770609048439	0.166369116462141655	0.0355507120802034721
G:	0.184786037441529288	0.536480576579962873	0.257412380635478128	0.0943788664349081862	0.245560056753068525	0.171401363732952563	0.346166695971582811	0.0129060862651407958	0.131737988917454728	0.00174039301167154787	0.00195222012953629763	0.99273588991324197	0.000706615149430103674	0.000924544900357895191	0.00134438435234982468	0.0952493661663148065	0.176608415738802232	0.11332152016138896	0.0333183221556523655	0.25825989122278939	0.122388151906668513	0.336462587973284225
T:	0.211609172907072253	0.303970927969363072	0.163248392504278804	0.293251914951868117	0.0668843771389065358	0.212011014168168253	0.159015860928620306	0.00105637762140248229	0.000908864014007616922	0.00240892789856215863	0.00385600811551047385	0.00159122147083643089	0.00697967740972987909	0.0124877442468452433	0.0329271438661426114	0.192686672815765105	0.325942075728460803	0.415305912889719433	0.373910835430867028	0.056248333600751412	0.614702957735729698	0.221499881319764691



2	CACCGAC..A	0.497705123139733965


A:	0.271152881173116262	0.128670945144711306	0.11365656203693801	0.533702001163949597	0.125919317648007895	0.243333512184312182	0.0159062399174927536	0.0153795395861552482	0.90195516190581536	0.00392545212273098126	0.00237071354985154143	0.00145734212994945161	0.849311339190041946	0.00831785253395403906	0.915379038109871885	0.353092049064666725	0.70871811217934993	0.183795555718271911	0.0761694396711469389	0.305337644150903045	0.223245799474259093	0.233624731156974403	0.359980504347368556
C:	0.148477322248277559	0.243743744702992559	0.535752886361742657	0.123159536155054384	0.509702404756289048	0.434000854311336869	0.471058311856381198	0.965485002707065989	0.00107162191380364149	0.991487641992769209	0.991331787612238729	0.00201600743738549815	0.135290660373597164	0.970869761833197994	0.0503494336716356793	0.257732501065997027	0.0560456924680858815	0.351484605196685195	0.453490468892272253	0.482794650591142861	0.135173509361972091	0.0824930813867509295	0.0780304586830978297
G:	0.351807612968665145	0.0635504470086476246	0.139459039031311029	0.292704927810870716	0.23202982848934001	0.192560417485093329	0.458776300470746808	0.016429228482047079	0.0962350101670795093	0.00161518692140786973	0.00477333301464021111	0.989943323023473966	0.000814005250328178259	0.0015698444689757753	0.00134438435234982468	0.227238381947606353	0.136413296372560089	0.152052777555133848	0.150499060298023941	0.163987593979134432	0.091697790722598563	0.246360714453587363	0.322585640461942693
T:	0.228562183609941034	0.56403486314364851	0.211131512570008304	0.0504335348701253024	0.132348449106363047	0.13010521601925762	0.0542591477553792405	0.00270622922473168394	0.00073820601330148973	0.00297171896309194052	0.00152416582326951869	0.00658332740919108417	0.0145839951860327118	0.0192425411638721921	0.0329271438661426114	0.161937067921729895	0.0988228989800040995	0.312667061529909046	0.319841031138556868	0.0478801112788196625	0.549882900441170253	0.437521473002687304	0.239403396507590922



3	CCACCGAC	0.497132350923410444


A:	0.406665596556763004	0.271152881173116262	0.128670945144711306	0.11365656203693801	0.533702001163949597	0.125919317648007895	0.243333512184312182	0.0159062399174927536	0.0134773915788433313	0.791617828043628782	0.00220333269933791748	0.00143060154055185179	0.00132893939525015106	0.718379763369267234	0.0169106193124191071	0.915379038109871885	0.353092049064666725	0.70871811217934993	0.183795555718271911	0.0761694396711469389	0.305337644150903045	0.223245799474259093
C:	0.0785809249735770273	0.148477322248277559	0.243743744702992559	0.535752886361742657	0.123159536155054384	0.509702404756289048	0.434000854311336869	0.471058311856381198	0.886931051907234649	0.000765339510939138842	0.992578939557099646	0.993381140537295959	0.00290503681530521396	0.269868530605381214	0.963698788066647865	0.0503494336716356793	0.257732501065997027	0.0560456924680858815	0.351484605196685195	0.453490468892272253	0.482794650591142861	0.135173509361972091
G:	0.390919876903044101	0.351807612968665145	0.0635504470086476246	0.139459039031311029	0.292704927810870716	0.23202982848934001	0.192560417485093329	0.458776300470746808	0.0970261412909022505	0.206283843158528005	0.00330103841252795652	0.00327695433653990646	0.993549219270321537	0.000695426964040583031	0.00115310782735638993	0.00134438435234982468	0.227238381947606353	0.136413296372560089	0.152052777555133848	0.150499060298023941	0.163987593979134432	0.091697790722598563
T:	0.123833601566615868	0.228562183609941034	0.56403486314364851	0.211131512570008304	0.0504335348701253024	0.132348449106363047	0.13010521601925762	0.0542591477553792405	0.00256541522301976973	0.00133298928690407433	0.00191668933103448039	0.00191130358561228277	0.00221680451912309819	0.0110562790613109684	0.0182374847935766383	0.0329271438661426114	0.161937067921729895	0.0988228989800040995	0.312667061529909046	0.319841031138556868	0.0478801112788196625	0.549882900441170253



4	GCACCGAC	0.496833070875292723


A:	0.406665596556763004	0.271152881173116262	0.128670945144711306	0.11365656203693801	0.533702001163949597	0.125919317648007895	0.243333512184312182	0.0159062399174927536	0.0130332584052441213	0.8342006704025297	0.00407494982900486946	0.00314566765834760802	0.00159115018556765082	0.801516969081025466	0.00758699852306199355	0.915379038109871885	0.353092049064666725	0.70871811217934993	0.183795555718271911	0.0761694396711469389	0.305337644150903045	0.223245799474259093
C:	0.0785809249735770273	0.148477322248277559	0.243743744702992559	0.535752886361742657	0.123159536155054384	0.509702404756289048	0.434000854311336869	0.471058311856381198	0.974822820262070736	0.00063199176563054683	0.992201511743112155	0.99166482393526842	0.00318521910693978389	0.177482218285561789	0.968632276044316064	0.0503494336716356793	0.257732501065997027	0.0560456924680858815	0.351484605196685195	0.453490468892272253	0.482794650591142861	0.135173509361972091
G:	0.390919876903044101	0.351807612968665145	0.0635504470086476246	0.139459039031311029	0.292704927810870716	0.23202982848934001	0.192560417485093329	0.458776300470746808	0.00966605399340064968	0.163578860604951784	0.00132425385254716522	0.00147402522764557113	0.992662720553518035	0.000861694994301951338	0.00147048025591083992	0.00134438435234982468	0.227238381947606353	0.136413296372560089	0.152052777555133848	0.150499060298023941	0.163987593979134432	0.091697790722598563
T:	0.123833601566615868	0.228562183609941034	0.56403486314364851	0.211131512570008304	0.0504335348701253024	0.132348449106363047	0.13010521601925762	0.0542591477553792405	0.00247786733928449243	0.00158847722688796997	0.00239928457533581072	0.00371548317873840117	0.00256091015397453038	0.020139117639110794	0.0223102451767111026	0.0329271438661426114	0.161937067921729895	0.0988228989800040995	0.312667061529909046	0.319841031138556868	0.0478801112788196625	0.549882900441170253



5	CACCGAC.A	0.496752605324245567


A:	0.271152881173116262	0.128670945144711306	0.11365656203693801	0.533702001163949597	0.125919317648007895	0.243333512184312182	0.0159062399174927536	0.0259200210856165763	0.769393928142646383	0.00249786588774438452	0.00284239484884484401	0.00258211001821649396	0.650361251212074383	0.0325763053595420699	0.915379038109871885	0.353092049064666725	0.70871811217934993	0.183795555718271911	0.0761694396711469389	0.305337644150903045	0.223245799474259093	0.233624731156974403	0.359980504347368556
C:	0.148477322248277559	0.243743744702992559	0.535752886361742657	0.123159536155054384	0.509702404756289048	0.434000854311336869	0.471058311856381198	0.910349728783159225	0.00119551493148915903	0.990034766688137034	0.99232322827536486	0.00213232615248206122	0.311992562590732284	0.930761367521136551	0.0503494336716356793	0.257732501065997027	0.0560456924680858815	0.351484605196685195	0.453490468892272253	0.482794650591142861	0.135173509361972091	0.0824930813867509295	0.0780304586830978297
G:	0.351807612968665145	0.0635504470086476246	0.139459039031311029	0.292704927810870716	0.23202982848934001	0.192560417485093329	0.458776300470746808	0.0560106699258835258	0.227091478576941716	0.00604968720113981608	0.00212511444876848491	0.991254721641752142	0.00140116084066383353	0.0020690735508346489	0.00134438435234982468	0.227238381947606353	0.136413296372560089	0.152052777555133848	0.150499060298023941	0.163987593979134432	0.091697790722598563	0.246360714453587363	0.322585640461942693
T:	0.228562183609941034	0.56403486314364851	0.211131512570008304	0.0504335348701253024	0.132348449106363047	0.13010521601925762	0.0542591477553792405	0.00771958020534067287	0.00231907834892274182	0.00141768022297876517	0.00270926242702181083	0.00403084218754930243	0.0362450253565294996	0.03459325356848673	0.0329271438661426114	0.161937067921729895	0.0988228989800040995	0.312667061529909046	0.319841031138556868	0.0478801112788196625	0.549882900441170253	0.437521473002687304	0.239403396507590922



