1	CACCGACC	0.497311197273535513


A:	0.13365569627775092	0.361983509131557861	0.356962773816467382	0.37699024678845462	0.196958771211454493	0.24110955379131592	0.0379723649107310907	0.0403721149088095449	0.769147599678576155	0.0034416418236913069	0.00557556189071213924	0.00224789908368011485	0.819578789706338703	0.00319740255710619586	0.152284737026720259	0.801884412611309879	0.327772573375344195	0.506233733418372327	0.538952753576217948	0.0379701480224433784	0.13706269254684405	0.347985911273318033
C:	0.256111706312461787	0.407697641628685892	0.33640937628723304	0.275930036934396087	0.226704687989811143	0.171865628632629038	0.478330487388034236	0.939312302058937228	0.00209273324608226425	0.99200686115082291	0.990772686787947109	0.00505140248790681016	0.110682578893889964	0.987724082743341303	0.824474356582319931	0.0464657129195183904	0.180452159837559052	0.200817189928001676	0.164085471311590267	0.182150275512984569	0.172902837509918482	0.337699900914130489
G:	0.410090343496009913	0.121843518183398997	0.0634948264204687388	0.243940427640928209	0.443094607258030144	0.314183470691718458	0.337870241632736238	0.0120943805393351701	0.22796656793155022	0.00242629960771952474	0.00143672626194304828	0.990013682295743585	0.00512281978191266798	0.00168969554944503469	0.00586238208150273633	0.0414623046370027548	0.158999603153653369	0.225924110500264586	0.233407757647006956	0.235913085448262556	0.48177261115223476	0.101646875508007216
T:	0.20014225391377738	0.10847533105635725	0.243133023475830839	0.103139288636221084	0.133241933540704221	0.272841346884336584	0.145826906068498435	0.00822120249291805658	0.000793099143791360575	0.00212519741776625876	0.00221502505939770374	0.00268701613266949013	0.0646158116178586655	0.00738881915010746653	0.0173785243094570732	0.110187569832168976	0.332775663633443384	0.0670249661533614112	0.063554017465184829	0.543966491016309496	0.208261858791002707	0.212667312304544262



2	CACCG.CCA	0.496172272435422532


A:	0.13365569627775092	0.361983509131557861	0.356962773816467382	0.37699024678845462	0.196958771211454493	0.24110955379131592	0.0379723649107310907	0.0711245211181954701	0.730571563196677292	0.0023503682483367026	0.00975375557733494414	0.00790773869583653943	0.819578789706338703	0.0066834428250470082	0.037758484113239712	0.801884412611309879	0.327772573375344195	0.506233733418372327	0.538952753576217948	0.0379701480224433784	0.13706269254684405	0.347985911273318033	0.41782136404779819
C:	0.256111706312461787	0.407697641628685892	0.33640937628723304	0.275930036934396087	0.226704687989811143	0.171865628632629038	0.478330487388034236	0.891163723955754349	0.00157396871930174219	0.988174922098893269	0.987021260349539676	0.0020952188533689808	0.110682578893889964	0.983940840279066304	0.945044046205832919	0.0464657129195183904	0.180452159837559052	0.200817189928001676	0.164085471311590267	0.182150275512984569	0.172902837509918482	0.337699900914130489	0.173489949125795747
G:	0.410090343496009913	0.121843518183398997	0.0634948264204687388	0.243940427640928209	0.443094607258030144	0.314183470691718458	0.337870241632736238	0.0185501568475793231	0.265987164860037584	0.00557360146272770004	0.00110811348349774689	0.987203023204754279	0.00512281978191266798	0.00165779752582038414	0.00409421646413146314	0.0414623046370027548	0.158999603153653369	0.225924110500264586	0.233407757647006956	0.235913085448262556	0.48177261115223476	0.101646875508007216	0.158514824015443708
T:	0.20014225391377738	0.10847533105635725	0.243133023475830839	0.103139288636221084	0.133241933540704221	0.272841346884336584	0.145826906068498435	0.0191615980784708575	0.00186730322398338187	0.00390110819004232836	0.00211687058962763278	0.00279401924604020088	0.0646158116178586655	0.00771791937006630334	0.0131032532167959055	0.110187569832168976	0.332775663633443384	0.0670249661533614112	0.063554017465184829	0.543966491016309496	0.208261858791002707	0.212667312304544262	0.250173862810962355



3	ACCGACCA	0.494418650597648918


A:	0.520894645678134442	0.157455034965180553	0.151420619115637025	0.532144942960617132	0.0886041405789182858	0.246667772652763895	0.191411509465145182	0.655664004699661678	0.00309487246411986157	0.00621131256663770819	0.00369675495332532329	0.842970021766353392	0.00438954366230867236	0.0486009454082817478	0.882283151842077929	0.190045686981478221	0.345487273061251373	0.403634661504736113	0.18869760177923396	0.388950147780473868	0.164263291119630684	0.263253964799668851
C:	0.176673594674426824	0.182431924195946946	0.126456769794150444	0.163374194829865693	0.540655623643024213	0.20574762139726517	0.416109500345382268	0.001745187283834189	0.991053962832164954	0.989541959349276759	0.00242634408785600993	0.0568644642118503081	0.988380142622313544	0.936595625139469206	0.0150509957005673904	0.133496334520557755	0.194822819182395966	0.286245265421899411	0.355437467596218109	0.162403123812021613	0.224840502429308917	0.307658341246904696
G:	0.151918456713051599	0.341680561313697029	0.240859820165695774	0.138379058604190239	0.237170786017913998	0.276726373181467783	0.166752446656681908	0.339664398213841362	0.00251405848943623689	0.00203784885905184065	0.990741669242888694	0.0129660931937563254	0.00174887797879719254	0.00378922574843665429	0.0455509149148457093	0.0871136271840222719	0.216145254810714802	0.174916411423109429	0.108011458102442311	0.344142389198968458	0.0772233528473205432	0.199291095808267378
T:	0.150513302934387135	0.318432479525175472	0.481262790924516757	0.166101803605326937	0.133569449760143503	0.270858232768503153	0.225726543532790642	0.00292640980266277156	0.00333710621427894721	0.00220887922503369218	0.00313523171592997238	0.0871994208280399743	0.00548143573658059114	0.0110142037038123924	0.0571149375425089713	0.589344351313941752	0.243544652945637859	0.135203661650255047	0.347853472522105619	0.104504339208536061	0.533672853603739857	0.229796598145159075



4	GCACCGAC	0.493764926695759801


A:	0.247596820785359852	0.323538553136637626	0.307930372977216388	0.220625509630445606	0.413356138414290088	0.151168652067560364	0.356519720658370681	0.0462728605919607618	0.0279241043374966155	0.729103471446392517	0.00726040761736125887	0.00634345943913040548	0.0035086122179232031	0.771710279980887757	0.00386335133947626429	0.152284737026720259	0.272440138685223409	0.585889178085964476	0.404887372695712361	0.309499661728097396	0.22082587897714778	0.20160643947765941
C:	0.384621266641128473	0.171973856529622393	0.160753916108113625	0.299677295258612091	0.217349747263411029	0.514642174539780168	0.289652560521400895	0.295338030715225983	0.952369236186013067	0.00248045056171872803	0.987282101080993622	0.985649515564278947	0.00693488567306480016	0.186501354744799844	0.984344266280960378	0.824474356582319931	0.180128981203603359	0.0312817073286021214	0.136874685224161844	0.340239686642798675	0.222246315906760737	0.172112922630188945
G:	0.219449527482323864	0.457435498373589562	0.198693661407039884	0.181089062986679611	0.279373442207750264	0.0920529740615598273	0.160355042177899425	0.501802991207792362	0.0134086109390257242	0.267301945263609717	0.00164463416811377272	0.00145369963746357048	0.983100155216370534	0.00489172037949803329	0.00490226165134003856	0.00586238208150273633	0.165128933515879463	0.0382730323057862869	0.230930829894676024	0.180718273344018647	0.410721569997733511	0.201666711678017265
T:	0.148332385091187811	0.0470520919601504192	0.332622049507630103	0.298608132124262692	0.0899206721145486185	0.242136199331099641	0.193472676642328999	0.156586117485020893	0.00629804853746459366	0.00111413272827903776	0.0038128571335313459	0.00655332535912707697	0.00645634689264146245	0.0368966448948143654	0.0068901207282233194	0.0173785243094570732	0.382301946595293769	0.344556082279647116	0.22730711218544977	0.169542378285085282	0.146206235118357972	0.42461392621413438



5	A..GTCGGTG	0.492789055168666963


A:	0.148173766833770368	0.524523601744803713	0.42461392621413438	0.146206235118357972	0.169542378285085282	0.22730711218544977	0.344556082279647116	0.382301946595293769	0.0173785243094570732	0.00372076377794543845	0.0221154719939918871	0.00255417673230958239	0.00316565358547206863	0.00137310804772120735	0.00124420052602736916	0.00846234804157689408	0.156586117485020893	0.193472676642328999	0.242136199331099641	0.0899206721145486185	0.298608132124262692	0.332622049507630103	0.0470520919601504192
C:	0.293846783873567932	0.206409988559470478	0.201666711678017265	0.410721569997733511	0.180718273344018647	0.230930829894676024	0.0382730323057862869	0.165128933515879463	0.00586238208150273633	0.00293733790149949755	0.00633410793993770882	0.984284190417953891	0.00257773907509259453	0.00526280474201607452	0.215239659090253617	0.0227583540181685192	0.501802991207792362	0.160355042177899425	0.0920529740615598273	0.279373442207750264	0.181089062986679611	0.198693661407039884	0.457435498373589562
G:	0.111336300864986911	0.0959099948910611824	0.172112922630188945	0.222246315906760737	0.340239686642798675	0.136874685224161844	0.0312817073286021214	0.180128981203603359	0.824474356582319931	0.988885843679030292	0.0617554646332456123	0.00851999520011085276	0.985955579208980785	0.987276792005670489	0.00231526540487805079	0.934455944190317648	0.295338030715225983	0.289652560521400895	0.514642174539780168	0.217349747263411029	0.299677295258612091	0.160753916108113625	0.171973856529622393
T:	0.446643148427674789	0.173156414804664627	0.20160643947765941	0.22082587897714778	0.309499661728097396	0.404887372695712361	0.585889178085964476	0.272440138685223409	0.152284737026720259	0.00445605464152477185	0.909794955432824792	0.00464163764962567354	0.00830102813045455164	0.00608729520459222863	0.781200874978840963	0.034323353749936939	0.0462728605919607618	0.356519720658370681	0.151168652067560364	0.413356138414290088	0.220625509630445606	0.307930372977216388	0.323538553136637626



