1	CACCGACA	0.499229194829765926


A:	0.382572658961272175	0.286294171511957609	0.0152148097069184291	0.0676971165681245546	0.00820974727654321759	0.188310901403038212	0.160593002452544983	0.0206151065510165769	0.837101867697011316	0.0013442543823737281	0.0026348945883207444	0.00150525135469146813	0.953977440794455378	0.0060368326984459261	0.91166522147180287	0.302900968645996728	0.226528538858239492	0.250867373629479768	0.0868573248065263516	0.202073553237923012	0.261029733982562916	0.146680054065494766
C:	0.141363139114293793	0.250570502789333023	0.0467239720879538425	0.749499595095160304	0.265789483863617777	0.289805658435497744	0.248605975989843871	0.970066625468591126	0.000566278941689773637	0.993501048247309885	0.993379053830817019	0.00200521037670383735	0.0359962938511615152	0.989400138358376504	0.0241762563153352652	0.264671337561975122	0.262990087565048123	0.241526496894304916	0.00283391419079299101	0.213240232970594658	0.206311196673049712	0.246567011376053134
G:	0.394621130506337599	0.303415275873122466	0.600066425074844432	0.00071833965891859214	0.00216706065298415427	0.251508076792893803	0.356269996362920406	0.00793251575777486462	0.160994827968570363	0.001761694935800226	0.00194492563540625079	0.993273744802320085	0.000675185862741323842	0.00048336420576071735	0.0018815909858612318	0.199071457202793573	0.107726047545938958	0.19301297520907224	0.11559641887815558	0.250984564380376986	0.118418789334771497	0.227892291490215588
T:	0.0814430714180964327	0.159720049825586902	0.337994793130283296	0.182084948677796549	0.723833708206854851	0.270375363368570242	0.23453102519469074	0.00138575222261743301	0.00133702539272854804	0.00339300243451616097	0.00204112594545598541	0.0032157934662846099	0.00935107949164178299	0.00407966473741685232	0.0622769312270006327	0.233356236589234577	0.402755326030773427	0.314593154267143076	0.794712342124525077	0.333701649411105343	0.414240280009615875	0.378860643068236512



2	A..TGTCGGT	0.498547487881946168


A:	0.16155528173075828	0.175228749752238282	0.303869891385962491	0.250570077200276642	0.29716114349913874	0.70391306718207834	0.58991181355714394	0.0947668421232507782	0.188798717246478057	0.140599806203233898	0.0245901622286312804	0.00456269894291322114	0.00506886504490314397	0.00369642807049971484	0.00679267175331236808	0.0015995020494853753	0.00138575222261743301	0.118338503794277436	0.186754279128068546	0.19196609898450594	0.00215612415249318712	0.310344246393863976	0.0602619043105073349
C:	0.298871387005513789	0.368894885339486916	0.3395731041247434	0.142221899218213692	0.301905267811012133	0.00915770877807045188	0.213005481651945831	0.0745948836042084269	0.149548020894219391	0.0143893536155613776	0.00312299972163894279	0.00630018962449895743	0.98930988193605653	0.00197478527218259741	0.00206971999909136321	0.280021464510993484	0.00793251575777486462	0.0791857268219035159	0.348303468002335156	0.249277992688291448	0.00461937112591485105	0.202090898050965625	0.664708344742935508
G:	0.185791137956630035	0.0609071340119346845	0.126906915528524941	0.501742441385558101	0.214286677647621924	0.162537423366739861	0.169581967166476087	0.173819008890464469	0.0758563552634829181	0.0948353451889818624	0.961296087492417488	0.0362804556839112929	0.00244233630603398936	0.98917183181148603	0.988701642252091296	0.00112528614327355741	0.970066625468591126	0.782417533205362865	0.357419295975509537	0.289522620409568297	0.949781866785792137	0.358130876691335817	0.0667929147974787928
T:	0.353782193307097896	0.394969230896340117	0.229650088960769168	0.105465582195951565	0.186646911042227203	0.124391800673111347	0.0275007376244341424	0.656819265382076326	0.585796906595819634	0.750175494992222862	0.0109907505573122893	0.952856655748676528	0.00317891671300633653	0.00515695484583165806	0.00243596599550497227	0.717253747296247583	0.0206151065510165769	0.0200582361784561832	0.107522956894086761	0.269233287917634314	0.043442637935799825	0.129433978863834583	0.208236836149078365



3	AA..TGTCGG	0.497948616143067481


A:	0.228866830880080465	0.145495687566820533	0.20233558547405249	0.216967243659195216	0.155450632097858516	0.0982720172657732891	0.671478934835998042	0.565770264221248909	0.266604936136420571	0.194449532105666314	0.109404579400112289	0.217653929859763222	0.018979630758910257	0.0430163614723581583	0.0240205684806870992	0.0354436211920510345	0.0372806639529221559	0.0110947581874318076	0.324079279389697866	0.300227694941357963	0.718832272018560554	0.184461182048262013
C:	0.448117990495108799	0.230220615038769543	0.221862248114832471	0.316158861772425601	0.332607411711331677	0.0882840555038943449	0.294177500593638804	0.271811011377624198	0.108058762351477796	0.238322995403798137	0.0359340329631677454	0.00590666919807604644	0.0768057763782010922	0.927726048968753927	0.0218359922205843774	0.0732448490426611885	0.0687359788071065377	0.114117870450660389	0.195723039414514819	0.293421571969949817	0.115691856759170885	0.000219477259356662535
G:	0.0261722496583358578	0.201074043613746292	0.282162304555882427	0.23097403706331502	0.106149274496638628	0.154899370303374905	0.0232639482343286513	0.121959781594449134	0.151820437972196048	0.187663206443228906	0.0956238771017808576	0.768788270901727453	0.0549184579449644444	0.0152331508717314702	0.930733908393004128	0.885081215568732104	0.000380280737952811682	0.777476000758187973	0.360006045481131122	0.238943394742418632	0.144459290971722707	0.698865918668742002
T:	0.296842928966474879	0.423209653780663631	0.293639861855232612	0.235899857505064164	0.405792681694171178	0.658544556926957461	0.0110796163360345019	0.0404589428066777594	0.473515863539905585	0.379564266047306642	0.759037510534939108	0.00765113004043327894	0.849296134917924206	0.0140244386871564443	0.0234095309057243957	0.00623031419655567298	0.893603076502018495	0.097311370603719831	0.120191635714656192	0.167407338346273588	0.0210165802505458532	0.116453422023639323



4	CACCGAC..A	0.497263718629543236


A:	0.142577896247626274	0.444927292400045124	0.231524377483449135	0.462978426611726753	0.0949980692576652498	0.208987444851827123	0.0475712365741825672	0.0425061516039080224	0.870786834886736614	0.00209185939800714232	0.00193467877130949157	0.00123782101284090621	0.894477058058683852	0.0125632255445761445	0.91166522147180287	0.331809866819785801	0.626670746004967976	0.240690239297485078	0.450891411300559347	0.147251353180474521	0.653751485234940714	0.273428671508147064	0.314549850825022575
C:	0.29758350358298828	0.153694316878862597	0.562059005140824316	0.125700200157139459	0.296126011274736954	0.454194016214227964	0.544713288382268604	0.93836625685115919	0.000687428829103712462	0.993140353638454064	0.992208594878986016	0.00253157527523561524	0.0871991657559323009	0.979505669077168736	0.0241762563153352652	0.148125176060437725	0.08586303270016461	0.214053409170572233	0.00911562075468733714	0.372363220986644458	0.11610716785710166	0.336689129639134644	0.204124933531659407
G:	0.295402115808667314	0.255689818966974239	0.139314042497166444	0.214129761735779909	0.150642349377784816	0.207414909456015516	0.304288970831292903	0.0178625013599610762	0.127648667604229538	0.00310357142984866049	0.00156302830164238691	0.992977099158086695	0.000743179675529599347	0.000915279928089193316	0.0018815909858612318	0.268994538774725507	0.182414464550089155	0.342543068395851469	0.200118376093611863	0.124678242698920559	0.143034014669837	0.189617157030929249	0.130418879332266448
T:	0.264436484360718132	0.14568857175411804	0.067102574878560104	0.197191611495353879	0.458233570089812981	0.129403629477929396	0.103426504212255926	0.00126509018497171189	0.000877068679930134739	0.00166421553369013329	0.00429369804806210533	0.00325350455383678317	0.0175805965098542473	0.00701582545016592575	0.0622769312270006327	0.251070418345050968	0.105051756744778259	0.20271328313609122	0.339874591851141452	0.355707183133960463	0.0871073322381206263	0.200265041821789043	0.35090633631105157



5	CCACCGAC	0.497086267502831984


A:	0.507041010959097858	0.142577896247626274	0.444927292400045124	0.231524377483449135	0.462978426611726753	0.0949980692576652498	0.208987444851827123	0.0475712365741825672	0.0347789519352899787	0.803977930314957727	0.00177453528336331284	0.00266153972560786171	0.000726554178714872821	0.832447793776648572	0.0202748192925143707	0.91166522147180287	0.331809866819785801	0.626670746004967976	0.240690239297485078	0.450891411300559347	0.147251353180474521	0.653751485234940714
C:	0.0676203617340367821	0.29758350358298828	0.153694316878862597	0.562059005140824316	0.125700200157139459	0.296126011274736954	0.454194016214227964	0.544713288382268604	0.908764987224619894	0.000607348312270086806	0.992888766148882513	0.993254940105433303	0.00354835289311181022	0.152816983722460044	0.969648941659235236	0.0241762563153352652	0.148125176060437725	0.08586303270016461	0.214053409170572233	0.00911562075468733714	0.372363220986644458	0.11610716785710166
G:	0.251998992603136082	0.295402115808667314	0.255689818966974239	0.139314042497166444	0.214129761735779909	0.150642349377784816	0.207414909456015516	0.304288970831292903	0.0530811104652688333	0.194126262702641413	0.00365484495819874222	0.00232751149494069054	0.991323223551522291	0.000772955553243957828	0.000965078859064182143	0.0018815909858612318	0.268994538774725507	0.182414464550089155	0.342543068395851469	0.200118376093611863	0.124678242698920559	0.143034014669837
T:	0.173339634703729278	0.264436484360718132	0.14568857175411804	0.067102574878560104	0.197191611495353879	0.458233570089812981	0.129403629477929396	0.103426504212255926	0.00337495037482129361	0.00128845867013077317	0.0016818536095554317	0.00175600867401814453	0.00440186937665102649	0.0139622669476474263	0.00911116018918621078	0.0622769312270006327	0.251070418345050968	0.105051756744778259	0.20271328313609122	0.339874591851141452	0.355707183133960463	0.0871073322381206263



