1	A.GGCGGCG	0.495323381241665432


A:	0.226634658822640824	0.243106134881509902	0.147325638446931937	0.463248537299719986	0.209039004436025943	0.352023679820195306	0.229706188736511945	0.482402910687520035	0.116031026113493159	0.0227279031528906684	0.0420846668638719609	0.00740716754329178327	0.00170376434164339824	0.00367861143767467794	0.00274423616641153093	0.0163342767054098355	0.0420979791544723299	0.215570365757973598	0.566617463025677684	0.114132224396949106	0.421554019342452755	0.364907484524950366	0.619196361805399172
C:	0.274526482192502319	0.377245311172546169	0.0945692776018465039	0.100970228305622868	0.124710310448255314	0.154159649464488316	0.103735888428927912	0.125525656148610769	0.467092954126587993	0.0377538443590438486	0.0167642570127632891	0.975986554590102471	0.00791822747350061852	0.0502458946583308537	0.984258068492344186	0.0129355267638129095	0.448669633237882763	0.246533381559585287	0.192345373261704855	0.578238428202183066	0.193574251958023823	0.123668912051309614	0.0342036848361027375
G:	0.335555013683273025	0.238361661182217316	0.388227711460056014	0.283949401285548309	0.381117478591780761	0.184300263419347676	0.211404545387705887	0.258969506528628046	0.0225754612793649423	0.855508519929144674	0.885198277936107514	0.00157680202169865383	0.981602917165888818	0.943057305009064043	0.00306618649847699312	0.899268502096476807	0.471587156806739005	0.184969318686656279	0.0907078686481417129	0.0517571341679584914	0.0673899155138164397	0.105931819630573148	0.246310061952008789
T:	0.163283845301583833	0.141286892763726613	0.369877372491165545	0.151831833109108838	0.285133206523937982	0.309516407295968702	0.455153377446854256	0.13310192663524115	0.394300558480553906	0.084009732558920809	0.0559527981872572362	0.0150294758449070923	0.00877509101896716509	0.00301818889493042574	0.0099315088427672896	0.0714616944343004485	0.0376452308009059018	0.352926933995784836	0.150329295064475748	0.255872213232909337	0.317481813185706982	0.405491783793166873	0.100289891406489302



2	C.GCCGCCG	0.495321117531815413


A:	0.0608341547523416309	0.325212119144112006	0.29821918785572867	0.179683390326434903	0.109406939860731795	0.156149039486069074	0.294689349826375761	0.0612610365115721373	0.0763436108361542318	0.0142591624808807378	0.00509037790811423444	0.00911703675654655087	0.0067054657806556803	0.0107465429890966805	0.00858747875767615091	0.310923035694505999	0.186038150757276123	0.277724895059554135	0.549625014964253209	0.515776920505289451	0.0789663441370791944	0.526055753637165645	0.142215926763890855
C:	0.113871625659602381	0.116757261338789352	0.107493349522581911	0.530543986020042506	0.299285698613771818	0.0675442198352225725	0.117900318473508118	0.790272523292188223	0.811126306077076103	0.00576072304609179763	0.967981758442651651	0.937639947139038112	0.00213320757518838263	0.948126501588589002	0.972486957659872006	0.0125555486442647378	0.48849629389460262	0.578150055442103862	0.112069577077302079	0.103586202222906159	0.162853125928076614	0.177745616152244086	0.429463834368472674
G:	0.0638718970621577374	0.0760058671095968797	0.365104119816906674	0.150553072611250346	0.324517252215921232	0.278017617152113689	0.461981695937523795	0.0860911268636679969	0.0940940519117593832	0.951319499350253641	0.0224556052117134609	0.0479851149008305794	0.98627401818603491	0.0346317693175407333	0.0135886922996069717	0.658319126152796712	0.115974743613850598	0.106764243017063941	0.225746747983875935	0.239402439485253744	0.0498329873792725125	0.0364861185911205395	0.381522068751299412
T:	0.761422322525898251	0.482024752407501762	0.229183342804782745	0.139219551042272244	0.266790109309575155	0.498289123526594664	0.125428635762592326	0.0623753133325716423	0.0184360311750102821	0.0286606151227738233	0.00447225843752065319	0.00525790120358475785	0.00488730845812102711	0.00649518610477358437	0.00533687128284487183	0.0182022895084325521	0.209490811734270659	0.0373608064812780624	0.112558659974568777	0.141234437786550646	0.708347542555571679	0.25971251161946973	0.0467981701163370588



3	CGCCGCCG	0.495163069425923182


A:	0.100289891406489302	0.405491783793166873	0.317481813185706982	0.255872213232909337	0.150329295064475748	0.352926933995784836	0.0376452308009059018	0.102357223808598111	0.0223485064017307363	0.00228758573110367269	0.0177483337564158909	0.0151513575219459836	0.014842639939180776	0.0177462932513669842	0.394300558480553906	0.13310192663524115	0.455153377446854256	0.309516407295968702	0.285133206523937982	0.151831833109108838	0.369877372491165545	0.141286892763726613
C:	0.246310061952008789	0.105931819630573148	0.0673899155138164397	0.0517571341679584914	0.0907078686481417129	0.184969318686656279	0.471587156806739005	0.788686581573967498	0.00773718305774783757	0.840875765684961216	0.964626839003989162	0.00138136657685533376	0.922375168738187309	0.952605526928967702	0.0225754612793649423	0.258969506528628046	0.211404545387705887	0.184300263419347676	0.381117478591780761	0.283949401285548309	0.388227711460056014	0.238361661182217316
G:	0.0342036848361027375	0.123668912051309614	0.193574251958023823	0.578238428202183066	0.192345373261704855	0.246533381559585287	0.448669633237882763	0.0308145811619815486	0.956160239437894749	0.147701669944102681	0.0152581198311736031	0.977514516304293028	0.0496240984642824189	0.017451901598816918	0.467092954126587993	0.125525656148610769	0.103735888428927912	0.154159649464488316	0.124710310448255314	0.100970228305622868	0.0945692776018465039	0.377245311172546169
T:	0.619196361805399172	0.364907484524950366	0.421554019342452755	0.114132224396949106	0.566617463025677684	0.215570365757973598	0.0420979791544723299	0.0781416134554528428	0.0137540711026266775	0.00913497863983243045	0.0023667074084213438	0.00595275959690565503	0.0131580928583494965	0.0121962782208483956	0.116031026113493159	0.482402910687520035	0.229706188736511945	0.352023679820195306	0.209039004436025943	0.463248537299719986	0.147325638446931937	0.243106134881509902



4	GCGCCGCC	0.49510088412525931


A:	0.188878075606926842	0.100289891406489302	0.405491783793166873	0.317481813185706982	0.255872213232909337	0.150329295064475748	0.352926933995784836	0.0376452308009059018	0.0243582366365163129	0.0060207792061238043	0.00199010348087302733	0.0137711839561311471	0.0138698325179924523	0.0528047257938677887	0.0570294630171798166	0.394300558480553906	0.13310192663524115	0.455153377446854256	0.309516407295968702	0.285133206523937982	0.151831833109108838	0.369877372491165545
C:	0.372409874140305887	0.246310061952008789	0.105931819630573148	0.0673899155138164397	0.0517571341679584914	0.0907078686481417129	0.184969318686656279	0.471587156806739005	0.941130626343429399	0.00277246754816860992	0.885049764286728534	0.975457481899703692	0.00167389888805083956	0.890311490866268964	0.863246712220706298	0.0225754612793649423	0.258969506528628046	0.211404545387705887	0.184300263419347676	0.381117478591780761	0.283949401285548309	0.388227711460056014
G:	0.0738275959524772699	0.0342036848361027375	0.123668912051309614	0.193574251958023823	0.578238428202183066	0.192345373261704855	0.246533381559585287	0.448669633237882763	0.00776679887107606715	0.985437762724779149	0.108389389573219912	0.00932005789410932329	0.975945123403911886	0.0125290999924847315	0.0446470744904669209	0.467092954126587993	0.125525656148610769	0.103735888428927912	0.154159649464488316	0.124710310448255314	0.100970228305622868	0.0945692776018465039
T:	0.364884454300290002	0.619196361805399172	0.364907484524950366	0.421554019342452755	0.114132224396949106	0.566617463025677684	0.215570365757973598	0.0420979791544723299	0.0267443381489782205	0.00576899052092843683	0.00457074265917852674	0.00145127625005583799	0.00851114519004482213	0.0443546833473785159	0.0350767502716469646	0.116031026113493159	0.482402910687520035	0.229706188736511945	0.352023679820195306	0.209039004436025943	0.463248537299719986	0.147325638446931937



5	CGCCGCCA	0.494624936806689484


A:	0.100289891406489302	0.405491783793166873	0.317481813185706982	0.255872213232909337	0.150329295064475748	0.352926933995784836	0.0376452308009059018	0.233916450877083554	0.006217828500268089	0.00305005596032418308	0.0150794732572394761	0.0121019662603655087	0.150619733332882401	0.0962111458584119302	0.394300558480553906	0.13310192663524115	0.455153377446854256	0.309516407295968702	0.285133206523937982	0.151831833109108838	0.369877372491165545	0.141286892763726613
C:	0.246310061952008789	0.105931819630573148	0.0673899155138164397	0.0517571341679584914	0.0907078686481417129	0.184969318686656279	0.471587156806739005	0.720198565751155856	0.00118819778704432972	0.921919390292837839	0.975973138449185154	0.00367650073722853821	0.578894789043907258	0.768384026937439236	0.0225754612793649423	0.258969506528628046	0.211404545387705887	0.184300263419347676	0.381117478591780761	0.283949401285548309	0.388227711460056014	0.238361661182217316
G:	0.0342036848361027375	0.123668912051309614	0.193574251958023823	0.578238428202183066	0.192345373261704855	0.246533381559585287	0.448669633237882763	0.0175177049632246319	0.988866897006004631	0.072207102133832992	0.00692762907949245015	0.977990676424494168	0.0138574910757101494	0.00576597089519515422	0.467092954126587993	0.125525656148610769	0.103735888428927912	0.154159649464488316	0.124710310448255314	0.100970228305622868	0.0945692776018465039	0.377245311172546169
T:	0.619196361805399172	0.364907484524950366	0.421554019342452755	0.114132224396949106	0.566617463025677684	0.215570365757973598	0.0420979791544723299	0.028367278408535958	0.00372707670668295031	0.0028234516130049858	0.00201975921408292005	0.00623085657791178539	0.256627986547500191	0.12963885630895368	0.116031026113493159	0.482402910687520035	0.229706188736511945	0.352023679820195306	0.209039004436025943	0.463248537299719986	0.147325638446931937	0.243106134881509902



