1	A.GCCGGC.T	0.479386813513915761


A:	0.393480100889963141	0.378491890050514108	0.305164721283570404	0.296148730924457653	0.385778635409081897	0.341780818350051104	0.601886519876614773	0.270335177488415983	0.0542279016604002112	0.0760833373841215168	0.00463719317512127968	0.0230743878361503935	0.0297879919986347595	0.00260698858217161911	0.292429159413719313	0.074156774150195762	0.6655034373213708	0.111876900682891881	0.316885880954602899	0.258736176420431345	0.145027831396284894	0.0937461047292235936	0.0855087116363346078
C:	0.318182862617876123	0.0644246478609481036	0.419188725861067174	0.471263504538270056	0.185405237012352984	0.235430797318601336	0.246138653796660845	0.209118860294754145	0.00112729236343519981	0.651363902683977764	0.962592975306767365	0.00969544368196096184	0.24276476793326596	0.94203781739399297	0.13712238588348897	0.0778180521765286209	0.0227562617346266635	0.559037028438919813	0.323668704166333765	0.356472678543121009	0.574339087823684877	0.170971722201027934	0.389758882774953389
G:	0.234348189883787584	0.394326062956025397	0.109744490181429668	0.124945163286871013	0.221925391469375291	0.219502763851988792	0.0778180521765286209	0.328345506089305144	0.94203781739399297	0.24276476793326596	0.00969544368196096184	0.962592975306767365	0.651363902683977764	0.00112729236343519981	0.343277623957201046	0.246138653796660845	0.165243861091089835	0.175362329806095823	0.102389043775785238	0.204726395595882901	0.0682787788064768003	0.505257212407020241	0.330226209800318734
T:	0.0539888466083731523	0.162757399132512391	0.165902062673932754	0.107642601250401278	0.206890736109189828	0.203285620479358768	0.074156774150195762	0.192200456127524729	0.00260698858217161911	0.0297879919986347595	0.0230743878361503935	0.00463719317512127968	0.0760833373841215168	0.0542279016604002112	0.227170830745590672	0.601886519876614773	0.146496439852912701	0.153723741072092483	0.257056371103278098	0.180064749440564746	0.212354301973553428	0.230024960662728231	0.194506195788393269



2	CAGCCG.CC	0.477716015683160455


A:	0.191073096838947628	0.196968057157733892	0.401108270678210076	0.254032611410790043	0.398106306814306529	0.103744357025549644	0.380356554962017642	0.0292702167869483349	0.687842188521320293	0.0110042552925697374	0.0044073288304573214	0.00924206570069782549	0.0398307920465286889	0.246023604636466571	0.00906150051391113776	0.125383236604663479	0.538997445718263898	0.258016248444112293	0.150856845291884078	0.254032794431591034	0.0475871691192271251	0.489826747492968815	0.708318568172063912
C:	0.31882880597741213	0.187269036738766506	0.109182141021394664	0.204397521525089469	0.245344703624824137	0.0926424206176979836	0.303044701172324758	0.744199025337795737	0.131402301250950484	0.00338526422836031864	0.969440676491360627	0.975453455509534631	0.0173840556724147639	0.28419635313258364	0.976679793597099747	0.592885268067418978	0.156611980062038991	0.122071961502592298	0.252672116313286483	0.276157251880310412	0.331575904658448737	0.168695183134728982	0.168291785849684719
G:	0.220124374257996374	0.0929405685690429426	0.364740640485087403	0.169508549406575987	0.112130165127639959	0.142444486129297009	0.115284216552210988	0.0566588876817047603	0.131818284292725757	0.982558754592983628	0.0149060764215891867	0.00404011801651263852	0.932761622862202357	0.12067945577186581	0.00673432186323397596	0.142141747232847833	0.211961563240033612	0.161000378344113889	0.426949851436797224	0.130685094164199529	0.290052455837350202	0.200111238580275941	0.0469482059509170624
T:	0.269973722925643868	0.52282233753445666	0.124968947815307857	0.372061317657544502	0.244418824433229375	0.661168736227455363	0.201314527313446613	0.169871870193551168	0.0489372259350034655	0.00305172588608631547	0.0112459182565928648	0.011264360773254905	0.0100235294188541905	0.349100586459083979	0.00752438402575513908	0.13958974809506971	0.0924290109796634987	0.45891141170918152	0.169521186958032215	0.339124859523899025	0.330784470384973936	0.141366830792026262	0.0764414400273343067



3	A.GGCGGGC	0.476605538736413718


A:	0.156344377437351734	0.344607944390844367	0.197461719684467825	0.319538990512475343	0.154466912232635164	0.450479783071669563	0.466918562525916183	0.78847003379927863	0.175766115248480973	0.00776418486705029972	0.0158723022727633586	0.00770764908222221612	0.0295628005151751354	0.00258267026736352202	0.00623727124443227642	0.00873326971525393209	0.124233740903456105	0.259663375585685728	0.292599929502070445	0.156684304419653355	0.238303011135990825	0.178404379383007131	0.153853045708087637
C:	0.480391521139328723	0.142130725940472404	0.330578103504726654	0.189343818617626914	0.0994087190010887117	0.113869333653165714	0.0564414408167926014	0.0268955190004041337	0.389033712363250127	0.00890394536033330306	0.00958882034559166718	0.801399407457744167	0.231661671056446589	0.015951511576660477	0.589189566406331377	0.975784592310994466	0.16006736207297823	0.237716006553104047	0.230790399405129147	0.344221477150290104	0.131443140016191996	0.157461720588053896	0.109000338935594535
G:	0.135398275085720426	0.231651520462038988	0.243032951216376106	0.197551124790463117	0.521143898472891071	0.201675723465000264	0.217268653593859059	0.104826093851167673	0.124507516581617868	0.972823407570383016	0.956884909964918422	0.00311668396779560165	0.706952553058458111	0.927538874767225187	0.366881557369771034	0.00407800455277238479	0.582686847166252113	0.173921024679261395	0.103031167974083105	0.114495701803373831	0.192028141752748885	0.462239761448504797	0.214314189651227303
T:	0.227865826337599118	0.281609809206644242	0.228927225594429415	0.293566066079434626	0.224980470293385054	0.23397515981016446	0.259371343063432157	0.0798083533491495639	0.310692655806651032	0.0105084622022333812	0.0176539674167265526	0.187776259492238016	0.031822975369920165	0.0539269433887508137	0.0376916049794653123	0.0114041334209792168	0.133012049857313552	0.32869959318194883	0.373578503118717303	0.38459851662668271	0.438225707095068295	0.201894138580434177	0.522832425705090524



4	C.CGCC.ACC	0.476490768772643804


A:	0.46971038112159458	0.285560053989013386	0.117151332233372556	0.0545286866070228316	0.156700524160582318	0.249101420033216586	0.178343906843302889	0.0489490256245252827	0.0348436154018243765	0.00261421955623255903	0.00121782045501642468	0.0106888591555683503	0.0430893650901515755	0.700503375021585662	0.00580367432311027184	0.0125996070774139232	0.438892977252426401	0.367123441407590877	0.864387191512198641	0.246222148214027021	0.0550128590260097091	0.324329447953896888	0.42162648114734748
C:	0.20361662817148593	0.120658945190261253	0.300667318977640077	0.472732286789430091	0.364992183518443276	0.215400902150728407	0.577809385551031623	0.378158810534839199	0.904782236155917228	0.00492728878375938608	0.968242469096918123	0.984072508210379274	0.253399351210649972	0.0245016598413765835	0.951683589280769889	0.939068833824431699	0.141800785267463259	0.132268257883971434	0.0553875423749183551	0.246222148214027021	0.18771880687736811	0.0486473507484693606	0.0746559519269501744
G:	0.108228195361473315	0.287554844674137109	0.187062739674447862	0.401692670117523457	0.239153646160487203	0.18161342235663719	0.119195065374145109	0.549115900020396908	0.0589350766371449079	0.987346790414926441	0.0236334174806239097	0.00264898982836019751	0.391259186498466989	0.257090745277846242	0.00462926323064477324	0.00974215138942036118	0.251987646464613574	0.291795152767867645	0.0390462385530408524	0.315242083546997855	0.0905881797759768354	0.235761809263151859	0.10872747220095472
T:	0.218444795345446175	0.306226156146588253	0.395118609114539505	0.0710463564860236204	0.239153646160487203	0.353884255459417817	0.124651642231520379	0.0237762638202386101	0.00143907180511348767	0.00511170124508161366	0.00690629296744154299	0.00258964280569217777	0.312252097200731464	0.0179042198591915132	0.0378834731654750664	0.0385894077087340168	0.167318591015496765	0.208813147940570044	0.0411790275598421516	0.192313620024948103	0.666680154320645346	0.391261392034481893	0.394990094724747626



5	G.CGGCTG.A	0.475692307692307692


A:	0.141366830792026262	0.330784470384973936	0.339124859523899025	0.169521186958032215	0.45891141170918152	0.0924290109796634987	0.13958974809506971	0.00929088206059966632	0.349100586459083979	0.00420864932075096454	0.00366950243367256802	0.00462931269173859523	0.00349798235146217078	0.0559777104091512265	0.157450575053017562	0.201314527313446613	0.661168736227455363	0.244418824433229375	0.372061317657544502	0.124968947815307857	0.52282233753445666	0.269973722925643868	0.0256421182005910214
C:	0.200111238580275941	0.290052455837350202	0.130685094164199529	0.426949851436797224	0.161000378344113889	0.211961563240033612	0.142141747232847833	0.0032533592821157695	0.12067945577186581	0.946245672908084107	0.00390035948115671516	0.0325230149797092783	0.985577943577303365	0.0979658451626608737	0.0629012966835761008	0.115284216552210988	0.142444486129297009	0.112130165127639959	0.169508549406575987	0.364740640485087403	0.0929405685690429426	0.220124374257996374	0.209936229616234991
G:	0.168695183134728982	0.331575904658448737	0.276157251880310412	0.252672116313286483	0.122071961502592298	0.156611980062038991	0.592885268067418978	0.9767784681500149	0.28419635313258364	0.0081589059298030451	0.983956670784041599	0.938470282245180826	0.00244255614225628589	0.175745978048637125	0.733375276562665655	0.303044701172324758	0.0926424206176979836	0.245344703624824137	0.204397521525089469	0.109182141021394664	0.187269036738766506	0.31882880597741213	0.343247957831288329
T:	0.489826747492968815	0.0475871691192271251	0.254032794431591034	0.150856845291884078	0.258016248444112293	0.538997445718263898	0.125383236604663479	0.0106772905072696646	0.246023604636466571	0.0413867718413618837	0.00847346730112911784	0.0243773900833713008	0.00848151792897817856	0.670310466379550775	0.0462728517007406828	0.380356554962017642	0.103744357025549644	0.398106306814306529	0.254032611410790043	0.401108270678210076	0.196968057157733892	0.191073096838947628	0.421173694351885659



