1	G.CGGCGGC	0.496909689480040366


A:	0.128523183057981718	0.0887823902101522967	0.168824474162589649	0.0970949708874328292	0.258279246454287887	0.156236793951332776	0.175311115765754962	0.134164570078002751	0.20495269327871421	0.0429365850616743581	0.00800343564557120987	0.00755376678329563914	0.00159918673444488215	0.0182821835077593285	0.0117768686790035189	0.0217104735006145073	0.0121586136110992702	0.0720885766617608322	0.256031841353722593	0.239608647147981409	0.530333143812597126	0.361096989778823743	0.232391594949224325
C:	0.0811965997659671877	0.350382666967881195	0.405195697657230265	0.445522502910006741	0.175852793334365886	0.149383557922119081	0.363018546436046329	0.0203805918018921783	0.223369958625804573	0.844064990289237496	0.00630266835667048832	0.0766276344954490311	0.975881753351569241	0.0687979925741356759	0.174291682080407756	0.880473863224074632	0.0601027680324127159	0.0845308793698169936	0.479365872549423201	0.266694534147453146	0.392638800390730024	0.0976369265341106407	0.164610360006660282
G:	0.466700570199901517	0.212161045120793709	0.224985875278649777	0.14207034603227938	0.187136276658578418	0.638205420505420271	0.109852046999502857	0.771815220024533131	0.366632490821905601	0.0405347501180493821	0.978103178951448313	0.910530197434707098	0.0033391507071665952	0.891498402325868229	0.799331424747723828	0.0675745209095479242	0.668260604866630212	0.74334515047075645	0.20516997315205518	0.202249571025071592	0.0253343509746693457	0.384683914522040769	0.525917665363977899
T:	0.323579646976149577	0.348673897701172799	0.200993952901530309	0.31531218017028105	0.378731683552767808	0.0561742276211278723	0.351818290798695853	0.0736396180955719399	0.205044857273575616	0.0724636745310387634	0.00759071704630998856	0.00528840128654823169	0.019179909206819282	0.0214214215922367665	0.014600024492864897	0.0302411423657629363	0.259478013489857802	0.100035393497665725	0.0594323129447990263	0.291447247679493853	0.0516937048220035046	0.156582169165024848	0.0770803796801374942



2	CG.CGGCG.C	0.49673520028358738


A:	0.158867005405748908	0.0549400568065874163	0.0745012117273838868	0.0777623007037438701	0.216123163712025981	0.222405572829144377	0.0558589665843874403	0.042709308789184274	0.0742106809289928693	0.0202606519444371571	0.00641326785099972763	0.00388225372301231632	0.00656782640774782935	0.0334819719157905079	0.0117768686790035189	0.0579624734216316895	0.0429993482799204172	0.501993053313844491	0.0288170584190458138	0.17056315704515731	0.0472432498909814399	0.282010565518393547	0.127972326770212928
C:	0.055631327524510556	0.600494371956901125	0.336350257154259131	0.24667897500348849	0.262233001353299162	0.352962258967653767	0.765838904011408261	0.00678368614325093535	0.111843180841079443	0.942076924318070313	0.0111769750226102392	0.284187321642332435	0.97242219526693557	0.074878009571212054	0.174291682080407756	0.820820993363472881	0.235487370536085706	0.186737105458587629	0.80917449346402985	0.153599808142710414	0.41510739799325966	0.24774428120964298	0.161614318671343379
G:	0.597866866316132655	0.165916319072038168	0.211206950139070476	0.496017428263993036	0.408206451007567721	0.248599813196128335	0.0632549732046798305	0.928942090433705619	0.765678813335154064	0.0152825294473626124	0.964524674656144879	0.706525053996838178	0.00711349990515451914	0.852643938033502544	0.799331424747723828	0.0500639516933120978	0.25207704131851927	0.181289497378629551	0.0605286947719501807	0.337174007553284269	0.443406280782941234	0.407264157390289343	0.422668196595152525
T:	0.18763480075360788	0.17864925216447329	0.377941580979286506	0.179541296028774604	0.113437383927107135	0.176032355007073521	0.115047156199524468	0.021564914633859172	0.0482673248947736233	0.0223798942901299179	0.0178850824702451539	0.0054053706378170708	0.0138964784201620811	0.0389960804794948937	0.014600024492864897	0.0711525815215833313	0.469436239865474607	0.129980343848938329	0.101479753344974156	0.338663027258848007	0.0942430713328176665	0.0629809958816741295	0.287745157963291168



3	AGCCGCCG	0.49660015882469724


A:	0.0940297690531286547	0.0770803796801374942	0.156582169165024848	0.0516937048220035046	0.291447247679493853	0.0594323129447990263	0.100035393497665725	0.259478013489857802	0.0139606434773275322	0.0120022341338971391	0.014611341779627486	0.00864012202443942937	0.00757552117342417969	0.0028121616829157194	0.162964046020469027	0.205044857273575616	0.0736396180955719399	0.351818290798695853	0.0561742276211278723	0.378731683552767808	0.31531218017028105	0.200993952901530309
C:	0.108769335708714948	0.525917665363977899	0.384683914522040769	0.0253343509746693457	0.202249571025071592	0.20516997315205518	0.74334515047075645	0.668260604866630212	0.0106374976509328413	0.899332328118743022	0.961328721364416009	0.00320779763172668458	0.894283005511710919	0.981852165260612255	0.0646398179057868858	0.366632490821905601	0.771815220024533131	0.109852046999502857	0.638205420505420271	0.187136276658578418	0.14207034603227938	0.224985875278649777
G:	0.659348726656058802	0.164610360006660282	0.0976369265341106407	0.392638800390730024	0.266694534147453146	0.479365872549423201	0.0845308793698169936	0.0601027680324127159	0.967883874566289127	0.0770788388720865521	0.0174642264138937177	0.98520266201916357	0.0920008893864489969	0.00560000722937131319	0.734349213858271672	0.223369958625804573	0.0203805918018921783	0.363018546436046329	0.149383557922119081	0.175852793334365886	0.445522502910006741	0.405195697657230265
T:	0.137852168582097595	0.232391594949224325	0.361096989778823743	0.530333143812597126	0.239608647147981409	0.256031841353722593	0.0720885766617608322	0.0121586136110992702	0.00751798430545049989	0.0115865988752732869	0.00659571044206278716	0.00294941832467031567	0.00614058392841590457	0.00973566582710071235	0.0380469222154724155	0.20495269327871421	0.134164570078002751	0.175311115765754962	0.156236793951332776	0.258279246454287887	0.0970949708874328292	0.168824474162589649



4	CCGCCGCC	0.496459181309771998


A:	0.151577336860483535	0.224076381554691431	0.19336396981666486	0.0342473744775011987	0.0798374337192560817	0.467194043587167495	0.0780732814122479924	0.0669620365172406796	0.248412199608907165	0.0118270487786857642	0.0102701342705883819	0.015369787715118376	0.0126227806027811234	0.0386642943388175515	0.0115931483339834651	0.208522955814093923	0.150164495068873867	0.0492400211620077106	0.213900176280633732	0.388440317942435168	0.235909090210817009	0.213890859105931618
C:	0.1694374138715752	0.296356907660322247	0.414869136810494634	0.0939310334929357388	0.198164595412435564	0.362163861076262331	0.540664637260591375	0.410933265220196537	0.629718575377263611	0.00360144499284613982	0.959874506373319416	0.975576554514008854	0.00818313544706056301	0.849400782964386588	0.965106919904742976	0.0481541847742388059	0.391162068267951706	0.272995139459482624	0.333605866255200138	0.213120824784153518	0.299894954562502325	0.357576955965398857
G:	0.38950300776198375	0.233963986628771671	0.291029048062912847	0.472745368327050995	0.18572622660964719	0.0684623471746352935	0.283931993794486427	0.507105219129826124	0.103158390446510574	0.981666529301309128	0.0235953335785578317	0.00492290353076182697	0.968830313648813666	0.0673559242198567734	0.0130654036318447904	0.647771615178216877	0.107931001635727933	0.346292475988410557	0.217092367975143795	0.367556663809875973	0.256149564937121535	0.154415055338021343
T:	0.289482241505957515	0.245602724156214651	0.10073784530992766	0.399076223702512068	0.536271744258661165	0.102179748161934881	0.0973300875326742061	0.0149994791327366587	0.0187108345673186492	0.00290497692715896768	0.00626002577753437018	0.00413075424011094348	0.0103637703013446474	0.0445789984769390872	0.0102345281294287688	0.0955512442334503941	0.350742435027446494	0.331472363390099109	0.235401589489022335	0.030882193463535341	0.208046390289559131	0.274117129590648182



5	CGCCGCCG	0.496122443915028787


A:	0.224076381554691431	0.19336396981666486	0.0342473744775011987	0.0798374337192560817	0.467194043587167495	0.0780732814122479924	0.0669620365172406796	0.259478013489857802	0.00919937682012817839	0.00598308530282809295	0.00888369748861222141	0.00494734274340597394	0.00476782176677333918	0.00322945802252188962	0.208522955814093923	0.150164495068873867	0.0492400211620077106	0.213900176280633732	0.388440317942435168	0.235909090210817009	0.213890859105931618	0.410322778498595521
C:	0.296356907660322247	0.414869136810494634	0.0939310334929357388	0.198164595412435564	0.362163861076262331	0.540664637260591375	0.410933265220196537	0.668260604866630212	0.00591891191588730445	0.969018258467647946	0.968800890479892614	0.0033231865147101262	0.854681337930886774	0.987178227660691762	0.0481541847742388059	0.391162068267951706	0.272995139459482624	0.333605866255200138	0.213120824784153518	0.299894954562502325	0.357576955965398857	0.102166373413685238
G:	0.233963986628771671	0.291029048062912847	0.472745368327050995	0.18572622660964719	0.0684623471746352935	0.283931993794486427	0.507105219129826124	0.0601027680324127159	0.979864018208844626	0.0233104251629524639	0.0200757783808712723	0.988557787312382019	0.135441282657207812	0.00686750835561137922	0.647771615178216877	0.107931001635727933	0.346292475988410557	0.217092367975143795	0.367556663809875973	0.256149564937121535	0.154415055338021343	0.205049832042131436
T:	0.245602724156214651	0.10073784530992766	0.399076223702512068	0.536271744258661165	0.102179748161934881	0.0973300875326742061	0.0149994791327366587	0.0121586136110992702	0.00501769305513989081	0.00168823106657149745	0.00223963365062389213	0.00317168342950188107	0.00510955764513207479	0.00272480596117496926	0.0955512442334503941	0.350742435027446494	0.331472363390099109	0.235401589489022335	0.030882193463535341	0.208046390289559131	0.274117129590648182	0.282461016045587804



