1	A.GGCGGCG	0.473523855385983109


A:	0.147869773102084148	0.243708448505052964	0.0933938146066520757	0.370941884540837389	0.127792778432008081	0.370314384525771132	0.169353624977988323	0.477368021087423763	0.0675976716635755588	0.0299647508171208554	0.0455315984415269216	0.00880452627475820982	0.00998758776233249684	0.0116107969539559132	0.00768953152149944954	0.0313501986248123104	0.0335530011727602328	0.148053229750594065	0.207494204672028718	0.308522193385373362	0.202299529979168408	0.0985153653680558589	0.560094582467118923
C:	0.0682863510260754499	0.272128005539424549	0.0956499634619620735	0.0971170075342796898	0.190057070358160468	0.126849993444682397	0.165494773388160359	0.156184621147429787	0.54611893016040284	0.018554408608013132	0.04050714615877332	0.909973846555637314	0.0183046702714391813	0.0197392560381172369	0.951366376182586751	0.0366996015706114551	0.369365889004743198	0.378403769538710263	0.373831694859737597	0.310789935742102399	0.109179991576253479	0.580536331156859122	0.0616736000556441103
G:	0.624988991462449869	0.401036073892678916	0.566641427867064329	0.0907386234327284947	0.233904681405792646	0.292753855935117987	0.469222897740584216	0.32927821564440498	0.0415905091812097676	0.927110131288489994	0.864885727456235098	0.00543338622237091534	0.9037317826392719	0.949778746445646903	0.0155091280447699029	0.621739869618830521	0.50686702340990229	0.122453464641852998	0.180374522396510822	0.186318580668675753	0.108103915961886882	0.0758098127980707072	0.187633086804011031
T:	0.158854884409390533	0.083127472062843571	0.244314794064321522	0.441202484492154427	0.448245469804038805	0.210081766094428484	0.195928703893267103	0.0371691421207414703	0.344692888994811833	0.0243707092863760186	0.0490755279434646605	0.0757882409472335612	0.0679759593269564224	0.0188712005622799466	0.0254349642511438966	0.310210330185745713	0.0902140864125942793	0.351089536068842673	0.238299578071722863	0.194369290203848485	0.58041656248269123	0.245138490677014312	0.190598730673225935



2	CGCCGCCG	0.469549398264763504


A:	0.190598730673225935	0.245138490677014312	0.58041656248269123	0.194369290203848485	0.238299578071722863	0.351089536068842673	0.0902140864125942793	0.423094263611595277	0.0197972737735525116	0.0132438689433239545	0.0968401668405382193	0.041168703703838316	0.0161459887531376596	0.0113916766775850289	0.344692888994811834	0.0371691421207414703	0.195928703893267103	0.210081766094428484	0.448245469804038805	0.441202484492154427	0.244314794064321522	0.083127472062843571
C:	0.187633086804011031	0.0758098127980707072	0.108103915961886882	0.186318580668675753	0.180374522396510822	0.122453464641852998	0.50686702340990229	0.502342355300895058	0.00965742868646492478	0.9197140983923752	0.877470717811725477	0.00278224186371834314	0.73429878686695959	0.957862030859670599	0.0415905091812097676	0.32927821564440498	0.469222897740584216	0.292753855935117987	0.233904681405792646	0.0907386234327284947	0.566641427867064329	0.401036073892678916
G:	0.0616736000556441103	0.580536331156859122	0.109179991576253479	0.310789935742102399	0.373831694859737597	0.378403769538710263	0.369365889004743198	0.0437198459684830475	0.931415959184772913	0.0496296404749460558	0.0161070172928661799	0.948577246248572636	0.234947614667088077	0.0229144773131973351	0.54611893016040284	0.156184621147429787	0.165494773388160359	0.126849993444682397	0.190057070358160468	0.0971170075342796898	0.0956499634619620735	0.272128005539424549
T:	0.560094582467118923	0.0985153653680558589	0.202299529979168408	0.308522193385373362	0.207494204672028718	0.148053229750594065	0.0335530011727602328	0.0308435351190266184	0.0391293383552096506	0.0174123921893547899	0.00958209805487012388	0.00747180818387070435	0.0146076097128146732	0.00783181514954703675	0.0675976716635755588	0.477368021087423763	0.169353624977988323	0.370314384525771132	0.127792778432008081	0.370941884540837389	0.0933938146066520757	0.243708448505052964



3	AGCCGCC.C	0.467732874006025584


A:	0.176234506686541233	0.399858170188244824	0.045843357517755976	0.173253177268649233	0.255708926492046894	0.12919749293961835	0.0895748653956101422	0.487247284503636577	0.0224086085299150826	0.0323647044904429263	0.101692152780374615	0.0391529262933549604	0.057622840045725408	0.0272580395874514033	0.286551233209008322	0.0399009757899239949	0.182056860163653986	0.0633130343045692057	0.250906522238537075	0.0671748653216466028	0.350595617161327309	0.132224724260715209	0.233137764479709451
C:	0.371178070793044879	0.37707863716273343	0.275363713655947374	0.107888424966749095	0.178624343463080221	0.206008749197905397	0.523526586481099861	0.438224642929921355	0.0253728576593067767	0.915137755798102478	0.864918011677835698	0.0136688814475016022	0.879403944857424461	0.931855954349683902	0.0816768892917261485	0.509760870015154947	0.281059185825306369	0.156937185458831575	0.0930567804561176105	0.213776277170040512	0.308606323387056489	0.0380561884879489933	0.0994362186319710106
G:	0.251934307402754078	0.110432930116293098	0.129390254958508262	0.326582866945400691	0.159228708688610197	0.284888644560752889	0.0793475181600298658	0.0422578426983316394	0.922436317613701639	0.0296491869967189748	0.010541743413585353	0.925682691833791671	0.0386738649319432396	0.0251384425747303423	0.604847825158026814	0.10340638275637139	0.351549576821972928	0.438055604632579307	0.128349954596009875	0.163623802262858527	0.204900998199324744	0.583338328879030506	0.462975563102486137
T:	0.20065311511765981	0.112630262532728648	0.549402673867788389	0.392275530819200981	0.406438021356262688	0.379905113301723364	0.307551029963260131	0.0322702298681104287	0.0297822161970765014	0.0228483527147356207	0.0228480921282043337	0.0214955004253517659	0.024299350164906891	0.0157475634881343525	0.026924052341238715	0.346931771438549667	0.185334377189066718	0.341694175604019913	0.527686742709335439	0.555425055245454358	0.135897061252291458	0.246380758372305292	0.204450453785833401



4	AGCCGCCG	0.466160345398655363


A:	0.176234506686541233	0.399858170188244824	0.045843357517755976	0.173253177268649233	0.255708926492046894	0.12919749293961835	0.0895748653956101422	0.423094263611595277	0.0296833359842467553	0.0235662640570291618	0.0390791990281302994	0.0194711766947998572	0.0266311057636452027	0.0136060253191994129	0.286551233209008322	0.0399009757899239949	0.182056860163653986	0.0633130343045692057	0.250906522238537075	0.0671748653216466028	0.350595617161327309	0.132224724260715209
C:	0.371178070793044879	0.37707863716273343	0.275363713655947374	0.107888424966749095	0.178624343463080221	0.206008749197905397	0.523526586481099861	0.502342355300895058	0.0247394669290036495	0.943943200019679662	0.910355095091816477	0.00574020167897352029	0.900624364140145425	0.961931996334135649	0.0816768892917261485	0.509760870015154947	0.281059185825306369	0.156937185458831575	0.0930567804561176105	0.213776277170040512	0.308606323387056489	0.0380561884879489933
G:	0.251934307402754078	0.110432930116293098	0.129390254958508262	0.326582866945400691	0.159228708688610197	0.284888644560752889	0.0793475181600298658	0.0437198459684830475	0.920345694077494512	0.018766238643517605	0.0263480991318754092	0.959795895373434478	0.0530528754206098878	0.0113596083252142071	0.604847825158026814	0.10340638275637139	0.351549576821972928	0.438055604632579307	0.128349954596009875	0.163623802262858527	0.204900998199324744	0.583338328879030506
T:	0.20065311511765981	0.112630262532728648	0.549402673867788389	0.392275530819200981	0.406438021356262688	0.379905113301723364	0.307551029963260131	0.0308435351190266184	0.0252315030092550832	0.0137242972797735715	0.0242176067481778149	0.0149927262527921442	0.0196916546755994841	0.0131023700214507315	0.026924052341238715	0.346931771438549667	0.185334377189066718	0.341694175604019913	0.527686742709335439	0.555425055245454358	0.135897061252291458	0.246380758372305292



5	C.GCCGCCG	0.45906224790503943


A:	0.292399824297013539	0.0881481211673504764	0.317524250609149837	0.115441041635565584	0.0878239825843219196	0.196481897556668983	0.162220624000316068	0.135068183397223034	0.423094263611595277	0.0226708250206450096	0.0229623716859190609	0.0479361791950470363	0.0182160373066749644	0.021575927575471474	0.0076771687295682016	0.316645559122949182	0.0596483190889427319	0.258924386982798831	0.131934465846822776	0.572959621830761009	0.198302557308594513	0.217629271101454156	0.0677201076394452287
C:	0.163437390136821183	0.465522131486010502	0.0772204408890742238	0.246543743375019929	0.414034229807442183	0.137851450017882079	0.153874622161187179	0.515324594806325203	0.502342355300895058	0.00997893850327996644	0.908448419935098517	0.875711422879756951	0.00673228108676391742	0.78221568454749966	0.957659833418684355	0.0257347313006720132	0.280347087582156913	0.422135157713848578	0.0865252093910768872	0.103830879999013217	0.343685030703200994	0.241988727724079306	0.0323269789746432395
G:	0.340480943541038212	0.0791173250966063715	0.203515679234287598	0.259609763233719691	0.181044047490784812	0.34555204787862109	0.552144783927062111	0.115216824623323958	0.0437198459684830475	0.935208963770221205	0.0619796196274139895	0.0331002471986029717	0.961753607905109961	0.135400405273885576	0.0270552919161137939	0.514240104436747439	0.243580561557430759	0.100901667305096583	0.322778677577254491	0.106387015651326623	0.14181774637440469	0.208140154730437001	0.745667190227075514
T:	0.203681842025127066	0.36721242225003265	0.401739629267488341	0.378405451755694795	0.317097740117451085	0.320114604546827848	0.131759969911434641	0.234390397173127805	0.0308435351190266184	0.0321412727058538191	0.0066095887515684323	0.0432521507265930406	0.0132980737014511569	0.0608079826031432896	0.0076077059356336497	0.143379605139631366	0.416424031771469596	0.218038787998256008	0.458761647184845845	0.216822482518899151	0.316194665613799803	0.332241846444029537	0.154285723158836018



