1	CGGC.GCCG	0.498438580033573615


A:	0.191106245822643408	0.211889040528663264	0.434645207751354535	0.274420823219698242	0.119414487439538996	0.191619459471575657	0.232808888537325663	0.0405878092065940161	0.0828933551638733189	0.0311865430307350006	0.00607458164512596322	0.0656237105730528975	0.0289495204189396937	0.0127701532356646169	0.0188743784801028353	0.116888183677455394	0.154321677158308477	0.110832017036134913	0.209133459749453284	0.344078464517335184	0.115986611498349972	0.0751591035732698977	0.250681488075903981
C:	0.468650970493190985	0.585662749376629785	0.110388253412957655	0.369538350809251662	0.264415566799854336	0.184762088566098995	0.388979592099982131	0.826013112319233955	0.067212624165254901	0.061223619353552128	0.962080945894040374	0.862954045668737865	0.00289495204189396937	0.894819684380048255	0.831019642190768945	0.0165108947967166349	0.54657745810150224	0.68950494691032955	0.178128615142182373	0.344855331411721234	0.481217202825163319	0.362363115349352899	0.187559804175035054
G:	0.0537160800721319242	0.107837234442546533	0.385619454702038275	0.120710214965869214	0.158413955209312663	0.526643681393902423	0.280011837880806828	0.0165108947967166349	0.831019642190768945	0.894819684380048254	0.00289495204189396937	0.0589260460193002399	0.962080945894040374	0.061223619353552128	0.067212624165254901	0.826013112319233955	0.219229070929989477	0.11439679989665958	0.254244474368763188	0.167697040587458595	0.283664980902217516	0.260148039043132291	0.261185186131511694
T:	0.286526703612033683	0.0946109756521604183	0.0693470841336495361	0.235330611005180883	0.457755990551294005	0.0969747705684229254	0.0981996814818853779	0.116888183677455394	0.0188743784801028353	0.0127701532356646169	0.0289495204189396937	0.0124961977389089977	0.00607458164512596322	0.0311865430307350006	0.0828933551638733189	0.0405878092065940161	0.0798717938101998057	0.0852662361568759576	0.358493450739601155	0.143369163483484987	0.119131204774269193	0.302329742034244913	0.300573521617549271



2	C.GCCGCCG	0.497757692497653973


A:	0.121134120837304585	0.109930180362005629	0.291558669757807961	0.128033889257439117	0.0903864203916948095	0.0958218878395615123	0.285182229277029984	0.0930116796873147593	0.388145313422911903	0.0179957315612059592	0.0115099439905630028	0.0656237105730528975	0.0281220763129821697	0.0179424514718486137	0.00407929154381174178	0.20646567427731847	0.183600459949299811	0.0891069692027424595	0.16380198809164431	0.21316045214957492	0.0615322666777307021	0.0723966490184225959	0.0323728931273480956
C:	0.230039521574239653	0.327906707537940561	0.282481313420119964	0.691366584229590328	0.346554220738496214	0.292608788034978281	0.306222034863430535	0.685052266211044511	0.167695211857501348	0.0124241089433403685	0.961556345690606148	0.862954045668737865	0.00218611187034185451	0.822876564716284993	0.975422018804734383	0.0769279958078671838	0.505677656738450981	0.803875796887811745	0.196347570402581245	0.366603166170862279	0.447204765014022633	0.511721345601901542	0.190618995520882021
G:	0.115198978993461544	0.197399143946738825	0.327526879954805118	0.0860677215627316212	0.258694422633857389	0.40028210657527902	0.352080509640197731	0.199533962611020031	0.417420038794628578	0.961634749456496565	0.0224718911670789199	0.0589260460193002399	0.966443840576144647	0.111021613494496147	0.0118771516833094449	0.583564673368794155	0.0783689965730410441	0.0591777540994094615	0.240896781131962894	0.264407569624465234	0.206519486798950617	0.218358709781446704	0.751822951193209974
T:	0.533627378594994218	0.364763968153314986	0.0984331368672669568	0.0945318049502389338	0.304364936235951588	0.211287217550181187	0.0565152262193417493	0.0224020914906206992	0.0267394359249581716	0.00794541003895710733	0.00446181915175192971	0.0124961977389089977	0.00324797124053132904	0.048159370317370246	0.00862153796814443073	0.133041656546020191	0.232352886739208163	0.0478394798100363338	0.398953660373811551	0.155828812055097566	0.284743481509296048	0.197523295598229158	0.0251851601585599101



3	CGGCCGCC	0.497533585222502099


A:	0.121134120837304585	0.109930180362005629	0.291558669757807961	0.128033889257439117	0.0903864203916948095	0.0958218878395615123	0.285182229277029984	0.0349517616047409057	0.388145313422911903	0.00418604400678394179	0.00426271560273556048	0.00554426198400338111	0.0234044655773424711	0.0147512384294347167	0.00308825626087840209	0.20646567427731847	0.183600459949299811	0.0891069692027424595	0.16380198809164431	0.21316045214957492	0.0615322666777307021	0.0723966490184225959
C:	0.230039521574239653	0.327906707537940561	0.282481313420119964	0.691366584229590328	0.346554220738496214	0.292608788034978281	0.306222034863430535	0.730566943011616125	0.167695211857501348	0.0777250390431570043	0.986238783260391641	0.587997232219882996	0.000874911567677622678	0.907399144359976562	0.981249495010176502	0.0769279958078671838	0.505677656738450981	0.803875796887811745	0.196347570402581245	0.366603166170862279	0.447204765014022633	0.511721345601901542
G:	0.115198978993461544	0.197399143946738825	0.327526879954805118	0.0860677215627316212	0.258694422633857389	0.40028210657527902	0.352080509640197731	0.0771213935847127803	0.417420038794628578	0.914677549494640787	0.00665370756724554641	0.400037126937700349	0.97254183895572118	0.038141157696442986	0.00560617304046246105	0.583564673368794155	0.0783689965730410441	0.0591777540994094615	0.240896781131962894	0.264407569624465234	0.206519486798950617	0.218358709781446704
T:	0.533627378594994218	0.364763968153314986	0.0984331368672669568	0.0945318049502389338	0.304364936235951588	0.211287217550181187	0.0565152262193417493	0.157359901798930189	0.0267394359249581716	0.00341136745541826634	0.00284479356962725166	0.0064213788584132736	0.00317878389925872634	0.0397084595141457355	0.0100560756884826349	0.133041656546020191	0.232352886739208163	0.0478394798100363338	0.398953660373811551	0.155828812055097566	0.284743481509296048	0.197523295598229158



4	C.GCCGCC.C	0.497188199657579349


A:	0.121134120837304585	0.109930180362005629	0.291558669757807961	0.128033889257439117	0.0903864203916948095	0.0958218878395615123	0.285182229277029984	0.0821518859644747243	0.388145313422911903	0.0122956536872190905	0.0112852975803474541	0.0389770381119000439	0.0142602545603319806	0.0183054521777492926	0.00630304466147298089	0.20646567427731847	0.183600459949299811	0.0891069692027424595	0.16380198809164431	0.21316045214957492	0.0615322666777307021	0.0723966490184225959	0.0323728931273480956
C:	0.230039521574239653	0.327906707537940561	0.282481313420119964	0.691366584229590328	0.346554220738496214	0.292608788034978281	0.306222034863430535	0.55730067911689779	0.167695211857501348	0.00504526089559088304	0.964578281137933647	0.937189530839491894	0.00549299037467850867	0.912477826039044766	0.980599745865906835	0.0769279958078671838	0.505677656738450981	0.803875796887811745	0.196347570402581245	0.366603166170862279	0.447204765014022633	0.511721345601901542	0.190618995520882021
G:	0.115198978993461544	0.197399143946738825	0.327526879954805118	0.0860677215627316212	0.258694422633857389	0.40028210657527902	0.352080509640197731	0.243663527014598449	0.417420038794628578	0.979768750662364738	0.0201792854574568436	0.0130004302079578426	0.974991337637763144	0.0256927278772363556	0.0066458796430213167	0.583564673368794155	0.0783689965730410441	0.0591777540994094615	0.240896781131962894	0.264407569624465234	0.206519486798950617	0.218358709781446704	0.751822951193209974
T:	0.533627378594994218	0.364763968153314986	0.0984331368672669568	0.0945318049502389338	0.304364936235951588	0.211287217550181187	0.0565152262193417493	0.116883907904029036	0.0267394359249581716	0.0028903347548252886	0.00395713582426205508	0.0108330008406502197	0.00525541742722636639	0.0435239939059695863	0.0064513298295988674	0.133041656546020191	0.232352886739208163	0.0478394798100363338	0.398953660373811551	0.155828812055097566	0.284743481509296048	0.197523295598229158	0.0251851601585599101



5	GCGCCGCC	0.496811098488590339


A:	0.109241896626124758	0.161762864553802354	0.120418169740824026	0.611399454609147162	0.246886211941143849	0.228450191589927492	0.374814540189208311	0.104282274689501392	0.0677960993053079711	0.0136320042620611986	0.00332418749960667861	0.0602830960164864527	0.0240231428659207302	0.0271824577848015384	0.00171167079422431773	0.225895717289964984	0.11803732643757608	0.315867358933117457	0.262989612300259097	0.10380514137333892	0.404227040569996336	0.0982444579284430006
C:	0.277696337976143545	0.178547324084989573	0.128994987415466013	0.189873098230825841	0.178921785188869377	0.216407690238174041	0.0732891752413096879	0.136038785338106585	0.865185260388379299	0.00275970421800514871	0.958743311178305767	0.936697547087141172	0.000716898480904967782	0.923307424858421556	0.986204280907143168	0.311755644622261081	0.68562930365795409	0.30423675048939094	0.270983816421607068	0.308753434593615225	0.2763241415412102	0.573408321815923325
G:	0.100527555466221204	0.123119857542401363	0.387112190620047797	0.152393780856827275	0.451651188436240673	0.396494427279530734	0.466220323794825706	0.737767821540276323	0.0413339528031676316	0.982473849387071353	0.0346899784895602758	0.00219180346565450344	0.970145360515698922	0.0238410257945861704	0.0066958134833282885	0.170492728012045717	0.0362416240175133381	0.0968965397214039684	0.186756805069010529	0.0779459324852212932	0.169133806705699792	0.203892888206877873
T:	0.512534209931510493	0.53656995381880671	0.363474652223662164	0.0463336663031997225	0.122540814433746101	0.158647690892367734	0.0856759607746562952	0.0219111184321157008	0.0256846875031450979	0.00113444213286229967	0.00324252283252727879	0.000827553430717871718	0.00511459813747538046	0.0256690915621907353	0.00538823481530422557	0.291855910075728219	0.160091745886956492	0.282999350856087634	0.279269766209123306	0.509495491547824562	0.150315011183093672	0.124454332048755801



