1	C.CGCCGCC	0.497205196287656956


A:	0.48214046672478116	0.0921687968002709777	0.211709230437825445	0.422203184152807998	0.0646532008868729258	0.148497437735992246	0.343796636314948894	0.0583216841351901166	0.0527619037320012895	0.0406722490753420998	0.0178674318626598717	0.0018462130953993468	0.020657146069748437	0.00562343140360636804	0.00988315300946927271	0.0219665788216384688	0.233746910514010589	0.0236936214471389093	0.189609013102034379	0.123087761934670687	0.365360709360286303	0.13956222567844214	0.142864298552247438
C:	0.189945468518190095	0.311622292547706402	0.271804566734349081	0.168753623199472611	0.0403807561091621403	0.232338656769304944	0.592333566720778244	0.707304876304691197	0.642119928868515628	0.919316077056659101	0.00436737043022675603	0.899045821995427454	0.972189067135056131	0.00250117713600643774	0.91548416810799189	0.966032171373376756	0.0785990382750819559	0.545096697350479056	0.398281638607863989	0.489414744139720765	0.140109593657548083	0.294319942961932873	0.575449729335129511
G:	0.239330268937665194	0.342017980808619765	0.44301139686695622	0.266811799127055303	0.819307959292790303	0.219490602094919138	0.0496436648798541626	0.187733756729338549	0.252954278395729664	0.018211254144756944	0.974774680228113092	0.0974850631021919029	0.00578409302341963737	0.987412490624290949	0.0566769090496169582	0.0061984522001037778	0.584291210588852231	0.093472547053384555	0.265290397437569657	0.185256610891674282	0.455744925608128452	0.0662738654198473844	0.117487440093548301
T:	0.0885837958193635507	0.254190929843402855	0.0734748059608692547	0.142231393520664088	0.0756580837111746313	0.399673303399783672	0.0142261320844186993	0.0466396828307801378	0.052163889003753418	0.0218004197232418551	0.0029905174790002807	0.00162290180698129649	0.00136969377177579488	0.00446290083609624497	0.0179557698329218795	0.00580279760488099712	0.103362840622055223	0.33773713414899748	0.146818950852531975	0.202240883033934265	0.0387847713740371611	0.499843965939777603	0.16419853201907475



2	C..CGCCGCC	0.496787427626137304


A:	0.48214046672478116	0.0921687968002709777	0.211709230437825445	0.422203184152807998	0.0646532008868729258	0.148497437735992246	0.343796636314948894	0.0583216841351901166	0.0527619037320012895	0.0317312014291486381	0.00539542677324508449	0.00229300594603950978	0.0119317625973179866	0.00634168599826251908	0.0192261589696149082	0.0784821923885558715	0.233746910514010589	0.0236936214471389093	0.189609013102034379	0.123087761934670687	0.365360709360286303	0.13956222567844214	0.142864298552247438
C:	0.189945468518190095	0.311622292547706402	0.271804566734349081	0.168753623199472611	0.0403807561091621403	0.232338656769304944	0.592333566720778244	0.707304876304691197	0.642119928868515628	0.939492851174490852	0.00787056974980023296	0.891085522768178257	0.983146278095832146	0.00448034736211108164	0.84302430233362209	0.909265808122162998	0.0785990382750819559	0.545096697350479056	0.398281638607863989	0.489414744139720765	0.140109593657548083	0.294319942961932873	0.575449729335129511
G:	0.239330268937665194	0.342017980808619765	0.44301139686695622	0.266811799127055303	0.819307959292790303	0.219490602094919138	0.0496436648798541626	0.187733756729338549	0.252954278395729664	0.0068648293148742971	0.978111115814766994	0.103535176259360716	0.00179324635051065474	0.983425240735207468	0.103189503440357008	0.00367014624171623537	0.584291210588852231	0.093472547053384555	0.265290397437569657	0.185256610891674282	0.455744925608128452	0.0662738654198473844	0.117487440093548301
T:	0.0885837958193635507	0.254190929843402855	0.0734748059608692547	0.142231393520664088	0.0756580837111746313	0.399673303399783672	0.0142261320844186993	0.0466396828307801378	0.052163889003753418	0.0219111180814862132	0.00862288766218768877	0.00308629502642151714	0.00312871295633921306	0.00575272590441893152	0.0345600352564059938	0.00858185324756489552	0.103362840622055223	0.33773713414899748	0.146818950852531975	0.202240883033934265	0.0387847713740371611	0.499843965939777603	0.16419853201907475



3	CCGCCGCC	0.496737703652227627


A:	0.0921687968002709777	0.211709230437825445	0.422203184152807998	0.0646532008868729258	0.148497437735992246	0.343796636314948894	0.0583216841351901166	0.0527619037320012895	0.028715930767106151	0.0174758618055766039	0.00545747273901540736	0.0308618921546944029	0.0186933076976926574	0.0273845336753929747	0.0724815176000756209	0.233746910514010589	0.0236936214471389093	0.189609013102034379	0.123087761934670687	0.365360709360286303	0.13956222567844214	0.142864298552247438
C:	0.311622292547706402	0.271804566734349081	0.168753623199472611	0.0403807561091621403	0.232338656769304944	0.592333566720778244	0.707304876304691197	0.642119928868515628	0.806168365055244218	0.00232342227534297899	0.930054265924508924	0.962443045297353801	0.00944529586683410708	0.819107481912334704	0.893956943608345779	0.0785990382750819559	0.545096697350479056	0.398281638607863989	0.489414744139720765	0.140109593657548083	0.294319942961932873	0.575449729335129511
G:	0.342017980808619765	0.44301139686695622	0.266811799127055303	0.819307959292790303	0.219490602094919138	0.0496436648798541626	0.187733756729338549	0.252954278395729664	0.121429738254729495	0.974837445126591407	0.0591550158435581556	0.0020177213297985579	0.964020201818672738	0.116152852908993757	0.0125517328478547101	0.584291210588852231	0.093472547053384555	0.265290397437569657	0.185256610891674282	0.455744925608128452	0.0662738654198473844	0.117487440093548301
T:	0.254190929843402855	0.0734748059608692547	0.142231393520664088	0.0756580837111746313	0.399673303399783672	0.0142261320844186993	0.0466396828307801378	0.052163889003753418	0.043685965922920136	0.00536327079248900994	0.00533324549291751297	0.00467734121815323795	0.00784119461680049724	0.037355131503278564	0.0210098059437238896	0.103362840622055223	0.33773713414899748	0.146818950852531975	0.202240883033934265	0.0387847713740371611	0.499843965939777603	0.16419853201907475



4	A..CGCCGCC	0.496091617449997518


A:	0.48214046672478116	0.0921687968002709777	0.211709230437825445	0.422203184152807998	0.0646532008868729258	0.148497437735992246	0.343796636314948894	0.0583216841351901166	0.0527619037320012895	0.0399688953219975248	0.0511522163487562157	0.000987669022442729995	0.00859253198319543171	0.00572685691582360192	0.00614058686130131616	0.021183972107123303	0.233746910514010589	0.0236936214471389093	0.189609013102034379	0.123087761934670687	0.365360709360286303	0.13956222567844214	0.142864298552247438
C:	0.189945468518190095	0.311622292547706402	0.271804566734349081	0.168753623199472611	0.0403807561091621403	0.232338656769304944	0.592333566720778244	0.707304876304691197	0.642119928868515628	0.908562585367899007	0.00252033893263284451	0.942390713522657914	0.981699554123516234	0.00357667884138200312	0.645788300270346982	0.957095584385907892	0.0785990382750819559	0.545096697350479056	0.398281638607863989	0.489414744139720765	0.140109593657548083	0.294319942961932873	0.575449729335129511
G:	0.239330268937665194	0.342017980808619765	0.44301139686695622	0.266811799127055303	0.819307959292790303	0.219490602094919138	0.0496436648798541626	0.187733756729338549	0.252954278395729664	0.0352103276142915717	0.944957501397061916	0.0532823226892163672	0.00399148668549616807	0.987685004517973915	0.324946874080703671	0.00530206314818860315	0.584291210588852231	0.093472547053384555	0.265290397437569657	0.185256610891674282	0.455744925608128452	0.0662738654198473844	0.117487440093548301
T:	0.0885837958193635507	0.254190929843402855	0.0734748059608692547	0.142231393520664088	0.0756580837111746313	0.399673303399783672	0.0142261320844186993	0.0466396828307801378	0.052163889003753418	0.0162581916958118961	0.0013699433215490239	0.00333929476568298876	0.00571642720779216632	0.00301145972482047955	0.0231242387876480304	0.0164183803587802019	0.103362840622055223	0.33773713414899748	0.146818950852531975	0.202240883033934265	0.0387847713740371611	0.499843965939777603	0.16419853201907475



5	CGCCGCC.C	0.496045089086307013


A:	0.211709230437825445	0.422203184152807998	0.0646532008868729258	0.148497437735992246	0.343796636314948894	0.0583216841351901166	0.0527619037320012895	0.0281346223490049675	0.0119227985774839881	0.00215609628056632449	0.0106645525213032067	0.010006636912844051	0.026833366773456222	0.0340612719585611099	0.233746910514010589	0.0236936214471389093	0.189609013102034379	0.123087761934670687	0.365360709360286303	0.13956222567844214	0.142864298552247438	0.100136774043725688	0.382981543941034681
C:	0.271804566734349081	0.168753623199472611	0.0403807561091621403	0.232338656769304944	0.592333566720778244	0.707304876304691197	0.642119928868515628	0.911292417424222269	0.00341481715409175785	0.90354702248247045	0.979427272276167234	0.00424596406138223112	0.817932980501478841	0.952948372184456226	0.0785990382750819559	0.545096697350479056	0.398281638607863989	0.489414744139720765	0.140109593657548083	0.294319942961932873	0.575449729335129511	0.453986380757220696	0.0702178324420805701
G:	0.44301139686695622	0.266811799127055303	0.819307959292790303	0.219490602094919138	0.0496436648798541626	0.187733756729338549	0.252954278395729664	0.0176356494986733404	0.978040190824065153	0.0904985567490291082	0.00671668859622203322	0.982253592155121868	0.101133755076334313	0.00437672226352084676	0.584291210588852231	0.093472547053384555	0.265290397437569657	0.185256610891674282	0.455744925608128452	0.0662738654198473844	0.117487440093548301	0.310648429245922121	0.416841648736205357
T:	0.0734748059608692547	0.142231393520664088	0.0756580837111746313	0.399673303399783672	0.0142261320844186993	0.0466396828307801378	0.052163889003753418	0.0429373107280994233	0.00662219344435910144	0.00379832448793411703	0.00319148660630752609	0.00349380687065185028	0.0540998976487306236	0.00861363359346181758	0.103362840622055223	0.33773713414899748	0.146818950852531975	0.202240883033934265	0.0387847713740371611	0.499843965939777603	0.16419853201907475	0.135228415953131495	0.129958974880679392



