1	CACCGACA	0.498762101155783859


A:	0.652097550040811691	0.347367203793013851	0.281097140318005125	0.269118964462691961	0.0580684778853272024	0.42783053458753581	0.107742841155078153	0.0892325722256723597	0.579137227766557013	0.00173931828803326339	0.0027558102232261776	0.00262182524975012766	0.976058065903177147	0.00283477654322802986	0.724626106679576876	0.0755647777851683452	0.118630043259987632	0.127794394752311674	0.220450134231193197	0.117981947456156262	0.188162525681784726	0.434375874622956101
C:	0.0736690159276277683	0.19107732818639595	0.139970353487062396	0.0977528149536011536	0.379041277430710559	0.160586850093669091	0.415177675179578937	0.77314065498728856	0.00253509129573515117	0.993241211399910332	0.992740129667102753	0.00229410901190490428	0.00556137557749605915	0.992626070188947563	0.0105788296921799618	0.673072237801187333	0.135765192200128905	0.268591615030110063	0.514817583952666795	0.234255885631425606	0.430783632682676703	0.193790446370295638
G:	0.0529165503827362156	0.177296625831246478	0.291217773777964594	0.399859615872493597	0.126560752963356943	0.173724982906619681	0.172697213747215554	0.0630976533926885592	0.417795060476247198	0.00245535422195001712	0.0015024446169566757	0.993600929449297546	0.00107639382677949665	0.00158270529876672619	0.24305617804445306	0.165396225804951971	0.258664218099495073	0.206927610357202158	0.0988637925740053928	0.0732575366458817221	0.179218821917709552	0.134592810139270251
T:	0.221316883648824325	0.284258842189343721	0.287714732416967885	0.233268604711213289	0.436329491720605295	0.237857632412175418	0.304382269918127356	0.0745291193943505213	0.000532620461460638441	0.00256411609010638697	0.00300161549271439415	0.00148313628904742219	0.017304164692547297	0.00295644796905768052	0.0217388855837901019	0.0859667586086923502	0.48694054644038839	0.396686379860376104	0.165868489242134615	0.57450463026653641	0.201835019717829019	0.237240868867478011



2	CGCCGACA	0.498379309493233231


A:	0.488112811647470078	0.0790779132095367326	0.255707938189558147	0.136130099453718914	0.124949232111241563	0.249966168226420477	0.124145551995093288	0.0330187725650120473	0.579137227766557013	0.00126843917575442206	0.00195028694998534297	0.00433270952644002645	0.985736287242642553	0.00260531861132469773	0.870728620819151872	0.268776422666605465	0.243698014566527966	0.112491734998969777	0.157206427425380613	0.0725729217118197392	0.255063864236146667	0.530789727914993885
C:	0.305355622571581997	0.0767567829893428136	0.399037523626389317	0.326626510225256055	0.576821842118756917	0.238631526831090124	0.426310413197769634	0.832737241058751158	0.00253509129573515117	0.991362855399772816	0.992602371635712932	0.00152880767306661904	0.00422334119965734425	0.9918977440512615	0.00212432790407430204	0.317912669612972482	0.189062654304571461	0.574478226853222056	0.384070430392857547	0.370525055477690947	0.15565617210998044	0.0891754905448992868
G:	0.0942250252071391972	0.655356612177587128	0.22198411251210617	0.211205693556334601	0.218427396793847422	0.273088051796936899	0.196295686224525995	0.0117535173091450885	0.417795060476247198	0.00268123124178724461	0.00283494820022232012	0.992396816725501594	0.00570656966345029377	0.0010314224961482833	0.113632637695538338	0.215942977843437912	0.154326116378098959	0.131607673724748479	0.0476222900865588066	0.417543858283021537	0.0780128862968116714	0.1152828262132302
T:	0.112306540573808729	0.188808691623533326	0.123270425671946366	0.32603769676469043	0.0798015289761540972	0.2383142531455525	0.253248348582611084	0.122490469067091706	0.000532620461460638441	0.00468747418268551704	0.0026123932140794044	0.00174166607499176021	0.00433380189424980924	0.00446551484126551919	0.0135144135812354881	0.197367929876984141	0.412913214750801614	0.181422364423059689	0.411100852095203033	0.139358164527467777	0.511267077357061221	0.264751955326876628



3	ACCGACAC	0.497953400503778338


A:	0.347367203793013851	0.281097140318005125	0.269118964462691961	0.0580684778853272024	0.42783053458753581	0.107742841155078153	0.0892325722256723597	0.769804282364418287	0.00206903186020879307	0.00270952018441390633	0.00235964118504812809	0.984994768216988779	0.00241833261830218736	0.921227185066362144	0.0755647777851683452	0.118630043259987632	0.127794394752311674	0.220450134231193197	0.117981947456156262	0.188162525681784726	0.434375874622956101	0.239017349667513544
C:	0.19107732818639595	0.139970353487062396	0.0977528149536011536	0.379041277430710559	0.160586850093669091	0.415177675179578937	0.77314065498728856	0.00196116533152654021	0.993435618947730895	0.993205868789015335	0.00190887426120861819	0.00811428486584935022	0.992801380041377867	0.0010055313349424496	0.673072237801187333	0.135765192200128905	0.268591615030110063	0.514817583952666795	0.234255885631425606	0.430783632682676703	0.193790446370295638	0.289009096931130368
G:	0.177296625831246478	0.291217773777964594	0.399859615872493597	0.126560752963356943	0.173724982906619681	0.172697213747215554	0.0630976533926885592	0.227517825745220385	0.00224107326039502465	0.00255064836923294919	0.992399217094001492	0.0010168091506993011	0.00137411060901374494	0.0692998737059096266	0.165396225804951971	0.258664218099495073	0.206927610357202158	0.0988637925740053928	0.0732575366458817221	0.179218821917709552	0.134592810139270251	0.279046928856845769
T:	0.284258842189343721	0.287714732416967885	0.233268604711213289	0.436329491720605295	0.237857632412175418	0.304382269918127356	0.0745291193943505213	0.000716726558834787494	0.00225427593166528714	0.00153396265733780994	0.00333226745974176183	0.00587413776646257027	0.00340617673130620076	0.00846740989278577945	0.0859667586086923502	0.48694054644038839	0.396686379860376104	0.165868489242134615	0.57450463026653641	0.201835019717829019	0.237240868867478011	0.192926624544510319



4	C.ACCGACA	0.497885384767361454


A:	0.421236712635114939	0.652097550040811691	0.347367203793013851	0.281097140318005125	0.269118964462691961	0.0580684778853272024	0.42783053458753581	0.107742841155078153	0.0892325722256723597	0.659533904994869449	0.00313348822915789905	0.0024311424435836796	0.00292491324223495832	0.977522288558670429	0.00369334343641626061	0.752179662994391783	0.0755647777851683452	0.118630043259987632	0.127794394752311674	0.220450134231193197	0.117981947456156262	0.188162525681784726	0.434375874622956101
C:	0.176664020764352334	0.0736690159276277683	0.19107732818639595	0.139970353487062396	0.0977528149536011536	0.379041277430710559	0.160586850093669091	0.415177675179578937	0.77314065498728856	0.00492524451509752532	0.992441552491874884	0.992639033373956913	0.00175055130836765559	0.00573223658832785367	0.992845886777074944	0.00653123729280225266	0.673072237801187333	0.135765192200128905	0.268591615030110063	0.514817583952666795	0.234255885631425606	0.430783632682676703	0.193790446370295638
G:	0.245148913773855213	0.0529165503827362156	0.177296625831246478	0.291217773777964594	0.399859615872493597	0.126560752963356943	0.173724982906619681	0.172697213747215554	0.0630976533926885592	0.334889879227769343	0.00118750737380626234	0.00393163590040382972	0.992584460304459733	0.000869483342365188973	0.00129575468109396389	0.217038932978348981	0.165396225804951971	0.258664218099495073	0.206927610357202158	0.0988637925740053928	0.0732575366458817221	0.179218821917709552	0.134592810139270251
T:	0.156950352826677514	0.221316883648824325	0.284258842189343721	0.287714732416967885	0.233268604711213289	0.436329491720605295	0.237857632412175418	0.304382269918127356	0.0745291193943505213	0.000650971262263682441	0.00323745190516095429	0.000998188282055578123	0.00274007514493765313	0.0158759915106365282	0.0021650151054148311	0.0242501667344569831	0.0859667586086923502	0.48694054644038839	0.396686379860376104	0.165868489242134615	0.57450463026653641	0.201835019717829019	0.237240868867478011



5	A.TGTCGGT	0.497755840371413049


A:	0.0998417849216026583	0.192926624544510319	0.237240868867478011	0.201835019717829019	0.57450463026653641	0.165868489242134615	0.396686379860376104	0.48694054644038839	0.0859667586086923502	0.0195646289836546965	0.0029836606444460002	0.00403699744125636255	0.00212641704162741533	0.00207985109432794372	0.00190807164814161865	0.00114170055751511926	0.0745291193943505213	0.304382269918127356	0.237857632412175418	0.436329491720605295	0.233268604711213289	0.287714732416967885	0.284258842189343721
C:	0.320903339860028254	0.279046928856845769	0.134592810139270251	0.179218821917709552	0.0732575366458817221	0.0988637925740053928	0.206927610357202158	0.258664218099495073	0.165396225804951971	0.128197001283849756	0.00183024758508098713	0.00154151829558675826	0.992931474646119782	0.0049617674952310867	0.00201992043000005332	0.388065711493577069	0.0630976533926885592	0.172697213747215554	0.173724982906619681	0.126560752963356943	0.399859615872493597	0.291217773777964594	0.177296625831246478
G:	0.385476563398938154	0.289009096931130368	0.193790446370295638	0.430783632682676703	0.234255885631425606	0.514817583952666795	0.268591615030110063	0.135765192200128905	0.673072237801187333	0.00463950467328646618	0.992852748727569667	0.00765050411517778788	0.00131617946547524483	0.991785283324023237	0.992522845060049279	0.00249693465654582986	0.77314065498728856	0.415177675179578937	0.160586850093669091	0.379041277430710559	0.0977528149536011536	0.139970353487062396	0.19107732818639595
T:	0.193778311819430934	0.239017349667513544	0.434375874622956101	0.188162525681784726	0.117981947456156262	0.220450134231193197	0.127794394752311674	0.118630043259987632	0.0755647777851683452	0.847598865059209082	0.00233334304290334602	0.986770980147979091	0.00362592884677755804	0.00117309808641773239	0.00354916286180904855	0.608295653292361982	0.0892325722256723597	0.107742841155078153	0.42783053458753581	0.0580684778853272024	0.269118964462691961	0.281097140318005125	0.347367203793013851



