1	CGCCGGCG	0.497605293043005974


A:	0.104883301988025571	0.228694718159019918	0.110560887120072541	0.063828505867168476	0.429168205088602082	0.556633687802657604	0.425188920402599366	0.0279870530974256573	0.00949211346990400826	0.0285612499784989432	0.00491463054300247543	0.0120274693299043828	0.009092313886456036	0.0117359127847521458	0.0409834212669377409	0.161509679767288417	0.137945157752398244	0.188962887650347443	0.137909964588181358	0.287593537520156935	0.239820398294356891	0.20548403066945159
C:	0.57002882591049048	0.161071176605895996	0.292912410862827429	0.152786211535078756	0.137429741307775743	0.0828451054310793858	0.221908803472132453	0.908946030340634023	0.003068396510235823	0.758705691968263522	0.97460727232826201	0.00845062779883113165	0.203640744166781499	0.975703577235108023	0.0220834952950025784	0.22636198533424594	0.27647413764577142	0.422843590234192725	0.135061707433631539	0.551298662763512534	0.223701777808656375	0.148348911410702089
G:	0.114858086930006302	0.508728746449086662	0.376428953867383983	0.208564399268449344	0.300394038289996678	0.118500246711235221	0.158332326575967759	0.0220834952950025784	0.975703577235108023	0.203640744166781499	0.00845062779883113165	0.97460727232826201	0.758705691968263522	0.003068396510235823	0.908946030340634023	0.292610685662415468	0.11064383985407951	0.219797268507999768	0.665926424809039362	0.0738765581352607516	0.310844854627978998	0.501364777160778207
T:	0.210229785171477647	0.101505358785997424	0.220097748149716047	0.574820883329303424	0.133008015313625497	0.242020960055027789	0.194569949549300422	0.0409834212669377409	0.0117359127847521458	0.009092313886456036	0.0120274693299043828	0.00491463054300247543	0.0285612499784989432	0.00949211346990400826	0.0279870530974256573	0.319517649236050176	0.474936864747750826	0.168396253607460064	0.0611019031691477408	0.0872312415810697794	0.225632969269007735	0.144802280759068115



2	CGCCGCCG	0.495584531041635798


A:	0.06119496641241318	0.182819472943594516	0.176105814751790027	0.205739429031056517	0.367892800651926796	0.229474481469576048	0.190399592400291523	0.142338591696645649	0.0348908502432803733	0.0335737078197687553	0.0621236396498902889	0.0122944221344756543	0.009092313886456036	0.0492694217476725067	0.272463212308688181	0.112601003770017886	0.55697582557055177	0.188310989612494734	0.570533581593483254	0.0852420030963950618	0.132699445250977854	0.0786112969589063836
C:	0.40678207249079581	0.122735936226675151	0.300160866244654857	0.353938331448586676	0.136115362973807164	0.117407264829294522	0.411242030250118973	0.544938622161796225	0.0621036848874400781	0.847903885574849705	0.903366268721847991	0.00573788045367710636	0.203640744166781499	0.869985548663627589	0.0355730895022091112	0.426583591916295509	0.241309629704116611	0.425631249510816692	0.213124659503687996	0.699395454954007272	0.161070431679111158	0.261127822014610626
G:	0.240400278276069484	0.400207177607141259	0.349343516504673104	0.122144075506788014	0.358943033483626796	0.38156645941587356	0.271172020153822045	0.206211735182636776	0.863391573250736319	0.103164565409965586	0.0204613205702524477	0.975086235195020212	0.758705691968263522	0.0693721448617944467	0.587907628431426345	0.242815136110560146	0.0467183670902025859	0.265585972368504999	0.0860397345771947435	0.0923025399623698727	0.369702005325498216	0.616672050345315192
T:	0.291622682820721526	0.294237413222589075	0.174389802498882012	0.318178164013568792	0.137048802890639244	0.27155179428525587	0.127186357195767459	0.106511050958921351	0.0396138916185432297	0.0153578411954159543	0.0140487710580092723	0.00688146221682702776	0.0285612499784989432	0.0113728847269054577	0.104056069757676363	0.218000268203126458	0.154996177635129033	0.120471788508183575	0.130302024325634007	0.123060001987227793	0.336528117744412772	0.0435888306811677988



3	CGGC.GCCG	0.495482373852078602


A:	0.102811349785714027	0.378356858148323389	0.236921648635851342	0.212250422544407691	0.0454870323576550065	0.234743893585610292	0.281794360704352835	0.0276350886714986499	0.0944541167502464877	0.0400799878640248082	0.00496401878550368581	0.172293191797885053	0.0248790284278040421	0.0526061091031352646	0.0532956151724345485	0.165205066619272895	0.128985731288508614	0.295514847025396385	0.13426830806187358	0.289128631433397948	0.128764171514620382	0.232796707349812769	0.167778721402354813
C:	0.28211913393298199	0.190372448411553859	0.238170477698191238	0.224984569874079309	0.329241316513592532	0.254888493639478751	0.385536022695296295	0.770964862923028879	0.0935728533115255627	0.0881929300921732257	0.947417976103197684	0.700282610517133533	0.0227389766834945883	0.819120972940666701	0.758677414765793401	0.0361949817861995761	0.480047313084048956	0.442729845194590669	0.146677381877548196	0.403947008686852877	0.554082441823365213	0.339620523773472485	0.178091719934727464
G:	0.0393232818937379758	0.284922771477778989	0.407670868322824031	0.197612633440343302	0.230204047826965373	0.119602891392639993	0.235702274961553168	0.0361949817861995761	0.758677414765793401	0.819120972940666701	0.0227389766834945883	0.0831378824606435848	0.947417976103197684	0.0881929300921732257	0.0935728533115255627	0.770964862923028879	0.28497360754252929	0.133954142660345834	0.174071412952518009	0.198210540028346357	0.220551705562583816	0.228544484644530821	0.476745063061905571
T:	0.575746234387566008	0.146347921962343763	0.117237005343133389	0.365152374141169698	0.395067603301787089	0.390764721382270964	0.0969673416387977012	0.165205066619272895	0.0532956151724345485	0.0526061091031352646	0.0248790284278040421	0.0442863152243378299	0.00496401878550368581	0.0400799878640248082	0.0944541167502464877	0.0276350886714986499	0.105993348084913139	0.127801165119667112	0.544982897108060214	0.108713819851402818	0.096601681099430589	0.199038284232183925	0.177384495601012153



4	C.GCCGGCG	0.495011606657776461


A:	0.119566353573412564	0.160249307512798368	0.350170592007561818	0.144543270618707001	0.0866148630125283314	0.125812768354174062	0.256623786956621602	0.22252800369181176	0.0279870530974256573	0.021281715988949235	0.0573011536847740732	0.0116015769296754595	0.0132577067310316496	0.0158379726992684892	0.0126384751827580991	0.0711177952536760702	0.187284331461821139	0.196115760522594774	0.162087590263021954	0.201127024455856702	0.184481597167846787	0.237698942345736153	0.449659148273406411
C:	0.0711561036936066073	0.368824539758749231	0.103700537772859531	0.191661894384400451	0.687042848004473957	0.124413628747824292	0.153433533280433106	0.518626125680397321	0.908946030340634023	0.00399200427888417768	0.758443810133076416	0.944077545514692454	0.00916098331435205431	0.358276871222035976	0.968853943044276798	0.0202121624675443845	0.168996106336213229	0.194839778665491867	0.305325988143326223	0.146758942546825654	0.231083221230790001	0.374424407202771724	0.0728078841114509041
G:	0.0287687663939821336	0.216178735035380086	0.155084121179148245	0.552541339037368204	0.175097794014222743	0.340864880061711722	0.383873987880203002	0.107239306569258837	0.0220834952950025784	0.962795279453021333	0.143933990450629174	0.034088047828864876	0.965178472859731073	0.595418481640644054	0.00658339630117570471	0.87522450372392843	0.195688124379263744	0.0984793649077149959	0.181608237699688062	0.48713706401926681	0.355369000605737612	0.311310453300061106	0.344905840635143151
T:	0.780508776338998695	0.254747417693072315	0.391044749040430406	0.111253495959524345	0.0512444949687749691	0.408908722836289923	0.206068691882742291	0.151606564058532082	0.0409834212669377409	0.0119310002791452541	0.0403210457315203367	0.0102328297267672104	0.0124028370948852236	0.0304666744380514804	0.0119241854717893986	0.0334455385548511152	0.448031437822701888	0.510565095904198363	0.350978183893963761	0.164976968978050833	0.2290661809956256	0.0765661971514310182	0.132627126979999534



5	GCCGCC.CA	0.494823051466956436


A:	0.488737902149127874	0.0966406858239772182	0.329968301213207893	0.23979754226260531	0.103930280922582194	0.0341662953469042966	0.109501827067390779	0.0316867791035469435	0.0142445742596626257	0.0223147818252499863	0.00850964232321462604	0.016278307974052222	0.0317510563924110567	0.260631473611723024	0.145782089051144293	0.704746113425106445	0.395465497530607509	0.234994049962088526	0.152695011234950488	0.0849646994896383666	0.105452480663516889	0.118734670452675596	0.188410994479299701
C:	0.0905872176580444738	0.5110623841165296	0.160525913594720617	0.433717096085663783	0.0600961156951256638	0.463440131823001807	0.406591417997030293	0.0114002421648136673	0.921156953563610446	0.929012311405394731	0.00333681676509669307	0.878010503483932846	0.947623498962199355	0.0475337895895400808	0.701440689022430756	0.0734157316484242868	0.251055888346221481	0.166778647475000073	0.519597790763172985	0.110267757317574604	0.292621497471073079	0.518888531963430229	0.274143016622561807
G:	0.32496256560413239	0.24276564117141948	0.351897357217339866	0.163875472544211281	0.504907884848657437	0.218979766281836533	0.325915920853291848	0.946922125339707573	0.0542472831927721029	0.0419833588549770994	0.982013262738157167	0.0634762602880850549	0.0102209235076532246	0.641833027082067567	0.0827843606535982491	0.0970252148987997928	0.205548385773482114	0.239474380724305408	0.147979661668874094	0.536466453227813767	0.326459970933230295	0.262533902531623891	0.329374347250418449
T:	0.0957123145886952616	0.149531288888073702	0.157608427974731624	0.162609889107519626	0.331065718533634705	0.283413806548257363	0.15799083408228708	0.0099908533919318161	0.0103511889839548251	0.00668954791437818324	0.00614027817353151379	0.0422349282539298771	0.0104045211377363642	0.0500017097166693279	0.0699928612728267015	0.124812940027669476	0.147930228349688896	0.358752921838605993	0.179727536333002432	0.268301089964973263	0.275466050932179737	0.0998428950522702843	0.208071641647720043



