1	CGCCGCCA	0.49894225519876917


A:	0.12904226690241449	0.100728386456451356	0.190777346978276382	0.222793533733264014	0.538960125304085649	0.102478352336109315	0.0295991811982573189	0.176944606906886719	0.0101930745785849027	0.00136837469019086547	0.0185123673633303112	0.0114469105080601531	0.00393318886436094721	0.00469546583593673035	0.791441358344259111	0.0901577208368443807	0.157799678012257869	0.578331767237914465	0.120183613813968607	0.172190511198345879	0.344425285135810495	0.519335937364511945
C:	0.162797507678567394	0.154729215179300221	0.548893191737793602	0.0383857110504734432	0.389055074356283829	0.295623202293413256	0.268368908197774045	0.808059977484913222	0.000863572043407563581	0.981853496837668361	0.97984010263911044	0.00076619173019980355	0.969675101301731005	0.991228166787631126	0.0125861307570514687	0.354600845212579731	0.523980832479951192	0.197136887676255869	0.112202875979119051	0.66839274214448113	0.176704588892576376	0.0529306320405838982
G:	0.0595736945241441497	0.233450255439851312	0.197157144425539947	0.143546791905713992	0.0359342827139493451	0.146660434440199109	0.6916901012139106	0.0132847286472943825	0.98754115096086385	0.0157845519279640204	0.000804997626573635588	0.985335479290289319	0.00430524316481005206	0.00134667140990410831	0.177370805498480741	0.175049477610700812	0.0806085311519160426	0.0399099031127111803	0.744466669475374336	0.111748557248962125	0.335117607624990062	0.288186848717158583
T:	0.648586530894873966	0.511092142924397111	0.0631723168583900696	0.595273963310548551	0.036050517625681177	0.45523801093027832	0.0103418093900580365	0.00171068696090567578	0.00140220241714368357	0.00099357654417675278	0.000842532370985613176	0.00245141847145072418	0.022086466669097996	0.00272969596652803493	0.018601705400208679	0.380191956339875076	0.237610958355874897	0.184621441973118486	0.0231468407315380063	0.0476681894082108671	0.143752518346623066	0.139546581877745574



2	GCGCCGCC	0.498870855668056383


A:	0.333996329203703202	0.12904226690241449	0.100728386456451356	0.190777346978276382	0.222793533733264014	0.538960125304085649	0.102478352336109315	0.0295991811982573189	0.0260574678644778185	0.00394338634406451042	0.00154249960011833739	0.013757712585300608	0.00546570378870034734	0.00281530678275407248	0.00293694597544121286	0.791441358344259111	0.0901577208368443807	0.157799678012257869	0.578331767237914465	0.120183613813968607	0.172190511198345879	0.344425285135810495
C:	0.176651936955608963	0.162797507678567394	0.154729215179300221	0.548893191737793602	0.0383857110504734432	0.389055074356283829	0.295623202293413256	0.268368908197774045	0.970045995467904764	0.00181416844610048964	0.984000803641488229	0.984380468459930288	0.000629182197766306702	0.971927975748847791	0.992508428505384204	0.0125861307570514687	0.354600845212579731	0.523980832479951192	0.197136887676255869	0.112202875979119051	0.66839274214448113	0.176704588892576376
G:	0.133800502077007588	0.0595736945241441497	0.233450255439851312	0.197157144425539947	0.143546791905713992	0.0359342827139493451	0.146660434440199109	0.6916901012139106	0.00249609233537587655	0.992794647705548156	0.0128473422984769248	0.00111300296534416219	0.990530322709770378	0.00736264980241293132	0.00267349657030366898	0.177370805498480741	0.175049477610700812	0.0806085311519160426	0.0399099031127111803	0.744466669475374336	0.111748557248962125	0.335117607624990062
T:	0.355551231763680247	0.648586530894873966	0.511092142924397111	0.0631723168583900696	0.595273963310548551	0.036050517625681177	0.45523801093027832	0.0103418093900580365	0.00140044433224154078	0.00144779750428684427	0.00160935445991650909	0.00074881598942494208	0.00337479130376296751	0.0178940676659852054	0.00188112894887091409	0.018601705400208679	0.380191956339875076	0.237610958355874897	0.184621441973118486	0.0231468407315380063	0.0476681894082108671	0.143752518346623066



3	A..CGCCGCC	0.498424239416348206


A:	0.0989963401220977665	0.333996329203703202	0.12904226690241449	0.100728386456451356	0.190777346978276382	0.222793533733264014	0.538960125304085649	0.102478352336109315	0.0295991811982573189	0.131357708212963491	0.0150033290555270857	0.000743673085763974255	0.00384623036078841645	0.0108428718279990075	0.00543440806848324697	0.00356066524805778109	0.791441358344259111	0.0901577208368443807	0.157799678012257869	0.578331767237914465	0.120183613813968607	0.172190511198345879	0.344425285135810495
C:	0.0983223044370170781	0.176651936955608963	0.162797507678567394	0.154729215179300221	0.548893191737793602	0.0383857110504734432	0.389055074356283829	0.295623202293413256	0.268368908197774045	0.853022515459891095	0.00115280388583781531	0.988606288316923631	0.992018522105371002	0.000947405063334187422	0.955516086588682812	0.98978658321277113	0.0125861307570514687	0.354600845212579731	0.523980832479951192	0.197136887676255869	0.112202875979119051	0.66839274214448113	0.176704588892576376
G:	0.186964212428148263	0.133800502077007588	0.0595736945241441497	0.233450255439851312	0.197157144425539947	0.143546791905713992	0.0359342827139493451	0.146660434440199109	0.6916901012139106	0.0130539848153964578	0.982861006052582516	0.00716125463050348104	0.00198533801850308508	0.98609991148303956	0.0312225965006424001	0.00211333646091231526	0.177370805498480741	0.175049477610700812	0.0806085311519160426	0.0399099031127111803	0.744466669475374336	0.111748557248962125	0.335117607624990062
T:	0.615717143012736893	0.355551231763680247	0.648586530894873966	0.511092142924397111	0.0631723168583900696	0.595273963310548551	0.036050517625681177	0.45523801093027832	0.0103418093900580365	0.00256579151174895606	0.000982861006052582516	0.00348878396680891367	0.00214990951533749667	0.00210981162562724551	0.00782690884219154079	0.00453941507825877345	0.018601705400208679	0.380191956339875076	0.237610958355874897	0.184621441973118486	0.0231468407315380063	0.0476681894082108671	0.143752518346623066



4	C..CGCCGCC	0.498405293631100083


A:	0.0989963401220977665	0.333996329203703202	0.12904226690241449	0.100728386456451356	0.190777346978276382	0.222793533733264014	0.538960125304085649	0.102478352336109315	0.0295991811982573189	0.190920047948543217	0.0108640767264019006	0.00131264864019760629	0.00618636394572717274	0.013243273161865599	0.00490534589986135719	0.00799838621168871623	0.791441358344259111	0.0901577208368443807	0.157799678012257869	0.578331767237914465	0.120183613813968607	0.172190511198345879	0.344425285135810495
C:	0.0983223044370170781	0.176651936955608963	0.162797507678567394	0.154729215179300221	0.548893191737793602	0.0383857110504734432	0.389055074356283829	0.295623202293413256	0.268368908197774045	0.79476870843981089	0.00173117154686669044	0.969834666596722162	0.989097554441706886	0.00130771087042967094	0.938247848259558221	0.987530896080867067	0.0125861307570514687	0.354600845212579731	0.523980832479951192	0.197136887676255869	0.112202875979119051	0.66839274214448113	0.176704588892576376
G:	0.186964212428148263	0.133800502077007588	0.0595736945241441497	0.233450255439851312	0.197157144425539947	0.143546791905713992	0.0359342827139493451	0.146660434440199109	0.6916901012139106	0.0117149092393016765	0.984909406601708822	0.0247849667462641056	0.00138740656172883888	0.980563122274254224	0.0329516379401879012	0.00157596637325006222	0.177370805498480741	0.175049477610700812	0.0806085311519160426	0.0399099031127111803	0.744466669475374336	0.111748557248962125	0.335117607624990062
T:	0.615717143012736893	0.355551231763680247	0.648586530894873966	0.511092142924397111	0.0631723168583900696	0.595273963310548551	0.036050517625681177	0.45523801093027832	0.0103418093900580365	0.00259633437234421627	0.00249534512502258711	0.00406771801681612628	0.00332867505083710248	0.0048858936934505057	0.0238951679003925203	0.00289475133419415461	0.018601705400208679	0.380191956339875076	0.237610958355874897	0.184621441973118486	0.0231468407315380063	0.0476681894082108671	0.143752518346623066



5	CCGCCGCC	0.498323350651356211


A:	0.333996329203703202	0.12904226690241449	0.100728386456451356	0.190777346978276382	0.222793533733264014	0.538960125304085649	0.102478352336109315	0.0295991811982573189	0.237317613156552663	0.015241813723839169	0.00183734083212688492	0.0117741317566463225	0.0184054109664087173	0.00905758595522239134	0.00579021923669552274	0.791441358344259111	0.0901577208368443807	0.157799678012257869	0.578331767237914465	0.120183613813968607	0.172190511198345879	0.344425285135810495
C:	0.176651936955608963	0.162797507678567394	0.154729215179300221	0.548893191737793602	0.0383857110504734432	0.389055074356283829	0.295623202293413256	0.268368908197774045	0.710722863231167077	0.00130259238565217139	0.983604697990898472	0.986185452765738409	0.0018505399288255224	0.926283911490769501	0.988359340985572619	0.0125861307570514687	0.354600845212579731	0.523980832479951192	0.197136887676255869	0.112202875979119051	0.66839274214448113	0.176704588892576376
G:	0.133800502077007588	0.0595736945241441497	0.233450255439851312	0.197157144425539947	0.143546791905713992	0.0359342827139493451	0.146660434440199109	0.6916901012139106	0.0494996170496648473	0.982457719609601112	0.0131959216013586338	0.00109766237282930919	0.977304011612854743	0.0368932979822139166	0.00258165232781652796	0.177370805498480741	0.175049477610700812	0.0806085311519160426	0.0399099031127111803	0.744466669475374336	0.111748557248962125	0.335117607624990062
T:	0.355551231763680247	0.648586530894873966	0.511092142924397111	0.0631723168583900696	0.595273963310548551	0.036050517625681177	0.45523801093027832	0.0103418093900580365	0.00245990656261541215	0.000997874280907547863	0.00136203957561600964	0.000942753104785959282	0.00244003749191101689	0.0277652045717941914	0.00326878744991533036	0.018601705400208679	0.380191956339875076	0.237610958355874897	0.184621441973118486	0.0231468407315380063	0.0476681894082108671	0.143752518346623066



