1	CACCGACA	0.498811675362555803


A:	0.551732583534846964	0.177512913398965192	0.0904880007294320963	0.108655976068979109	0.362333226884737349	0.0434459662485597658	0.0435075787697071933	0.0795670489546522482	0.625923415587292844	0.000437679442906790052	0.00395869633059511552	0.00208456658356016983	0.984964819284106992	0.00396252892401137068	0.781750721091748534	0.342667672526965837	0.527029851064806958	0.0222801646855022897	0.196668151785348496	0.0238598897448532839	0.0371458470288910108	0.106087919582166501
C:	0.13662914217219462	0.195854810708953987	0.170511781366109545	0.812206934413891399	0.282719732268809027	0.207248232290036003	0.671996480470177731	0.760365281942558024	0.00153022922757396609	0.990557878769886508	0.992748354906821661	0.000941498675751584482	0.00591397617330892639	0.989121570720444767	0.0021646683481681187	0.107410466834954844	0.146013570958420023	0.210331756566267735	0.289790540448778589	0.370856592376013689	0.785613107839329375	0.145013013609768359
G:	0.222653528040451681	0.58492165229371062	0.585782649093148341	0.00997349256531579043	0.232702189434024704	0.478348803391146016	0.175928317159524369	0.0144435702448344539	0.371698378437236663	0.00340228700012368633	0.00133880359452284451	0.991881564791945122	0.000913791253096555471	0.000282289820515689569	0.192872441611571005	0.404024869187865332	0.056335555731824751	0.33263669068756311	0.0411084479975757314	0.533391957713666162	0.0326427268201326149	0.236593481469589437
T:	0.0889847462525067359	0.041710623598370201	0.153217568811310018	0.0691635969518137011	0.12224485141242892	0.270956998070258215	0.108567623600590706	0.145624098857955274	0.000847976747896527001	0.00560215478708301544	0.00195414516806037921	0.00509236994874312366	0.00820741328948752577	0.00663361053502817292	0.0232121689485123431	0.145896991450213987	0.270621022244948269	0.434751388060666866	0.472432859768297184	0.0718915601654668643	0.144598318311647	0.512305585338475703



2	C.GCCGACA	0.498563824507419723


A:	0.276386345271399687	0.323019653606448891	0.190327924529551381	0.258079918498824339	0.697604525790622256	0.0106486947682025885	0.159959603962082929	0.0149133528653363897	0.0780264124164981334	0.416888662150562159	0.0010078880963167166	0.0106507095399667325	0.00232683411122853522	0.989045772928685531	0.00326964508662926896	0.980707363305397918	0.250252006460608318	0.406306031717825043	0.241340687379766439	0.0495050319940297095	0.298289588553904663	0.16865787457492372	0.140133109371884189
C:	0.397508484064234746	0.0954782882488921364	0.265535947569379973	0.21109191284921854	0.170215906824002137	0.218613108890137	0.318903657775708851	0.864163914412050884	0.354485717113998027	0.002445913739889488	0.974851876000697237	0.987378813466993249	0.00140089181280290993	0.00746187500976120338	0.991880554900037678	0.000674184897170826822	0.185968693198857175	0.174927535380512189	0.175670772411248681	0.0209071475588187343	0.189215327618162341	0.428611757617270682	0.538257315667905307
G:	0.236736496909352774	0.291755393461062831	0.363927703412366077	0.376296227052527139	0.00406182137459378622	0.0088631410768518054	0.172140428218702091	0.0302598632130494958	0.37030316873505513	0.580017552909049313	0.000455696270111931126	0.00066191099261772361	0.992933266170396203	0.000836745337716669677	0.000739404444457410577	0.0147001134357673325	0.402690120465930505	0.17368351646699034	0.349582823366049343	0.411490614376631552	0.233827614039020013	0.258255546414936364	0.181313255062466661
T:	0.0893686737550127923	0.289746664683596142	0.18020842448870257	0.154531941599429983	0.128117746010781821	0.761875055264808606	0.348996310043506129	0.09066286950956323	0.197184701734448709	0.000647871200499040098	0.0236845396328741151	0.00130856600042229454	0.00333900790557235176	0.00265560672383659567	0.004110395568875642	0.00391833836166392223	0.161089179874604002	0.245082916434672427	0.233405716842935536	0.518097206070520005	0.278667469788912983	0.144474821392869234	0.140296319897743843



3	C..TGTCGGC	0.498279484507088855


A:	0.0877943105047169403	0.551230806196892285	0.19221957202673853	0.305800826354439104	0.113551794531294249	0.373205797980006651	0.405216717125186573	0.12421871042503482	0.126855251452816533	0.00410823166197301898	0.00327190293684590581	0.00111693143940111072	0.00209696224621162955	0.00119912602792712044	0.0194826089150468722	0.000993825761572612104	0.414634151365466755	0.09066286950956323	0.600447693760124392	0.294708437520899013	0.680071613901094901	0.403888923940000843	0.276540701285507611
C:	0.203400215331939893	0.273374124839140198	0.162077799564303149	0.0734015653749520155	0.346807083746798753	0.330736141725798583	0.53832958433565361	0.0219574978876168442	0.297190325802439647	0.0410991596544106963	0.000755019739797650811	0.00443802532129804099	0.992794651204829971	0.000720392005024181576	0.000662543608750397197	0.606149472531612763	0.0341756414813142665	0.0302598632130494958	0.198379558882032014	0.215618603805750126	0.0413030595506986865	0.139717336428345921	0.442667865757762224
G:	0.150201872977771123	0.115342488406532167	0.352947735644670538	0.517495797895337918	0.133469525528131091	0.219530924971862398	0.037014380172097433	0.481646804150457176	0.326604930173937093	0.000429086347134178526	0.990083778792257266	0.00261382040423343572	0.00169187836782432139	0.987329894340764783	0.979160617618183786	0.00156561641387912377	0.525819548826831989	0.864163914412050884	0.128444221751088619	0.427944430841437701	0.265150932710657132	0.129407608828392986	0.0460371520686537702
T:	0.558603601185572044	0.0600525805574353499	0.292754892764287783	0.103301810375270962	0.406171596193775907	0.0765271353223323679	0.019439318367062384	0.37217698753689116	0.249349492570806728	0.954363522336482106	0.00588929853109917697	0.991831222835067413	0.0034165081811340776	0.0107505876262839152	0.000694229858018944124	0.391291085292935501	0.0253706583263869896	0.0149133528653363897	0.0727285256067549745	0.0617285278319131602	0.0134743938375492807	0.326986130803260249	0.234754280888076395



4	G.TGTCGGC	0.498228820288848082


A:	0.0877943105047169403	0.551230806196892285	0.19221957202673853	0.305800826354439104	0.113551794531294249	0.373205797980006651	0.405216717125186573	0.12421871042503482	0.126855251452816533	0.00551097491538073812	0.00455805612086474476	0.00283756274350247894	0.00520290011497819788	0.00130724310916843323	0.0168875741397428328	0.000934032377284240229	0.414634151365466755	0.09066286950956323	0.600447693760124392	0.294708437520899013	0.680071613901094901	0.403888923940000843	0.276540701285507611
C:	0.203400215331939893	0.273374124839140198	0.162077799564303149	0.0734015653749520155	0.346807083746798753	0.330736141725798583	0.53832958433565361	0.0219574978876168442	0.297190325802439647	0.0224483748488337653	0.000712508557534532638	0.00194545483843331297	0.991273291983989673	0.00159328644449182425	0.000586046196946963215	0.655261365396106739	0.0341756414813142665	0.0302598632130494958	0.198379558882032014	0.215618603805750126	0.0413030595506986865	0.139717336428345921	0.442667865757762224
G:	0.150201872977771123	0.115342488406532167	0.352947735644670538	0.517495797895337918	0.133469525528131091	0.219530924971862398	0.037014380172097433	0.481646804150457176	0.326604930173937093	0.00099628489863739788	0.99087586754787504	0.00458071553536126029	0.00125619768409816245	0.992121119280268773	0.981499731970876593	0.00142316963080531051	0.525819548826831989	0.864163914412050884	0.128444221751088619	0.427944430841437701	0.265150932710657132	0.129407608828392986	0.0460371520686537702
T:	0.558603601185572044	0.0600525805574353499	0.292754892764287783	0.103301810375270962	0.406171596193775907	0.0765271353223323679	0.019439318367062384	0.37217698753689116	0.249349492570806728	0.971044365337148099	0.00385356777372568239	0.990636266882702948	0.00226761021693396675	0.00497835116607096919	0.00102664769243361131	0.34238143259580371	0.0253706583263869896	0.0149133528653363897	0.0727285256067549745	0.0617285278319131602	0.0134743938375492807	0.326986130803260249	0.234754280888076395



5	C.ACCGACA	0.49812955977964167


A:	0.771940377206142262	0.551732583534846964	0.177512913398965192	0.0904880007294320963	0.108655976068979109	0.362333226884737349	0.0434459662485597658	0.0435075787697071933	0.0795670489546522482	0.416888662150562159	0.000566286204689377391	0.00533506821911215499	0.00242980481010079157	0.987770083992786646	0.00483384436578141744	0.936780276733449448	0.342667672526965837	0.527029851064806958	0.0222801646855022897	0.196668151785348496	0.0238598897448532839	0.0371458470288910108	0.106087919582166501
C:	0.0531764431018636092	0.13662914217219462	0.195854810708953987	0.170511781366109545	0.812206934413891399	0.282719732268809027	0.207248232290036003	0.671996480470177731	0.760365281942558024	0.002445913739889488	0.986100998518114932	0.991904530723731446	0.00147646747955790633	0.00267268351819206188	0.989670397519638784	0.00150735895634534403	0.107410466834954844	0.146013570958420023	0.210331756566267735	0.289790540448778589	0.370856592376013689	0.785613107839329375	0.145013013609768359
G:	0.161396575920859571	0.222653528040451681	0.58492165229371062	0.585782649093148341	0.00997349256531579043	0.232702189434024704	0.478348803391146016	0.175928317159524369	0.0144435702448344539	0.580017552909049313	0.00142159394572718855	0.00136661169115493711	0.9924149485804443	0.000716692652521519359	0.000484835874067741064	0.0526790262230469899	0.404024869187865332	0.056335555731824751	0.33263669068756311	0.0411084479975757314	0.533391957713666162	0.0326427268201326149	0.236593481469589437
T:	0.0134866037711345574	0.0889847462525067359	0.041710623598370201	0.153217568811310018	0.0691635969518137011	0.12224485141242892	0.270956998070258215	0.108567623600590706	0.145624098857955274	0.000647871200499040098	0.0119111213314685025	0.00139378936600146206	0.00367877912989700203	0.00884053983649977274	0.00501092224051205777	0.00903333808715821812	0.145896991450213987	0.270621022244948269	0.434751388060666866	0.472432859768297184	0.0718915601654668643	0.144598318311647	0.512305585338475703



