1	A..CGCCGCC	0.463760608466921435


A:	0.317902809438792799	0.403335236673809829	0.189610009071588774	0.263283694107540424	0.483865336451092756	0.191192538288043004	0.852020230960520211	0.0758005784151696408	0.033312402412553502	0.167221813370292854	0.0133614025526132029	0.00235863206595238235	0.00786812406621643118	0.0164107948704338576	0.00811044755953279859	0.00530519680980770836	0.561823782095080673	0.0372971737101305372	0.164485448083356976	0.620809105259878695	0.136311868736036965	0.144108866651487784	0.393411740469435568
C:	0.155609546129022289	0.265610196797650723	0.252598474243229937	0.254960763452058934	0.253177909509661509	0.117727031996970318	0.0891335222336411751	0.220682687555843194	0.393460393058083142	0.825198882802427913	0.00994636959444689396	0.991520054985005525	0.986102559634380552	0.00295229212681980522	0.965108069917065782	0.983854024503633426	0.0138398508977427012	0.171725115837995418	0.61162814728651124	0.0820158156312069168	0.0976723792260181904	0.520677978698223648	0.138360693399994895
G:	0.287192557020482666	0.192390969681853422	0.0962587584266608033	0.138555274958328101	0.230073907260456914	0.195919200367596137	0.0316990473948040938	0.110195978727388256	0.51727032614856285	0.00660832266304588216	0.974795992541351458	0.00250955696654387774	0.00438499410770480502	0.978127736886709506	0.0196148591206441199	0.00321553753247633177	0.347843535459515818	0.239646262468813031	0.052947001147440381	0.103438801286789032	0.756020673823496461	0.174841800413494552	0.224452461520174569
T:	0.239295087411702247	0.138663596846686026	0.461532758258520485	0.343200267482072542	0.0328828467787888199	0.495161229347390541	0.0271471994110345197	0.59332075530159891	0.0559568783808005063	0.00097098116423335101	0.0018962353115884454	0.00361175598249821464	0.00164432219169821186	0.00250917611603683146	0.00716662340275729959	0.00762524115408253403	0.0764928315476608076	0.551331447983061014	0.170939403482691403	0.193736277822125357	0.00999507821444838444	0.160371354236794015	0.243775104610394968



2	GCGCCGCC	0.461841746079015287


A:	0.403335236673809829	0.189610009071588774	0.263283694107540424	0.483865336451092756	0.191192538288043004	0.852020230960520211	0.0758005784151696408	0.033312402412553502	0.141791222280351118	0.00458259868466531604	0.00279007171368034073	0.0282650365707181316	0.0172691675384905164	0.00872808055101857269	0.00248394801783006093	0.561823782095080673	0.0372971737101305372	0.164485448083356976	0.620809105259878695	0.136311868736036965	0.144108866651487784	0.393411740469435568
C:	0.265610196797650723	0.252598474243229937	0.254960763452058934	0.253177909509661509	0.117727031996970318	0.0891335222336411751	0.220682687555843194	0.393460393058083142	0.844641280596923369	0.00466921787390297591	0.986293170318036607	0.950031412312568529	0.0018211237307500027	0.975621040113304951	0.986377953291520083	0.0138398508977427012	0.171725115837995418	0.61162814728651124	0.0820158156312069168	0.0976723792260181904	0.520677978698223648	0.138360693399994895
G:	0.192390969681853422	0.0962587584266608033	0.138555274958328101	0.230073907260456914	0.195919200367596137	0.0316990473948040938	0.110195978727388256	0.51727032614856285	0.00471890201262778945	0.983740390333657103	0.00807151097664190918	0.0184596224276949125	0.973187489187956057	0.00834312802578718497	0.00923199507738313705	0.347843535459515818	0.239646262468813031	0.052947001147440381	0.103438801286789032	0.756020673823496461	0.174841800413494552	0.224452461520174569
T:	0.138663596846686026	0.461532758258520485	0.343200267482072542	0.0328828467787888199	0.495161229347390541	0.0271471994110345197	0.59332075530159891	0.0559568783808005063	0.00884859511009772387	0.00700779310777460482	0.00284524699164114342	0.00324392868901842696	0.0077222195428034241	0.007307751309889291	0.00190610361326671907	0.0764928315476608076	0.551331447983061014	0.170939403482691403	0.193736277822125357	0.00999507821444838444	0.160371354236794015	0.243775104610394968



3	CCGCCA..GA	0.456249276225453703


A:	0.961939344265427165	0.506688934664316778	0.0970217827078153561	0.0788971081710101053	0.681923241848789593	0.024715680946750894	0.0926857501472726399	0.0563158616422344164	0.0515293536504576232	0.0206962481503685092	0.022724672134050829	0.737200591099515731	0.198878144269931061	0.321634947715208432	0.179397627942519853	0.804131773470047167	0.137449183148935887	0.163690343583099452	0.325467492681362387	0.0585540183632050504	0.217442489975522224	0.394738139291845713
C:	0.0201376057248193563	0.166431442615053435	0.283556254249054299	0.263901326312929458	0.154717962005798727	0.0843929005427588709	0.828726952481692636	0.885690262733593327	0.0207903323814230413	0.835384698878177205	0.909423819690658547	0.0306266149717557266	0.130868922321092491	0.22189240954626014	0.0781038102863378545	0.0915583422275647929	0.193854325772445183	0.309071371831392081	0.111820576658601192	0.0784157765212328901	0.244430249276644394	0.0563947488740151671
G:	0.00453751179014037625	0.208773202598402004	0.262457497649914561	0.23584126542315252	0.0968357969559997052	0.877516045154263601	0.0336650326523761748	0.0218500133879529094	0.910886105736473707	0.0234016030783128599	0.0475281998860274701	0.189287895018340708	0.452691852952055165	0.227514101945461209	0.66329157264865791	0.0845183014224339354	0.348027099989704976	0.397350477186605064	0.0759577574620415075	0.747697184729920412	0.272709084044975172	0.301008968466081709
T:	0.0133855382196131025	0.118106420122227784	0.356964465393215783	0.421360300092907917	0.0665229991894119753	0.0133753733562266344	0.0449222647186585494	0.0361438622362193471	0.0167942082316456281	0.120517449893141426	0.0203233082892631543	0.0428848989103878351	0.217561080456921284	0.228958540793070219	0.0792069891224843829	0.0197915828799541043	0.320669391088913954	0.129887807398903403	0.486754173197994913	0.115333020385641647	0.26541817670285821	0.24785814336805741



4	CGCCGCCG	0.454949002382370459


A:	0.189610009071588774	0.263283694107540424	0.483865336451092756	0.191192538288043004	0.852020230960520211	0.0758005784151696408	0.033312402412553502	0.477279983274122054	0.00692589403488398666	0.00507910772938543257	0.0440775368810172799	0.0188673146686068367	0.00532666361302244332	0.00948249474478803205	0.561823782095080673	0.0372971737101305372	0.164485448083356976	0.620809105259878695	0.136311868736036965	0.144108866651487784	0.393411740469435568	0.437368803896245173
C:	0.252598474243229937	0.254960763452058934	0.253177909509661509	0.117727031996970318	0.0891335222336411751	0.220682687555843194	0.393460393058083142	0.510645269786942437	0.0120004355976923687	0.979515022652566203	0.941215457819551311	0.00372597250350472072	0.862877586206336217	0.979157890911193005	0.0138398508977427012	0.171725115837995418	0.61162814728651124	0.0820158156312069168	0.0976723792260181904	0.520677978698223648	0.138360693399994895	0.108208545000900871
G:	0.0962587584266608033	0.138555274958328101	0.230073907260456914	0.195919200367596137	0.0316990473948040938	0.110195978727388256	0.51727032614856285	0.00801604456007448561	0.969242908341703309	0.0112756501128694262	0.0109366467365155186	0.968012821744478848	0.097767860344617797	0.00650018170025230986	0.347843535459515818	0.239646262468813031	0.052947001147440381	0.103438801286789032	0.756020673823496461	0.174841800413494552	0.224452461520174569	0.218166621580691789
T:	0.461532758258520485	0.343200267482072542	0.0328828467787888199	0.495161229347390541	0.0271471994110345197	0.59332075530159891	0.0559568783808005063	0.00405870237886102419	0.0118307620257203355	0.00413021950517893822	0.0037703585629158907	0.00939389108340959469	0.0340278898360235427	0.00485943264376665325	0.0764928315476608076	0.551331447983061014	0.170939403482691403	0.193736277822125357	0.00999507821444838444	0.160371354236794015	0.243775104610394968	0.236256029522162167



5	GCCGCCA..A	0.453611248966087676


A:	0.600023908770670061	0.307234142035820867	0.63789392648108686	0.120661631115862912	0.227329319019675242	0.243047362844700797	0.00817138773516079323	0.0090554620606681438	0.00917936092727763271	0.0284321853994250787	0.00627797107119451535	0.00706531746911808257	0.681968232311720544	0.0548350791905454544	0.22738484647540414	0.700998614641401775	0.0163109269329214602	0.325403728275338066	0.441096754120470015	0.202574169139435438	0.51485149501306849	0.123072292878886264
C:	0.331211883160453543	0.226718798663658253	0.229028690024374037	0.33020108364225507	0.218111177770091053	0.625373186156090974	0.00648778386641849358	0.975804151651413723	0.9778520661492801	0.00366942590080119985	0.972018168459412018	0.977798562856112093	0.0144013042564385282	0.21612780805038479	0.203310051687928863	0.00951881715964370624	0.208800406862525156	0.190004544261810968	0.112710043320536514	0.364922742060940508	0.14665972221252367	0.781740793614575486
G:	0.00479633482578367944	0.246591873236349207	0.0606444176561313478	0.204321601491616236	0.483549161742028988	0.12539594877554654	0.982336672562087528	0.00942627412490110873	0.00439562273007316293	0.964096166866179299	0.0121962159986439144	0.00321909528165717418	0.227445602073910718	0.32581533296180487	0.21938406383523678	0.259039261656145488	0.747551838835902129	0.447652529676565264	0.219427654179212915	0.115651854368361258	0.317041243926715037	0.0222372572744948802
T:	0.0639678732430927161	0.219455186064171672	0.0724329658384077555	0.344815683750265782	0.0710103414682047169	0.00618350222366168879	0.00300415583633318496	0.00571411216301702496	0.00857295019336910462	0.00380222183359442245	0.00950764447074955235	0.0119170243931126499	0.0761848613579302089	0.403221779797264886	0.349921038001430217	0.030443306542809031	0.027336827368651255	0.0369391977862857022	0.226765548379780556	0.316851234431262796	0.0214475388476928022	0.0729496562320433697



