1	CGCCGGCG	0.490742112279662272


A:	0.140899328217803633	0.214882020075423556	0.133965418561779982	0.179969033963930667	0.302270508408665613	0.21139183758353647	0.0854179656894622674	0.0307227929729811377	0.0181015687347379162	0.0193003964291865902	0.0121619236280591972	0.0732599000311341153	0.0130898024198052876	0.0187079665068365598	0.127213298927678764	0.152490780735881905	0.254048259172225339	0.236092235464320771	0.208336329314703618	0.293875191743574954	0.349687163746873131	0.538822140638450636
C:	0.380497025288783101	0.0277619087662544515	0.105879572214367881	0.351397596226696412	0.114030322922336705	0.0983152032835185462	0.572622354286867774	0.758315094249830498	0.00211437500015831381	0.937704310550030317	0.892284681895747734	0.0222934944450589533	0.0299054906009778056	0.96107608975826721	0.0837488138495095998	0.128489905749432312	0.173977797232779606	0.175798221637286733	0.229409067512912111	0.247495872019422339	0.24756601931021318	0.0820577320240754552
G:	0.196895712292476486	0.187964616644565285	0.527349793823433916	0.409040021760758033	0.223705675980439255	0.225316938546058788	0.206869650016991462	0.0837488138495095998	0.96107608975826721	0.0299054906009778056	0.0222934944450589533	0.892284681895747734	0.937704310550030317	0.00211437500015831381	0.758315094249830498	0.0868095356374196522	0.188383903827210681	0.288447057219484199	0.370390503792720247	0.211531337329749174	0.308587940184655722	0.201842869101661161
T:	0.281707934200936779	0.569391454513756707	0.232805215400418221	0.0595933480486148883	0.359993492688558427	0.464976020586886196	0.135090030006678496	0.127213298927678764	0.0187079665068365598	0.0130898024198052876	0.0732599000311341153	0.0121619236280591972	0.0193003964291865902	0.0181015687347379162	0.0307227929729811377	0.632209777877266131	0.383590039767784373	0.299662485678908297	0.191864099379664023	0.247097598907253533	0.0941588767582579671	0.177277258235812748



2	GGCG.CGCC	0.489477906689706245


A:	0.394745992945180853	0.533159111457899901	0.0663196875788264166	0.249089484438478085	0.322421071869092728	0.155081536657723527	0.136644368707773926	0.0319415842222588959	0.0395129584120049368	0.0113409684405665421	0.00926487176420721704	0.139716985040519627	0.0143702529432294258	0.0588626778049369522	0.0401005014821159222	0.0175097724774597812	0.286384614119403967	0.155246432844067034	0.348104217806318231	0.120804890650098406	0.649442056091496581	0.0574545142945603295	0.297087715340237814
C:	0.0887590816829827455	0.16241201128614376	0.415554544168633604	0.0652416326512294532	0.155109130154810316	0.536078011920142202	0.333279115567699559	0.0331298238250901707	0.0540701402519488577	0.916386163109123031	0.00900200837388122813	0.0793064103519333862	0.967362866918682129	0.0134101906453734745	0.866316399853930283	0.917418819475191152	0.0995229139306890113	0.315881742442535361	0.307980471899215819	0.308669713490495429	0.157693756668326691	0.286920551930350346	0.527455753719606405
G:	0.304016963345388181	0.228470844762916301	0.157900324127112478	0.296247925039598927	0.396568081422572322	0.195556126947048306	0.44313064874265925	0.917418819475191152	0.866316399853930283	0.0134101906453734745	0.967362866918682129	0.648782909007898995	0.00900200837388122813	0.916386163109123031	0.0540701402519488577	0.0331298238250901707	0.438909954039508603	0.322747127562169759	0.289314331413342191	0.425619038077145392	0.151639618768517126	0.119776543647621194	0.0859633873231598811
T:	0.212477962026448221	0.0759580324930400383	0.360225444125427501	0.389420957870693535	0.125901716553524634	0.113284324475085965	0.0869458669818672652	0.0175097724774597812	0.0401005014821159222	0.0588626778049369522	0.0143702529432294258	0.132193695599647991	0.00926487176420721704	0.0113409684405665421	0.0395129584120049368	0.0319415842222588959	0.175182517910398419	0.206124697151227846	0.0546009788811237585	0.144906357782260772	0.0412245684716596021	0.535848390127468131	0.0894931436169958999



3	CGCCGGC..A	0.487864886891237775


A:	0.177277258235812748	0.0941588767582579671	0.247097598907253533	0.191864099379664023	0.299662485678908297	0.383590039767784373	0.632209777877266131	0.0656895556019363891	0.0413898253226138277	0.0227579681627601512	0.00495474988124022415	0.0446656210750479226	0.00721335928257095931	0.036263107838830296	0.127213298927678764	0.135090030006678496	0.464976020586886196	0.359993492688558427	0.0595933480486148883	0.232805215400418221	0.569391454513756707	0.281707934200936779	0.48025047526965489
C:	0.201842869101661161	0.308587940184655722	0.211531337329749174	0.370390503792720247	0.288447057219484199	0.188383903827210681	0.0868095356374196522	0.549532179890281846	0.00323538202740400382	0.864638536169118117	0.87876796353079332	0.0136435589421782995	0.078731822285279835	0.910707914494462489	0.0837488138495095998	0.206869650016991462	0.225316938546058788	0.223705675980439255	0.409040021760758033	0.527349793823433916	0.187964616644565285	0.196895712292476486	0.0949065098292521905
G:	0.0820577320240754552	0.24756601931021318	0.247495872019422339	0.229409067512912111	0.175798221637286733	0.173977797232779606	0.128489905749432312	0.11313871400860627	0.950338758934125058	0.0937768707725592972	0.0118404348413094154	0.918283254338612364	0.898098044679955061	0.00982776384698004884	0.758315094249830498	0.572622354286867774	0.0983152032835185462	0.114030322922336705	0.351397596226696412	0.105879572214367881	0.0277619087662544515	0.380497025288783101	0.0409949860800717894
T:	0.538822140638450636	0.349687163746873131	0.293875191743574954	0.208336329314703618	0.236092235464320771	0.254048259172225339	0.152490780735881905	0.271639550499175495	0.00503603371585711025	0.0188266248955624348	0.10443685174665704	0.0234075656441614136	0.0159567737521941448	0.0432012138197271666	0.0307227929729811377	0.0854179656894622674	0.21139183758353647	0.302270508408665613	0.179969033963930667	0.133965418561779982	0.214882020075423556	0.140899328217803633	0.38384802882102113



4	C.GCCGGCG	0.486342009515813042


A:	0.38384802882102113	0.140899328217803633	0.214882020075423556	0.133965418561779982	0.179969033963930667	0.302270508408665613	0.21139183758353647	0.0854179656894622674	0.0307227929729811377	0.0269446345957586197	0.026615728962939463	0.00999042448071912538	0.0191253178001657435	0.0157968956563650154	0.00786466462034763875	0.155135991931713136	0.152490780735881905	0.254048259172225339	0.236092235464320771	0.208336329314703618	0.293875191743574954	0.349687163746873131	0.538822140638450636
C:	0.0409949860800717894	0.380497025288783101	0.0277619087662544515	0.105879572214367881	0.351397596226696412	0.114030322922336705	0.0983152032835185462	0.572622354286867774	0.758315094249830498	0.0039375446021330843	0.931194622343180736	0.956100706829722646	0.0265285750857126392	0.129294870561614716	0.968099857207932197	0.0274372950282531134	0.128489905749432312	0.173977797232779606	0.175798221637286733	0.229409067512912111	0.247495872019422339	0.24756601931021318	0.0820577320240754552
G:	0.0949065098292521905	0.196895712292476486	0.187964616644565285	0.527349793823433916	0.409040021760758033	0.223705675980439255	0.225316938546058788	0.206869650016991462	0.0837488138495095998	0.946695267538495854	0.0346427252545446884	0.00977857183738782047	0.943848692648127933	0.832647025574103295	0.00196465632320466358	0.705106546966089461	0.0868095356374196522	0.188383903827210681	0.288447057219484199	0.370390503792720247	0.211531337329749174	0.308587940184655722	0.201842869101661161
T:	0.48025047526965489	0.281707934200936779	0.569391454513756707	0.232805215400418221	0.0595933480486148883	0.359993492688558427	0.464976020586886196	0.135090030006678496	0.127213298927678764	0.0224225532636124422	0.007546923439335113	0.0241302968521704077	0.0104974144659936838	0.0222612082079169731	0.0220708218485155008	0.112320166073944289	0.632209777877266131	0.383590039767784373	0.299662485678908297	0.191864099379664023	0.247097598907253533	0.0941588767582579671	0.177277258235812748



5	ACGCCGGC	0.4861337482096113


A:	0.154559248164820922	0.177277258235812748	0.0941588767582579671	0.247097598907253533	0.191864099379664023	0.299662485678908297	0.383590039767784373	0.632209777877266131	0.0418714355442791343	0.0163636820689169788	0.0235376536853636173	0.00666876093790684022	0.0115651540477066004	0.0104085905154261389	0.0121638965515453	0.127213298927678764	0.135090030006678496	0.464976020586886196	0.359993492688558427	0.0595933480486148883	0.232805215400418221	0.569391454513756707
C:	0.406031371306515238	0.201842869101661161	0.308587940184655722	0.211531337329749174	0.370390503792720247	0.288447057219484199	0.188383903827210681	0.0868095356374196522	0.658805067685280139	0.00512498616353239295	0.910111484088309489	0.953560339065127819	0.0135234850401662717	0.044930726244727811	0.971780580687791854	0.0837488138495095998	0.206869650016991462	0.225316938546058788	0.223705675980439255	0.409040021760758033	0.527349793823433916	0.187964616644565285
G:	0.232451745909046155	0.0820577320240754552	0.24756601931021318	0.247495872019422339	0.229409067512912111	0.175798221637286733	0.173977797232779606	0.128489905749432312	0.0301770283894586719	0.968741374684212343	0.0457207981262741587	0.00930974862616956536	0.959049552708759079	0.93038146580789261	0.00830386756059066476	0.758315094249830498	0.572622354286867774	0.0983152032835185462	0.114030322922336705	0.351397596226696412	0.105879572214367881	0.0277619087662544515
T:	0.206957634619617685	0.538822140638450636	0.349687163746873131	0.293875191743574954	0.208336329314703618	0.236092235464320771	0.254048259172225339	0.152490780735881905	0.269146468380982055	0.00976995708333828495	0.0206300641000527346	0.0304611513707957755	0.0158618082033680488	0.0142792174319534402	0.00775165520007218161	0.0307227929729811377	0.0854179656894622674	0.21139183758353647	0.302270508408665613	0.179969033963930667	0.133965418561779982	0.214882020075423556



