1	CGCCGCCA	0.499336195344682118


A:	0.229219631990256955	0.778038637297520684	0.243457084460826337	0.021551510632995988	0.252522841864191567	0.225054364322926033	0.0799481143601086924	0.0438627645430801142	0.00505328483466956229	0.00162944822218333395	0.0114032749145600076	0.00376479197693562042	0.0167126118515107159	0.098556717453519182	0.650986792315476842	0.193752472720364372	0.168030297404861116	0.421987559749855452	0.25705425652006096	0.15686152274309155	0.265486742205621854	0.380924797090025088
C:	0.253663912679628203	0.0256780021724980346	0.0345644944373290356	0.029682760929637272	0.644346636940676054	0.263091361396955603	0.237582609045709249	0.936010465750773733	0.00166859674715667403	0.948636718879304244	0.983879125905766264	0.00257421190062337893	0.897082982903016803	0.872280024989003064	0.00817350774596327292	0.557773375629326615	0.224899666583340737	0.352935702295650087	0.216007705695177994	0.644889007607897617	0.160635858526498311	0.23832956353771834
G:	0.139506073151531685	0.121123520726980998	0.373367663918365906	0.0676779840922982819	0.0295155897844729231	0.253552217191748507	0.656897628450594505	0.0159809994675985778	0.991000282928576349	0.0476574563437013757	0.00396816258700596815	0.988579994686444363	0.00784653589592737155	0.00242175092458793649	0.313142353910891194	0.083963272892019411	0.15251475441041148	0.0400068453749973437	0.52082457284454019	0.0507978627889333162	0.284947469476233934	0.188345693874160281
T:	0.377610382178583156	0.0751598398030002839	0.348610757183478721	0.881087744345068458	0.0736149314106594564	0.258302057088369856	0.0255716481435875538	0.00414577023854757449	0.00227783548959741441	0.0020763765548110465	0.000749436592667759832	0.0050810014359966373	0.0783578693495451095	0.0267415066328898176	0.0276973460276686909	0.164510878758289602	0.454555281601386667	0.185069892579497118	0.00611346494022085546	0.147451606860077517	0.2889299297916459	0.19239994549809629



2	CGCCGCCG	0.49874056978360135


A:	0.229219631990256955	0.778038637297520684	0.243457084460826337	0.021551510632995988	0.252522841864191567	0.225054364322926033	0.0799481143601086924	0.0497522423918847557	0.00623507046913993312	0.00292499936947208757	0.00852585937529632844	0.00478162874490063549	0.00293303449827364831	0.017229330223095242	0.650986792315476842	0.193752472720364372	0.168030297404861116	0.421987559749855452	0.25705425652006096	0.15686152274309155	0.265486742205621854	0.380924797090025088
C:	0.253663912679628203	0.0256780021724980346	0.0345644944373290356	0.029682760929637272	0.644346636940676054	0.263091361396955603	0.237582609045709249	0.911949006249845721	0.0160490967776424926	0.89698687918038971	0.966038819331361416	0.00174394204879080533	0.958315472767242296	0.971086421728896602	0.00817350774596327292	0.557773375629326615	0.224899666583340737	0.352935702295650087	0.216007705695177994	0.644889007607897617	0.160635858526498311	0.23832956353771834
G:	0.139506073151531685	0.121123520726980998	0.373367663918365906	0.0676779840922982819	0.0295155897844729231	0.253552217191748507	0.656897628450594505	0.00922236834899500289	0.966695738987487122	0.0966933507221071742	0.023239531084752014	0.990392805324516014	0.0259240537963353089	0.00693301395827818372	0.313142353910891194	0.083963272892019411	0.15251475441041148	0.0400068453749973437	0.52082457284454019	0.0507978627889333162	0.284947469476233934	0.188345693874160281
T:	0.377610382178583156	0.0751598398030002839	0.348610757183478721	0.881087744345068458	0.0736149314106594564	0.258302057088369856	0.0255716481435875538	0.0290763830092745201	0.0110200937657304523	0.00339477072803102803	0.00219579020859024128	0.00308162388179254538	0.0128274389381487467	0.00475123408972997212	0.0276973460276686909	0.164510878758289602	0.454555281601386667	0.185069892579497118	0.00611346494022085546	0.147451606860077517	0.2889299297916459	0.19239994549809629



3	C..CGCCGCC	0.498610421836228288


A:	0.120312105884843352	0.221471773800628467	0.229219631990256955	0.778038637297520684	0.243457084460826337	0.021551510632995988	0.252522841864191567	0.225054364322926033	0.0799481143601086924	0.0389860888580203022	0.00290529359751580113	0.00154536013701125336	0.00588444885419726941	0.00506263215107162708	0.00820513349855670779	0.0669777167157480812	0.650986792315476842	0.193752472720364372	0.168030297404861116	0.421987559749855452	0.25705425652006096	0.15686152274309155	0.265486742205621854
C:	0.0540779094095282072	0.137325382205517795	0.253663912679628203	0.0256780021724980346	0.0345644944373290356	0.029682760929637272	0.644346636940676054	0.263091361396955603	0.237582609045709249	0.945863764779096954	0.00450593329018656833	0.943761588218732168	0.98889600661109412	0.00218849402087174198	0.951711083613177963	0.91679451842217174	0.00817350774596327292	0.557773375629326615	0.224899666583340737	0.352935702295650087	0.216007705695177994	0.644889007607897617	0.160635858526498311
G:	0.154348162086843809	0.363809419691191874	0.139506073151531685	0.121123520726980998	0.373367663918365906	0.0676779840922982819	0.0295155897844729231	0.253552217191748507	0.656897628450594505	0.00857704612993358146	0.985960835403078717	0.0527749511928736382	0.00349949880668071042	0.989131193524032754	0.0095435623886726902	0.00745391382421341247	0.313142353910891194	0.083963272892019411	0.15251475441041148	0.0400068453749973437	0.52082457284454019	0.0507978627889333162	0.284947469476233934
T:	0.671261822618784632	0.277393424302661863	0.377610382178583156	0.0751598398030002839	0.348610757183478721	0.881087744345068458	0.0736149314106594564	0.258302057088369856	0.0255716481435875538	0.00657310023294916281	0.00662793770921891388	0.00191810045138294065	0.00172004572802790007	0.00361768030402387737	0.0305402204995926393	0.00877385103786676675	0.0276973460276686909	0.164510878758289602	0.454555281601386667	0.185069892579497118	0.00611346494022085546	0.147451606860077517	0.2889299297916459



4	GCGCCGCC	0.498476895969823308


A:	0.221471773800628467	0.229219631990256955	0.778038637297520684	0.243457084460826337	0.021551510632995988	0.252522841864191567	0.225054364322926033	0.0799481143601086924	0.00577577967161805871	0.00280369715001617873	0.00104865650381381981	0.00647399256767394864	0.00448504326387827772	0.0124554131723311884	0.064205869010312015	0.650986792315476842	0.193752472720364372	0.168030297404861116	0.421987559749855452	0.25705425652006096	0.15686152274309155	0.265486742205621854
C:	0.137325382205517795	0.253663912679628203	0.0256780021724980346	0.0345644944373290356	0.029682760929637272	0.644346636940676054	0.263091361396955603	0.237582609045709249	0.982660262523328534	0.0045210348091809666	0.854335384005870977	0.984905173486538245	0.00173780855487185248	0.948870466593197767	0.908759026866777257	0.00817350774596327292	0.557773375629326615	0.224899666583340737	0.352935702295650087	0.216007705695177994	0.644889007607897617	0.160635858526498311
G:	0.363809419691191874	0.139506073151531685	0.121123520726980998	0.373367663918365906	0.0676779840922982819	0.0295155897844729231	0.253552217191748507	0.656897628450594505	0.00323140547563409696	0.990475896782897589	0.14271660370713354	0.00776898200798894863	0.990049042724676228	0.0036231501267049413	0.0191454035245624702	0.313142353910891194	0.083963272892019411	0.15251475441041148	0.0400068453749973437	0.52082457284454019	0.0507978627889333162	0.284947469476233934
T:	0.277393424302661863	0.377610382178583156	0.0751598398030002839	0.348610757183478721	0.881087744345068458	0.0736149314106594564	0.258302057088369856	0.0255716481435875538	0.00833255232941930995	0.00219937125790526509	0.00189935578318166371	0.000851851937798858178	0.0037281054565736414	0.0350509701077661036	0.00788970059834825734	0.0276973460276686909	0.164510878758289602	0.454555281601386667	0.185069892579497118	0.00611346494022085546	0.147451606860077517	0.2889299297916459



5	CGCCGCC.C	0.498269144870713187


A:	0.229219631990256955	0.778038637297520684	0.243457084460826337	0.021551510632995988	0.252522841864191567	0.225054364322926033	0.0799481143601086924	0.0745727727809074389	0.0137549456545509208	0.00331840334616959285	0.00850729057507470128	0.00675304901284966041	0.0169591676354499144	0.0376844777350935288	0.650986792315476842	0.193752472720364372	0.168030297404861116	0.421987559749855452	0.25705425652006096	0.15686152274309155	0.265486742205621854	0.380924797090025088	0.302194061912450263
C:	0.253663912679628203	0.0256780021724980346	0.0345644944373290356	0.029682760929637272	0.644346636940676054	0.263091361396955603	0.237582609045709249	0.895379969869044526	0.00443122084351113536	0.900229179259760605	0.980112135211627282	0.00532114726206513506	0.933460665925210936	0.938510415095702359	0.00817350774596327292	0.557773375629326615	0.224899666583340737	0.352935702295650087	0.216007705695177994	0.644889007607897617	0.160635858526498311	0.23832956353771834	0.0613488315271105286
G:	0.139506073151531685	0.121123520726980998	0.373367663918365906	0.0676779840922982819	0.0295155897844729231	0.253552217191748507	0.656897628450594505	0.0119882084176192281	0.97558548568575768	0.0930070660164307132	0.00846157418123693961	0.985095638895136639	0.00760218469650345334	0.0168953883756110246	0.313142353910891194	0.083963272892019411	0.15251475441041148	0.0400068453749973437	0.52082457284454019	0.0507978627889333162	0.284947469476233934	0.188345693874160281	0.601686427367472309
T:	0.377610382178583156	0.0751598398030002839	0.348610757183478721	0.881087744345068458	0.0736149314106594564	0.258302057088369856	0.0255716481435875538	0.0180590489324288066	0.00622834781618026436	0.00344535137763908866	0.00291900003206107748	0.00283016482994856595	0.0419779817428356959	0.00690971879359308734	0.0276973460276686909	0.164510878758289602	0.454555281601386667	0.185069892579497118	0.00611346494022085546	0.147451606860077517	0.2889299297916459	0.19239994549809629	0.0347706791929668998



