1	CGCCGCCA	0.498184100272530231


A:	0.124525605423945037	0.146609603563344704	0.508697276781817791	0.183645031508201544	0.261548175715672631	0.255231306697218844	0.0341927853925480942	0.125232230235785921	0.0056283644296275162	0.00228859746302606228	0.0114045599480086569	0.010650279900149196	0.0153146741170818104	0.00149323024914941088	0.683872925678273572	0.0612386340078966119	0.198842439784720707	0.474160724089803618	0.371396309720774323	0.136083937285800989	0.473056673619528533	0.100267073858939637
C:	0.0913088709710652138	0.184887113367831981	0.134204086419213876	0.496517526771802149	0.227737418348300761	0.252124351981664572	0.251557852213785097	0.829746246837595912	0.000534419393344973342	0.975860829163853042	0.986496987908422096	0.000643204846364825369	0.944695735137864309	0.989243600963266859	0.0114809206197785525	0.0790181226468340025	0.327090046600705668	0.117268148928737237	0.217010789938117238	0.158959764931779158	0.176387706081328667	0.260896441436436437
G:	0.03286775560633425	0.452404739917158557	0.0376215259828197551	0.128331188287018107	0.247394163352729288	0.30124786238851612	0.710151601234998065	0.0434148302323038487	0.990665246050823585	0.0209129073842392408	0.00133127591479243358	0.98618304563445751	0.019137593262485642	0.001775909771018965	0.24347605036061304	0.342628497253332042	0.0923984122509584697	0.144103000224632038	0.0799869294171747418	0.169607308259787923	0.0896790401789306909	0.39064366113588807
T:	0.751297767998655499	0.216098543151664758	0.319477110816148577	0.1915062534329782	0.263320242583297321	0.191396478932600463	0.00409776115866874412	0.00160669269431431784	0.00317197012620392504	0.000937665988881655155	0.00076717622877681392	0.00252346961902846873	0.0208519974825682388	0.00748725901656476543	0.0611701033413348346	0.517114746091937344	0.381669101363615156	0.264468126756827107	0.331605970923933697	0.53534898952263193	0.26087658012021211	0.248192823568735856



2	GCGCCGCC	0.498036649214659686


A:	0.269252189910006052	0.124525605423945037	0.146609603563344704	0.508697276781817791	0.183645031508201544	0.261548175715672631	0.255231306697218844	0.0341927853925480942	0.0107820359943244998	0.00672203547982601977	0.00133803803481791764	0.0194770837769555357	0.00918603105721330943	0.00459896913690775965	0.00207790050174165995	0.683872925678273572	0.0612386340078966119	0.198842439784720707	0.474160724089803618	0.371396309720774323	0.136083937285800989	0.473056673619528533
C:	0.293882160878536913	0.0913088709710652138	0.184887113367831981	0.134204086419213876	0.496517526771802149	0.227737418348300761	0.252124351981664572	0.251557852213785097	0.976313399081672435	0.00135165571781056165	0.974572466966869495	0.978277090478159076	0.000745186757218246638	0.971540646889856656	0.991231182813662665	0.0114809206197785525	0.0790181226468340025	0.327090046600705668	0.117268148928737237	0.217010789938117238	0.158959764931779158	0.176387706081328667
G:	0.119255406619492639	0.03286775560633425	0.452404739917158557	0.0376215259828197551	0.128331188287018107	0.247394163352729288	0.30124786238851612	0.710151601234998065	0.00983866151390916079	0.990178609202514018	0.0222406497666095798	0.00170713433195223356	0.987191767647812923	0.0174117267369328579	0.0040070959249640691	0.24347605036061304	0.342628497253332042	0.0923984122509584697	0.144103000224632038	0.0799869294171747418	0.169607308259787923	0.0896790401789306909
T:	0.317610242591964396	0.751297767998655499	0.216098543151664758	0.319477110816148577	0.1915062534329782	0.263320242583297321	0.191396478932600463	0.00409776115866874412	0.00306590341009390466	0.00174769959984940042	0.0018488452317030072	0.000538691412933154398	0.0028770145377555209	0.00644865723630272655	0.00268382075963160561	0.0611701033413348346	0.517114746091937344	0.381669101363615156	0.264468126756827107	0.331605970923933697	0.53534898952263193	0.26087658012021211



3	CCGCCGCC	0.497746579740208426


A:	0.187740334478039614	0.0498083632458323933	0.158106471964612814	0.112746465963800086	0.103505341965344701	0.19920160000110539	0.212182125248210027	0.0341927853925480942	0.206687588338321533	0.00671079195638662439	0.00158182918859736902	0.0152345739492204247	0.0155583572557765815	0.0188894823771439802	0.00383047621820709526	0.775363612949135173	0.163485873915595634	0.228845308647055982	0.559163431233539694	0.499961628639305095	0.0508643488233913948	0.710569091026687581
C:	0.174271547250195734	0.156085482470514584	0.0801238778351381781	0.71855919333256554	0.331783680449236203	0.112950137187000697	0.156186782693678895	0.251557852213785097	0.722329664093511309	0.00110290198215768202	0.968672288147357725	0.981796606060421317	0.00133950702479991704	0.885302939006867705	0.984684475933527991	0.0115940881750659436	0.176829332377593649	0.622654088066401173	0.160227681827169864	0.0574250809910679358	0.0662348466554889331	0.123016247921664854
G:	0.080230620968717463	0.25086382789445696	0.39118503182541126	0.0873398904946865082	0.415207678037370133	0.558047760500523963	0.517371783720700976	0.710151601234998065	0.0686067788762170048	0.988226521043575073	0.0280233126789571689	0.00206131063786641972	0.979338463695986326	0.0732001447154607375	0.00536300500423427995	0.152135369307550419	0.278385796880415063	0.0854609856756616871	0.176484430753564761	0.298376856467928583	0.0193433976308674304	0.0534956712123054974
T:	0.557757497303047189	0.543242326389196063	0.370584618374837748	0.0813544502089478654	0.149503299548048963	0.12980050231136995	0.114259308337410101	0.00409776115866874412	0.00237596869195015287	0.00395978501788062021	0.00172256998508773673	0.000907509352491838266	0.00376367202343717518	0.0226074339005275772	0.00612204284403063345	0.0609069295682484644	0.381298996826395654	0.0630396176108811581	0.104124456185725681	0.144236433901698386	0.863557406890252242	0.112918989839342068



4	G.CGGCGGC	0.49737903557728717


A:	0.228627580053843608	0.21172567002771875	0.113589527431548524	0.731880799524469362	0.291656179876186009	0.130362945055436428	0.0755487346996173195	0.0520144896705982816	0.026450779342368752	0.0163908401161704581	0.00413138765443411074	0.00546551257209295403	0.00293581990181203653	0.00358573494374233645	0.0124215166222482386	0.0594716228626325081	0.0947205453448750072	0.0810155223534301399	0.124639409970805233	0.299664923744547259	0.145911189633912718	0.139891129487232665	0.451540761360927989
C:	0.101642581730283943	0.0687093417434452232	0.358978051957422072	0.0858362224787541665	0.48747200002556247	0.430361790047610834	0.39004096287880039	0.0151693891201150494	0.157383649992442873	0.86352729298909434	0.00441307980043427157	0.168976759015412129	0.986382139134393808	0.0342916075013258277	0.170346133133806305	0.873326501821980206	0.161021961008902065	0.192109922758623605	0.396036708381797724	0.359817752599951929	0.147832199945936255	0.0862432259319152125	0.240176217861567825
G:	0.505617647112001101	0.471628024027628873	0.087050175466865663	0.0553067840212001571	0.0621355486123814755	0.195460748961188168	0.0718719880598186932	0.853379419207851363	0.784185068337126778	0.00587655074347465912	0.984388738366351247	0.821473274668954228	0.00266925435530491076	0.922302732381484935	0.810542223693089038	0.0339648905785241132	0.410501739425922668	0.298840442963398757	0.158808117309419249	0.254055102662878477	0.612531706146172239	0.615186570456648224	0.231030942097784503
T:	0.164112191103871348	0.247936964201207153	0.440382245144163741	0.126976193975576315	0.158736271485870045	0.24381451593576457	0.462538314361763598	0.0794367020014353058	0.0319805023280615969	0.114205316151260543	0.00706679417878037077	0.0040844537435406884	0.00801278660848924508	0.0398199251734469013	0.00669012655085641863	0.0332369847368631721	0.33375575422030026	0.428034111924547499	0.320515764337977795	0.0864622209926223357	0.0937249042739787889	0.158679074124203899	0.0772520786797196837



5	GCCG.CGGC	0.497019107336822356


A:	0.100064304022419368	0.102289706359725786	0.0412991436326197754	0.303582687880745795	0.166019744901871354	0.0915912308510919778	0.105604330607974995	0.0343122494536033542	0.0222237574896466154	0.0186154348232134446	0.00599396103266633217	0.00546551257209295403	0.00738480301429469468	0.0491486744403076239	0.0466936234210521649	0.0621243260850244128	0.0292591789597897452	0.119354861411987146	0.371896595492124609	0.517938963181345744	0.130629306374107525	0.221771818180682755	0.141959556911865857
C:	0.051092913985702792	0.169016661320920046	0.299142413104241034	0.20906976922044222	0.317839838729295508	0.624104733095868498	0.363485948142602035	0.0200020353559596761	0.794819474095837799	0.91773350507666414	0.00301492432127535527	0.168976759015412129	0.983606311631763618	0.0145023856598147917	0.136263144993463421	0.883561389105412557	0.0511818154984430039	0.280975421160357914	0.186461297870531683	0.249163792311078768	0.160849676920169166	0.220233714697972722	0.349380353564857844
G:	0.436705313500787574	0.395650074275618303	0.178363077216806071	0.0928184905501518111	0.464670593505393941	0.188058871730454003	0.224231910137769401	0.883561389105412557	0.136263144993463421	0.0145023856598147917	0.983606311631763618	0.821473274668954228	0.00301492432127535527	0.91773350507666414	0.794819474095837799	0.0200020353559596761	0.894632289540452746	0.407060902720874978	0.218353486800218655	0.0879908095165593467	0.464069592091083137	0.368824299536303839	0.12686340358067892
T:	0.412137468491090266	0.333043558043735866	0.481195366046333119	0.394529052348660175	0.0514698228634391972	0.0962451643225855215	0.306677811111653569	0.0621243260850244128	0.0466936234210521649	0.0491486744403076239	0.00738480301429469468	0.0040844537435406884	0.00599396103266633217	0.0186154348232134446	0.0222237574896466154	0.0343122494536033542	0.0249267160013145046	0.192608814706779963	0.223288619837125053	0.144906434991016141	0.244451424614640173	0.189170167585040684	0.381796685942597379



