1	AGCCGCC..A	0.498117152215990868


A:	0.445853275728839206	0.396444499035846861	0.051699890837483215	0.0714982129990339106	0.552942097102406502	0.123210086380435476	0.0126658035301153703	0.800393625250247435	0.00665402035745682734	0.00332799734666280705	0.00867912662975823321	0.0192071646375250904	0.00934192390516903057	0.00376587387942780026	0.688934653609525221	0.107844015709868374	0.740259682297551538	0.0368355624359512216	0.543430814008398761	0.526163244757266848	0.525558684616109654	0.223944116862101383	0.288594726289804662
C:	0.278807857205140929	0.0310333230531385588	0.595592596833439944	0.288780275762799864	0.295514194588386008	0.41370229364701447	0.252725001484796337	0.160680619149505807	0.000704933495454318357	0.992305359374362358	0.988405865402261141	0.000570017011357928504	0.966193218596555283	0.990358792045613811	0.0276950458969475878	0.0415655518657218497	0.198950298237379616	0.162447020370584169	0.110533679591967886	0.339400609769577046	0.179913159145906785	0.145989065828038343	0.049523734394646014
G:	0.159423994261639816	0.0709365877296510737	0.0194850027700664669	0.450533305928180012	0.0941093981119176749	0.0769518701190945551	0.0280410026613238498	0.0375280719523817867	0.990751178749527163	0.00149976361399860423	0.00185725477735119362	0.979157650828432338	0.00471509607551241104	0.000832767454742616655	0.185715593349884165	0.0704531179183994517	0.0258460898162304308	0.699482362044461973	0.23575838660072046	0.0818721697386616149	0.131803758398389771	0.352144209136714419	0.311303956906113034
T:	0.115914872804380049	0.501585590181363507	0.333222509559010374	0.189188205309986214	0.0574343101972898148	0.386135749853455499	0.706568192323764443	0.00139768364786497071	0.00188986739756169165	0.00286687966497623094	0.00105775319062943228	0.00106516752268464303	0.0197497614227632754	0.00504256662021577236	0.0976547071436430266	0.780137314506010324	0.0349439296488384145	0.101235055149002636	0.110277119798912893	0.0525639757344944914	0.162724397839593789	0.277922608173145856	0.350577582409436291



2	GGCGGCTA	0.497741711336112766


A:	0.162724397839593789	0.0525639757344944914	0.110277119798912893	0.101235055149002636	0.0349439296488384145	0.780137314506010324	0.0976547071436430266	0.00318673840416688027	0.0155071615933177612	0.00146861464125357513	0.00084312114730577735	0.00252483239502253724	0.00135727382646869232	0.000593785810531839003	0.706568192323764443	0.386135749853455499	0.0574343101972898148	0.189188205309986214	0.333222509559010374	0.501585590181363507	0.115914872804380049	0.187694754236994328
C:	0.131803758398389771	0.0818721697386616149	0.23575838660072046	0.699482362044461973	0.0258460898162304308	0.0704531179183994517	0.185715593349884165	0.00229253572008112356	0.00129046958906423846	0.981797083133242982	0.00120726185893177486	0.00287690223434903367	0.987437060609812981	0.011655434850638418	0.0280410026613238498	0.0769518701190945551	0.0941093981119176749	0.450533305928180012	0.0194850027700664669	0.0709365877296510737	0.159423994261639816	0.226656078602511626
G:	0.179913159145906785	0.339400609769577046	0.110533679591967886	0.162447020370584169	0.198950298237379616	0.0415655518657218497	0.0276950458969475878	0.992383986058703609	0.954933462994865957	0.000557174525770837661	0.982724284476357252	0.991797143888377115	0.0010640356226297517	0.0334386993989069061	0.252725001484796337	0.41370229364701447	0.295514194588386008	0.288780275762799864	0.595592596833439944	0.0310333230531385588	0.278807857205140929	0.441238063562134137
T:	0.525558684616109654	0.526163244757266848	0.543430814008398761	0.0368355624359512216	0.740259682297551538	0.107844015709868374	0.688934653609525221	0.00213673981704838722	0.0282689058227520432	0.0161771276997326055	0.0152253325174051959	0.0028011214822513136	0.0101416299410885755	0.954312079939922837	0.0126658035301153703	0.123210086380435476	0.552942097102406502	0.0714982129990339106	0.051699890837483215	0.396444499035846861	0.445853275728839206	0.144411103598359909



3	AGCCGCCA	0.497661058169545364


A:	0.445853275728839206	0.396444499035846861	0.051699890837483215	0.0714982129990339106	0.552942097102406502	0.123210086380435476	0.0126658035301153703	0.451349651083681477	0.00575549817255094649	0.00162317102375364475	0.0196505579390648744	0.0141291124428226289	0.0279326620104295496	0.00266886447529249726	0.688934653609525221	0.107844015709868374	0.740259682297551538	0.0368355624359512216	0.543430814008398761	0.526163244757266848	0.525558684616109654	0.223944116862101383
C:	0.278807857205140929	0.0310333230531385588	0.595592596833439944	0.288780275762799864	0.295514194588386008	0.41370229364701447	0.252725001484796337	0.513947794548128472	0.000767894089016620075	0.991489073280889128	0.978245039448195842	0.000432925491073835898	0.912067505240895033	0.991485399034292112	0.0276950458969475878	0.0415655518657218497	0.198950298237379616	0.162447020370584169	0.110533679591967886	0.339400609769577046	0.179913159145906785	0.145989065828038343
G:	0.159423994261639816	0.0709365877296510737	0.0194850027700664669	0.450533305928180012	0.0941093981119176749	0.0769518701190945551	0.0280410026613238498	0.0317192600251781471	0.989063286844668907	0.00234460757394689422	0.00152762230436421554	0.983505503780444042	0.00222098296137384154	0.00198398617767897763	0.185715593349884165	0.0704531179183994517	0.0258460898162304308	0.699482362044461973	0.23575838660072046	0.0818721697386616149	0.131803758398389771	0.352144209136714419
T:	0.115914872804380049	0.501585590181363507	0.333222509559010374	0.189188205309986214	0.0574343101972898148	0.386135749853455499	0.706568192323764443	0.00298329434301190384	0.00441332089376352623	0.00454314812141033332	0.000576780308375068057	0.00193245828565949299	0.0577788497873015757	0.00386175031273641261	0.0976547071436430266	0.780137314506010324	0.0349439296488384145	0.101235055149002636	0.110277119798912893	0.0525639757344944914	0.162724397839593789	0.277922608173145856



4	A.GGCGGCT	0.497425430542458683


A:	0.426695703058802872	0.3257083430115766	0.0698753741425630451	0.130512545375717022	0.145626699259129664	0.24818458913094701	0.206775393947499581	0.780137314506010324	0.218555337830501336	0.00381784657619268096	0.0234234729144007889	0.00162890247068124815	0.00096060111542146702	0.00168052637180724781	0.00180567734256383741	0.0043412767064884447	0.0656614811868033573	0.212308096931658339	0.245549313748282463	0.269131683113066879	0.547049010751654438	0.623461493051452522	0.204435161430034448
C:	0.15129385896662168	0.218617565183352925	0.0302737248813653	0.126979873556335066	0.138019368229440751	0.501269696312198529	0.0741628407749762127	0.0704531179183994517	0.278887317342921434	0.0011867197857091759	0.00190319959742502029	0.981393096581838586	0.00206120901840621413	0.00430447458686544403	0.988374196169694453	0.0538725419495337068	0.146907753582077553	0.223823470568757798	0.19332770493863563	0.185277428438244587	0.219467402927139409	0.0483956569447675786	0.111212314953836306
G:	0.121937359950794479	0.107281710494213819	0.519614479415997565	0.571495095375061067	0.650557865129477639	0.0334893479461042288	0.246047915597945565	0.0415655518657218497	0.0504686000730588226	0.991498715895892913	0.952493044834221425	0.000492451916585197342	0.984168368114427107	0.991968687998761616	0.001286781273310193	0.315934195396813303	0.726429803790120141	0.478586308826386733	0.164640194687971831	0.0807616759523234239	0.117085410175399999	0.304809372618567285	0.0981868498879116346
T:	0.300073078023780968	0.348392381310856657	0.38023642156007409	0.171012485692886844	0.0657960673819519455	0.217056366610750232	0.473013849679578642	0.107844015709868374	0.452088744753518407	0.0034967177422052297	0.0221802826539527654	0.0164855490308949686	0.0128098217517452123	0.00204631104256569204	0.00853334521443151663	0.625851985947164545	0.0610009614409989487	0.0852821236731971306	0.396482786625110076	0.46482921249636511	0.116398176145806154	0.023333477385212614	0.586165673728217612



5	C.GCCGCCA	0.497214501960395057


A:	0.351802778436305441	0.239339348098696778	0.0315351992024039109	0.00733375428780568268	0.603867656350347745	0.514704370785100653	0.295193547690549905	0.0399772757982273236	0.42310614199519609	0.0066972295808995382	0.00240838645357885242	0.0225954867242652342	0.0110692228798913729	0.0383693591658931099	0.00552441336580676341	0.740995000274512549	0.232402768934760238	0.413449107774118824	0.252341621623862018	0.0330255384531896957	0.109463054019577203	0.367536892950164756	0.455802011565218118
C:	0.262960961035354632	0.255821437714754214	0.140145847233598578	0.0584165045424254752	0.0614703145852523582	0.175313726280233293	0.298951933073365572	0.777813893462088837	0.220578748729499793	0.00651156620731662956	0.988289247962397085	0.972958656608144417	0.000699678263419573117	0.896201359590064042	0.985344849131000021	0.0557472671046613189	0.0337363430480988467	0.258604165400875491	0.17369049140884276	0.740918879905127092	0.213543316972629981	0.188642725671408149	0.0770555066544020709
G:	0.162319359820099686	0.127715969950209305	0.400392457231634322	0.142546347170936877	0.281838870889045093	0.23999948536652357	0.133103613683842693	0.104660293025395318	0.35105286016637802	0.984965366398542527	0.0073601156152422178	0.00336321150685154279	0.984772431470035753	0.00625371252024694513	0.000775213958463432013	0.127018605551114329	0.048930433270368938	0.220571229912192144	0.341866874523729461	0.132073872712705319	0.553866882779253531	0.244853607255472992	0.279735161174372619
T:	0.22291690070824024	0.377123244236339702	0.427926496332363189	0.791703393998831965	0.0528231581753548034	0.0699824175681424836	0.272750905552241829	0.0775485377142885216	0.00526224910892609735	0.00182583781324130497	0.00194224996878184497	0.00108264516073880585	0.00345866738665330055	0.0591755687237959034	0.00835552354472978338	0.0762391270697118035	0.684930454746771977	0.107375496912813541	0.23210101244356576	0.0939817089289778934	0.123126746228539285	0.198966774122954103	0.187407320606007193



