1	CGCCGGCG	0.493857700093813262


A:	0.260554510020141468	0.18057356208461413	0.201378993408997881	0.135574683005291236	0.384506522929913415	0.168347068637256404	0.158721543460372929	0.0247801536447872243	0.0157516639212986407	0.0129957056474537056	0.00581266186170974432	0.0651563505683834613	0.0115991721278258514	0.0121782849173830643	0.239805886363632241	0.184612387563075242	0.343240497751508532	0.242087402071829243	0.145664151562278735	0.274726636473757349	0.441940369703623649	0.298440562201784736
C:	0.305303848221071861	0.047049691607685513	0.0446247413144168077	0.444824895672513441	0.0626890352330919987	0.0705856439466490785	0.675855580523824727	0.669167098863966924	0.00165457618387101137	0.963307606685296161	0.916682377476448726	0.0123486100934580685	0.0120975155394242819	0.970415474977447284	0.066246861127613611	0.216384603615821774	0.145483340469567804	0.104630539437924822	0.407391809957312537	0.309501496903869906	0.316026714855838532	0.135461369156242346
G:	0.15981697810631238	0.389306651460578859	0.445304530341685016	0.356645756979952364	0.0704654959517926426	0.232522668735601718	0.0650626099561503235	0.066246861127613611	0.970415474977447284	0.0120975155394242819	0.0123486100934580685	0.916682377476448726	0.963307606685296161	0.00165457618387101137	0.669167098863966924	0.0782411490216585223	0.148778579644810705	0.339094788325902715	0.360113856848489612	0.221285142304113802	0.171025512652159854	0.333395695908818367
T:	0.274324663652474291	0.383070094847121498	0.308691734934900295	0.0629546643422429594	0.482338945885201943	0.5285446186804928	0.100360266059652021	0.239805886363632241	0.0121782849173830643	0.0115991721278258514	0.0651563505683834614	0.00581266186170974432	0.0129957056474537056	0.0157516639212986407	0.0247801536447872243	0.520761859799444462	0.362497582134112958	0.314187270164343219	0.0868301816319191157	0.194486724318258943	0.0710074027883779646	0.232702372733154551



2	C.GCCGGCG	0.491567475016874928


A:	0.257260114785697605	0.260554510020141468	0.18057356208461413	0.201378993408997881	0.135574683005291236	0.384506522929913415	0.168347068637256404	0.158721543460372929	0.0247801536447872243	0.0118662127540222385	0.00722456137169751396	0.0053995263803964425	0.0164795470021262174	0.0102921113710950656	0.00632633661722974779	0.136575614884249718	0.184612387563075242	0.343240497751508532	0.242087402071829243	0.145664151562278735	0.274726636473757349	0.441940369703623649	0.298440562201784736
C:	0.0246220857817320651	0.305303848221071861	0.047049691607685513	0.0446247413144168077	0.444824895672513441	0.0626890352330919987	0.0705856439466490785	0.675855580523824727	0.669167098863966924	0.00298391363109798662	0.971795593693447304	0.970713286946066985	0.0160362627767019734	0.0391704689175820244	0.976172298493775973	0.032461333415348308	0.216384603615821774	0.145483340469567804	0.104630539437924822	0.407391809957312537	0.309501496903869906	0.316026714855838532	0.135461369156242346
G:	0.276810623812786066	0.15981697810631238	0.389306651460578859	0.445304530341685016	0.356645756979952364	0.0704654959517926426	0.232522668735601718	0.0650626099561503235	0.066246861127613611	0.974715627726527409	0.0156436395430318215	0.00398755541205951858	0.963564415941316903	0.934738864790590042	0.00125610121859870052	0.661563757953254033	0.0782411490216585223	0.148778579644810705	0.339094788325902715	0.360113856848489612	0.221285142304113802	0.171025512652159854	0.333395695908818367
T:	0.441307175619784264	0.274324663652474291	0.383070094847121498	0.308691734934900295	0.0629546643422429594	0.482338945885201943	0.5285446186804928	0.100360266059652021	0.239805886363632241	0.0104342458883523657	0.00533620539182336054	0.0198996312614770538	0.00391977427985490657	0.0157985549207328684	0.0162452636703955789	0.169399293747147941	0.520761859799444462	0.362497582134112958	0.314187270164343219	0.0868301816319191157	0.194486724318258943	0.0710074027883779646	0.232702372733154551



3	T.GCCGGCA	0.491257964142835976


A:	0.344244799748637846	0.106785527778244938	0.277877202647172479	0.0447121689348541178	0.0909465560379720561	0.152823354874977037	0.323878284853524764	0.438712415286636426	0.271618734295600105	0.0299446330191024531	0.0194073997592705112	0.0073335533065571768	0.00800642933566545605	0.00837036934078838689	0.00903396385116205241	0.568827826170752896	0.288467270526699534	0.444535579730048882	0.272272103404070488	0.165735700148426789	0.38421439234108245	0.11970078176304748	0.590987644753617632
C:	0.52633630382602857	0.263247403692739001	0.154988617611578835	0.222895635449318264	0.0924110901542950639	0.250981303880967482	0.0632791091004372865	0.120963993261594189	0.330485507050850074	0.00668770839691613745	0.954870282196674133	0.972098530213145235	0.0108705464203801665	0.0271119832947408157	0.967890584430047607	0.203494306065491547	0.0604390285905784955	0.101338987595229836	0.0690427963601763323	0.417551083412774751	0.165334158959272333	0.144223162437159723	0.0859952234246047076
G:	0.0809968798086595524	0.245934622654606629	0.153805899707122135	0.177931319582545887	0.379812487512280919	0.0916259283890416178	0.122351249659739171	0.0668675851061958318	0.0517142662871922771	0.95262760384021123	0.0189871469501141771	0.0137230254835512875	0.967097197875802727	0.949362606157324887	0.00424378475577495676	0.152599201750638553	0.312593732520189259	0.0940849244946712335	0.144579269834704912	0.165735700148426789	0.35042600265259833	0.412618241865540387	0.104865962124574302
T:	0.0484220166166740312	0.384032445874409432	0.413328280034126552	0.554460876033281731	0.436829866295451961	0.504569412855013863	0.490491356386298779	0.373456006345573554	0.346181492366357544	0.0107400547437701791	0.00673517109394117853	0.00684489099674630025	0.0140258263681516506	0.0151550412071459104	0.0188316669630153839	0.0750786660131170043	0.338499968362532711	0.360040508180050049	0.514105830401048268	0.250977516290371672	0.100025446047046887	0.323457813934252411	0.218151169697203358



4	GCCGGC..AA	0.491109794043562009


A:	0.0695182503716857358	0.0941779999456854019	0.142099069212055627	0.539373119754955152	0.209124259551239664	0.0672194996406735373	0.00672942977558291893	0.0156223620433324559	0.0123931326576740114	0.0199082420939447665	0.0137317097379305909	0.0064318578437719249	0.363377726882315429	0.410240406723155395	0.391095973690020234	0.319948391000188396	0.179786684301273778	0.326459919438115838	0.13825653976654651	0.354249993328435444	0.172007230749293298	0.495331977873064062
C:	0.233353090951688564	0.388441262566778769	0.129685743591692465	0.0516983402739523389	0.181155921762838548	0.464479889186072062	0.00815289029991748117	0.956696312983457765	0.964421254618429598	0.0116620486501879238	0.040386729415362767	0.972716339664360993	0.23834728978064922	0.0380990578740420977	0.296053363635406832	0.105068947822577483	0.357221046980144715	0.195286633696809042	0.309179387756038342	0.199211801898333947	0.239899126806017897	0.0986230177207777936
G:	0.428630254322541057	0.40335732191586335	0.142238362451837697	0.169856975445384497	0.320992320104812954	0.0681635906576621259	0.98190879573382796	0.0201093959566745171	0.00270038753970585447	0.961882562213174258	0.939728899928006456	0.0049411624267815285	0.258959511455414187	0.293812323782728784	0.11754809588809552	0.14588358154996511	0.214668637781288225	0.22245686228392148	0.112980930088492409	0.269742645648327338	0.36442545243917796	0.195864492860957299
T:	0.268498404354084643	0.11402341557167248	0.585976824744414211	0.239071564525708012	0.288727498581108835	0.400137020515592275	0.00320888419067164034	0.00757192901653526216	0.020485225184190536	0.006547147042693052	0.0061526609187001859	0.0159106400650855536	0.139315471881621163	0.257848211620073723	0.195302566786477415	0.429099079627269011	0.248323630937293282	0.255796584581153641	0.439583142388922739	0.176795559124903271	0.223668190005510845	0.210180511545200845



5	CGCCGGC..A	0.490961177516546478


A:	0.232702372733154551	0.0710074027883779646	0.194486724318258943	0.0868301816319191157	0.314187270164343219	0.362497582134112958	0.520761859799444462	0.0904630296729669109	0.0213824542278897505	0.00932253120495408273	0.00138782491266151067	0.0195692869445520012	0.00455996163111811309	0.0128707453428852451	0.239805886363632241	0.100360266059652021	0.5285446186804928	0.482338945885201943	0.0629546643422429594	0.308691734934900295	0.383070094847121498	0.274324663652474291	0.441307175619784264
C:	0.333395695908818367	0.171025512652159854	0.221285142304113802	0.360113856848489612	0.339094788325902715	0.148778579644810705	0.0782411490216585223	0.460735470009895941	0.00249486626113062736	0.947124804685293947	0.95090770903877478	0.00457100228538741476	0.0236932935288905985	0.970507246364808943	0.066246861127613611	0.0650626099561503235	0.232522668735601718	0.0704654959517926426	0.356645756979952364	0.445304530341685016	0.389306651460578859	0.15981697810631238	0.276810623812786066
G:	0.135461369156242346	0.316026714855838532	0.309501496903869906	0.407391809957312537	0.104630539437924822	0.145483340469567804	0.216384603615821774	0.0892858815104021762	0.973321856386640704	0.0362900688540048012	0.010261593299572549	0.964799404068701303	0.964200793976647273	0.00545985384411167329	0.669167098863966924	0.675855580523824727	0.0705856439466490785	0.0626890352330919987	0.444824895672513441	0.0446247413144168077	0.047049691607685513	0.305303848221071861	0.0246220857817320651
T:	0.298440562201784736	0.441940369703623649	0.274726636473757349	0.145664151562278735	0.242087402071829243	0.343240497751508532	0.184612387563075242	0.359515618806734972	0.00280082312433891858	0.00726259525574716879	0.0374428727489911601	0.0110603067013592815	0.00754595086334401504	0.011162154448194139	0.0247801536447872243	0.158721543460372929	0.168347068637256404	0.384506522929913415	0.135574683005291236	0.201378993408997881	0.18057356208461413	0.260554510020141468	0.257260114785697605



