1	A.GGCGGCT	0.493470637625327209


A:	0.540197648855790419	0.228016292643344999	0.0761794849175518355	0.179128081307288926	0.258410437281818074	0.211932279314994669	0.317787190925243655	0.63769315357546594	0.0213920679468831516	0.00428373306200285103	0.0636292615303005369	0.00214242145736803559	0.00636302412081956198	0.00716647954567518017	0.00336137724119057293	0.0064585969893740451	0.439943061487497851	0.316128102695545018	0.285784035911429593	0.433738195373656308	0.256852187863695123	0.123117973653779576	0.0654269615349144051
C:	0.281564576389718578	0.545247058224676558	0.10979153477414978	0.270613871952006119	0.108799857185226406	0.553502991992597656	0.156256249700621928	0.0285307967583271391	0.317837742907334606	0.00161191907100676463	0.00820406747023146357	0.9844679101488458	0.00418875174903635191	0.0249695737584505471	0.983818771483189828	0.103296487554909082	0.0194356241888166685	0.0978706738556898149	0.261576708855928153	0.177652904706008136	0.289321649816043347	0.0856642152569471187	0.257655135538534876
G:	0.0337571593770333239	0.101035736986529804	0.377212979098159745	0.164605495200867432	0.114281071957961342	0.132423923505614757	0.280173621570919927	0.15897342769372251	0.0270431260890061058	0.986070778932537487	0.90278724195133882	0.00157322314126215086	0.974082313378223302	0.966781881984109779	0.00549058421176244383	0.36762187324322184	0.488338371354497993	0.254171155166096952	0.239576409751730273	0.168226594300751372	0.294367182352764878	0.499474966601256123	0.380999713924326954
T:	0.14448061537745768	0.125700912145448639	0.43681600121013864	0.385652551539837523	0.518508633574994178	0.102140805186792918	0.24578293780321449	0.174802621972484411	0.633727063056776136	0.00803356893445289774	0.0253794290481291796	0.0118164452525240135	0.0153659107519207837	0.00108206471176449372	0.00732926706385715571	0.522623042212495033	0.0522829429691874878	0.331830068282668216	0.213062845480911981	0.220382305619584185	0.159458979967496653	0.291742844488017182	0.295918189002223765



2	C.GCCGCCA	0.492860053341235739


A:	0.0814689335214722518	0.102317843610334371	0.194932131659046755	0.207256911898273784	0.32132811618620891	0.217508400860912215	0.359047020592238845	0.0407764675138300072	0.468576840833497507	0.00818190850182314026	0.00390423648295536373	0.0121143015743473876	0.0144653345626466972	0.0749305536080131014	0.014790766076938071	0.555016410247726713	0.219970517794791454	0.43242427215281712	0.49820878207492863	0.389891098269648706	0.388292718367399252	0.193445157169109398	0.151751855306231156
C:	0.0990057298788265155	0.209000540111074047	0.0930212413301155778	0.397161476136915318	0.279549870539543817	0.233617418870768935	0.189788374789242134	0.628879582076312433	0.192865480780967748	0.0127819961158597463	0.98069986469402622	0.95023195448379442	0.00106520634790129721	0.788486674241597654	0.96048518073041228	0.0504242163485166684	0.126579820975856758	0.176895530876559064	0.227683361573080109	0.0394053968339913137	0.181424830658770473	0.326554085871564629	0.255718753356416678
G:	0.0992985594429315886	0.301397949220412395	0.28417122255409778	0.301337732019908644	0.172457077107329421	0.308883966267607882	0.338324584421602727	0.249230325443710703	0.334755860177410963	0.975554962529595607	0.0120506313158341657	0.0320978145969010976	0.978569421229106054	0.0298482832917878972	0.00785689745976428897	0.347014737811165689	0.114950658694026357	0.105427159412079769	0.126744598966861812	0.343844770111053706	0.0369064713044004018	0.140227061831954682	0.415779379866001413
T:	0.720226777156769644	0.387283667058179186	0.427875404456739887	0.0942438799449022535	0.226664936166917852	0.239990214000710969	0.112840020196916294	0.0811136249661468568	0.00380181820812378187	0.00348113285272150596	0.00334526750718425046	0.0055559293449570952	0.00590003786034595204	0.106734488858601347	0.0168671557328853598	0.0475446355925909299	0.538499002535325432	0.285253037558544047	0.14736325738512945	0.226858734785306274	0.393375979669429873	0.339773695127371291	0.176750011471350752



3	ATGGCGGC	0.492736219500148177


A:	0.137717565580975127	0.332107249328950184	0.294392397760434937	0.0658100300164935601	0.501514487309045138	0.186307207725284309	0.327954031513849072	0.572683884723419888	0.118926377150059597	0.0114136987357421496	0.0431365788034095882	0.00703382547194619534	0.00839483292703002291	0.00277744443876881383	0.00803299063176397405	0.00400976374945095433	0.0811136249661468568	0.468683391188384492	0.195968000790916764	0.13655326004190813	0.0521632808458938472	0.259950355984302988
C:	0.295578401567631487	0.16355209502331307	0.191291837551457366	0.481735388776493073	0.144666883757619559	0.374857119218768386	0.237952382401270291	0.0816175863184606287	0.372830219538122049	0.00379663697555550735	0.0243388054395254328	0.984923190006787802	0.0190066482585837222	0.0120562469898680327	0.972561776828497418	0.198390849614146379	0.249230325443710703	0.0800269187987124569	0.370031141670360534	0.580649981666953892	0.158682106833941586	0.318890942952614767
G:	0.148419902842485266	0.300543204882798809	0.398513592173332709	0.224480978987839819	0.0954450812380054042	0.247515616692223475	0.245194593983025864	0.175138252004664383	0.0400452414412428542	0.978948259339811516	0.700996548498744169	0.00108774202072551658	0.951424769275553539	0.975213995564684356	0.00749041458459939145	0.121950823943716592	0.628879582076312433	0.214687878570497949	0.216913655707642913	0.0929880912119909501	0.411809222424677047	0.19314836272426593
T:	0.418284130008908121	0.203797450764937936	0.115802172514774989	0.227973602219173547	0.258373547695329899	0.191320056363723831	0.188898992101854773	0.1705602769534551	0.4681981618705755	0.0058414049488908275	0.23152806725832081	0.00695524250054048654	0.0211737495388327158	0.00995231300667879711	0.0119148179551392164	0.675648562692686075	0.0407764675138300072	0.236601811442405102	0.21708720183107979	0.189808667079147028	0.377345389895487519	0.228010338338816315



4	AGCCGCCG	0.49199841944087721


A:	0.0976752344227757648	0.0665524923066500255	0.037266428965216467	0.317051084880176729	0.288566602610241727	0.360334822127110912	0.226464181720701696	0.500254435524550934	0.00917574398758614603	0.00295859994132747753	0.0185422799568081352	0.0162684750673493278	0.00832758798196116539	0.004585399172972023	0.633727063056776136	0.151810678844965015	0.307267453620772289	0.379034222008066082	0.504300667725161775	0.176034123080356375	0.278387112022620781	0.0908863861532824843
C:	0.376656248490016447	0.0512195839599419981	0.346711158685622336	0.367393245517488753	0.0812312668344051361	0.140638453804610126	0.460380378546198518	0.33793091959197775	0.00818290537886356177	0.969607493748275722	0.931753312192140914	0.00150322819825650907	0.941412361680473096	0.984524180225967136	0.0270431260890061058	0.316156607136898312	0.545512524753666883	0.225792563366569149	0.0746925681687141082	0.228509602828047423	0.136869320376832036	0.131848679587498321
G:	0.403750957006766236	0.192929367408874195	0.306015587745736892	0.0902884623589130732	0.232932703243493829	0.176948981280206102	0.191960649757202144	0.130217941045986977	0.972607778875558241	0.0191658169474994992	0.0457590938651454689	0.979923922421247272	0.0365131018720511076	0.00390267755968897894	0.317837742907334606	0.10280982388669016	0.0252691753174070782	0.292141982543270593	0.10175409638181208	0.0709512414162950973	0.232876007564950139	0.65576010877603844
T:	0.121917560080441552	0.689298556324533781	0.310006824603424306	0.225267207243421445	0.397269427311859307	0.32207774278807286	0.121194789975897642	0.0315967038374843387	0.0100335717579920513	0.00826808936289730158	0.00394531398590548138	0.0023043743131468913	0.0137469484655146312	0.00698774304137186178	0.0213920679468831516	0.429222890131446513	0.121950846308153751	0.103031232082094176	0.319252667724312038	0.524505032675301105	0.351867560035597045	0.121504825483180755



5	G.A.GGCGGC	0.491942839268368976


A:	0.313265185439574532	0.103279804255967086	0.325780848333761757	0.12295754723071903	0.2859304814027896	0.257525459810662955	0.209095027442806276	0.513711822570210019	0.541947740575953266	0.118926377150059597	0.0117707852167963863	0.0100485732103474387	0.0131097286734267567	0.0103721384465239569	0.0022242940664733646	0.00790295098586283948	0.0064585969893740451	0.0915569028172966957	0.357829600392092762	0.227773065568724774	0.198033827471943139	0.269166914830636659	0.63318576275907063
C:	0.0334207272206036618	0.238589743230484691	0.36643253012083519	0.181561353703813091	0.13252739816274976	0.150901934054489798	0.2527691457496651	0.111775964667668183	0.057069820468141986	0.372830219538122049	0.00699962638184439925	0.0573698016479699416	0.97599584799694914	0.0408976899943344719	0.0904044738381615729	0.973613093512600009	0.103296487554909082	0.213956292752369242	0.040957774503288369	0.0812694276760044623	0.192198092985284752	0.234736519208309336	0.100811852867271447
G:	0.0453137070652965272	0.196071387675192854	0.240196366460960721	0.259565270535263152	0.146742274594191459	0.179532715430274584	0.432869546222658384	0.242487096211395192	0.340543755691847133	0.0400452414412428542	0.97115339325558518	0.883870213355378595	0.0019044542787164564	0.925660422810830438	0.901881212791169825	0.00635439371950230232	0.36762187324322184	0.581560527766549045	0.404914741891195875	0.143760903789780736	0.369932981447613998	0.052430031452989285	0.167264246181483369
T:	0.608000380274525279	0.462059064838355369	0.0675902550844423326	0.435915828530204727	0.434799845840269181	0.412039890704572663	0.105266280584870241	0.132025116550726606	0.0604386832640576144	0.4681981618705755	0.0100761951457740341	0.0487114117863040249	0.00898996905090764715	0.0230697487483111336	0.00549001930419523797	0.012129561782034849	0.522623042212495033	0.112926276663785017	0.196297883213422994	0.547196602965490027	0.239835098095158111	0.443666534508064719	0.0987381381921745541



