1	GCGCCGCC	0.497530376370641114


A:	0.203765902387610331	0.107197267444830758	0.192051242665978468	0.388193275588860744	0.36883952081887356	0.113301123129777312	0.122494721176403904	0.0518864679780366655	0.0314494722575856346	0.0078401589904506204	0.00134889787183910831	0.0453731151687201603	0.011017884820153705	0.0222422665269161499	0.0511648266803660897	0.476805422611158315	0.0901270431469333473	0.396325268682767504	0.273829937831967139	0.428845896791226252	0.125630570806235051	0.348571753437683352
C:	0.470207342851786707	0.268715860696190357	0.273919063644934237	0.141922273616189432	0.157229535523387329	0.191036810641556199	0.32136631449205109	0.417775822913474825	0.924494902999064087	0.00235678029192532406	0.9366764890984197	0.950763633379218033	0.00135213083409324005	0.876433752810040305	0.935413412675660113	0.0135937301249077475	0.0955730756656909266	0.215202284533913857	0.0754444237927438644	0.194321825638634925	0.369824771475017732	0.360547773968306549
G:	0.0625873066351931078	0.025393225913347529	0.256977040637551517	0.0555943042273348504	0.274527980311746025	0.307131822270927801	0.375973906687532428	0.520696387263574056	0.00469458468605631367	0.987439278332522801	0.059149949492437333	0.0031222015513472461	0.985144043796359185	0.025880614907918065	0.00740665526241391079	0.452789852526618995	0.0750752613480326876	0.0713154665165464808	0.101207283185002104	0.0579937443379883974	0.172001498059943958	0.0656263901182957858
T:	0.263439448125409855	0.598693645945631356	0.277052653051535778	0.414290146567614973	0.199402963345993086	0.388530243957738688	0.180165057644012578	0.00964132184491445293	0.0393610400572939644	0.00236378238510125429	0.00282466353730385849	0.000741049900714560782	0.00248594054939386952	0.0754433657551254801	0.00601510538155988649	0.0568109947373149425	0.739224619839343038	0.317156980266772158	0.549518355190286893	0.318838533232150425	0.332543159658803258	0.225254082475714314



2	A.GGCGGCG	0.497416283893910209


A:	0.130142083078840505	0.344113134372056703	0.225254082475714314	0.332543159658803258	0.318838533232150425	0.549518355190286893	0.317156980266772158	0.739224619839343038	0.0568109947373149425	0.00702641881720929841	0.0260010054022145332	0.00217752312844160404	0.000599620804948147148	0.00141925539116710813	0.00298691532573179213	0.0110073325006795497	0.00964132184491445293	0.180165057644012578	0.388530243957738688	0.199402963345993086	0.414290146567614973	0.277052653051535778	0.598693645945631356
C:	0.208108129601706774	0.310440408237247334	0.0656263901182957858	0.172001498059943958	0.0579937443379883974	0.101207283185002104	0.0713154665165464808	0.0750752613480326876	0.452789852526618995	0.00260694168413506367	0.0113321694050749626	0.9867628179343317	0.00183013602992708477	0.0204604282376332037	0.98799366799874297	0.0068407408485396439	0.520696387263574056	0.375973906687532428	0.307131822270927801	0.274527980311746025	0.0555943042273348504	0.256977040637551517	0.025393225913347529
G:	0.337711193944240463	0.278087325367688606	0.360547773968306549	0.369824771475017732	0.194321825638634925	0.0754444237927438644	0.215202284533913857	0.0955730756656909266	0.0135937301249077475	0.953430873867449265	0.95234043634131179	0.00113268359326541957	0.970704894423542053	0.975663674766529448	0.000961690688906273732	0.893084622994124337	0.417775822913474825	0.32136631449205109	0.191036810641556199	0.157229535523387329	0.141922273616189432	0.273919063644934237	0.268715860696190357
T:	0.324038593375212258	0.0673591320230073562	0.348571753437683352	0.125630570806235051	0.428845896791226252	0.273829937831967139	0.396325268682767504	0.0901270431469333473	0.476805422611158315	0.0369357656312063733	0.0103263888513987143	0.00992697534396127664	0.0268653487415827152	0.00245664160467024015	0.00805772598661896419	0.089067303656656469	0.0518864679780366655	0.122494721176403904	0.113301123129777312	0.36883952081887356	0.388193275588860744	0.192051242665978468	0.107197267444830758



3	CGCCGCCA	0.49720206169991458


A:	0.107197267444830758	0.192051242665978468	0.388193275588860744	0.36883952081887356	0.113301123129777312	0.122494721176403904	0.0518864679780366655	0.391537604225931249	0.00865968720358157228	0.00237584251990698706	0.019395072526191266	0.00883696639060943675	0.0400272770356159867	0.0599030100527429791	0.476805422611158315	0.0901270431469333473	0.396325268682767504	0.273829937831967139	0.428845896791226252	0.125630570806235051	0.348571753437683352	0.0673591320230073562
C:	0.268715860696190357	0.273919063644934237	0.141922273616189432	0.157229535523387329	0.191036810641556199	0.32136631449205109	0.417775822913474825	0.58253839878672267	0.000498312986178835968	0.964315292857627886	0.978594736595926586	0.00173240051205897081	0.677041216568313525	0.926531972468275449	0.0135937301249077475	0.0955730756656909266	0.215202284533913857	0.0754444237927438644	0.194321825638634925	0.369824771475017732	0.360547773968306549	0.278087325367688606
G:	0.025393225913347529	0.256977040637551517	0.0555943042273348504	0.274527980311746025	0.307131822270927801	0.375973906687532428	0.520696387263574056	0.00894269355138098046	0.988305382766207658	0.032372080470229249	0.00133997665100403573	0.988069861262208596	0.0141732916283641305	0.00103537030383260206	0.452789852526618995	0.0750752613480326876	0.0713154665165464808	0.101207283185002104	0.0579937443379883974	0.172001498059943958	0.0656263901182957858	0.310440408237247334
T:	0.598693645945631356	0.277052653051535778	0.414290146567614973	0.199402963345993086	0.388530243957738688	0.180165057644012578	0.00964132184491445293	0.0169813034359651004	0.00253661704403193411	0.000936784152235877553	0.000670214226878112584	0.00136077183512299691	0.268758214767706358	0.0125296471751489701	0.0568109947373149425	0.739224619839343038	0.317156980266772158	0.549518355190286893	0.318838533232150425	0.332543159658803258	0.225254082475714314	0.344113134372056703



4	CGCCGCC..A	0.497122207405212295


A:	0.107197267444830758	0.192051242665978468	0.388193275588860744	0.36883952081887356	0.113301123129777312	0.122494721176403904	0.0518864679780366655	0.179309494793428088	0.00869381764590625057	0.00120118533504737164	0.0281601420650687972	0.0133191450454324246	0.0086301775556387351	0.0239213327408299258	0.476805422611158315	0.0901270431469333473	0.396325268682767504	0.273829937831967139	0.428845896791226252	0.125630570806235051	0.348571753437683352	0.0673591320230073562	0.324038593375212258
C:	0.268715860696190357	0.273919063644934237	0.141922273616189432	0.157229535523387329	0.191036810641556199	0.32136631449205109	0.417775822913474825	0.805742965081618853	0.000848972701099163611	0.951759833356107542	0.969265307659914528	0.00159079859352294189	0.870685512868946234	0.96845289042464125	0.0135937301249077475	0.0955730756656909266	0.215202284533913857	0.0754444237927438644	0.194321825638634925	0.369824771475017732	0.360547773968306549	0.278087325367688606	0.337711193944240463
G:	0.025393225913347529	0.256977040637551517	0.0555943042273348504	0.274527980311746025	0.307131822270927801	0.375973906687532428	0.520696387263574056	0.00767758868488230457	0.987253155200438052	0.0458495079970382902	0.00209753429065859304	0.983193596301094861	0.0523166011545588938	0.00233112292668154414	0.452789852526618995	0.0750752613480326876	0.0713154665165464808	0.101207283185002104	0.0579937443379883974	0.172001498059943958	0.0656263901182957858	0.310440408237247334	0.208108129601706774
T:	0.598693645945631356	0.277052653051535778	0.414290146567614973	0.199402963345993086	0.388530243957738688	0.180165057644012578	0.00964132184491445293	0.00726995144007075393	0.003204054452556534	0.00118947331180679594	0.000477015984358081621	0.00189646005994977305	0.0683677084208561368	0.00529465390784728034	0.0568109947373149425	0.739224619839343038	0.317156980266772158	0.549518355190286893	0.318838533232150425	0.332543159658803258	0.225254082475714314	0.344113134372056703	0.130142083078840505



5	CGCCGCCG	0.49686537923313742


A:	0.107197267444830758	0.192051242665978468	0.388193275588860744	0.36883952081887356	0.113301123129777312	0.122494721176403904	0.0518864679780366655	0.179377921455323291	0.00449088300346179899	0.00260237071894984103	0.0265330777154692935	0.00916206211508208455	0.00379906992093364801	0.00583374981348575962	0.476805422611158315	0.0901270431469333473	0.396325268682767504	0.273829937831967139	0.428845896791226252	0.125630570806235051	0.348571753437683352	0.0673591320230073562
C:	0.268715860696190357	0.273919063644934237	0.141922273616189432	0.157229535523387329	0.191036810641556199	0.32136631449205109	0.417775822913474825	0.782144510690893781	0.00392534687796939991	0.940548376161909163	0.968875770692972784	0.000933873267264559357	0.877074509825704098	0.986898992949887114	0.0135937301249077475	0.0955730756656909266	0.215202284533913857	0.0754444237927438644	0.194321825638634925	0.369824771475017732	0.360547773968306549	0.278087325367688606
G:	0.025393225913347529	0.256977040637551517	0.0555943042273348504	0.274527980311746025	0.307131822270927801	0.375973906687532428	0.520696387263574056	0.0139370694470422367	0.981382015168452621	0.0548034131785334496	0.00329019753388120142	0.986371372640422199	0.102662219828499049	0.00490131105542551878	0.452789852526618995	0.0750752613480326876	0.0713154665165464808	0.101207283185002104	0.0579937443379883974	0.172001498059943958	0.0656263901182957858	0.310440408237247334
T:	0.598693645945631356	0.277052653051535778	0.414290146567614973	0.199402963345993086	0.388530243957738688	0.180165057644012578	0.00964132184491445293	0.0245404984067406911	0.0102017549501161803	0.0020458399406075465	0.00130095405767672115	0.00353269197723115668	0.0164642004248632053	0.00236594618120160738	0.0568109947373149425	0.739224619839343038	0.317156980266772158	0.549518355190286893	0.318838533232150425	0.332543159658803258	0.225254082475714314	0.344113134372056703



