1	GCGCCG.CA	0.498402526179959303


A:	0.361269503111380032	0.433426349598501011	0.164962100186514956	0.129136458303021271	0.433996788565937957	0.251144828956080172	0.228802087669978538	0.0203319287662540167	0.0208069115237982813	0.00574323768795763814	0.00140386385958572646	0.0261877036959229304	0.00573550033846725689	0.0768570325587934608	0.0216381799843724158	0.941401249675199433	0.205216320306181981	0.242022989287028976	0.672348107078870136	0.224443114247439423	0.109605006491571551	0.565258549255403197	0.217752216553528963
C:	0.246920070501716741	0.16155214491037889	0.222689838337393153	0.552016273929481849	0.224787537724493726	0.507061815005107056	0.137797140634081582	0.226492371688833471	0.96674711253743195	0.000840468369284132365	0.943966479922607012	0.972042037897892859	0.00280980044142566783	0.73025799811276876	0.960501925367791512	0.00716720752917703041	0.361630063530100657	0.140754521747602177	0.149547076017659238	0.633274095076658825	0.583682082979815701	0.076389888496252524	0.172366941409088308
G:	0.0558760743727408988	0.07026586063622209	0.345236924076761062	0.114483046784467219	0.224787537724493726	0.198629323181946006	0.469914192255125951	0.740246727508643871	0.000972622837106491098	0.991142175709629128	0.0537303575681986823	0.000592214261483074973	0.989806898671695951	0.0146568098500189874	0.00234204380611565489	0.0320996325341629939	0.107907667128530173	0.0652650978505269366	0.117958769846907907	0.0394935376462260199	0.153031282139262166	0.097308036913244283	0.16408180687274684
T:	0.335934352014162328	0.334755644854898009	0.267111137399330829	0.204364220983029661	0.116428135985074591	0.0431640328568667657	0.163486579440813929	0.0129289720362686415	0.011473353101663278	0.00227411823312910131	0.000899298649608578867	0.0011780441447011361	0.00164780054841112392	0.178228159478418792	0.0155178508417204174	0.0193319102614605429	0.32524594903518719	0.55195739111484191	0.0601460470565627195	0.102789253029675731	0.153681628389350582	0.261043525335099996	0.44579903516463589



2	CGCCGCCA	0.497515385378926994


A:	0.433426349598501011	0.164962100186514956	0.129136458303021271	0.433996788565937957	0.251144828956080172	0.228802087669978538	0.0203319287662540167	0.176632342732078189	0.0125486960634395909	0.00115192076807096165	0.0338336320541933689	0.00722142048276330814	0.0768570325587934608	0.114015207712442092	0.805511474886969884	0.205216320306181981	0.242022989287028976	0.672348107078870136	0.224443114247439423	0.109605006491571551	0.565258549255403197	0.217752216553528963
C:	0.16155214491037889	0.222689838337393153	0.552016273929481849	0.224787537724493726	0.507061815005107056	0.137797140634081582	0.226492371688833471	0.792073996615219204	0.0006563910721036409	0.940743828367669656	0.964598885947501638	0.000971951876671845175	0.73025799811276876	0.877660229635799944	0.0204251005239993626	0.361630063530100657	0.140754521747602177	0.149547076017659238	0.633274095076658825	0.583682082979815701	0.076389888496252524	0.172366941409088308
G:	0.07026586063622209	0.345236924076761062	0.114483046784467219	0.224787537724493726	0.198629323181946006	0.469914192255125951	0.740246727508643871	0.0124300485965814981	0.985368331690389681	0.0573145902996473504	0.000543198305486885138	0.989330466615664655	0.0146568098500189874	0.000990243206021802182	0.153612596087569239	0.107907667128530173	0.0652650978505269366	0.117958769846907907	0.0394935376462260199	0.153031282139262166	0.097308036913244283	0.16408180687274684
T:	0.334755644854898009	0.267111137399330829	0.204364220983029661	0.116428135985074591	0.0431640328568667657	0.163486579440813929	0.0129289720362686415	0.0188636120561211088	0.00142658117406708717	0.000789660564612031772	0.00102428369281810809	0.00247616102490019148	0.178228159478418792	0.00733431944573616183	0.0204508285014615139	0.32524594903518719	0.55195739111484191	0.0601460470565627195	0.102789253029675731	0.153681628389350582	0.261043525335099996	0.44579903516463589



3	A.TG.CGGCG	0.497263718629543236


A:	0.207636820753465729	0.44579903516463589	0.261043525335099996	0.153681628389350582	0.102789253029675731	0.0601460470565627195	0.55195739111484191	0.32524594903518719	0.0584561606200020038	0.0188521378381197105	0.178228159478418792	0.00200181900172137593	0.00137271616832454519	0.00102805873903994824	0.000844659109337543127	0.01169622485057323	0.0129289720362686415	0.163486579440813929	0.0431640328568667657	0.116428135985074591	0.204364220983029661	0.267111137399330829	0.334755644854898009
C:	0.103384734045620898	0.16408180687274684	0.097308036913244283	0.153031282139262166	0.0394935376462260199	0.117958769846907907	0.0652650978505269366	0.107907667128530173	0.0457559217835073437	0.00223877149231884472	0.0146568098500189874	0.989405991078259877	0.000706171247084680011	0.0297294004983398021	0.987823655406157729	0.00371228360637518518	0.740246727508643871	0.469914192255125951	0.198629323181946006	0.224787537724493726	0.114483046784467219	0.345236924076761062	0.07026586063622209
G:	0.549166922070105179	0.172366941409088308	0.076389888496252524	0.583682082979815701	0.633274095076658825	0.149547076017659238	0.140754521747602177	0.361630063530100657	0.0176652805068371811	0.932823647319489208	0.73025799811276876	0.00286594255769966479	0.98167455467219763	0.967678193721645944	0.000986194499941702402	0.940636989180667727	0.22649237168883347	0.137797140634081582	0.507061815005107056	0.224787537724493726	0.552016273929481849	0.222689838337393153	0.16155214491037889
T:	0.139811523130808194	0.217752216553528963	0.565258549255403197	0.109605006491571551	0.224443114247439423	0.672348107078870136	0.242022989287028976	0.205216320306181981	0.878122637089653471	0.0460854433500722368	0.0768570325587934608	0.0057262473623190818	0.0162465579123931451	0.00156434704097430608	0.0103454909845630256	0.0439545023623838574	0.0203319287662540167	0.228802087669978538	0.251144828956080172	0.433996788565937957	0.129136458303021271	0.164962100186514955	0.433426349598501011



4	GCCGCCA.A	0.496563104868727977


A:	0.156065962144615711	0.439057853076763878	0.127139561758280195	0.334490343582850586	0.0929983059982865502	0.0333765977248653837	0.176632342732078189	0.00869264981229975304	0.0022152361964076664	0.0048635359518814049	0.00529444309554014324	0.00713789954446704597	0.040974231063608138	0.876911006912439448	0.416423056181715058	0.758112043205206368	0.499256639752786214	0.0538013219263628111	0.186237768183852883	0.365891070754252213	0.0751277200136557107	0.0946360135880729098	0.435527767053525652
C:	0.110093141481424315	0.368848642934251069	0.0192742739302009139	0.274978763898494351	0.573784707562371039	0.712638280913110317	0.792073996615219204	0.00110488951138424988	0.989509661674212889	0.989607023381862573	0.00096146807479422767	0.929295351920801193	0.954329419489407615	0.00386800272471585445	0.081403961718534913	0.0983962832289010328	0.16240079366584756	0.529704041311284216	0.0907142561457138894	0.201304265109338785	0.166377756891207375	0.151666021354515326	0.0995929743965523759
G:	0.0727271102946631061	0.0551236041799625092	0.0999704493061498857	0.243538966425064895	0.134052999478225318	0.13136937923061301	0.0124300485965814981	0.988875842528002839	0.00710262535213031754	0.00468807643407829178	0.99073088425423422	0.0117765572659547855	0.000719950236763221587	0.0991610091780735382	0.268459144274184585	0.0619046384855981533	0.289494315762983485	0.246523114408479151	0.639706457129572125	0.141104991854777955	0.285565371548560067	0.661436286803177225	0.317741238643317065
T:	0.661113786079296868	0.136969899809022543	0.753615715005369006	0.146991926093590167	0.199163986961117093	0.12261574213141129	0.0188636120561211088	0.00132661814831315803	0.00117247677724912661	0.000841364232177730394	0.00301320457543140924	0.0517901912687769758	0.00397639921022102592	0.0200599811847711591	0.233713837825565444	0.0815870350802944462	0.0488482508183827414	0.169971522353873822	0.0833415185408611033	0.291699672281631047	0.472929151546576847	0.0922616782542345396	0.147138019906604906



5	CGCCGCC..A	0.496115605406389068


A:	0.333841560873951325	0.0626730563031496065	0.103799120294893804	0.368969236232689535	0.442627552586459244	0.102908718724068085	0.0658570834109181996	0.287317417320462141	0.00658032710398088807	0.00230044038586605493	0.022100332003329505	0.0115352063277663128	0.020407294078947379	0.159569987422673262	0.805511474886969884	0.191272179503965575	0.351851576079039793	0.475760221096606389	0.185772479687866611	0.0644338885048224013	0.321807801482691171	0.420559294910132111	0.439975803230149773
C:	0.118405005724178408	0.112017255206935759	0.73374359326942063	0.0434615939513823394	0.407540288689551697	0.311770593509939779	0.171403776537529463	0.651320715229725519	0.00112526717322045867	0.90995485943838774	0.973241714283638652	0.00114354730412494833	0.850568131864742223	0.833115854883467208	0.0204251005239993626	0.205076059746584684	0.35568516324627461	0.238658017460456703	0.0794265145725536011	0.65998914038471081	0.230413563470684658	0.107501262878256932	0.247456189431381626
G:	0.0687358264697023708	0.176475899733049585	0.116848258554822431	0.162528508971120663	0.0528478135027540355	0.147353542293408837	0.735203852126971303	0.0345640887679686877	0.988047915863134272	0.0859452425182352223	0.00159816398450831275	0.985684677223717334	0.0426947770096719762	0.00248632549704878009	0.153612596087569239	0.160935482566524296	0.126812406678590502	0.0748145667513529833	0.695528149375355539	0.239500143136039193	0.260810096400463723	0.130327170157311608	0.262697228920408623
T:	0.479017606932167897	0.648833788756865049	0.0456090278808631348	0.425040660844807462	0.0969843452212350236	0.437967145472583299	0.0275352879245810349	0.0267977786818436525	0.00424648985966438141	0.00179945765751098323	0.00305978972852353011	0.00163656914439140506	0.0863297970466384217	0.00482783219681075045	0.0204508285014615139	0.442716278182925445	0.165650853996095095	0.210767194691583925	0.0392728563642242496	0.0360768279744275957	0.186968538646160448	0.341612272054299348	0.0498707784180599777



