1	GCGCCG.CA	0.497682887488212815


A:	0.127887923233922518	0.384010011758446715	0.149498159628969862	0.080174894162227014	0.659524417658832681	0.465345506611547706	0.180976119905708445	0.0243241248066364246	0.0143442472866205968	0.00484507713744138291	0.00131720932979504345	0.00558545475275084576	0.00345199737585477163	0.0815574900440965373	0.0510685935202827449	0.924589678205614043	0.336461844751689717	0.241812284975471109	0.591310811192501834	0.086833030669452373	0.145741497485523289	0.389127677132518734	0.249791887480293823
C:	0.231483008559842616	0.182261870763090654	0.202389166633385082	0.555955092670735953	0.15258666935995238	0.320528055460197	0.13105513482234542	0.274233531512690515	0.970377954581314278	0.00102830894210994444	0.943882547600253031	0.990307066838505122	0.00364340925257990364	0.795572220605631272	0.91800257501476098	0.00775725400163935249	0.162117746626242158	0.0818771045315956743	0.132891173859053836	0.628393790246714027	0.217851782928249295	0.095848553048244449	0.150973003659478713
G:	0.0305865556650107719	0.0776829041665756718	0.170257265244901589	0.0639111830577079039	0.15258666935995238	0.182075710665570362	0.452670478116653511	0.684314863521210974	0.00248972538765683668	0.991970169864950583	0.0532394727108757817	0.00139718660796369233	0.988784629823535319	0.0400418248708089093	0.0029573887436308549	0.0578063205339240592	0.0991043196892533666	0.0282864677915165985	0.135457718886563895	0.208157787236797372	0.196521289607720725	0.107361794224190268	0.163525362536317589
T:	0.610042512541224094	0.356045213311886958	0.477855408492743467	0.299958830109329129	0.0353022436212625599	0.0320507272626849324	0.235298267155292624	0.0171274801594620862	0.012788072744408288	0.00215644405549808919	0.0015607703590761435	0.00271029180078033957	0.00411996354803000554	0.0828284644794632812	0.0279714427213254201	0.00984674725882254551	0.402316088932814758	0.648024142701416618	0.140340296061880435	0.0766153918470362279	0.439885429978506691	0.407661975595046549	0.435709746323909875



2	A.TG.CGGCG	0.497634291197247175


A:	0.242563083344943049	0.435709746323909875	0.407661975595046549	0.439885429978506691	0.0766153918470362279	0.140340296061880435	0.648024142701416618	0.402316088932814758	0.0240508905302753895	0.0249233786759672425	0.0828284644794632812	0.00406966250007312853	0.00206611224175547808	0.00243739962838655186	0.00201829897376041053	0.0117371820744178073	0.0171274801594620862	0.235298267155292624	0.0320507272626849324	0.0353022436212625599	0.299958830109329129	0.477855408492743467	0.356045213311886958
C:	0.136146390580061196	0.163525362536317589	0.107361794224190268	0.196521289607720725	0.208157787236797372	0.135457718886563895	0.0282864677915165985	0.0991043196892533666	0.0582692827417146864	0.00291943271869111562	0.0400418248708089093	0.985037097883831262	0.00140656558943976822	0.0180614351275512031	0.991590016503827495	0.0056499435269297823	0.684314863521210974	0.452670478116653511	0.182075710665570362	0.15258666935995238	0.0639111830577079039	0.170257265244901589	0.0776829041665756719
G:	0.333803872899137862	0.150973003659478713	0.095848553048244449	0.217851782928249295	0.628393790246714027	0.132891173859053836	0.0818771045315956743	0.162117746626242158	0.0129431511421380953	0.903765985005908449	0.795572220605631272	0.00226293465150979611	0.989201606970501904	0.977429829672655231	0.000989954649416751268	0.950183685273513462	0.274233531512690515	0.13105513482234542	0.320528055460197	0.15258666935995238	0.555955092670735953	0.202389166633385082	0.182261870763090655
T:	0.287486653175857892	0.249791887480293823	0.389127677132518734	0.145741497485523289	0.086833030669452373	0.591310811192501834	0.241812284975471109	0.336461844751689717	0.904736675585871829	0.068391203599433193	0.0815574900440965373	0.0086303049645858131	0.00732571519830284948	0.00207133557140701427	0.00540172987299534279	0.0324291891251389488	0.0243241248066364246	0.180976119905708445	0.465345506611547706	0.65952441765883268	0.080174894162227014	0.149498159628969862	0.384010011758446715



3	CCGCCG.CA	0.496705791850712194


A:	0.127887923233922518	0.384010011758446715	0.149498159628969862	0.080174894162227014	0.659524417658832681	0.465345506611547706	0.180976119905708445	0.0243241248066364246	0.0585147335544874108	0.0209072873506501026	0.00106868409083428535	0.00878616398143640234	0.00887776754962403141	0.0815574900440965373	0.0579255193226735897	0.769069423292391272	0.336461844751689717	0.241812284975471109	0.591310811192501834	0.086833030669452373	0.145741497485523289	0.389127677132518734	0.249791887480293823
C:	0.231483008559842616	0.182261870763090654	0.202389166633385082	0.555955092670735953	0.15258666935995238	0.320528055460197	0.13105513482234542	0.274233531512690515	0.824042179963384471	0.000414635143688964173	0.976757701532452729	0.987503530062395058	0.00259378711324748661	0.795572220605631272	0.921919185161193199	0.0131438080259049567	0.162117746626242158	0.0818771045315956743	0.132891173859053836	0.628393790246714027	0.217851782928249295	0.095848553048244449	0.150973003659478713
G:	0.0305865556650107719	0.0776829041665756718	0.170257265244901589	0.0639111830577079039	0.15258666935995238	0.182075710665570362	0.452670478116653511	0.684314863521210974	0.106931913175347888	0.977314923261510534	0.0188340229041836084	0.00240511914263258073	0.983890181524040177	0.0400418248708089093	0.00485341043350992794	0.117116546093829638	0.0991043196892533666	0.0282864677915165985	0.135457718886563895	0.208157787236797372	0.196521289607720725	0.107361794224190268	0.163525362536317589
T:	0.610042512541224094	0.356045213311886958	0.477855408492743467	0.299958830109329129	0.0353022436212625599	0.0320507272626849324	0.235298267155292624	0.0171274801594620862	0.0105111733067802299	0.00136315424415039931	0.00333959147252937766	0.00130518681353595846	0.00463826381308830543	0.0828284644794632812	0.0153018850826232832	0.100670222587874134	0.402316088932814758	0.648024142701416618	0.140340296061880435	0.0766153918470362279	0.439885429978506691	0.407661975595046549	0.435709746323909875



4	CGCCGCCA	0.496603429450593082


A:	0.384010011758446715	0.149498159628969862	0.080174894162227014	0.659524417658832681	0.465345506611547706	0.180976119905708445	0.0243241248066364246	0.124742085448904791	0.0118531248648292745	0.00155419119481766562	0.00617937074787729043	0.00520961264848965719	0.0815574900440965373	0.190077310357867938	0.803297911502067891	0.336461844751689717	0.241812284975471109	0.591310811192501834	0.086833030669452373	0.145741497485523289	0.389127677132518734	0.249791887480293823
C:	0.182261870763090654	0.202389166633385082	0.555955092670735953	0.15258666935995238	0.320528055460197	0.13105513482234542	0.274233531512690515	0.844379409711932284	0.000688539653473714655	0.933546234634103654	0.990168576093438369	0.00101144760841427006	0.795572220605631272	0.799222407802170185	0.0118535182316287594	0.162117746626242158	0.0818771045315956743	0.132891173859053836	0.628393790246714027	0.217851782928249295	0.095848553048244449	0.150973003659478713
G:	0.0776829041665756718	0.170257265244901589	0.0639111830577079039	0.15258666935995238	0.182075710665570362	0.452670478116653511	0.684314863521210974	0.0235637662076867956	0.985899983692123491	0.0632880039505309848	0.0029613612302447718	0.98958081408904728	0.0400418248708089093	0.00243295492180200251	0.169000378025189794	0.0991043196892533666	0.0282864677915165985	0.135457718886563895	0.208157787236797372	0.196521289607720725	0.107361794224190268	0.163525362536317589
T:	0.356045213311886958	0.477855408492743467	0.299958830109329129	0.0353022436212625599	0.0320507272626849324	0.235298267155292624	0.0171274801594620862	0.00731473863147612887	0.00155835178957351958	0.0016115702205476953	0.000690691928439568783	0.0041981256540487929	0.0828284644794632812	0.00826732691815987458	0.0158481922411135557	0.402316088932814758	0.648024142701416618	0.140340296061880435	0.0766153918470362279	0.439885429978506691	0.407661975595046549	0.435709746323909875



5	AA.G.CGGCG	0.496254570119278045


A:	0.268323719027487371	0.287619450333923654	0.164557203545049156	0.125085086699624609	0.0584711613690915648	0.0913793542476817337	0.734319416247826297	0.707922498243120923	0.0240508905302753895	0.0314181809708031087	0.250062837782849901	0.00381738660410599428	0.00165532759318755719	0.00223736877396175086	0.00335468979948918299	0.0285757184455330787	0.138554637514977431	0.280468290346994689	0.0844039045233436941	0.331737388530565461	0.116213615250994219	0.436676764404700202
C:	0.0700444273399332929	0.0794732085102722858	0.453312382113165324	0.0484130247522752062	0.704348762121800824	0.0626286978042761519	0.0298606426517854535	0.0792238529600813229	0.0582692827417146864	0.0041315081579664093	0.18063120895310317	0.986733309668891627	0.00172370001164575332	0.0106277194517635718	0.990144207426469278	0.00972921902913096717	0.30492827760639137	0.117883460992699844	0.0958151535457709612	0.135214634460948927	0.0762609123209285776	0.219708120062296686
G:	0.181836500291336218	0.0564409575505271101	0.184852984434266557	0.405884184665922454	0.117491464370839567	0.0201761314135362349	0.13536278699604737	0.0526372286037051219	0.0129431511421380953	0.857403395874235081	0.477615681784410311	0.00611379043973297107	0.978446987027418404	0.98506564077654417	0.00105265187410106957	0.909934798641265415	0.506828399299353094	0.348623662940728203	0.41821214646249239	0.0254154481784550391	0.64955910810117395	0.056960689282141371
T:	0.479795353341243118	0.57646638360527695	0.197277429907518964	0.420617703882177731	0.119688612138268044	0.825815816534505879	0.100457154104340879	0.160216420193092632	0.904736675585871829	0.107046914996995401	0.0916902714796366178	0.00333551328726940746	0.018173985367748285	0.00206927099773050752	0.00544845089994046975	0.0517602638840705388	0.0496886855792781054	0.253024585719577265	0.401568795468392955	0.507632528830030573	0.157966364326903254	0.286654426250861741



