1	CGGCGCCG	0.497953564518529543


A:	0.268657760498980254	0.662174948330735561	0.335628152073630719	0.00292990798075994633	0.155203560842628911	0.120159886805282634	0.164797669212625744	0.0216109451110581068	0.0597433747204374871	0.00450580174063759804	0.0187801413242947611	0.00637415708172941871	0.00186012956108152115	0.0667542902478642791	0.116883681611504337	0.0782766199457862104	0.259814274681283489	0.737098329262169454	0.35392417035300477	0.145172513508003357	0.297942764745438368	0.227293247520222383
C:	0.207605554862357382	0.0302518516123857705	0.352247729759338059	0.268933360326812187	0.275961865205151276	0.376519994273406736	0.206670309663269467	0.840388446273079764	0.0330679369198822427	0.489285942319903326	0.973462636836807617	0.00138306475716820324	0.504348126378377555	0.840434398111815991	0.0211169270043577928	0.616937020553509661	0.588616814544797544	0.06832430697111689	0.298672385452412435	0.124526221538096673	0.283714860834950134	0.315677680204281687
G:	0.280926901792975948	0.0349938317753626613	0.208701975986918308	0.668416215668921006	0.237906851375537369	0.272375768997023394	0.456773780835840697	0.0211169270043577928	0.840434398111815991	0.504348126378377555	0.00138306475716820324	0.973462636836807617	0.489285942319903326	0.0330679369198822427	0.840388446273079764	0.0459235765258273403	0.0713196970114661688	0.06832430697111689	0.173701722097291397	0.246110784607391011	0.10734837740566515	0.282938097455474105
T:	0.242809782845686416	0.272579368281516007	0.103422142180112914	0.0597205160235068605	0.330927722576682444	0.230944349924287236	0.171758240288264091	0.116883681611504337	0.0667542902478642791	0.00186012956108152115	0.00637415708172941871	0.0187801413242947611	0.00450580174063759804	0.0597433747204374871	0.0216109451110581068	0.258862782974876788	0.0802492137624527982	0.126253056795596766	0.173701722097291397	0.48419048034650896	0.310993997013946347	0.174090974820021825



2	GCGCCGC.A	0.497776564593776366


A:	0.593126999103471267	0.392709067452315185	0.454085819326692069	0.00902504151764365524	0.121247354901228174	0.168641999211964797	0.227306559888709304	0.0312204355634071713	0.0320650466950514902	0.00524783318257338469	0.00087357651487180479	0.00858360391720593995	0.00898560602819207727	0.0478955631134926156	0.648764820848958486	0.834016451202614598	0.305869792226006004	0.211064401958286669	0.288514127246633003	0.0168335923365650593	0.152981195233539449	0.79321315659807641	0.189731380632141279
C:	0.0570666174296101061	0.109876097777534924	0.0640896428945500697	0.778542888031301382	0.0893857095068974028	0.554690057566699633	0.162160585080762172	0.263281079080655368	0.959751770996519152	0.0011045612748730447	0.864136474805207024	0.986888141624273315	0.00167055420118393154	0.695001868690393823	0.341229750236410861	0.0396423268985627432	0.169909412859953954	0.0958424371386541797	0.16389800374824788	0.0337736801662697141	0.199799288233286949	0.0718500287151794637	0.565633733576408299
G:	0.335202917194676102	0.129518497773671557	0.147851726573620918	0.121999569832022282	0.0149104350046463956	0.202893798224697602	0.404559440194393334	0.677270309965396486	0.00433000396456885956	0.990449253551379283	0.133559858415923216	0.00237615064198428634	0.985187664018897705	0.0161629671449269913	0.00148350677157365188	0.0897867661744676258	0.0603600170852084365	0.12527832530598964	0.156250434793591367	0.683109823908712849	0.0175743395709523386	0.112491136390652991	0.197897277948969952
T:	0.0146034662722425251	0.367896336996478334	0.333972811205136943	0.0904325006190326812	0.774456500587228028	0.0737741449966379673	0.20597341483613519	0.028228175390540974	0.00385317834386049814	0.00319835199117428778	0.0014300902639979556	0.00215210381653645894	0.00415617575172628652	0.24093960105118657	0.00852192214305700125	0.0365544557243550334	0.463860777828831605	0.567814835597069511	0.39133743421152775	0.266282903588452378	0.629645176962221264	0.0224456782960911357	0.0467376078424804702



3	GCGCCG.CA	0.49772631396099062


A:	0.387243987073499647	0.309495058225321635	0.142403675536915637	0.0643729898719465584	0.395968975359315671	0.229679441480596338	0.379894577403729811	0.0350959377295846229	0.0208589588148143548	0.0039986966646343675	0.00161480028526760765	0.00938622166602135669	0.00483155666184437063	0.103181463054826017	0.165332504903389994	0.870281349928052457	0.128121503865053123	0.227543448463319414	0.627177634646627811	0.288312334189404233	0.0418999023379734758	0.296143671238485246	0.240096609927162772
C:	0.22850644504552705	0.286102703302501719	0.259513762547091713	0.727488630730229224	0.233291682364743597	0.493761076320551645	0.203217815528288092	0.378276127283829669	0.96916537476955775	0.00103437705220249497	0.8944166394377461	0.987183806820461192	0.00717731615659434312	0.655870063271993613	0.784057153880089202	0.00877441738310085655	0.379030937145317982	0.147806933014616166	0.187464937458994895	0.453551884983110625	0.484140986843991272	0.179099623047046126	0.194538646742512318
G:	0.129633870447397388	0.0957682352248837284	0.215938055040553143	0.0957219138335131185	0.233291682364743597	0.21368506094296943	0.272650684962043611	0.573850173785547087	0.00156894751654921401	0.99185847932954395	0.103129277538371757	0.00104443774617984014	0.983288199212366325	0.004183307141446387	0.0105530982099277748	0.102693753996981463	0.0410015519898704239	0.0684227517750331061	0.133793430877810938	0.0726641623885679869	0.0768940129464308645	0.0559624862963073049	0.336560141393162575
T:	0.254615697433575914	0.308634003247292918	0.382144506875439507	0.112416465564311099	0.137447659911197135	0.0628744212558825863	0.144236922105938486	0.0127777612010386213	0.00840671889907868104	0.00310844695361918704	0.000839282738614535821	0.00238553376733761129	0.00470292796919496122	0.236765166531733983	0.0400572430065930286	0.0182504786918652241	0.451846006999758472	0.556226866747031314	0.0515639970165663555	0.185471618438917156	0.397065097871604387	0.468794219418161323	0.228804601937162335



4	C.GCGCCGC	0.497624365146326534


A:	0.173317054259476291	0.147785999610654945	0.210777121276210358	0.235623674875061623	0.0797553575887253117	0.0200436449703783579	0.0526148141164279929	0.184120666755584346	0.0380418400381251231	0.0227288470811963026	0.0306392199166893226	0.00533292313948273686	0.00126666023005502064	0.0227482218297841612	0.0125321591573718152	0.0507378295215448026	0.334802215882693715	0.834016451202614598	0.293287199914674112	0.247457885055997927	0.371810282004069375	0.301099958833066454	0.116777635485083329
C:	0.650296528510962544	0.176022083609171776	0.24703062799536195	0.295439951614757792	0.0156140706087182005	0.656568158869363186	0.258501200316947036	0.714628371448503972	0.212084513856080786	0.231609905960103828	0.95660265184487813	0.00268591944937520555	0.755636288994865612	0.96686806897725689	0.00301769148843556417	0.760254719869658629	0.649127493574592621	0.0396423268985627432	0.14847076127028513	0.133006133051141913	0.591405911875949546	0.226449023619732609	0.345947996704125478
G:	0.0490372772150103808	0.0458587796317416625	0.256622963632312316	0.0450589433778655811	0.647885458232335119	0.14856496627556709	0.170976332625835889	0.0489839659384677906	0.413125824337557803	0.726164553714533528	0.00589886130875890063	0.984737731073806565	0.241229299913860411	0.00596328592879609497	0.975877159994074875	0.0194074414553486514	0.00872177041036405683	0.0897867661744676258	0.031887203982807682	0.0310205465222532634	0.00947340542015186821	0.317393174947504025	0.0774785407175412136
T:	0.127349140014550784	0.630333137148431616	0.285569287096115376	0.423877430132315004	0.256745113570221369	0.174823229884691367	0.517907652940789083	0.0522669958574438913	0.336747821768236289	0.0194966932441663423	0.00685926692967364678	0.00724342633733549269	0.00186775086121895649	0.0044204232641628536	0.00857298936011774594	0.169600009153447917	0.00734852013234960705	0.0365544557243550334	0.526354834832233076	0.588515435370606896	0.0273104006998292108	0.155057842599696912	0.459795827093249979



5	CGCCGCAA	0.497509181597101593


A:	0.392709067452315185	0.454085819326692069	0.00902504151764365524	0.121247354901228174	0.168641999211964797	0.227306559888709304	0.0312204355634071713	0.0438274417087876628	0.00979187738646681648	0.000760777577774582365	0.00446363442285999657	0.00869771081662350734	0.00509070774613147046	0.648764820848958486	0.964132552646203447	0.305869792226006004	0.211064401958286669	0.288514127246633003	0.0168335923365650593	0.152981195233539449	0.79321315659807641	0.189731380632141279
C:	0.109876097777534924	0.0640896428945500697	0.778542888031301382	0.0893857095068974028	0.554690057566699633	0.162160585080762172	0.263281079080655368	0.944233607927624006	0.00104214421549975923	0.971645188120946696	0.991595674515723162	0.000911584896311415057	0.955880483932518924	0.341229750236410861	0.0145708332991458969	0.169909412859953954	0.0958424371386541797	0.16389800374824788	0.0337736801662697141	0.199799288233286949	0.0718500287151794637	0.565633733576408299
G:	0.129518497773671557	0.147851726573620918	0.121999569832022282	0.0149104350046463956	0.202893798224697602	0.404559440194393334	0.677270309965396486	0.00801249176283515198	0.987943130991751031	0.0262905317938384123	0.00140079674649825548	0.9875966296678938	0.00226206686368861094	0.00148350677157365188	0.0153175012584374485	0.0603600170852084365	0.12527832530598964	0.156250434793591367	0.683109823908712849	0.0175743395709523386	0.112491136390652991	0.197897277948969952
T:	0.367896336996478334	0.333972811205136943	0.0904325006190326812	0.774456500587228028	0.0737741449966379673	0.20597341483613519	0.028228175390540974	0.00392645860075317919	0.00122284740628239337	0.00130350250744030955	0.00253989431491858631	0.00279407461917127759	0.0367667414576609947	0.00852192214305700125	0.00597911279621320802	0.463860777828831605	0.567814835597069511	0.39133743421152775	0.266282903588452378	0.629645176962221264	0.0224456782960911357	0.0467376078424804702



