1	GCGCCGCC	0.498459572261187395


A:	0.132840182007796469	0.106543349116677861	0.264916197905543346	0.364515244873101664	0.377562597128747272	0.138689241480200665	0.417059397687161604	0.0425619184659762059	0.0369694802685857286	0.00727226102368111648	0.00162304930691627513	0.0258961773382976495	0.0124501232731836206	0.00960331219024084503	0.0015230562961027801	0.604500040452171453	0.104068290480404087	0.262411737157683712	0.204975706407090659	0.155565403396154975	0.148028272173139193	0.265508352826639182
C:	0.396278503806467588	0.178666500873641464	0.0679982956043815607	0.19829821010438377	0.171697686588194393	0.276742179431955624	0.109416014234591922	0.237676950287736187	0.933050609280239939	0.00220299499980791279	0.962177938341320588	0.971740346162894996	0.000690091741559048159	0.967282566835677328	0.989806225160403524	0.079702429257380773	0.20498895163975337	0.371382992129457007	0.380306189547268212	0.536644728492857711	0.291366559220357147	0.423329732474664721
G:	0.0573762141034150211	0.0376160453442287601	0.426442217103828054	0.0787315407841850779	0.30017071796822032	0.291103811060868898	0.318875683592428357	0.715501289858046466	0.0254648319612516837	0.989122688122133139	0.033866955568004022	0.00180023861891541226	0.984302953625696741	0.0175290728481362739	0.00562823414103314005	0.200204967687709716	0.130464962936584982	0.115136227450199788	0.115546619523829537	0.102482827229878725	0.14485741822512107	0.208630276545099469
T:	0.413505100082320923	0.677174104665451915	0.240643289386247039	0.358455004238329488	0.150568998314838015	0.293464768026974813	0.154648904485818117	0.00425984138824114088	0.00451507848992264888	0.00140205585437783209	0.00233205678375911534	0.000563237879891942002	0.00255683135956059012	0.00558504812594555316	0.00304248440246055599	0.115592562602738059	0.560477794943257561	0.251069043262659493	0.299171484521811591	0.205307040881108589	0.415747750381382589	0.102531638153596628



2	CAGCCGCC	0.497246505655158789


A:	0.050643481732161336	0.104630667041987741	0.136463535368168214	0.127614759991043574	0.187159679048070647	0.0864533895736691378	0.270461417829171205	0.00974237418636028809	0.617241042514065855	0.00759161497021975113	0.00253340182759199872	0.00683541577306116051	0.0174906901726774488	0.00102595853191911027	0.00279696966307717254	0.539687264483397744	0.175588353756585421	0.124239960695707413	0.260469467717146721	0.373546767763274408	0.117821767173446941	0.187566207723214587
C:	0.119051361466522008	0.254312462688258619	0.080223986525662651	0.606421968480416584	0.250404571934020304	0.130034960392498721	0.182560323082088935	0.867774879687013985	0.188219806422505916	0.00069514078762018158	0.988211521156319028	0.989815503657591541	0.000526588220304665924	0.984602896134210919	0.992402285739903229	0.0181000512318190402	0.249510197334341009	0.77045608318331872	0.352932692665969316	0.175333116056267319	0.186118749363938042	0.498668725694089249
G:	0.0918465784033041485	0.213294728892251286	0.546347985188546775	0.166989969261346414	0.402191491943557557	0.564790965948253877	0.453129636900388529	0.0221820180873502973	0.192254205548147155	0.988228640851846608	0.00820579657027067085	0.00176524199997209259	0.980776583807180472	0.0101693154936002215	0.00152669604952757971	0.374354140550114905	0.104972440951291226	0.053848097499687681	0.151675466152605214	0.255066237019696774	0.0434202670519180691	0.081566299967867591
T:	0.738458578398012508	0.427762141377502354	0.23696449291762236	0.098973302267193428	0.160244257074351492	0.218720684085578264	0.0938486221883513315	0.100300728039275429	0.00228494551528107283	0.00348460339031345935	0.00104928044581830222	0.0015838385693752062	0.00120613779983741369	0.00420182984026974913	0.00327404854749201897	0.0678585437346683103	0.469929007957782344	0.0514558586212861862	0.234922373464278749	0.196053879160761499	0.652639216410696948	0.232198766614828574



3	C.GCCGCCA	0.497024250506247839


A:	0.050643481732161336	0.104630667041987741	0.136463535368168214	0.127614759991043574	0.187159679048070647	0.0864533895736691378	0.270461417829171205	0.0221222648483378256	0.617241042514065855	0.00363827817614482007	0.00175710505195443757	0.0100363987784874117	0.016789735752769836	0.00554517391523716159	0.00260258584308161176	0.539687264483397744	0.175588353756585421	0.124239960695707413	0.260469467717146721	0.373546767763274408	0.117821767173446941	0.187566207723214587	0.118156444053191941
C:	0.119051361466522008	0.254312462688258619	0.080223986525662651	0.606421968480416584	0.250404571934020304	0.130034960392498721	0.182560323082088935	0.766131416394203724	0.188219806422505916	0.00164343692685380484	0.985103672053873148	0.982795876324421279	0.00100923250440926854	0.968506794047399493	0.988171095526717636	0.0181000512318190402	0.249510197334341009	0.77045608318331872	0.352932692665969316	0.175333116056267319	0.186118749363938042	0.498668725694089249	0.243738652838323032
G:	0.0918465784033041485	0.213294728892251286	0.546347985188546775	0.166989969261346414	0.402191491943557557	0.564790965948253877	0.453129636900388529	0.146892604975532833	0.192254205548147155	0.991665686147013048	0.0117435047400283291	0.00576358221070631313	0.979114167392393781	0.015094231447454135	0.00184913050456684676	0.374354140550114905	0.104972440951291226	0.053848097499687681	0.151675466152605214	0.255066237019696774	0.0434202670519180691	0.081566299967867591	0.604804371352505205
T:	0.738458578398012508	0.427762141377502354	0.23696449291762236	0.098973302267193428	0.160244257074351492	0.218720684085578264	0.0938486221883513315	0.0648537137819256179	0.00228494551528107283	0.00305259874998832752	0.00139571815414408533	0.00140414268638499646	0.00308686435042711417	0.01085380058990921	0.00737718812563390585	0.0678585437346683103	0.469929007957782344	0.0514558586212861862	0.234922373464278749	0.196053879160761499	0.652639216410696948	0.232198766614828574	0.0333005317559798222



4	C.GCCGCCG	0.496704038458372434


A:	0.050643481732161336	0.104630667041987741	0.136463535368168214	0.127614759991043574	0.187159679048070647	0.0864533895736691378	0.270461417829171205	0.0578667792091476778	0.617241042514065855	0.006713364848655424	0.00467262615504396496	0.0124464921931750949	0.0164869374439558422	0.00235557385005289888	0.00180086450749467346	0.539687264483397744	0.175588353756585421	0.124239960695707413	0.260469467717146721	0.373546767763274408	0.117821767173446941	0.187566207723214587	0.118156444053191941
C:	0.119051361466522008	0.254312462688258619	0.080223986525662651	0.606421968480416584	0.250404571934020304	0.130034960392498721	0.182560323082088935	0.742049610963056	0.188219806422505916	0.00383344455684701962	0.9698593200631204	0.961547730454570214	0.00129709959413090569	0.920681872296766546	0.98613426026159939	0.0181000512318190402	0.249510197334341009	0.77045608318331872	0.352932692665969316	0.175333116056267319	0.186118749363938042	0.498668725694089249	0.243738652838323032
G:	0.0918465784033041485	0.213294728892251286	0.546347985188546775	0.166989969261346414	0.402191491943557557	0.564790965948253877	0.453129636900388529	0.166610792939475498	0.192254205548147155	0.984703401863146719	0.0241997431025158396	0.0220681353635547425	0.980237636615852353	0.0692277549632430528	0.00814168891608352795	0.374354140550114905	0.104972440951291226	0.053848097499687681	0.151675466152605214	0.255066237019696774	0.0434202670519180691	0.081566299967867591	0.604804371352505205
T:	0.738458578398012508	0.427762141377502354	0.23696449291762236	0.098973302267193428	0.160244257074351492	0.218720684085578264	0.0938486221883513315	0.0334728168883208243	0.00228494551528107283	0.00474978873135083775	0.00126831067931979537	0.00393764198869994838	0.00197832634606089871	0.00773479888993750252	0.00392318631482240836	0.0678585437346683103	0.469929007957782344	0.0514558586212861862	0.234922373464278749	0.196053879160761499	0.652639216410696948	0.232198766614828574	0.0333005317559798222



5	CG..GGCGGC	0.496620644405720212


A:	0.206847948091572865	0.135275725104018974	0.061177659116817273	0.212145619936429063	0.229604784088010669	0.167303860946139766	0.0637123830155281333	0.0576786183704057742	0.244326583884948955	0.0574974583324515298	0.00577698435218158728	0.0074318621410566289	0.00391550361716242952	0.00150877549373417194	0.00160211644038369272	0.0052087405480301442	0.00389131344690393865	0.21813747179556936	0.161732369608111952	0.224294212544078926	0.190781982595194871	0.408213598868504257
C:	0.172770175072029386	0.40664776389480755	0.72245793177543522	0.163002527419998156	0.181431535644681479	0.393542742025739807	0.808189844836556382	0.0439347669489243128	0.191107412595624967	0.345147336648537473	0.00343975294099278409	0.0180462074165651342	0.987266018222502981	0.0135579967550761709	0.0369199118585506525	0.983231027853125792	0.0951721799572541279	0.255912218753471328	0.500313496538725708	0.116096388472625102	0.282042090267362202	0.063575398213365377
G:	0.0778238731660650958	0.306983993127880397	0.160800795444368097	0.225969876116642201	0.413857344692021494	0.268117548977459768	0.0534724732895643841	0.802039006960831099	0.239783088025110753	0.063890205811714674	0.988308236800654978	0.96818948976675458	0.00196730163446824798	0.971180379426897982	0.954702618446088303	0.00450635949743994107	0.291751799122551875	0.41618544240213132	0.0716018159319619207	0.484285056820831542	0.494967463488045129	0.31481443359245233
T:	0.542558003670332653	0.151092517873293079	0.0555636136633794096	0.39888197652693058	0.175106335575286358	0.171035848050660659	0.074625298858351101	0.096347607719838814	0.324782915494315325	0.533464999207296323	0.0024750259061706502	0.00633244067562365691	0.00685117652586634176	0.013752848324291675	0.00677535325497735227	0.00705387210140412276	0.609184707473290058	0.109764867048827993	0.26635231792120042	0.17532434216246443	0.0322084636493977982	0.213396569325678035



