1	GCGCCGCC	0.498542038912050824


A:	0.248309925700030942	0.301722748276125074	0.645130546929078505	0.0688500514029762809	0.115001086195150864	0.35610660192432404	0.279602155908290719	0.0195406355097156147	0.0651610151073101688	0.0124372527406440453	0.00166841745702625378	0.0284369521274135798	0.00978253697664069901	0.00212590531314715034	0.00133594863948957419	0.665957986287054389	0.0733366458235493031	0.105718826768127981	0.63737211776725343	0.231474398959249092	0.272996565744252895	0.209115995739655211
C:	0.198438346858185062	0.292688724503441143	0.0400328306449796982	0.26681851156427807	0.0767964052026119029	0.522582806363333598	0.331901030538322891	0.17549992013652835	0.92755472083963725	0.00093986785019618948	0.966387659467392327	0.969719145721065958	0.00028376963114915029	0.986757836282189102	0.993091196768156839	0.0141983315582416381	0.414908776824030603	0.187670724219920416	0.134259668499949849	0.146520971810135942	0.427995625224968939	0.252956307325555242
G:	0.372923365029595285	0.148614094777280651	0.16064915407948075	0.529198439108310297	0.149395771700143887	0.0689284037278964817	0.272735940806527292	0.80247688820427374	0.00688920403563810398	0.98553682080823243	0.0306797026651079545	0.00141345613062469405	0.98607899046456647	0.00156346494248881218	0.00270341183676361027	0.248119876307526142	0.0827851846546821522	0.157276144330966572	0.0507919758187196159	0.603257826581507661	0.188248855730029431	0.347211362686951643
T:	0.180328362412188711	0.256974432443153133	0.154187468346461047	0.135132997924435353	0.658806736902093346	0.0523821879844458806	0.115760872746859098	0.00248255614948229551	0.000395060017414477506	0.00108605860092733504	0.00126422041047346465	0.00043044602089576766	0.00385470292764368027	0.00955279346217493592	0.00286944275558997625	0.0717238058471778307	0.428969392697737942	0.54933430468098503	0.177576237914077105	0.0187468026491073054	0.110758953300748735	0.190716334247837904



2	C.GCCGCCA	0.498368405379919599


A:	0.244751679977866502	0.457819158537700045	0.0880226636728232334	0.0737356057229170585	0.0887120821214766292	0.314693896930447739	0.296780386336434615	0.0237901500036091618	0.315452967959810269	0.00341678224697340916	0.00164665651287472038	0.0175730564060538981	0.0137909891581507756	0.00594801161882596003	0.00851839715351648902	0.619130639164454635	0.287415577307973004	0.550377558017265976	0.553013198155164799	0.133994088929425166	0.254153660366250303	0.199788337452107077	0.122921246666684931
C:	0.432338115900471421	0.169254085691370888	0.308134418550741358	0.116520311030412562	0.00283233004707424537	0.275241992553620537	0.260195268103868198	0.600815226369705974	0.610745103852943321	0.00315665418610831042	0.98681239339851381	0.978157042217794774	0.000467243570205881635	0.980566543798373345	0.986642837913356725	0.022333180922238188	0.278424812960294335	0.147734608486292834	0.0626250772817987152	0.583737655460496331	0.0403652757300962715	0.521129219155065899	0.153639983009094845
G:	0.188240216858380034	0.14743685242670097	0.0941061763166728275	0.0406593359666653297	0.258480358633047783	0.246607322245866215	0.163967318080233643	0.269826549925846029	0.0722923457969041269	0.991393729931429814	0.0104269988669591697	0.00365235963502930562	0.982788351540991609	0.00340872491797048399	0.00124658663867289454	0.245258346490597949	0.153385049045617719	0.0967294405896979597	0.260172625014510232	0.0937036449966050035	0.389009666940860886	0.103787337784312395	0.622150296826958425
T:	0.134669987263282042	0.225489903344228097	0.509736741459762581	0.76908474728000505	0.649975229198401343	0.163456788270065509	0.279057027479463544	0.105568073700838835	0.00150958239034228344	0.00203283363548846634	0.0011139512216523003	0.000617541741122022037	0.00295341573065173358	0.010076719664830211	0.00359217829445389138	0.113277833422709228	0.280774560686114942	0.20515839290674323	0.124189099548526254	0.188564610613473499	0.316471396962792539	0.175295105608514629	0.1012884734972618



3	CGCCGCCA	0.498349794034443397


A:	0.301722748276125074	0.645130546929078505	0.0688500514029762809	0.115001086195150864	0.35610660192432404	0.279602155908290719	0.0195406355097156147	0.315452967959810269	0.00899010571508532916	0.00174823875734753819	0.0252017216028456538	0.0110474350658997776	0.00786724131429137603	0.00526363886720715012	0.665957986287054389	0.0733366458235493031	0.105718826768127981	0.63737211776725343	0.231474398959249092	0.272996565744252895	0.209115995739655211	0.39954690223413312
C:	0.292688724503441143	0.0400328306449796982	0.26681851156427807	0.0767964052026119029	0.522582806363333598	0.331901030538322891	0.17549992013652835	0.610745103852943321	0.000925305298460808801	0.969766825722751778	0.972988473157953532	0.000632601224374315187	0.978280704920848758	0.989181496990786324	0.0141983315582416381	0.414908776824030603	0.187670724219920416	0.134259668499949849	0.146520971810135942	0.427995625224968939	0.252956307325555242	0.14503538581852226
G:	0.148614094777280651	0.16064915407948075	0.529198439108310297	0.149395771700143887	0.0689284037278964817	0.272735940806527292	0.80247688820427374	0.0722923457969041269	0.988586780333427397	0.0278888245454745377	0.00140357842153443932	0.985785193812088869	0.00195434078458789933	0.00223382271185544579	0.248119876307526142	0.0827851846546821522	0.157276144330966572	0.0507919758187196159	0.603257826581507661	0.188248855730029431	0.347211362686951643	0.177875424645865619
T:	0.256974432443153133	0.154187468346461047	0.135132997924435353	0.658806736902093346	0.0523821879844458806	0.115760872746859098	0.00248255614948229551	0.00150958239034228344	0.00149780865302646541	0.000596110974426146097	0.000406226817666375347	0.00253476989763703816	0.0118977129802719671	0.00332104143015108048	0.0717238058471778307	0.428969392697737942	0.54933430468098503	0.177576237914077105	0.0187468026491073054	0.110758953300748735	0.190716334247837904	0.277542287301479001



4	G.GCCGCCA	0.497859695270236736


A:	0.244751679977866502	0.457819158537700045	0.0880226636728232334	0.0737356057229170585	0.0887120821214766292	0.314693896930447739	0.296780386336434615	0.0237901500036091618	0.315452967959810269	0.00761400605478762587	0.00124499579062484914	0.0126026848151002829	0.010382059501482533	0.00471330919776032317	0.00263355486485016014	0.740391613839222717	0.287415577307973004	0.550377558017265976	0.553013198155164799	0.133994088929425166	0.254153660366250303	0.199788337452107077	0.122921246666684931
C:	0.432338115900471421	0.169254085691370888	0.308134418550741358	0.116520311030412562	0.00283233004707424537	0.275241992553620537	0.260195268103868198	0.600815226369705974	0.610745103852943321	0.00259923185209107473	0.971527542252784438	0.982630314859687374	0.000554814875751928671	0.969357166879896586	0.992415063349071573	0.0387446276039668338	0.278424812960294335	0.147734608486292834	0.0626250772817987152	0.583737655460496331	0.0403652757300962715	0.521129219155065899	0.153639983009094845
G:	0.188240216858380034	0.14743685242670097	0.0941061763166728275	0.0406593359666653297	0.258480358633047783	0.246607322245866215	0.163967318080233643	0.269826549925846029	0.0722923457969041269	0.988587875326959166	0.0262348862816128123	0.00425892064665130226	0.986615869932957973	0.0165252357012557156	0.00243400242819990283	0.141061795573375253	0.153385049045617719	0.0967294405896979597	0.260172625014510232	0.0937036449966050035	0.389009666940860886	0.103787337784312395	0.622150296826958425
T:	0.134669987263282042	0.225489903344228097	0.509736741459762581	0.76908474728000505	0.649975229198401343	0.163456788270065509	0.279057027479463544	0.105568073700838835	0.00150958239034228344	0.00119888676616213345	0.000992575674977900246	0.000508079678561040293	0.00244725568980756493	0.00940428822108737517	0.00251737935787836377	0.0798019629834351963	0.280774560686114942	0.20515839290674323	0.124189099548526254	0.188564610613473499	0.316471396962792539	0.175295105608514629	0.1012884734972618



5	CGCCGCCG	0.497791344054000397


A:	0.301722748276125074	0.645130546929078505	0.0688500514029762809	0.115001086195150864	0.35610660192432404	0.279602155908290719	0.0195406355097156147	0.404753786872230733	0.00955126345712549212	0.00431965220756270331	0.0106840556016646224	0.0153404909072611764	0.00201166685050027013	0.00214920024660721709	0.665957986287054389	0.0733366458235493031	0.105718826768127981	0.63737211776725343	0.231474398959249092	0.272996565744252895	0.209115995739655211	0.39954690223413312
C:	0.292688724503441143	0.0400328306449796982	0.26681851156427807	0.0767964052026119029	0.522582806363333598	0.331901030538322891	0.17549992013652835	0.567441876744985511	0.00210973596896913584	0.96988043888068561	0.98428899336567283	0.000543117958319430433	0.946424306282611246	0.992186965784663874	0.0141983315582416381	0.414908776824030603	0.187670724219920416	0.134259668499949849	0.146520971810135942	0.427995625224968939	0.252956307325555242	0.14503538581852226
G:	0.148614094777280651	0.16064915407948075	0.529198439108310297	0.149395771700143887	0.0689284037278964817	0.272735940806527292	0.80247688820427374	0.0258320441083541144	0.984846374913494736	0.0248510426539559933	0.00404750617548219951	0.981792874105877909	0.0484378628810345446	0.00283804990197970113	0.248119876307526142	0.0827851846546821522	0.157276144330966572	0.0507919758187196159	0.603257826581507661	0.188248855730029431	0.347211362686951643	0.177875424645865619
T:	0.256974432443153133	0.154187468346461047	0.135132997924435353	0.658806736902093346	0.0523821879844458806	0.115760872746859098	0.00248255614948229551	0.00197229227442964185	0.00349262566041063572	0.000948866257795693741	0.000979444857180348155	0.00232351702854148434	0.00312616398585393938	0.0028257840667492082	0.0717238058471778307	0.428969392697737942	0.54933430468098503	0.177576237914077105	0.0187468026491073054	0.110758953300748735	0.190716334247837904	0.277542287301479001



