1	GCCG.CGGC	0.495562604917547151


A:	0.12319220251721306	0.103222939199326246	0.0464418638224475659	0.301925036439327326	0.236478712064754168	0.142649477996175719	0.152883500799121601	0.0883278538665095538	0.0709687860214541114	0.0230511747220974238	0.0265937467338054802	0.00725438952024489428	0.0136192919089242429	0.156820160334683539	0.0431176303941885034	0.0945769225518060326	0.024991896278888755	0.100929972519482435	0.288972074814921998	0.34573368705029405	0.142680666734195076	0.195106363745102285	0.11760388181074378
C:	0.050706315570543747	0.165935723010188227	0.134303855586898462	0.310069921241511454	0.541778664835017681	0.528510353401708638	0.214267841368798069	0.0561335719213244159	0.625867758426255229	0.786255035111714516	0.00682581523579603368	0.142796814098422451	0.952961146121474243	0.0338736298315045215	0.260045825158102156	0.760961651660359998	0.0471981574532013141	0.323513678577280786	0.16195735098598569	0.240405761867148896	0.144864770806389277	0.37746044747647837	0.275999052065077609
G:	0.581441629047718015	0.407191764730541079	0.0862265374383107837	0.250588431563031124	0.155181472480090577	0.227848186464317865	0.444603944454623475	0.760961651660359998	0.260045825158102156	0.0338736298315045215	0.952961146121474243	0.846989372505856379	0.00682581523579603368	0.786255035111714516	0.625867758426255229	0.0561335719213244159	0.875971852056428571	0.366229247650528954	0.412206608813291439	0.186588363143372553	0.249879403421926318	0.356159164365863213	0.269598950054223159
T:	0.244659852864525178	0.323649573059944448	0.733027743152343189	0.137416610756130096	0.0665611506201375741	0.100991982137797777	0.188244713377456856	0.0945769225518060326	0.0431176303941885034	0.156820160334683539	0.0136192919089242429	0.00295942387547627576	0.0265937467338054802	0.0230511747220974238	0.0709687860214541114	0.0883278538665095538	0.0518380942114813602	0.209327101252707826	0.136863965385800873	0.2272721879391845	0.462575159037489329	0.0712740244125561325	0.336798116069955452



2	CGCCGCCA	0.495028792906078761


A:	0.15580430266952336	0.209623605066922858	0.296126254931332907	0.168740390283302835	0.118853653019645491	0.143089397223622296	0.196734409151518451	0.305477385291930849	0.00298926422340478078	0.00363560734796009423	0.0155239517630110645	0.0125850121752605785	0.0224301017309165482	0.00786178548589991679	0.524048184574157029	0.0844468856313738912	0.460171938840361444	0.404549479896628506	0.405237705749230414	0.164741143698180414	0.229631674624931113	0.335088329014959401
C:	0.213450451172024417	0.134802943847850536	0.234140533676773954	0.638888405140444741	0.13553071718067009	0.407750674594743966	0.326547903744019595	0.620312543283875484	0.00392929200316069468	0.977467035036892945	0.980299521929390962	0.00326794072809183069	0.755521057157682543	0.979073525564550068	0.0511632134130748247	0.12965296349038021	0.22151402460657648	0.182058227723597918	0.393850518693328492	0.254902077443382562	0.379070450510946442	0.136360133830855166
G:	0.226508561976630941	0.370097410980131807	0.0421064085717172889	0.0532610905160877824	0.267956474433915907	0.307378909470404058	0.463540028357603544	0.0655959089545610555	0.990040224054353098	0.0166258028875290179	0.00160368819262322184	0.981105325250297073	0.0239735316004473921	0.00200715084761845885	0.384536260680047548	0.45268197356260308	0.16996864504988227	0.174278137266897892	0.0673482437445720648	0.296656106280714752	0.133131141641255842	0.197685844637210228
T:	0.404236684181821282	0.285476040105094798	0.427626802820175851	0.139110114060164641	0.477659155365768512	0.14178101871122968	0.0131776587468584106	0.00861416246963261181	0.00304121971908142608	0.00227155472761794297	0.0025728381149747517	0.00304172184635051757	0.198075309510953517	0.0110575381019315564	0.0402523413327205988	0.333218177315642818	0.148345391503179806	0.239114155112875684	0.133563531812869029	0.283700672577722272	0.258166733222866603	0.330865692516975205



3	CGCCG.CG.C	0.494786081164982785


A:	0.0829378175734134395	0.200491269746637967	0.204823054309756755	0.108235620147032063	0.372372537867383537	0.131585724353853452	0.0377788930632244415	0.0518380942114813602	0.00908625662810370533	0.0071418387743121868	0.0055391813125325476	0.0109081028167592961	0.00691892423114957571	0.00669668321889709223	0.124018419921579659	0.0631651187363440572	0.103434949644090306	0.145156430792969542	0.334229954700878004	0.208777686622778538	0.0364132649465306448	0.491324690447792388	0.487947749568518214
C:	0.262435719091101212	0.141246996109926447	0.191087726803418626	0.623061455777043242	0.131326536912291665	0.360045499258996466	0.399298126776034963	0.875971852056428571	0.00829097010734563515	0.893031189742288075	0.971921007967567934	0.00626453742028497463	0.755865249014883438	0.983052803412940859	0.0144316808089096379	0.249861612889198577	0.794577432548045336	0.408946594498774157	0.284723026849337158	0.195376421835043741	0.664531610231523134	0.0964390413781676975	0.278842803603468786
G:	0.428766419770827201	0.557597167225232772	0.247366130789493257	0.210777779317170761	0.301463433466593118	0.326700345825750476	0.544753270225549833	0.0471981574532013141	0.973215365496904898	0.0952379507060034602	0.00539790683595608193	0.979357929332283608	0.172095673022797077	0.00506112231646388408	0.839860578917854042	0.499603491734379646	0.0612793529220283563	0.0962370885568671351	0.232446589532807382	0.310798161195616533	0.0918063536158167386	0.327980683551786577	0.121754465718810971
T:	0.225860043564658148	0.100664566918202813	0.356723088097331362	0.0579251447587539343	0.19483749175373168	0.181668430561399606	0.0181697099351907617	0.024991896278888755	0.0094074077676457616	0.00458902077739627762	0.017141903883943436	0.00346943043067212151	0.0651201537311699091	0.00518939105169816449	0.0216893203516566616	0.18736977664007772	0.0407082648858360012	0.349659886151389166	0.148600428916977457	0.285047730346561189	0.207248771206129483	0.084255584622253338	0.11145498110920203



4	CGCCGCCG	0.49423124413493357


A:	0.15580430266952336	0.209623605066922858	0.296126254931332907	0.168740390283302835	0.118853653019645491	0.143089397223622296	0.196734409151518451	0.193630493762479098	0.00315439150695868182	0.00400611260226918935	0.0132150849847538131	0.00935753862395112056	0.00691892423114957571	0.00303780499130168584	0.524048184574157029	0.0844468856313738912	0.460171938840361444	0.404549479896628506	0.405237705749230414	0.164741143698180414	0.229631674624931113	0.335088329014959401
C:	0.213450451172024417	0.134802943847850536	0.234140533676773954	0.638888405140444741	0.13553071718067009	0.407750674594743966	0.326547903744019595	0.725397117216132555	0.016196757793049841	0.946189901103047829	0.980670645852140585	0.0021455661148081817	0.755865249014883438	0.980088349313985294	0.0511632134130748247	0.12965296349038021	0.22151402460657648	0.182058227723597918	0.393850518693328492	0.254902077443382562	0.379070450510946442	0.136360133830855166
G:	0.226508561976630941	0.370097410980131807	0.0421064085717172889	0.0532610905160877824	0.267956474433915907	0.307378909470404058	0.463540028357603544	0.0423556970570065	0.966523536067586539	0.045915678583426703	0.00334077893166812768	0.981869253537409146	0.172095673022797077	0.0123514395620341815	0.384536260680047548	0.45268197356260308	0.16996864504988227	0.174278137266897892	0.0673482437445720648	0.296656106280714752	0.133131141641255842	0.197685844637210228
T:	0.404236684181821282	0.285476040105094798	0.427626802820175851	0.139110114060164641	0.477659155365768512	0.14178101871122968	0.0131776587468584106	0.0386166919643818473	0.0141253146324049385	0.00388830771125627879	0.00277349023143747375	0.00662764172383155147	0.0651201537311699091	0.00452240613267883849	0.0402523413327205988	0.333218177315642818	0.148345391503179806	0.239114155112875684	0.133563531812869029	0.283700672577722272	0.258166733222866603	0.330865692516975205



5	G.CGGCGGC	0.492703445777975338


A:	0.313366052660966081	0.175824338934653384	0.459657092059369265	0.258324720498501911	0.301475100061565672	0.190957138491166049	0.217499193252248031	0.0523200955532905179	0.114337079150003688	0.0175517502250538179	0.0050985981464000797	0.00725438952024489428	0.00304831596725222457	0.00281188796357921449	0.00930611471940413526	0.0812212304697543174	0.0386166919643818473	0.249335015055935368	0.122893609170686294	0.487878561533161772	0.130579882051328455	0.686017350387005581	0.240577164559007528
C:	0.196699078600846316	0.081206051997314098	0.297426300852506073	0.194320489041674923	0.330141162200438577	0.587683071760900373	0.091572577339907439	0.027215377442949843	0.369139649052972593	0.782253220539329458	0.0014914085107935852	0.142796814098422451	0.989544189867643962	0.0109741492345648643	0.0870940006711108865	0.855525682128344429	0.0423556970570065	0.232751221056657517	0.360964283200149398	0.0786640416768223558	0.0925177647643919641	0.145169782227089547	0.405984344010174003
G:	0.313366052660966081	0.597644674583726913	0.0401571886258595759	0.301872232836219408	0.251940496965473636	0.129917021959780249	0.198361621797215948	0.818374670604206241	0.409525294220099945	0.0112935653236479559	0.987210316603385092	0.846989372505856379	0.00498660397102588295	0.962013056161984977	0.894932898108259228	0.0438729105146004121	0.725397117216132555	0.264778184115546645	0.313832385269259164	0.0960292776925301505	0.69837720469605251	0.122069568142153931	0.27091389807084672
T:	0.176568816077221522	0.145324934484305605	0.202759418462265087	0.245482557623603758	0.116443240772522115	0.0914427677881533291	0.492566607610628582	0.102089856399553399	0.106997977576923774	0.188901463911968769	0.00619967673942124273	0.00295942387547627576	0.00242089019407793051	0.0242009066398709443	0.00866698650122575034	0.0193801768873008419	0.193630493762479098	0.25313557977186047	0.202309722359905144	0.337428119097485721	0.0785251484882270707	0.0467432992437509409	0.0825245933599717497



