1	CACCGACA	0.495409587078929171


A:	0.349678260012459726	0.111778490715926237	0.222776571317230018	0.138885210767465499	0.106091062158479823	0.323679338081300193	0.134504383403250611	0.0215523612947667012	0.657052914193119188	0.00428698504193933441	0.00520552490671764326	0.00306987174432171198	0.98570465134346851	0.0010115200374725181	0.958989463724941794	0.432700914088770243	0.293339827411433898	0.0930150760855592172	0.29920138451758819	0.116934618506466681	0.167380636984171153	0.58983610865807387
C:	0.231588106293950332	0.107500659649388343	0.392121575165335347	0.360721084378206844	0.59483636596004878	0.280914752000454688	0.382250684336991004	0.888932044656850898	0.000859036300630911515	0.991718447420672609	0.990819448397529868	0.00221496900950024912	0.00472376582733093011	0.989085840615853289	0.00210811566525791895	0.338389578394703203	0.16157245036829869	0.377944304046508797	0.386543120104328874	0.384827397286404792	0.123760076754885456	0.0697316919132853206
G:	0.165705151393883292	0.442251746267378792	0.23358255689202993	0.0930733785296996063	0.184813919033633364	0.172480021489256671	0.35142145671435034	0.0417334852143657749	0.34004762017472607	0.00166758334891072545	0.000794580674619199176	0.992877850733588803	0.000759154704639277839	0.00442443552388750821	0.0324504781179400257	0.103847523934076817	0.150649636908500706	0.171877889501919578	0.0321622662622379513	0.43715375357100696	0.179345994305143611	0.132000798077362995
T:	0.25302848229970665	0.338469103367306628	0.151519296625404706	0.407320326324628051	0.114258652847838034	0.222925888428988448	0.131823475545408046	0.0477821088340166257	0.00204042933152383002	0.00232698418847733082	0.00318044602113328929	0.00183730851258923565	0.00881242812456128227	0.00547820382278668464	0.00645194249186026119	0.125061983582449736	0.394438085311766705	0.357162730366012407	0.282093229115844984	0.0610842306361215666	0.529513291955799781	0.208431401351277814



2	CGCCGACA	0.493464758470809049


A:	0.349678260012459726	0.111778490715926237	0.222776571317230018	0.138885210767465499	0.106091062158479823	0.323679338081300193	0.134504383403250611	0.00992772905087116677	0.657052914193119188	0.00580815482182883855	0.00546807252378068146	0.00487515781218361779	0.990893629799737696	0.00373828238110329001	0.971707449453612928	0.432700914088770243	0.293339827411433898	0.0930150760855592172	0.29920138451758819	0.116934618506466681	0.167380636984171153	0.58983610865807387
C:	0.231588106293950332	0.107500659649388343	0.392121575165335347	0.360721084378206844	0.59483636596004878	0.280914752000454688	0.382250684336991004	0.860547972838698246	0.000859036300630911515	0.983345696335496855	0.987236905510368848	0.00254447653300845281	0.00134889552514181566	0.990153226284235092	0.00113669079452011263	0.338389578394703203	0.16157245036829869	0.377944304046508797	0.386543120104328874	0.384827397286404792	0.123760076754885456	0.0697316919132853206
G:	0.165705151393883292	0.442251746267378792	0.23358255689202993	0.0930733785296996063	0.184813919033633364	0.172480021489256671	0.35142145671435034	0.00366199352424103479	0.34004762017472607	0.00120678856221504621	0.0034933566839054429	0.990755325023631368	0.0035341010863370987	0.00183476815943752077	0.0224205162275807141	0.103847523934076817	0.150649636908500706	0.171877889501919578	0.0321622662622379513	0.43715375357100696	0.179345994305143611	0.132000798077362995
T:	0.25302848229970665	0.338469103367306628	0.151519296625404706	0.407320326324628051	0.114258652847838034	0.222925888428988448	0.131823475545408046	0.125862304586189552	0.00204042933152383002	0.00963936028045926064	0.00380166528194502743	0.00182504063117656121	0.00422337358878338975	0.00427372317522409721	0.00473534352428624477	0.125061983582449736	0.394438085311766705	0.357162730366012407	0.282093229115844984	0.0610842306361215666	0.529513291955799781	0.208431401351277814



3	ACCGACAC	0.492292067960685534


A:	0.0785323908043997195	0.242096033037019669	0.424196656187965931	0.328505223952902911	0.324499508103661091	0.0758987759363147592	0.0215523612947667012	0.828268173370272187	0.00388938425238785698	0.00310181567621321444	0.00434763976727983168	0.989691985697701348	0.0026734060095686279	0.938063604310453944	0.232093496817341838	0.51491551987093037	0.162978302586288379	0.297233117203437661	0.287070549284190074	0.0733019246634917916	0.389495124543305943	0.106895059201335207
C:	0.281021501015600936	0.479871898439486164	0.206020225355952597	0.227682615108489448	0.159303485741199711	0.75544727051389318	0.888932044656850898	0.00147027077820937549	0.988992450280919298	0.98776751016758336	0.00370473861706843851	0.00385532751610861125	0.988444012085919562	0.000990856708743607696	0.575430488508027631	0.116038088292014471	0.240704732504386164	0.174085748067856818	0.159002331823493638	0.533293421969779602	0.283553726457372495	0.279119692806096372
G:	0.294113595653954101	0.121261439861162639	0.281268518386550891	0.240342190427542163	0.204928917153300319	0.0945356460692896123	0.0417334852143657749	0.168071717725464927	0.0044098891227043558	0.00277256167771890737	0.98974940442672958	0.0029637433305558407	0.00256874489405376811	0.0558066569287447316	0.0938905179198418512	0.0733469088007743962	0.323046839614183795	0.234771245936318288	0.107280920052866157	0.101064416328619159	0.200869688145705323	0.494269553045820964
T:	0.346332512526045243	0.156770628662331529	0.0885146000695305812	0.203469970511065478	0.311268089001838878	0.0741183074805024484	0.0477821088340166257	0.0021898381260535106	0.00270827634398848954	0.00635811247848451822	0.00219821718892214951	0.00348894345563419973	0.00631383701045804216	0.00513888205205771695	0.0985854967547886795	0.295699483036280762	0.273270125295141662	0.293909888792387233	0.44664619883945013	0.292340237038109447	0.126081460853616238	0.119715694946747457



4	C.ACCGACA	0.491992245381803813


A:	0.401112509038136521	0.205402515469516311	0.0785323908043997195	0.242096033037019669	0.424196656187965931	0.328505223952902911	0.324499508103661091	0.0758987759363147592	0.0215523612947667012	0.813383808117535417	0.0028782810435869282	0.00298408438487860677	0.0052259601708337787	0.989701964503560054	0.00456098961756249339	0.970546965053932942	0.232093496817341838	0.51491551987093037	0.162978302586288379	0.297233117203437661	0.287070549284190074	0.0733019246634917916	0.389495124543305943
C:	0.169297556526224831	0.478891639228382642	0.281021501015600936	0.479871898439486164	0.206020225355952597	0.227682615108489448	0.159303485741199711	0.75544727051389318	0.888932044656850898	0.00151775072248015977	0.99225085622310432	0.991282971809104837	0.00141630173180254768	0.00535442456803404419	0.990560281631929888	0.00185478681704237122	0.575430488508027631	0.116038088292014471	0.240704732504386164	0.174085748067856818	0.159002331823493638	0.533293421969779602	0.283553726457372495
G:	0.15046757001755223	0.0927830280932026359	0.294113595653954101	0.121261439861162639	0.281268518386550891	0.240342190427542163	0.204928917153300319	0.0945356460692896123	0.0417334852143657749	0.18351631290941851	0.00207673278988588649	0.00200507530303889101	0.991446519224318973	0.00117451721098982084	0.00115112090044817196	0.0216233637659812113	0.0938905179198418512	0.0733469088007743962	0.323046839614183795	0.234771245936318288	0.107280920052866157	0.101064416328619159	0.200869688145705323
T:	0.279122364418086418	0.222922817208898411	0.346332512526045243	0.156770628662331529	0.0885146000695305812	0.203469970511065478	0.311268089001838878	0.0741183074805024484	0.0477821088340166257	0.00158212825056591301	0.00279412994342286559	0.00372786850297766531	0.0019112188730447004	0.00376909371741608144	0.00372760785005944641	0.00597488436304347571	0.0985854967547886795	0.295699483036280762	0.273270125295141662	0.293909888792387233	0.44664619883945013	0.292340237038109447	0.126081460853616238



5	ACCGACA..G	0.488711407123102105


A:	0.0785323908043997195	0.242096033037019669	0.424196656187965931	0.328505223952902911	0.324499508103661091	0.0758987759363147592	0.0215523612947667012	0.819631694470010415	0.00710578935493508629	0.00318700826519737672	0.00779245875382867689	0.977403035839253982	0.00238205101032150435	0.935606567263984952	0.232093496817341838	0.51491551987093037	0.162978302586288379	0.297233117203437661	0.287070549284190074	0.0733019246634917916	0.389495124543305943	0.106895059201335207	0.168637331442879087
C:	0.281021501015600936	0.479871898439486164	0.206020225355952597	0.227682615108489448	0.159303485741199711	0.75544727051389318	0.888932044656850898	0.00119458529506263192	0.987598962737831377	0.986031399529318682	0.00231074676666344338	0.0141370005841351921	0.986660445298312118	0.00427945090069781601	0.575430488508027631	0.116038088292014471	0.240704732504386164	0.174085748067856818	0.159002331823493638	0.533293421969779602	0.283553726457372495	0.279119692806096372	0.225814126373995272
G:	0.294113595653954101	0.121261439861162639	0.281268518386550891	0.240342190427542163	0.204928917153300319	0.0945356460692896123	0.0417334852143657749	0.172559899432392409	0.00276211628674326533	0.00341791581215934612	0.987089437123025012	0.00207736447826647624	0.0047852922751616072	0.0519863600717008111	0.0938905179198418512	0.0733469088007743962	0.323046839614183795	0.234771245936318288	0.107280920052866157	0.101064416328619159	0.200869688145705323	0.494269553045820964	0.194520659453273952
T:	0.346332512526045243	0.156770628662331529	0.0885146000695305812	0.203469970511065478	0.311268089001838878	0.0741183074805024484	0.0477821088340166257	0.00661382080253454429	0.00253313162049027124	0.00736367639332459497	0.00280735735648286756	0.00638259909834434934	0.00617221141620477066	0.00812762176361642072	0.0985854967547886795	0.295699483036280762	0.273270125295141662	0.293909888792387233	0.44664619883945013	0.292340237038109447	0.126081460853616238	0.119715694946747457	0.411027882729851689



