1	CGCCGGCG	0.498721177109564015


A:	0.0392314142726675313	0.219350633357822728	0.0903527731670909609	0.159034544383701896	0.0848459282936258008	0.0532666749993668642	0.174146430476880306	0.012684841126832366	0.0167821326412641574	0.00344744031700388343	0.00355440154229056141	0.0161246323590701162	0.00304230139212167995	0.00485485326722158847	0.0571506152795611214	0.0391003308148456742	0.166693565253107742	0.324752101064652057	0.0443899020441347562	0.316876796621127468	0.254076516383314488	0.21470709316393307
C:	0.488141322052093764	0.178049540061811949	0.213680970280649666	0.341159775600875976	0.17980695904941505	0.113177010927914044	0.438681323377700959	0.927313911777324692	0.00103640600068811703	0.561190848188289594	0.978648260581821905	0.00167270551681741696	0.432319410102584843	0.977326608090826137	0.00285063181628182065	0.452326504898103834	0.585293068463562529	0.3512810317856751	0.318741971676558641	0.476327846428727157	0.40216055596951769	0.159612143735880503
G:	0.16868813759128193	0.486391828190408528	0.434316350956022295	0.275192684788302884	0.595815606564740005	0.767633057107512091	0.301001665080577424	0.00285063181628182065	0.977326608090826137	0.432319410102584843	0.00167270551681741696	0.978648260581821905	0.561190848188289594	0.00103640600068811703	0.927313911777324692	0.446294265374874436	0.145162319938582257	0.176709326608508224	0.589486566441442503	0.102021827308928612	0.177230905430097373	0.48593214915331005
T:	0.303939126083956774	0.116207998389956795	0.261649905596237078	0.224612995227119244	0.139531506092219144	0.0659232569652070012	0.0861705810648413113	0.0571506152795611214	0.00485485326722158847	0.00304230139212167995	0.0161246323590701162	0.00355440154229056141	0.00344744031700388343	0.0167821326412641574	0.012684841126832366	0.0622788989121760561	0.102851046344747472	0.147257540541164619	0.0473815598378641002	0.104773529641216762	0.166532022217070448	0.139748613946876377



2	GCGCCGCC	0.498434876024893806


A:	0.211551492581725272	0.160155589787339103	0.287400715347889082	0.275579246116032266	0.373646414772388131	0.223784210521992112	0.271211252622958986	0.0538580841019321254	0.04655936661251545	0.00831063719694025115	0.0019682705181974317	0.0516303507774828117	0.014188660886229799	0.0138542600519991105	0.00114303851750613783	0.192082896505462543	0.0920235071895547019	0.299813207406109719	0.14449787369840236	0.0812211483186472326	0.162934672619194456	0.103581936056809249
C:	0.346829419751486673	0.208959136273885875	0.0751743015071991903	0.129012890617610698	0.0449427536918485753	0.201645948145133287	0.11091999267241307	0.27935250387437944	0.930787516516764364	0.00157809666480899022	0.968662148429186421	0.946675860842421615	0.00040924056436457265	0.906321755984399898	0.990084527087321682	0.167562285063071985	0.432712229861855257	0.335476861682046732	0.596896911795297544	0.489817084184763009	0.128034466035164168	0.561213479261598424
G:	0.116693561054731881	0.0788795567248582382	0.294920430301305429	0.315332845329334049	0.501016907687182747	0.270298866481450226	0.521225976389265058	0.660254335045387382	0.0212981950748369756	0.988741321650850765	0.0272935543485037422	0.00100073719472180407	0.98231776075147003	0.070693559636834642	0.00607211057266296861	0.478713913086500311	0.148761138187764068	0.138848090041509458	0.0826444416758064533	0.0687914801825645352	0.131373272660242542	0.165463736602417103
T:	0.324925526612056174	0.552005717213916784	0.342504552843606299	0.280075017937022987	0.080393923848580547	0.304270974851424376	0.0966427783153628872	0.00653507697830105247	0.00135492179588321071	0.0013699444873999935	0.00207602670411240495	0.000693051185373769268	0.00308433779793559821	0.00913042432676634977	0.00270032382250921211	0.161640905344965161	0.326503124760825974	0.225861840870334091	0.175960772830493643	0.360170287314025224	0.577657588685398835	0.169740848079175224



3	CGCCG.CG.C	0.497622340125303381


A:	0.139748613946876377	0.166532022217070448	0.104773529641216762	0.0473815598378641002	0.147257540541164619	0.102851046344747472	0.0622788989121760561	0.0432483276652640126	0.0116809270623870749	0.00650839489447000827	0.00927649404102560978	0.00909112943328927773	0.00304230139212167995	0.00805771374850215528	0.155441953056548152	0.0861705810648413113	0.0659232569652070012	0.139531506092219144	0.224612995227119244	0.261649905596237078	0.116207998389956795	0.303939126083956774	0.265991317653534534
C:	0.48593214915331005	0.177230905430097373	0.102021827308928612	0.589486566441442503	0.176709326608508224	0.145162319938582257	0.446294265374874436	0.898835761945952618	0.00731357428930508676	0.847015034132372437	0.981077268719076058	0.00315066905340504016	0.432319410102584843	0.983727215863178405	0.0113145480171720964	0.301001665080577424	0.767633057107512091	0.595815606564740005	0.275192684788302884	0.434316350956022295	0.486391828190408528	0.16868813759128193	0.377917650853998656
G:	0.159612143735880503	0.40216055596951769	0.476327846428727157	0.318741971676558641	0.3512810317856751	0.585293068463562529	0.452326504898103834	0.0415894365910159119	0.977142565961834508	0.137794369347160614	0.00323713542584795264	0.985906468307744934	0.561190848188289594	0.00282212404630234884	0.817657414232750266	0.438681323377700959	0.113177010927914044	0.17980695904941505	0.341159775600875976	0.213680970280649666	0.178049540061811949	0.488141322052093764	0.153267821626734479
T:	0.21470709316393307	0.254076516383314488	0.316876796621127468	0.0443899020441347562	0.324752101064652057	0.166693565253107742	0.0391003308148456742	0.0163264737977674575	0.00386293268647333072	0.00868220162599694158	0.00640910181405037917	0.00185173320556074801	0.00344744031700388343	0.00539294634201709073	0.0155860846935294862	0.174146430476880306	0.0532666749993668642	0.0848459282936258008	0.159034544383701896	0.0903527731670909609	0.219350633357822728	0.0392314142726675313	0.202823209865732331



4	C.GCCGCCG	0.497355986895177886


A:	0.218717580700300017	0.0650085984266135889	0.209548391693319989	0.125968433676233081	0.100681477956550119	0.267503038596023765	0.149459395793117967	0.124687715180406527	0.419999395682903106	0.0153633088404128498	0.00709918901720327314	0.0338202198885878218	0.0113221177902597069	0.00364925190960826557	0.00219389064568765193	0.384614937016233555	0.0546347943666134325	0.145673113627124383	0.165462466599075298	0.303775565936311855	0.130011852618079619	0.188749783846783646	0.0485810999869603307
C:	0.191620236770286809	0.489412827806308169	0.0528178902734422755	0.296669646731278935	0.534075259460427868	0.212811123843045731	0.132712038158802982	0.585260667443973109	0.513457158292856815	0.00592817384917825776	0.963022830903648246	0.941487151053976769	0.00150530874776769296	0.590741199343561816	0.983525070606723091	0.047617663547926547	0.493759234635420347	0.716636501438088289	0.328088330281322888	0.0971340880914763854	0.518701580166727432	0.173988419411233609	0.0594400943763094598
G:	0.320016926304391325	0.158198767645195919	0.272609232917409698	0.273587633697078	0.198096245163253097	0.305009999127133438	0.510595665289892343	0.210854266612975845	0.0641430481586902257	0.969989367840099582	0.0263147187918098934	0.0193063542624261924	0.984214116006196011	0.398787643595773716	0.00917222300377620104	0.472522143988429232	0.317815588592178042	0.0534240974565908147	0.325843473458723646	0.107187195789467294	0.233485997563005092	0.130326878549525417	0.833564851535104613
T:	0.269645256225021849	0.287379806121882323	0.465024485115828038	0.303774285895409985	0.167147017419768916	0.214675838433797065	0.207232900758186709	0.0791973507626445197	0.00240039786554985378	0.00871914947030931014	0.00356326128733858752	0.00538627479500921674	0.0029584574557765888	0.00682190515105620221	0.00510881574381305644	0.095245255447410666	0.133790382405788178	0.0842662874781965128	0.180605729660878168	0.491903150182744466	0.117800569652187857	0.506934918192457328	0.0584139541016255963



5	CGCCGCC.C	0.497305156319454734


A:	0.160155589787339103	0.287400715347889082	0.275579246116032266	0.373646414772388131	0.223784210521992112	0.271211252622958986	0.0538580841019321254	0.152899114940277871	0.0284396469430813763	0.00134964044211723462	0.0326823559880913132	0.0105861751793240119	0.00758120388236937342	0.00141471860761137989	0.192082896505462543	0.0920235071895547019	0.299813207406109719	0.14449787369840236	0.0812211483186472326	0.162934672619194456	0.103581936056809249	0.04613490097532214	0.144729451862949427
C:	0.208959136273885875	0.0751743015071991903	0.129012890617610698	0.0449427536918485753	0.201645948145133287	0.11091999267241307	0.27935250387437944	0.759377286720709962	0.000859791110653141896	0.970873233352277485	0.964640384234692926	0.0011833936318794092	0.916162531608960435	0.992482133403185448	0.167562285063071985	0.432712229861855257	0.335476861682046732	0.596896911795297544	0.489817084184763009	0.128034466035164168	0.561213479261598424	0.470636717813735164	0.505995507418654814
G:	0.0788795567248582382	0.294920430301305429	0.315332845329334049	0.501016907687182747	0.270298866481450226	0.521225976389265058	0.660254335045387382	0.0857213855335045857	0.969340333976990721	0.0242317483489602773	0.00180498436313031654	0.985603290114062065	0.0709155725864378794	0.00278873282041418923	0.478713913086500311	0.148761138187764068	0.138848090041509458	0.0826444416758064533	0.0687914801825645352	0.131373272660242542	0.165463736602417103	0.299245724960599373	0.261196392078029986
T:	0.552005717213916784	0.342504552843606299	0.280075017937022987	0.080393923848580547	0.304270974851424376	0.0966427783153628872	0.00653507697830105247	0.00200221280550758088	0.00136022796927476115	0.00354537785664500321	0.000872275414085444559	0.00262714107473451364	0.00534069192223231243	0.00331441516878898263	0.161640905344965161	0.326503124760825974	0.225861840870334091	0.175960772830493643	0.360170287314025224	0.577657588685398835	0.169740848079175224	0.183982656250343323	0.0880786486403657732



