1	C..ATGTCGG	0.499629427432296061


A:	0.198903545235770513	0.13389786133354963	0.110250071428829593	0.321957312092591419	0.20707345118053946	0.85178692460794347	0.222937539812684883	0.203670290983773657	0.056814435458059717	0.91491815400098538	0.0208593217487469969	0.00552762273347264864	0.00274740716973850615	0.00304551527166148321	0.00246172385360332873	0.0358162511927878946	0.000955404946615897078	0.253715482500926455	0.347888968495887458	0.275945008758120161	0.353360039975244642	0.178317452057998891	0.398157925281697842
C:	0.280336102851522913	0.248399394418728615	0.384641528841492708	0.179947225430303724	0.0859908329849315448	0.0626764867840471508	0.746301624621143403	0.553526235774524778	0.13050740858826957	0.0302214499862051073	0.0129365836815601272	0.00137921389436640702	0.011167747354869786	0.991565036571776523	0.00152584305499523908	0.00107152169643539439	0.58948647297665301	0.462155787670676979	0.12078704809304491	0.234607180462894944	0.00431681169664141609	0.00814315247415929359	0.164276577736320166
G:	0.107488661361466901	0.220766993603401154	0.13701087392599663	0.24898491399051057	0.305230265561985037	0.00798670793006643366	0.016761624435363572	0.121484791141129656	0.421742075444316591	0.0236441911126976532	0.0358878557492123167	0.989795789731715738	0.00103478587471503461	0.00289385184542190682	0.989854989125048105	0.961709156780812581	0.00160010069232195087	0.22681029293340494	0.482263834338335673	0.381026656291672346	0.635667974174516612	0.203061790543522648	0.241795465476637365
T:	0.413271690551239672	0.396935750644320601	0.368097525803681069	0.249110548486594287	0.401705450272543958	0.0775498806779429458	0.0139992111308081425	0.121318682100571909	0.390936080509354122	0.0312162049001118598	0.930316238820480559	0.0032973736404452065	0.985050059600676673	0.00249559631114008652	0.00615744396635332747	0.00140307032996412994	0.407958021384409142	0.0573184368949916256	0.0490601490727319589	0.108421154487312549	0.0066551741535973293	0.610477604924319168	0.195770031505344627



2	ATGTCGGC	0.499525410690356842


A:	0.110250071428829593	0.321957312092591419	0.20707345118053946	0.85178692460794347	0.222937539812684883	0.203670290983773657	0.056814435458059717	0.974672761638464065	0.00580778414887630868	0.00657589235451472389	0.00242082996434326901	0.0028753253297389469	0.00207207644370324681	0.0445629582236076803	0.000955404946615897078	0.253715482500926455	0.347888968495887458	0.275945008758120161	0.353360039975244642	0.178317452057998891	0.398157925281697842	0.565824320331549461
C:	0.384641528841492708	0.179947225430303724	0.0859908329849315448	0.0626764867840471508	0.746301624621143403	0.553526235774524778	0.13050740858826957	0.00320050502120748646	0.00867017510766222659	0.000734050983775745926	0.00539664662615496977	0.993142142439780032	0.00130378394183105887	0.000569829391594423621	0.58948647297665301	0.462155787670676979	0.12078704809304491	0.234607180462894944	0.00431681169664141609	0.00814315247415929359	0.164276577736320166	0.133390910761438899
G:	0.13701087392599663	0.24898491399051057	0.305230265561985037	0.00798670793006643366	0.016761624435363572	0.121484791141129656	0.421742075444316591	0.00935409306654196553	0.0121582801204098789	0.990560176879613672	0.00087321496438976374	0.0019981859041234267	0.992313561450195184	0.954340115220762358	0.00160010069232195087	0.22681029293340494	0.482263834338335673	0.381026656291672346	0.635667974174516612	0.203061790543522648	0.241795465476637365	0.194075773267399823
T:	0.368097525803681069	0.249110548486594287	0.401705450272543958	0.0775498806779429458	0.0139992111308081425	0.121318682100571909	0.390936080509354122	0.0127726402737864828	0.973363760623051586	0.00212987978209585843	0.991309308445111997	0.00198434632635759433	0.00431057816427051015	0.000527097164035538004	0.407958021384409142	0.0573184368949916256	0.0490601490727319589	0.108421154487312549	0.0066551741535973293	0.610477604924319168	0.195770031505344627	0.106708995639611817



3	ACCGACAT	0.499364080802064721


A:	0.106708995639611817	0.195770031505344627	0.610477604924319168	0.0066551741535973293	0.108421154487312549	0.0490601490727319589	0.0573184368949916256	0.407958021384409142	0.000599980189139465256	0.00380580554710153984	0.00181534234803838087	0.992990803908804892	0.00240284409023779525	0.964767168031187238	0.00803507961860929061	0.390936080509354122	0.121318682100571909	0.0139992111308081425	0.0775498806779429458	0.401705450272543958	0.249110548486594287	0.368097525803681069
C:	0.194075773267399823	0.241795465476637365	0.203061790543522648	0.635667974174516612	0.381026656291672346	0.482263834338335673	0.22681029293340494	0.00160010069232195087	0.975646520578635617	0.992872617886066443	0.00197959853721535194	0.00116363225198068885	0.993329541489543685	0.0121101905494749315	0.00887886660866417193	0.421742075444316591	0.121484791141129656	0.016761624435363572	0.00798670793006643366	0.305230265561985037	0.24898491399051057	0.13701087392599663
G:	0.133390910761438899	0.164276577736320166	0.00814315247415929359	0.00431681169664141609	0.234607180462894944	0.12078704809304491	0.462155787670676979	0.58948647297665301	0.000791376972794016251	0.00154387702908789303	0.993050355677861332	0.00318839230442590569	0.00162282259862636408	0.0154495023299428318	0.00722443759019719129	0.13050740858826957	0.553526235774524778	0.746301624621143403	0.0626764867840471508	0.0859908329849315448	0.179947225430303724	0.384641528841492708
T:	0.565824320331549461	0.398157925281697842	0.178317452057998891	0.353360039975244642	0.275945008758120161	0.347888968495887458	0.253715482500926455	0.000955404946615897078	0.0229621222594309017	0.00177769953774412406	0.00315470343688493547	0.00265717153478851349	0.00264479182159215582	0.00767313908939499903	0.975861616182529346	0.056814435458059717	0.203670290983773657	0.222937539812684883	0.85178692460794347	0.20707345118053946	0.321957312092591419	0.110250071428829593



4	ATGTCGG..G	0.499176137773586779


A:	0.110250071428829593	0.321957312092591419	0.20707345118053946	0.85178692460794347	0.222937539812684883	0.203670290983773657	0.056814435458059717	0.844142157082779472	0.0430525428903583973	0.00692292273369421922	0.00220740659093313076	0.00447832693005475432	0.00119416841069362576	0.0240754563807303476	0.000955404946615897078	0.253715482500926455	0.347888968495887458	0.275945008758120161	0.353360039975244642	0.178317452057998891	0.398157925281697842	0.565824320331549461	0.0289924357711685553
C:	0.384641528841492708	0.179947225430303724	0.0859908329849315448	0.0626764867840471508	0.746301624621143403	0.553526235774524778	0.13050740858826957	0.044479636321824332	0.0709417674549857858	0.00193266448274520123	0.00532006989854454706	0.991707118609280614	0.00323413307827035293	0.0019627493899939559	0.58948647297665301	0.462155787670676979	0.12078704809304491	0.234607180462894944	0.00431681169664141609	0.00814315247415929359	0.164276577736320166	0.133390910761438899	0.507446331062451793
G:	0.13701087392599663	0.24898491399051057	0.305230265561985037	0.00798670793006643366	0.016761624435363572	0.121484791141129656	0.421742075444316591	0.0498859305182554453	0.035120110544679916	0.989357343721385001	0.00400290989865754692	0.00201218937807474422	0.990520905287932644	0.971627830766337504	0.00160010069232195087	0.22681029293340494	0.482263834338335673	0.381026656291672346	0.635667974174516612	0.203061790543522648	0.241795465476637365	0.194075773267399823	0.0209266041293364681
T:	0.368097525803681069	0.249110548486594287	0.401705450272543958	0.0775498806779429458	0.0139992111308081425	0.121318682100571909	0.390936080509354122	0.0614922760771407508	0.850885579109975901	0.00178706906217557882	0.988469613611864775	0.00180236508258988744	0.00505079322310337697	0.00233396346293819252	0.407958021384409142	0.0573184368949916256	0.0490601490727319589	0.108421154487312549	0.0066551741535973293	0.610477604924319168	0.195770031505344627	0.106708995639611817	0.442634629037043184



5	C.ATGTCGG	0.498697205816665839


A:	0.198903545235770513	0.13389786133354963	0.110250071428829593	0.321957312092591419	0.20707345118053946	0.85178692460794347	0.222937539812684883	0.203670290983773657	0.056814435458059717	0.882177861735232787	0.0265436333209457922	0.00526417421222591297	0.00197497850384181613	0.00365391002256155116	0.00171740912286634775	0.0117021100140081157	0.000955404946615897078	0.253715482500926455	0.347888968495887458	0.275945008758120161	0.353360039975244642	0.178317452057998891	0.398157925281697842
C:	0.280336102851522913	0.248399394418728615	0.384641528841492708	0.179947225430303724	0.0859908329849315448	0.0626764867840471508	0.746301624621143403	0.553526235774524778	0.13050740858826957	0.0366418343968145461	0.0807860078564510329	0.00145022176923876872	0.00352260912977642694	0.991634433191579472	0.00202529527205308276	0.00139925141781581695	0.58948647297665301	0.462155787670676979	0.12078704809304491	0.234607180462894944	0.00431681169664141609	0.00814315247415929359	0.164276577736320166
G:	0.107488661361466901	0.220766993603401154	0.13701087392599663	0.24898491399051057	0.305230265561985037	0.00798670793006643366	0.016761624435363572	0.121484791141129656	0.421742075444316591	0.0447527072899831272	0.0608816879919712846	0.990991288355430604	0.00348061608623637033	0.00229580465426796617	0.992184676769251865	0.984609851278401446	0.00160010069232195087	0.22681029293340494	0.482263834338335673	0.381026656291672346	0.635667974174516612	0.203061790543522648	0.241795465476637365
T:	0.413271690551239672	0.396935750644320601	0.368097525803681069	0.249110548486594287	0.401705450272543958	0.0775498806779429458	0.0139992111308081425	0.121318682100571909	0.390936080509354122	0.0364275965779695401	0.83178867083063189	0.00229431566310471385	0.991021796280145387	0.00241585213159101081	0.00407261883582870407	0.0022887872897746212	0.407958021384409142	0.0573184368949916256	0.0490601490727319589	0.108421154487312549	0.0066551741535973293	0.610477604924319168	0.195770031505344627



