1	CGCCGGCG	0.497723794005826297


A:	0.0915194379810623538	0.0551974309092952533	0.020872426984063258	0.16676820217108323	0.0965324885235456828	0.145353863069919935	0.165775291012754544	0.0254060077996293148	0.00824411096877394549	0.0107567373578853979	0.00287451752753854019	0.0172400498359318394	0.0177693833870591279	0.00571883338500072345	0.0379885546721772441	0.0696054813638208283	0.203455359395465053	0.0961472410450815711	0.0401228782155029605	0.148633650623507926	0.149122589960183458	0.151346290531801194
C:	0.588921885477122661	0.242902949131846209	0.169318537081680491	0.458683716150333192	0.188467462914924156	0.0653712974733499408	0.529845717647273537	0.90949570127076423	0.00310321079021910955	0.872848057551985278	0.975042153159381231	0.00484327947714838979	0.0986258217030701959	0.982933844856006221	0.0271097362574292113	0.467524027002889065	0.355101291111049904	0.591585572632556921	0.323079101147363447	0.694169471329962284	0.55928902015325001	0.194699612813099141
G:	0.134779749234152516	0.585324026331408433	0.753560128391775457	0.273574973600417045	0.629554663525848698	0.683696481339797381	0.222641550969626306	0.0271097362574292113	0.982933844856006221	0.0986258217030701959	0.00484327947714838979	0.975042153159381231	0.872848057551985278	0.00310321079021910955	0.90949570127076423	0.339969037468323439	0.216803623826981933	0.184182883258926059	0.549300884328264643	0.100933705981074746	0.226808869830429557	0.49206869743556785
T:	0.184778927307662469	0.116575593627450104	0.0562489075424807938	0.100973108078166533	0.085445385035681463	0.105578358116932743	0.0817374403703456132	0.0379885546721772441	0.00571883338500072345	0.0177693833870591279	0.0172400498359318394	0.00287451752753854019	0.0107567373578853979	0.00824411096877394549	0.0254060077996293148	0.122901454164966667	0.224639725666503109	0.12808430306343545	0.0874971363088689489	0.0562631720654550446	0.0647795200561369751	0.161885399219531815



2	CG.CGCCG.C	0.495057948110101409


A:	0.0301125092825300164	0.330520734823777448	0.154717392255370823	0.0597666738672825582	0.188791221249224383	0.262517935708819038	0.0791041942749990434	0.131744671923763061	0.0283963158970669272	0.0300552369525827829	0.0132799064045615129	0.0276158848272037331	0.0156372071407355384	0.0742578120298769352	0.036177447622578261	0.0282943173716413667	0.314704919897209776	0.132126548613034743	0.179286838028493899	0.23298661779084344	0.218794862786299773	0.162273892397136296	0.0885568658284147104
C:	0.0523051164081946016	0.534856118954728779	0.521878160369554372	0.172859811086776852	0.236994841127641562	0.130642117682550395	0.545800410043020216	0.0674529353240765844	0.488054332433907919	0.90061483410190405	0.00913405906335656178	0.598908268550851557	0.961986219936188396	0.0464817077023142702	0.293665546872152103	0.865710503842441033	0.368527619676722384	0.490719764022599739	0.107792439244267003	0.192786690699157957	0.101444287667384891	0.65270396757242549	0.672061994440124231
G:	0.438148264763137463	0.0275798678569616499	0.21034294048204924	0.592855590480918267	0.477587133310815509	0.51623388282882762	0.304217032964996025	0.760077640515331908	0.41443444312139559	0.0380737849441737343	0.972034374007876765	0.36406911528614085	0.0108231275577964242	0.850810924975232647	0.612889797708940809	0.0553268586457867954	0.270170907379408929	0.29028397455946163	0.450326135521638427	0.210078634457228669	0.602505381392083927	0.0651926307204424758	0.183247260349759486
T:	0.479434109546137919	0.107043278364532124	0.113061506893025565	0.174517924565022322	0.096626804312318546	0.0906060637798029465	0.0708783627169847158	0.0407247522368284467	0.0691149085476295644	0.0312561440013394325	0.00555166052420515991	0.00940673133580386071	0.0115534453652796416	0.0284495552925761474	0.0572672077963288277	0.0506683201401308045	0.0465965530466589116	0.0868697128049038876	0.262594587205600671	0.364148057052769934	0.0772554681542314081	0.119829509309995738	0.056133879381701573



3	C.GCCGGC.G	0.494919819834647268


A:	0.304817142066237366	0.234662989776586694	0.089501687530242221	0.0758560091257165221	0.292316395568557742	0.129304996135795588	0.0850349533888256338	0.152986840769923511	0.00765645642727241697	0.0209197995055281258	0.00625264573933505541	0.0201336056000980765	0.00398755546001620501	0.00538394599122134512	0.100262223080025861	0.104332225748001119	0.27502056054454898	0.226182859389617442	0.0612501592517887297	0.170176913188374477	0.16810555683052197	0.120097849826023378	0.264831166990804062
C:	0.209746544993723982	0.248377608999625333	0.393445395349569637	0.728981344125910379	0.0862506268254404686	0.0591383969050970553	0.718525609016493547	0.693154928581728017	0.00299379569940881073	0.80119621390816296	0.961935796403915859	0.0116779522566510091	0.173896431126292709	0.983965801882097427	0.324661990884069858	0.0921072118466796999	0.615824100904577087	0.409203132079562247	0.172588585215288011	0.654729281679578935	0.458306428804892636	0.454722552929601409	0.554360577889566971
G:	0.419347690023890716	0.287477927682914037	0.373484072479996777	0.125363702001016741	0.466717356028067672	0.74038380653477648	0.0921072118466796999	0.0508499561889640742	0.983965801882097427	0.173896431126292709	0.0116779522566510091	0.961935796403915859	0.80119621390816296	0.00299379569940881073	0.288645007925720857	0.718525609016493547	0.0512743560265121853	0.161798388329477551	0.66256566596600036	0.100920075063785845	0.20284252141926892	0.270370037152551427	0.138120132177786126
T:	0.0660886229161479363	0.229481473540873936	0.143568844640191365	0.0697989447473563579	0.154715621577934117	0.071172800424330876	0.104332225748001119	0.103008274459384398	0.00538394599122134512	0.00398755546001620501	0.0201336056000980765	0.00625264573933505541	0.0209197995055281258	0.00765645642727241697	0.286430778110183424	0.0850349533888256338	0.057880982524361747	0.20281562020134276	0.103595589566922899	0.0741737300682607429	0.170745492945316474	0.154809560091823786	0.0426881229418428409



4	CGCCG.CG.C	0.494623807642377378


A:	0.161885399219531815	0.0647795200561369751	0.0562631720654550446	0.0874971363088689489	0.12808430306343545	0.224639725666503109	0.122901454164966667	0.0546337946677987081	0.0159331610012744421	0.015294934149583349	0.0184409766768290487	0.0244962544659614637	0.0177693833870591279	0.0105739795647534426	0.250356195846659058	0.0817374403703456132	0.105578358116932743	0.085445385035681463	0.100973108078166533	0.0562489075424807938	0.116575593627450104	0.184778927307662469	0.179950132546364846
C:	0.49206869743556785	0.226808869830429557	0.100933705981074746	0.549300884328264643	0.184182883258926059	0.216803623826981933	0.339969037468323439	0.706680597426443412	0.0167665206379773571	0.784951876460808667	0.928711253772849337	0.0143496603055835016	0.0986258217030701959	0.961214643736518126	0.0588886635158395441	0.222641550969626306	0.683696481339797381	0.629554663525848698	0.273574973600417045	0.753560128391775457	0.585324026331408433	0.134779749234152516	0.15361100469933283
G:	0.194699612813099141	0.55928902015325001	0.694169471329962284	0.323079101147363447	0.591585572632556921	0.355101291111049904	0.467524027002889065	0.169498453537168461	0.961684998868214822	0.148999213221477671	0.0205147972208153117	0.959436264570943357	0.872848057551985278	0.0141277532415030187	0.680342533353072294	0.529845717647273537	0.0653712974733499408	0.188467462914924156	0.458683716150333192	0.169318537081680491	0.242902949131846209	0.588921885477122661	0.348593791494090014
T:	0.151346290531801194	0.149122589960183458	0.148633650623507926	0.0401228782155029605	0.0961472410450815711	0.203455359395465053	0.0696054813638208283	0.0691871543685894185	0.00561531949253337882	0.0507539761681303131	0.0323329723295063025	0.00171782065751167816	0.0107567373578853979	0.0140836234572254123	0.0104126072844291041	0.165775291012754544	0.145353863069919935	0.0965324885235456828	0.16676820217108323	0.020872426984063258	0.0551974309092952533	0.0915194379810623538	0.31784507126021231



5	CGGC.GCCG	0.494519601066456009


A:	0.165481422732418673	0.172936335952133163	0.269973729232062375	0.124374366770110431	0.127998689923420057	0.177775312214617209	0.135579179567508287	0.0140084399545426465	0.0504587173527344032	0.0262435043389143721	0.0103190978069806251	0.0831961392909037145	0.0211144235344719545	0.0182658828537769785	0.0299547444188022488	0.140589301406902341	0.11065728629250478	0.036594269119845955	0.217618018902502928	0.181275601009210111	0.11069097206357354	0.0821965664415144584	0.246013696181215125
C:	0.47369746210947192	0.6552590933075057	0.117957312105661612	0.3442559880935911	0.294237905984450065	0.173712587544721489	0.393212798926273533	0.829684530493577205	0.10578865026889875	0.112798498495440176	0.964006590100256451	0.700201687256652771	0.00455988855829096899	0.842692114311868473	0.813797887959564598	0.0157177281449778072	0.409342484285252511	0.883667995928651674	0.210354204622122183	0.349770606719873326	0.565267592791988114	0.170302568372404086	0.210909285488449192
G:	0.0921655553058209952	0.124172354117495713	0.549743218840671835	0.271390798151162488	0.186287361612496718	0.620150639649014226	0.361499849555660237	0.0157177281449778072	0.813797887959564598	0.842692114311868473	0.00455988855829096898	0.182464282471220407	0.964006590100256451	0.112798498495440176	0.10578865026889875	0.829684530493577205	0.410414730280522051	0.024815150240335831	0.305639382336414162	0.337386524922472543	0.187827852729867734	0.327276301890947807	0.341873605797924742
T:	0.268655559852288412	0.0476322166228654237	0.0623257398216041779	0.259978846985135981	0.39147604247963316	0.0283614605916470752	0.109708171950557943	0.140589301406902341	0.0299547444188022488	0.0182658828537769785	0.0211144235344719545	0.0341378909812231073	0.0103190978069806251	0.0262435043389143721	0.0504587173527344032	0.0140084399545426465	0.069585499141720658	0.0549225847111665396	0.266388394138960727	0.131567267348444019	0.136213582414570613	0.420224563295133649	0.201203412532410942



