1	GCGCCGCC	0.497453200632223649


A:	0.139637279352366388	0.0851437427879603987	0.350990756688790186	0.252444641793279525	0.469044196545329849	0.0978798810973528126	0.242381306033105539	0.0522453967850244979	0.0287218288576973872	0.00590600165784913574	0.00155705392371282996	0.024467663407573838	0.00549466310990559445	0.0452904603761677095	0.098618845057395138	0.46556018210173862	0.0802204389533538537	0.261245524931201337	0.211458154776794254	0.212930183100595984	0.143908511629731125	0.155338408210557615
C:	0.464910976148848971	0.481552591578879981	0.138866846230671652	0.127082741837506766	0.071280170120258923	0.268874923533121778	0.110005402619608231	0.324431850221940719	0.93915829883340644	0.00468373891353464596	0.787974942994437801	0.97016462506802903	0.00401593976607261923	0.867993526605242294	0.87312847788234102	0.0575239212026332103	0.224406973981689846	0.357560532639395918	0.352581141556224874	0.303951169609839865	0.20903234129524636	0.515408137115705875
G:	0.051067216328923839	0.0567874171304992488	0.262137004568349635	0.174408112167138875	0.379864079684224267	0.364642816049819611	0.533140769913422263	0.601966559675379282	0.00833554115590798325	0.986116153226762372	0.206166089539053686	0.0046929567105878522	0.985597025558422538	0.0298790887197125762	0.0183850465620080225	0.431523417900144252	0.0644717832748185363	0.0643493939468268591	0.108093416483573712	0.125901058459870593	0.106928991928426916	0.1372248284976884
T:	0.344384528169860802	0.376516248502660371	0.248005392512188528	0.446064504202074834	0.0798115536501869606	0.268602379319705799	0.114472521433863967	0.0213561933176555018	0.0237843311529881897	0.00329410620185384589	0.00430191354279568239	0.0006747548138092795	0.00489237156559924876	0.0568369242988774206	0.00986763049825581981	0.0453924787954839181	0.630900803790137764	0.316844548482575885	0.32786728718340716	0.357217588829693558	0.5401301551465956	0.19202862617604811



2	A.GGCGGCG	0.497123030572430484


A:	0.230640308950897072	0.248456263472783192	0.19202862617604811	0.5401301551465956	0.357217588829693558	0.327867287183407159	0.316844548482575885	0.630900803790137764	0.0453924787954839181	0.00634928387924679298	0.0512593945077496877	0.00345322849194047777	0.000754273392175626101	0.00304323129865126115	0.00234316087327921426	0.00671668832224566772	0.0213561933176555018	0.114472521433863967	0.268602379319705799	0.0798115536501869606	0.446064504202074834	0.248005392512188528	0.376516248502660371
C:	0.115460237346851696	0.513944049041370259	0.1372248284976884	0.106928991928426916	0.125901058459870593	0.108093416483573712	0.0643493939468268591	0.0644717832748185363	0.431523417900144252	0.00824157042763547507	0.00944927464125550517	0.989137268754140912	0.00345547574062151992	0.0578070484156565495	0.988102747232507951	0.0165676327513814218	0.601966559675379282	0.533140769913422263	0.364642816049819611	0.379864079684224267	0.174408112167138875	0.262137004568349635	0.0567874171304992488
G:	0.476230341136876487	0.160560025697243273	0.515408137115705875	0.20903234129524636	0.303951169609839865	0.352581141556224874	0.357560532639395918	0.224406973981689846	0.0575239212026332103	0.924719411223632754	0.917017531392356848	0.00249056701607014874	0.981753531092008238	0.936733844809906354	0.00408025704616384119	0.863705573879756255	0.324431850221940719	0.110005402619608231	0.268874923533121778	0.071280170120258923	0.127082741837506766	0.138866846230671652	0.481552591578879981
T:	0.177669112565374745	0.0770396617886032762	0.155338408210557615	0.143908511629731125	0.212930183100595984	0.211458154776794254	0.261245524931201337	0.0802204389533538537	0.46556018210173862	0.0606897344694849782	0.0222737994586379588	0.00491893573784846194	0.0140367197751946159	0.00241587547578583503	0.00547383484804899342	0.113010105046616656	0.0522453967850244979	0.242381306033105539	0.0978798810973528126	0.469044196545329849	0.252444641793279525	0.350990756688790186	0.0851437427879603987



3	C.GCCGCCG	0.497079402709866482


A:	0.110600541295000244	0.0344815779145217632	0.0848626199181196218	0.094227713016377111	0.26606054194803175	0.188764096694619362	0.223262735683057219	0.0725999101374462751	0.283195845678985819	0.00602353404115024657	0.00628825863190394584	0.00876030837812296738	0.00400200840216165634	0.00393749796964578317	0.0146378988365770823	0.357160451187682797	0.074732881138775631	0.400085489311499592	0.540275775926247613	0.552453669940955378	0.0829965438883071791	0.12275095198799516	0.0500911543725074545
C:	0.369509146706518137	0.576071966764648354	0.126352312277602387	0.360403594767068355	0.310765480732194167	0.172118370592351882	0.200880650350589891	0.742139979931454915	0.615815696119996245	0.0132314270951412763	0.931083862873861079	0.951356034337305369	0.00249200454133533959	0.940544443417600887	0.976500094795170685	0.0163233615295896592	0.524246011584049882	0.368067754546378053	0.203169889384354762	0.0820757492170208742	0.511040137777791683	0.31307596511832951	0.0704597048247062346
G:	0.0790226778960599192	0.159288726951117623	0.230772980763392476	0.134177609771599078	0.20494682574613458	0.484898084913457993	0.205882719907574127	0.134098375771429342	0.0401596264575455044	0.965371768583568302	0.0607587433730267842	0.0366199048310660534	0.990640162583852781	0.0352441681945059915	0.00463527100723533345	0.609522691903552833	0.0563719095110194327	0.0344728531414551589	0.165724250962962593	0.100499191567977478	0.190256750540983017	0.0588632597621587	0.708402362297923119
T:	0.440867634102421699	0.230157728369712259	0.558012087040885515	0.411191082444955457	0.218227151573639503	0.154219447799570762	0.369973894058778763	0.0511617341596694679	0.0608288317434724313	0.015373270280140175	0.00186913512120819105	0.00326375245350561002	0.00286582447265022351	0.0202738904182473382	0.00422673536101689974	0.0169934953791747103	0.344649197766155055	0.197373903000667196	0.0908300837264350311	0.264971389274046271	0.215706567792918121	0.50530982313151663	0.171046778504863192



4	CGCCGCCG	0.496914769266228742


A:	0.0851437427879603987	0.350990756688790186	0.252444641793279525	0.469044196545329849	0.0978798810973528126	0.242381306033105539	0.0522453967850244979	0.283195845678985819	0.00821908438696754762	0.00254693983403134933	0.0252152531039133448	0.00739853982630916102	0.0111912333203356981	0.0293934600836103952	0.46556018210173862	0.0802204389533538537	0.261245524931201337	0.211458154776794254	0.212930183100595984	0.143908511629731125	0.155338408210557615	0.0770396617886032762
C:	0.481552591578879981	0.138866846230671652	0.127082741837506766	0.071280170120258923	0.268874923533121778	0.110005402619608231	0.324431850221940719	0.615815696119996245	0.0133121637063641504	0.604568893747005959	0.959030022309483069	0.00189012290256250632	0.855285387704965714	0.95806783297195061	0.0575239212026332103	0.224406973981689846	0.357560532639395918	0.352581141556224874	0.303951169609839865	0.20903234129524636	0.515408137115705875	0.160560025697243273
G:	0.0567874171304992488	0.262137004568349635	0.174408112167138875	0.379864079684224267	0.364642816049819611	0.533140769913422263	0.601966559675379282	0.0401596264575455044	0.968484294854102705	0.389366337628053211	0.014097369380798168	0.986366244917333637	0.113108477795331751	0.00551788193346983143	0.431523417900144252	0.0644717832748185363	0.0643493939468268591	0.108093416483573712	0.125901058459870593	0.106928991928426916	0.1372248284976884	0.513944049041370259
T:	0.376516248502660371	0.248005392512188528	0.446064504202074834	0.0798115536501869606	0.268602379319705799	0.114472521433863967	0.0213561933176555018	0.0608288317434724313	0.00998445705256559673	0.00351782879090948072	0.0016573552058054181	0.00434509235379469605	0.0204149011793668366	0.00702082501096916356	0.0453924787954839181	0.630900803790137764	0.316844548482575885	0.32786728718340716	0.357217588829693558	0.5401301551465956	0.19202862617604811	0.248456263472783192



5	CGCCGCC..C	0.496839193994468589


A:	0.0851437427879603987	0.350990756688790186	0.252444641793279525	0.469044196545329849	0.0978798810973528126	0.242381306033105539	0.0522453967850244979	0.0999758635078903111	0.0140460570952533669	0.00566207327551100348	0.0156888588033246652	0.00866430543353410535	0.0407918304491191749	0.0970390118683261799	0.46556018210173862	0.0802204389533538537	0.261245524931201337	0.211458154776794254	0.212930183100595984	0.143908511629731125	0.155338408210557615	0.0770396617886032762	0.177669112565374745
C:	0.481552591578879981	0.138866846230671652	0.127082741837506766	0.071280170120258923	0.268874923533121778	0.110005402619608231	0.324431850221940719	0.835125494555702772	0.00763670665224584598	0.589338429064021504	0.97430471158091879	0.00300709360317876304	0.841584541705372041	0.878624295313780806	0.0575239212026332103	0.224406973981689846	0.357560532639395918	0.352581141556224874	0.303951169609839865	0.20903234129524636	0.515408137115705875	0.160560025697243273	0.476230341136876487
G:	0.0567874171304992488	0.262137004568349635	0.174408112167138875	0.379864079684224267	0.364642816049819611	0.533140769913422263	0.601966559675379282	0.0387279897743487725	0.974168067676891827	0.398314476828735584	0.00852672161066571911	0.98330943903573886	0.0376118029087010987	0.0123168519240914076	0.431523417900144252	0.0644717832748185363	0.0643493939468268591	0.108093416483573712	0.125901058459870593	0.106928991928426916	0.1372248284976884	0.513944049041370259	0.115460237346851696
T:	0.376516248502660371	0.248005392512188528	0.446064504202074834	0.0798115536501869606	0.268602379319705799	0.114472521433863967	0.0213561933176555018	0.0261706521620581441	0.00414916857560896025	0.00668502083173190861	0.001479708005090826	0.00501916192754827203	0.0800118249368076849	0.0120198408938016062	0.0453924787954839181	0.630900803790137764	0.316844548482575885	0.32786728718340716	0.357217588829693558	0.5401301551465956	0.19202862617604811	0.248456263472783192	0.230640308950897072



