1	CACCGACA	0.499623356564544714


A:	0.467069579334692658	0.219791021583037258	0.00600467900711850301	0.158510312725621303	0.0211067205558521427	0.260035888584901408	0.16873683510479567	0.0484480601039304176	0.799876008092990802	0.00171973120983212933	0.00376764881964845893	0.00232175939396611594	0.990759830350607735	0.00201365315550000319	0.976300045334243173	0.368849208127856756	0.100088687849440456	0.248728032723881616	0.0885887535215565728	0.403974668928409218	0.25572471834223768	0.126800946384867288
C:	0.10207535184848395	0.343877318843924756	0.0336668803195417061	0.531605515664628832	0.379384414078433411	0.121391882097336127	0.256708155966556543	0.933610947748628998	0.000612429756638401617	0.993563365689495299	0.992539450110138144	0.00066930601904605294	0.0025557795687535204	0.993239480124030549	0.00175467352555399963	0.230367798540012589	0.110467933676896923	0.184878233818334121	0.00379732139729192974	0.263542626718256528	0.241218999511160792	0.216872857483678824
G:	0.291674607512310446	0.254872061174067128	0.525886741182055437	0.00112471897922287267	0.0041047825031976628	0.399346791693108318	0.370949817886671092	0.0118941811778410188	0.198088929740078344	0.00139070550551487418	0.00100459145132673737	0.990964778289839416	0.00108849029049424872	0.00102779253514097343	0.016019772345628567	0.201292698545480802	0.0640772222877484217	0.200835665519250844	0.0904844588358698188	0.188727772021985046	0.226344981027854408	0.211867921850552249
T:	0.139180461304512945	0.181459598398970858	0.434441699491284354	0.308759452630526993	0.595404082862516783	0.219225437624654147	0.203605191041976695	0.00604681096959956539	0.00142263241029245265	0.00332619759515769763	0.00268830961888665992	0.00604415629714841527	0.00559589979014449567	0.00371907418532847441	0.00592550879457426036	0.199490294786649853	0.725366156185914199	0.36555806793853342	0.817129466245281679	0.143754932331349208	0.27671130111874712	0.444458274280901639



2	A.TGTCGG.G	0.499330024813895782


A:	0.258354149061102655	0.444458274280901639	0.27671130111874712	0.143754932331349208	0.817129466245281679	0.36555806793853342	0.725366156185914199	0.199490294786649853	0.0455988335238336606	0.0111494718299702279	0.017283730454189574	0.00830303641565085172	0.0227615125951530082	0.0119058988457372877	0.00142263241029245265	0.110686993247177074	0.203605191041976695	0.219225437624654147	0.595404082862516783	0.308759452630526993	0.434441699491284354	0.181459598398970858	0.139180461304512945
C:	0.17688996411233677	0.211867921850552249	0.226344981027854408	0.188727772021985046	0.0904844588358698188	0.200835665519250844	0.0640772222877484217	0.201292698545480802	0.115113867716485804	0.00602078259938211704	0.0110288280835587275	0.962055227760733659	0.00464303057713964716	0.00852004284014475726	0.198088929740078344	0.0936131321728863193	0.370949817886671092	0.399346791693108318	0.0041047825031976628	0.00112471897922287267	0.525886741182055437	0.254872061174067128	0.291674607512310446
G:	0.21073748027673145	0.216872857483678824	0.241218999511160792	0.263542626718256528	0.00379732139729192975	0.184878233818334121	0.110467933676896923	0.230367798540012589	0.00990627214492668757	0.972671823975160327	0.0208560411953410623	0.00148337867504779619	0.962885719352094231	0.969247436747434632	0.000612429756638401617	0.756445667287837275	0.256708155966556543	0.121391882097336127	0.379384414078433411	0.531605515664628832	0.0336668803195417061	0.343877318843924756	0.10207535184848395
T:	0.354018406549829125	0.126800946384867288	0.25572471834223768	0.403974668928409218	0.0885887535215565728	0.248728032723881616	0.100088687849440456	0.368849208127856756	0.829381026614753848	0.0101579215954873284	0.950831400266910636	0.0281583571485676934	0.00970973747561311331	0.0103266215666833235	0.799876008092990802	0.0392542072920993316	0.16873683510479567	0.260035888584901408	0.0211067205558521427	0.158510312725621303	0.00600467900711850301	0.219791021583037258	0.467069579334692658



3	A..TGTCGGT	0.499057025162539084


A:	0.158104336463701677	0.0427180825990798001	0.223243103953167699	0.275632375261796978	0.0951652658724840663	0.757302091848663899	0.676642674011491637	0.53852031684108561	0.0786594046343906546	0.00595558052558577135	0.00210743701606682788	0.00312226070907816651	0.0032459522588464035	0.00334268221224157443	0.00532682226572046118	0.00132309593042022197	0.00604681096959956539	0.205090168497726494	0.203721733298165029	0.262782089140071655	0.0229435757822237474	0.199220770793558629	0.057391094400570105
C:	0.207812119005502732	0.373333023809720365	0.500789535482235679	0.268798076042567299	0.121646310111557912	0.054491456842301526	0.0932549051474109899	0.0632322935495980304	0.148564263327127009	0.0671367525717905311	0.00284188735637352285	0.00320308683868369725	0.991393163417617084	0.000933355378764614666	0.00185614460251441766	0.318702016893145836	0.0118941811778410188	0.305577888196382929	0.419955100674405695	0.25180053206409396	0.0391436305828104998	0.229795041977627628	0.602204433358426009
G:	0.227770811579456744	0.0880281171984563811	0.0986777380000800164	0.161865730317066677	0.110474628943380042	0.0414686917881442412	0.196539678845608509	0.195851311571172219	0.446052030135021171	0.00313807436810922003	0.991337331126492827	0.00277417433367500364	0.000992815259838088481	0.990659441718639901	0.991575969901243938	0.000920581067593320586	0.933610947748628998	0.453938402786452753	0.138272054964509134	0.289370022013666407	0.786658147747718589	0.434906639368914924	0.160021644628161712
T:	0.406312732951338847	0.495920776392743454	0.177289622564516606	0.293703818378569045	0.67271379507257798	0.146737759520890334	0.0335627419954888643	0.202396078038144141	0.326724301903461165	0.923769592534514478	0.00371334450106682236	0.990900478118563133	0.00436806906369842407	0.00506452069035391038	0.00124106323052118285	0.679054306108840621	0.0484480601039304176	0.035393540519437825	0.238051111062920142	0.196047356782167978	0.151254645887247164	0.136077547859898819	0.180382827612842174



4	AA..TGTCGG	0.498722848114877496


A:	0.380499954490436541	0.156616392664840825	0.18820608694874627	0.182976035261748276	0.109583236389538878	0.0598727565464261954	0.615066017164996287	0.561356100378118389	0.529253643817396037	0.109212434131100554	0.0407691693582546468	0.0136992229677650544	0.00918845362715703428	0.0143490431247669629	0.0338207735137563952	0.0212317480246145824	0.0432681791935741881	0.0138739420738515737	0.274165607263810428	0.246256078336699226	0.675851729310413721	0.242298495520691731
C:	0.470484245507226474	0.248655133065464683	0.190083509699970764	0.385455500472733858	0.372351067942764689	0.0693761759367719594	0.359112048527358688	0.230963949248647821	0.0786571188891231662	0.228059245325536497	0.150209454562202523	0.00499187550359510025	0.0125460821910832737	0.963048298252176346	0.00458459095948004188	0.00647591286097004504	0.0985499804267703493	0.143681863928752329	0.306335292142442435	0.508038881697708656	0.131426597635765493	0.000667709303749397406
G:	0.0305054794640869337	0.188914284647952049	0.281502048378892448	0.126885058048422921	0.0997636799344086132	0.148314006455012684	0.0152073175972276984	0.141966847326842023	0.203536011828550969	0.317033522701579363	0.00912455644031205835	0.971730296907027825	0.0106945146916609737	0.00171689587554651268	0.951954063771164433	0.957773555011819359	0.00046534796071841305	0.588905528588327045	0.35427162020446864	0.0692496532529716068	0.16530576819020306	0.512202472394529508
T:	0.118510320538250052	0.405814189621742443	0.340208354972390517	0.304683406217094944	0.41830201573328782	0.722437061061789162	0.010614616710417327	0.0657131030463917675	0.188553225464929828	0.345694797841783585	0.799896819639230772	0.00957860462161202012	0.967570949490098718	0.0208857627475101781	0.00964057175559913048	0.0145187841025960138	0.85771649241893705	0.253538665409069053	0.0652274803892784972	0.176455386712620511	0.0274159048636177265	0.244831322781029363



5	G..ACCGACA	0.498325806078051847


A:	0.181258992781613614	0.274992980714207109	0.180382827612842174	0.136077547859898819	0.151254645887247164	0.196047356782167978	0.238051111062920142	0.035393540519437825	0.0484480601039304176	0.671887417969807959	0.000922697354655863759	0.00377290737237420927	0.00321282674711499473	0.987339771706199867	0.00248249568406792493	0.961322545625502209	0.326724301903461165	0.202396078038144141	0.0335627419954888643	0.146737759520890334	0.67271379507257798	0.293703818378569045	0.177289622564516606
C:	0.0986063158194364557	0.197672364970648706	0.160021644628161712	0.434906639368914924	0.786658147747718589	0.289370022013666407	0.138272054964509134	0.453938402786452753	0.933610947748628998	0.000634847456401766802	0.990705687960280016	0.990902631601799276	0.000936624439372789121	0.00639420409672823282	0.992500533354480463	0.00376411206414893763	0.446052030135021171	0.195851311571172219	0.196539678845608509	0.0414686917881442412	0.110474628943380042	0.161865730317066677	0.0986777380000800164
G:	0.446702094583494132	0.337159836036214047	0.602204433358426009	0.229795041977627628	0.0391436305828104998	0.25180053206409396	0.419955100674405695	0.305577888196382929	0.0118941811778410188	0.324880595974601582	0.0021936865925862611	0.00063539507358529359	0.992591827675589978	0.00162522951052145437	0.000926166926860533067	0.0295279406462693999	0.148564263327127009	0.0632322935495980304	0.0932549051474109899	0.054491456842301526	0.121646310111557912	0.268798076042567299	0.500789535482235679
T:	0.273432596815455798	0.190174818278930138	0.057391094400570105	0.199220770793558629	0.0229435757822237474	0.262782089140071655	0.203721733298165029	0.205090168497726494	0.00604681096959956539	0.00259713859918869225	0.00617792809247785941	0.00468906595224122161	0.00325872113792223857	0.00464079468655044538	0.00409080403459107901	0.00538540166407945307	0.0786594046343906546	0.53852031684108561	0.676642674011491637	0.757302091848663899	0.0951652658724840663	0.275632375261796978	0.223243103953167699



