1	ATGTCGGC	0.499583271595791969


A:	0.0683714196630830663	0.14747004507304374	0.344328041405717926	0.190938399638637028	0.303716952968764679	0.163527331025637986	0.0829651535173889175	0.990752465545129872	0.000912171878623144119	0.00494755741616685711	0.00369028606018653936	0.00277821110202017769	0.00156673634634347152	0.0160838575161533504	0.000892145842536371612	0.259615066885676503	0.256412146968698971	0.0710556106936240416	0.342401241327414307	0.180264576473997502	0.201915321024345902	0.396564802425519857
C:	0.352268132702048282	0.30312375613234454	0.0425720214395651629	0.143538676122225786	0.157096231621291055	0.247330598584199556	0.199542163523785164	0.0016335667268488279	0.0117853509286486689	0.000955485665921942841	0.00236551165489734651	0.989191541261329313	0.00198545707403248921	0.000680100094790869675	0.661606273711195051	0.333968028901342551	0.183070602114153272	0.246245606920928224	0.189991713413545137	0.225307936154713351	0.213336798299739912	0.171287620269703949
G:	0.482758034254100292	0.160672881390307341	0.165316685354321397	0.490434480726386249	0.291654432707013211	0.25333460361927273	0.279571734030593163	0.00492106102576090052	0.00436100398129063771	0.991914356790558942	0.00137119068784047867	0.000608621844642450913	0.993297293149339081	0.982129588038272045	0.00137758061145997093	0.242315936035611443	0.450362530833766046	0.259975073531699762	0.302962415010995394	0.544965984007396373	0.155197084883393623	0.060319537346803355
T:	0.0966024133807683589	0.38873331740430438	0.447783251800395515	0.175088443512750938	0.247532382702931055	0.335807466770889728	0.437920948928232756	0.00269290670226039949	0.982941473211437549	0.00218260012735225847	0.992573011597075635	0.00742162579200805827	0.00315051343028495863	0.0011064543507837345	0.336123999834808606	0.164100968177369503	0.110154720083381711	0.422723708853747972	0.164644630248045162	0.0494615033638927733	0.429550795792520563	0.371828039957972839



2	ACCGACAT	0.499360984885903388


A:	0.371828039957972839	0.429550795792520563	0.0494615033638927733	0.164644630248045162	0.422723708853747972	0.110154720083381711	0.164100968177369503	0.336123999834808606	0.00292532054153471338	0.00151605286676452484	0.00427450266182459744	0.992679208876570188	0.00242590386104552597	0.97826029665803823	0.00844765878081227866	0.437920948928232756	0.335807466770889728	0.247532382702931055	0.175088443512750938	0.447783251800395515	0.38873331740430438	0.0966024133807683589
C:	0.060319537346803355	0.155197084883393623	0.544965984007396373	0.302962415010995394	0.259975073531699762	0.450362530833766046	0.242315936035611443	0.00137758061145997093	0.99266899492676454	0.992609269934740908	0.00157104003160270959	0.00282789898098721062	0.990414598196837252	0.00589241920278877442	0.00974074184478012748	0.279571734030593163	0.25333460361927273	0.291654432707013211	0.490434480726386249	0.165316685354321397	0.160672881390307341	0.482758034254100292
G:	0.171287620269703949	0.213336798299739912	0.225307936154713351	0.189991713413545137	0.246245606920928224	0.183070602114153272	0.333968028901342551	0.661606273711195051	0.00200899308574844635	0.00296440547958489785	0.992115270463260534	0.00224148525456562496	0.000923714018144258206	0.0110256062740258292	0.00396394952750701312	0.199542163523785164	0.247330598584199556	0.157096231621291055	0.143538676122225786	0.0425720214395651629	0.30312375613234454	0.352268132702048282
T:	0.396564802425519857	0.201915321024345902	0.180264576473997502	0.342401241327414307	0.0710556106936240416	0.256412146968698971	0.259615066885676503	0.000892145842536371612	0.0023966914459523	0.00291027171890966948	0.00203918684331215915	0.00225140688787697659	0.00623578392397296381	0.00482167786514716676	0.977847649846900581	0.0829651535173889175	0.163527331025637986	0.303716952968764679	0.190938399638637028	0.344328041405717926	0.14747004507304374	0.0683714196630830663



3	CCGACATA	0.498931940534400158


A:	0.429550795792520563	0.0494615033638927733	0.164644630248045162	0.422723708853747972	0.110154720083381711	0.164100968177369503	0.336123999834808606	0.00910514052390233848	0.0120087234143189675	0.0171176438820928371	0.974254415664231223	0.00516516796231156726	0.854073497557135516	0.0285549940277111384	0.437920948928232756	0.335807466770889728	0.247532382702931055	0.175088443512750938	0.447783251800395515	0.38873331740430438	0.0966024133807683589	0.165156728945781794
C:	0.155197084883393623	0.544965984007396373	0.302962415010995394	0.259975073531699762	0.450362530833766046	0.242315936035611443	0.00137758061145997093	0.953708612301344723	0.976960957070879459	0.00385826703040030795	0.0071466587227422326	0.970140083027393153	0.0514202780716507981	0.0744000847422053867	0.279571734030593163	0.25333460361927273	0.291654432707013211	0.490434480726386249	0.165316685354321397	0.160672881390307341	0.482758034254100292	0.193677948056001233
G:	0.213336798299739912	0.225307936154713351	0.189991713413545137	0.246245606920928224	0.183070602114153272	0.333968028901342551	0.661606273711195051	0.00702733278484565424	0.00725797019219241215	0.969164781063733237	0.0107734838009064046	0.00572781153296935205	0.0572171436473865809	0.0277333288675944193	0.199542163523785164	0.247330598584199556	0.157096231621291055	0.143538676122225786	0.0425720214395651629	0.30312375613234454	0.352268132702048282	0.357655762209521783
T:	0.201915321024345902	0.180264576473997502	0.342401241327414307	0.0710556106936240416	0.256412146968698971	0.259615066885676503	0.000892145842536371612	0.0301589143899072842	0.00377234932260916167	0.00985930802377361803	0.00782544181212013981	0.0189669374773259272	0.0372890807238271047	0.869311592362489056	0.0829651535173889175	0.163527331025637986	0.303716952968764679	0.190938399638637028	0.344328041405717926	0.14747004507304374	0.0683714196630830663	0.28350956078869519



4	ATGTCGG..G	0.498672642860670717


A:	0.0683714196630830663	0.14747004507304374	0.344328041405717926	0.190938399638637028	0.303716952968764679	0.163527331025637986	0.0829651535173889175	0.801026105598346234	0.0470540613167708023	0.0105192544336880787	0.00717608397702204327	0.0066977114599351464	0.00292201310922927247	0.0130800774628398872	0.000892145842536371612	0.259615066885676503	0.256412146968698971	0.0710556106936240416	0.342401241327414307	0.180264576473997502	0.201915321024345902	0.396564802425519857	0.142119939353555921
C:	0.352268132702048282	0.30312375613234454	0.0425720214395651629	0.143538676122225786	0.157096231621291055	0.247330598584199556	0.199542163523785164	0.0497213638129683253	0.147940864947679031	0.0041404095225956956	0.00802500462687743747	0.981238297099133516	0.00815499181644503551	0.00976528828783006416	0.661606273711195051	0.333968028901342551	0.183070602114153272	0.246245606920928224	0.189991713413545137	0.225307936154713351	0.213336798299739912	0.171287620269703949	0.0723482206062290173
G:	0.482758034254100292	0.160672881390307341	0.165316685354321397	0.490434480726386249	0.291654432707013211	0.25333460361927273	0.279571734030593163	0.085746531685534296	0.0379425613497514669	0.978231930551653718	0.0041223170116463547	0.00281576954951961598	0.976957583501235473	0.970572683582527849	0.00137758061145997093	0.242315936035611443	0.450362530833766046	0.259975073531699762	0.302962415010995394	0.544965984007396373	0.155197084883393623	0.060319537346803355	0.395553864587479897
T:	0.0966024133807683589	0.38873331740430438	0.447783251800395515	0.175088443512750938	0.247532382702931055	0.335807466770889728	0.437920948928232756	0.0635059989031511451	0.7670625123857987	0.00710840549206250732	0.980676594384454165	0.00924822189141172186	0.0119654115730902187	0.00658195066680219916	0.336123999834808606	0.164100968177369503	0.110154720083381711	0.422723708853747972	0.164644630248045162	0.0494615033638927733	0.429550795792520563	0.371828039957972839	0.389977975452735164



5	ATGTCGG..A	0.498549167777942411


A:	0.0683714196630830663	0.14747004507304374	0.344328041405717926	0.190938399638637028	0.303716952968764679	0.163527331025637986	0.0829651535173889175	0.79288784689682306	0.0530739231433180715	0.0112960757296488056	0.0175650556592820037	0.0247747259826724595	0.0108493667140843253	0.0513402876184068379	0.000892145842536371612	0.259615066885676503	0.256412146968698971	0.0710556106936240416	0.342401241327414307	0.180264576473997502	0.201915321024345902	0.396564802425519857	0.142119939353555921
C:	0.352268132702048282	0.30312375613234454	0.0425720214395651629	0.143538676122225786	0.157096231621291055	0.247330598584199556	0.199542163523785164	0.0409877591553951145	0.0977950691332441007	0.00581643011447037375	0.0122853171492402171	0.948335790221432567	0.00978505770925466712	0.0124442625958262863	0.661606273711195051	0.333968028901342551	0.183070602114153272	0.246245606920928224	0.189991713413545137	0.225307936154713351	0.213336798299739912	0.171287620269703949	0.0723482206062290173
G:	0.482758034254100292	0.160672881390307341	0.165316685354321397	0.490434480726386249	0.291654432707013211	0.25333460361927273	0.279571734030593163	0.0728281982389614756	0.0453377682899275806	0.958874518089248191	0.00604711501187263573	0.00307468405994773882	0.97355698724725198	0.921582850124047454	0.00137758061145997093	0.242315936035611443	0.450362530833766046	0.259975073531699762	0.302962415010995394	0.544965984007396373	0.155197084883393623	0.060319537346803355	0.395553864587479897
T:	0.0966024133807683589	0.38873331740430438	0.447783251800395515	0.175088443512750938	0.247532382702931055	0.335807466770889728	0.437920948928232756	0.0932961957088203503	0.803793239433510247	0.0240129760666326295	0.964102512179605143	0.0238147997359472347	0.00580858832940902765	0.0146325996617194222	0.336123999834808606	0.164100968177369503	0.110154720083381711	0.422723708853747972	0.164644630248045162	0.0494615033638927733	0.429550795792520563	0.371828039957972839	0.389977975452735164



