1	CGCCGCCG	0.498926692475679968


A:	0.417672624924926308	0.41018449096302876	0.123845789586828052	0.135461834755886451	0.359190486450221128	0.0917838500411614068	0.0220936859751427051	0.0963911758116958122	0.0119733056195267397	0.00287011583010658688	0.00466940989009459111	0.0112527422795958263	0.0034654983295034532	0.0115039333180529514	0.292796013785615488	0.0726774712653599219	0.201187310576517588	0.298521088790380578	0.453880505000238833	0.229159469554698633	0.237613325221817815	0.213393842267840862
C:	0.240310917699295548	0.0649212232524256226	0.0655024990862304301	0.0728576499386793424	0.507327486134328389	0.495996985463672853	0.577139084599730006	0.85766872669965056	0.004340569401561056	0.876199229002586086	0.979916604557472022	0.000628540229606082866	0.956701237657166027	0.977805923023376532	0.0573961371596628196	0.49165783677197958	0.441925503834033118	0.382650297931185243	0.144392522675200394	0.477437708154621246	0.41768391460907902	0.098427764531172176
G:	0.148171844850285631	0.366272531790506924	0.703342661746639379	0.154665236916191698	0.0610432243135490445	0.288693945441848445	0.387689106814368139	0.0212173327156992473	0.98014019823144422	0.118447097790592859	0.0129556670344802949	0.98413018322116176	0.0321369162873527654	0.0055966931020383067	0.615439965463151351	0.14457194325886342	0.170636460256853656	0.0993345665682438594	0.331849776436865288	0.0845054000728058614	0.229259990453897669	0.361799044743717532
T:	0.193844612525492512	0.158621753994038693	0.10730904958030214	0.637015278389242508	0.0724388031019014386	0.123525219053317296	0.0130781226107591501	0.0247227647729543803	0.00354592674746798388	0.00248355737671446821	0.0024583185179530914	0.00398853426963633037	0.00769634772597775405	0.00509345055653220979	0.0343678835915703409	0.291092748703797078	0.186250725332595639	0.21949404671019032	0.0698771958876954847	0.20889742221787426	0.115442769715205496	0.32637934845726943



2	CCGCCGCC	0.498463990646061529


A:	0.384804794874470992	0.417672624924926308	0.41018449096302876	0.123845789586828052	0.135461834755886451	0.359190486450221128	0.0917838500411614068	0.0220936859751427051	0.0347689436223175708	0.0106588002445831308	0.00173390731885124171	0.00733318690834803252	0.0306227980832748187	0.0151235977732046604	0.0239132619760302398	0.292796013785615488	0.0726774712653599219	0.201187310576517588	0.298521088790380578	0.453880505000238833	0.229159469554698633	0.237613325221817815
C:	0.246760930794694134	0.240310917699295548	0.0649212232524256226	0.0655024990862304301	0.0728576499386793424	0.507327486134328389	0.495996985463672853	0.577139084599730006	0.878944595025904881	0.000838729668208843476	0.975255348275028223	0.987856779958233243	0.00102784404417303635	0.951720236329778519	0.955272632336379821	0.0573961371596628196	0.49165783677197958	0.441925503834033118	0.382650297931185243	0.144392522675200394	0.477437708154621246	0.41768391460907902
G:	0.259249448504488477	0.148171844850285631	0.366272531790506924	0.703342661746639379	0.154665236916191698	0.0610432243135490445	0.288693945441848445	0.387689106814368139	0.0798154158167482836	0.986196369725836151	0.0210875380760515846	0.00339140384008877232	0.960974382794728641	0.0107550930482404181	0.00799165675186210664	0.615439965463151351	0.14457194325886342	0.170636460256853656	0.0993345665682438594	0.331849776436865288	0.0845054000728058614	0.229259990453897669
T:	0.109184825826346397	0.193844612525492512	0.158621753994038693	0.10730904958030214	0.637015278389242508	0.0724388031019014386	0.123525219053317296	0.0130781226107591501	0.00647104553502926501	0.00230610036137187485	0.00192320633006895117	0.00141862929332995181	0.00737497507782350398	0.0224010728487764027	0.0128224489357278328	0.0343678835915703409	0.291092748703797078	0.186250725332595639	0.21949404671019032	0.0698771958876954847	0.20889742221787426	0.115442769715205496



3	GCCGCCGC	0.498210208943371879


A:	0.147133392423926893	0.106029417870202513	0.0152487097018248197	0.319093677658996795	0.141449251382894283	0.123579991364837402	0.0963911758116958122	0.0667110417116660257	0.00767052264777390614	0.00530307390161577377	0.0114867378910544444	0.00205634200903645344	0.00514588568706262314	0.166229571504595978	0.0289687842636799522	0.0658335970290408787	0.589452856043257254	0.129872967798971571	0.0483359778569336515	0.597771102184872407	0.118389301651333767	0.352503138423281055
C:	0.338180036049754697	0.462123313721821418	0.0534928408404581474	0.372002725183644383	0.411884091052493119	0.632887706718984362	0.85766872669965056	0.0234734247922041077	0.75591467207558904	0.776677349918260068	0.000874258795526269985	0.960035443447267876	0.965179929853839926	0.0102705130541932857	0.788557605454422541	0.85159498841160336	0.10176513735888649	0.446734231846600927	0.0394001759589325551	0.194226002749351263	0.136018459666163057	0.184236007064338865
G:	0.303584933753386019	0.0939029258380756089	0.0846598590416106393	0.093796949716088088	0.158069056076540229	0.0812395126554582616	0.0212173327156992473	0.894901100026295407	0.230679423523615246	0.214786859670228986	0.984433540335996105	0.0328050060425893389	0.0279446384514074831	0.811133127755673657	0.0640659453891377151	0.0149180048051013593	0.200039610799306739	0.206949316456984097	0.0289263379515309413	0.147827227181610611	0.414469416102776561	0.4221728596340394
T:	0.211101637772932391	0.33794434256990046	0.846598590416106394	0.215106647441270734	0.288597601488072369	0.162292789260719975	0.0247227647729543803	0.0149144334698344593	0.00573538175302180727	0.00323271650989517248	0.00320546297742318052	0.0051032085011063321	0.00172954600768996807	0.0123667876855370794	0.118407664892759792	0.067653409754254402	0.108742395798549517	0.216443483897443405	0.883337508232602852	0.0601756678841657201	0.331122822579726615	0.0410879948783406794



4	CGCCGCC.C	0.498092337088689265


A:	0.417672624924926308	0.41018449096302876	0.123845789586828052	0.135461834755886451	0.359190486450221128	0.0917838500411614068	0.0220936859751427051	0.104984778696741367	0.0120397808852568715	0.00216862403885013506	0.00652053910467646393	0.0202804469996967723	0.0271169586731608669	0.0205149205818678631	0.292796013785615488	0.0726774712653599219	0.201187310576517588	0.298521088790380578	0.453880505000238833	0.229159469554698633	0.237613325221817815	0.213393842267840862	0.535678895420681601
C:	0.240310917699295548	0.0649212232524256226	0.0655024990862304301	0.0728576499386793424	0.507327486134328389	0.495996985463672853	0.577139084599730006	0.851099829988919508	0.00164577807109780715	0.880805301025120257	0.985319921899097693	0.000748655163182533021	0.928571708013205754	0.960025140064327949	0.0573961371596628196	0.49165783677197958	0.441925503834033118	0.382650297931185243	0.144392522675200394	0.477437708154621246	0.41768391460907902	0.098427764531172176	0.110642923823935917
G:	0.148171844850285631	0.366272531790506924	0.703342661746639379	0.154665236916191698	0.0610432243135490445	0.288693945441848445	0.387689106814368139	0.0208865455858622676	0.981542040761179042	0.114442201577621209	0.00537919778456419316	0.973933122298266392	0.0184116668820209416	0.00673595777927085271	0.615439965463151351	0.14457194325886342	0.170636460256853656	0.0993345665682438594	0.331849776436865288	0.0845054000728058614	0.229259990453897669	0.361799044743717532	0.287897818777237683
T:	0.193844612525492512	0.158621753994038693	0.10730904958030214	0.637015278389242508	0.0724388031019014386	0.123525219053317296	0.0130781226107591501	0.0230288457284768573	0.00477240028246627903	0.0025838733584083987	0.00278034121166165026	0.00503777553885430305	0.0258996664316124375	0.0127239815745333352	0.0343678835915703409	0.291092748703797078	0.186250725332595639	0.21949404671019032	0.0698771958876954847	0.20889742221787426	0.115442769715205496	0.32637934845726943	0.0657803619781447989



5	G.CGGCGGC	0.498018098499511969


A:	0.52244413786125487	0.453793633095810041	0.0585598754329019667	0.21477758406455349	0.0615720635238910726	0.026735660027745359	0.228291776470162602	0.067653409754254402	0.151397046471725523	0.0144033456489019892	0.00259758202584699513	0.00550875890690598812	0.00203724732714914888	0.00676989370384412737	0.00736894095688089623	0.0122002193187965585	0.0506616132285020737	0.306286378575158416	0.0234488221661976341	0.0592110984726373424	0.158878431363287674	0.0736951944743470922	0.176272085988323475
C:	0.216679723576662645	0.420282464021715362	0.48136460572830232	0.195879484717547893	0.214232974461066305	0.579308130129662156	0.352308305513887446	0.0149180048051013593	0.0457488899385497394	0.767521295970141302	0.00496593013372571492	0.0365084887396319756	0.987414114944411445	0.0786130525613004027	0.137339551850783225	0.913700765823326678	0.0963486606055558038	0.217943756263105398	0.6195044656604181	0.0817108235208743122	0.559201914976069835	0.269723031829194406	0.235335008283721678
G:	0.109305370616103779	0.0958952561951443572	0.0754947652514985145	0.235180179548904301	0.705445969576109214	0.125525041776211292	0.230914455353321941	0.85159498841160336	0.545748340794921393	0.0148381841638107633	0.987160346822876373	0.956435111827079218	0.000996592101620853171	0.910529337629266519	0.849407627856796557	0.0209299336358450017	0.735282749897955061	0.38713121048687058	0.234012968398397031	0.457641588876162881	0.173797909587212645	0.204333511011036119	0.262668567343226665
T:	0.151570767945978706	0.0300286466873302398	0.384580753587297198	0.354162751668994316	0.0187489924389334086	0.268431168066381193	0.188485462662628012	0.0658335970290408787	0.257105722794803345	0.203237174217145946	0.00527614101755091658	0.0015476405263828182	0.00955204562681855279	0.00408771610558895128	0.00588387933553932122	0.0531690812220317616	0.117706976267987061	0.0886386546748656049	0.123033743774987234	0.401436489130325465	0.108121744073429845	0.452248262685422384	0.325724338384728182



