1	ATGTCGGC	0.499618467417737853


A:	0.0840971306682887539	0.329701476900689433	0.210948987315298118	0.883522850903031352	0.338411328698773631	0.232616308766326851	0.0397008407529410211	0.988361898835659042	0.00192394226689543198	0.0061700310291857934	0.00172645993068548518	0.00208778248425920094	0.00267723926295613244	0.0408930615309095972	0.000910248977198201184	0.260979979442183483	0.339892808372767684	0.234831577018152693	0.36741843145476043	0.201767194114121995	0.363895048123979681	0.567419924946668522
C:	0.424792540360882115	0.231806441916762037	0.0539111229376281765	0.0522743224348108206	0.631557119160264643	0.509834985059786785	0.1186024940232942	0.00115018670562429559	0.00846167541730045296	0.000807565771431724137	0.00629899957331586802	0.993223767500776327	0.00163046613164908794	0.000490994592744621174	0.583761428696879634	0.346269476304340234	0.0865244957746361189	0.213340858874870862	0.00271926309843240093	0.00632236755659868022	0.206092679396469376	0.150686823983375401
G:	0.130581976912975997	0.221239033592065191	0.365220856821946884	0.00616074795518202525	0.0144848892662314466	0.129871360877771538	0.377091517124218573	0.00459206293824766998	0.00411831902805701234	0.991049687498789986	0.00094848076931427052	0.00249418273180177028	0.993357548728936358	0.958167183804040686	0.00125276049346370325	0.318749342678575414	0.529181888851202314	0.483250906833081922	0.624878765739835006	0.188556924314136329	0.228726362081132609	0.195699377646435013
T:	0.360528352057853134	0.21725304759048334	0.369919032925126821	0.058042078706975802	0.0155466628747302796	0.127677345296114826	0.464605148099546206	0.00589585152046899252	0.985496063287747103	0.00197271570059249691	0.991026059726684376	0.0021942672831627015	0.00233474587645842183	0.000448760072305095246	0.414075561832458461	0.0740012015749008687	0.0444008070013938828	0.0685766572738945228	0.00498353970697216324	0.603353514015142996	0.201285910398418334	0.0861938734235210637



2	C..ATGTCGG	0.499553327708571145


A:	0.18165584286994639	0.134383295657596615	0.0840971306682887539	0.329701476900689433	0.210948987315298118	0.883522850903031352	0.338411328698773631	0.232616308766326851	0.0397008407529410211	0.94164868715734557	0.0136163003137025198	0.00529823436409724073	0.00321551114820567329	0.00341277350955091378	0.0024427206418185035	0.0273350408510862146	0.000910248977198201184	0.260979979442183483	0.339892808372767684	0.234831577018152693	0.36741843145476043	0.201767194114121995	0.363895048123979681
C:	0.237916225497271226	0.216299061283348863	0.424792540360882115	0.231806441916762037	0.0539111229376281765	0.0522743224348108206	0.631557119160264643	0.509834985059786785	0.1186024940232942	0.017343216870172742	0.0167733474343495298	0.00247358299107729214	0.00805723795412283628	0.990421180623715884	0.00263446769051519776	0.00115742478189472976	0.583761428696879634	0.346269476304340234	0.0865244957746361189	0.213340858874870862	0.00271926309843240093	0.00632236755659868022	0.206092679396469376
G:	0.104069055792382843	0.302706219354707214	0.130581976912975997	0.221239033592065191	0.365220856821946884	0.00616074795518202525	0.0144848892662314466	0.129871360877771538	0.377091517124218573	0.0186734304570847511	0.0217573467405072821	0.989639505433402801	0.00202414130032963712	0.00448326975401213005	0.990211440773371569	0.969347529153810988	0.00125276049346370325	0.318749342678575414	0.529181888851202314	0.483250906833081922	0.624878765739835006	0.188556924314136329	0.228726362081132609
T:	0.476358875840399541	0.346611423704347308	0.360528352057853134	0.21725304759048334	0.369919032925126821	0.058042078706975802	0.0155466628747302796	0.127677345296114826	0.464605148099546206	0.0223346655153969373	0.947853005511440668	0.00258867721142266584	0.986703109597341853	0.00168277611272107183	0.00471137089429472958	0.00216000521320806722	0.414075561832458461	0.0740012015749008687	0.0444008070013938828	0.0685766572738945228	0.00498353970697216324	0.603353514015142996	0.201285910398418334



3	ATGTCGG..G	0.499440832464803878


A:	0.0840971306682887539	0.329701476900689433	0.210948987315298118	0.883522850903031352	0.338411328698773631	0.232616308766326851	0.0397008407529410211	0.85978056501037538	0.0260174530797786872	0.00442823764505748405	0.00182050425112999804	0.00211555376760800077	0.00138567420966952554	0.017908527772143658	0.000910248977198201184	0.260979979442183483	0.339892808372767684	0.234831577018152693	0.36741843145476043	0.201767194114121995	0.363895048123979681	0.567419924946668522	0.0281965369031752266
C:	0.424792540360882115	0.231806441916762037	0.0539111229376281765	0.0522743224348108206	0.631557119160264643	0.509834985059786785	0.1186024940232942	0.0273873751567863579	0.0719608369165694496	0.00242834583539152499	0.00447837592715248871	0.992698099823301594	0.00361301633521813772	0.00185861277114782412	0.583761428696879634	0.346269476304340234	0.0865244957746361189	0.213340858874870862	0.00271926309843240093	0.00632236755659868022	0.206092679396469376	0.150686823983375401	0.544798191978995255
G:	0.130581976912975997	0.221239033592065191	0.365220856821946884	0.00616074795518202525	0.0144848892662314466	0.129871360877771538	0.377091517124218573	0.0585087393226684343	0.0309270829549871101	0.991398452505020116	0.00363515914939738206	0.00314286923766438703	0.99165620194956514	0.978053387229640543	0.00125276049346370325	0.318749342678575414	0.529181888851202314	0.483250906833081922	0.624878765739835006	0.188556924314136329	0.228726362081132609	0.195699377646435013	0.0231937760828155507
T:	0.360528352057853134	0.21725304759048334	0.369919032925126821	0.058042078706975802	0.0155466628747302796	0.127677345296114826	0.464605148099546206	0.0543233205101698282	0.871094627048664753	0.00174496401453087496	0.990065960672320131	0.00204347717142601814	0.00334510750554719624	0.00217947222706797498	0.414075561832458461	0.0740012015749008687	0.0444008070013938828	0.0685766572738945228	0.00498353970697216324	0.603353514015142996	0.201285910398418334	0.0861938734235210637	0.403811495035013968



4	ACCGACAT	0.499413713519952353


A:	0.0861938734235210637	0.201285910398418334	0.603353514015142996	0.00498353970697216324	0.0685766572738945228	0.0444008070013938828	0.0740012015749008687	0.414075561832458461	0.000707108519578528977	0.00235124317524000865	0.00220545249691717161	0.993571906933495016	0.00356735879079570269	0.98175312864150052	0.00627499141653332957	0.464605148099546206	0.127677345296114826	0.0155466628747302796	0.058042078706975802	0.369919032925126821	0.21725304759048334	0.360528352057853134
C:	0.195699377646435013	0.228726362081132609	0.188556924314136329	0.624878765739835006	0.483250906833081922	0.529181888851202314	0.318749342678575414	0.00125276049346370325	0.982524101987225595	0.993365225402909891	0.00243535846690034943	0.00228398384915946211	0.992874386320828157	0.0051261576135348948	0.00368761683640742666	0.377091517124218573	0.129871360877771538	0.0144848892662314466	0.00616074795518202525	0.365220856821946884	0.221239033592065191	0.130581976912975997
G:	0.150686823983375401	0.206092679396469376	0.00632236755659868022	0.00271926309843240093	0.213340858874870862	0.0865244957746361189	0.346269476304340234	0.583761428696879634	0.000931473078046034261	0.00222455919207121668	0.993288718109588097	0.00204420588175198365	0.00114794888016508119	0.0110590918655051667	0.00264723471064795783	0.1186024940232942	0.509834985059786785	0.631557119160264643	0.0522743224348108206	0.0539111229376281765	0.231806441916762037	0.424792540360882115
T:	0.567419924946668522	0.363895048123979681	0.201767194114121995	0.36741843145476043	0.234831577018152693	0.339892808372767684	0.260979979442183483	0.000910248977198201184	0.0158373164151498423	0.00205897222977888379	0.00207047092659438159	0.00209990333559353857	0.00241030600821105953	0.0020616218794594185	0.987390157036411286	0.0397008407529410211	0.232616308766326851	0.338411328698773631	0.883522850903031352	0.210948987315298118	0.329701476900689433	0.0840971306682887539



5	C.ATGTCGG	0.499305176435555114


A:	0.18165584286994639	0.134383295657596615	0.0840971306682887539	0.329701476900689433	0.210948987315298118	0.883522850903031352	0.338411328698773631	0.232616308766326851	0.0397008407529410211	0.872469865966342906	0.0261897927555871737	0.00475171511378905056	0.00195878665914598528	0.00325683383154642225	0.00177235664143320983	0.00870694212109725682	0.000910248977198201184	0.260979979442183483	0.339892808372767684	0.234831577018152693	0.36741843145476043	0.201767194114121995	0.363895048123979681
C:	0.237916225497271226	0.216299061283348863	0.424792540360882115	0.231806441916762037	0.0539111229376281765	0.0522743224348108206	0.631557119160264643	0.509834985059786785	0.1186024940232942	0.0348390436884812164	0.104958667784196083	0.00169407927031663577	0.00293608339891162487	0.99053201617132748	0.00295942519606787623	0.00200920177083286838	0.583761428696879634	0.346269476304340234	0.0865244957746361189	0.213340858874870862	0.00271926309843240093	0.00632236755659868022	0.206092679396469376
G:	0.104069055792382843	0.302706219354707214	0.130581976912975997	0.221239033592065191	0.365220856821946884	0.00616074795518202525	0.0144848892662314466	0.129871360877771538	0.377091517124218573	0.0519697270525980267	0.048151048231333415	0.990514440839741153	0.00925691560164479071	0.00367179929504105401	0.990710920801185178	0.985854960350088394	0.00125276049346370325	0.318749342678575414	0.529181888851202314	0.483250906833081922	0.624878765739835006	0.188556924314136329	0.228726362081132609
T:	0.476358875840399541	0.346611423704347308	0.360528352057853134	0.21725304759048334	0.369919032925126821	0.058042078706975802	0.0155466628747302796	0.127677345296114826	0.464605148099546206	0.0407213632925778513	0.820700491228883328	0.00303976477615316053	0.985848214340297599	0.00253935070208504423	0.00455729736131373559	0.00342889575798148123	0.414075561832458461	0.0740012015749008687	0.0444008070013938828	0.0685766572738945228	0.00498353970697216324	0.603353514015142996	0.201285910398418334



