1	CGCCGCCG	0.499022855866587254


A:	0.398584789946289131	0.214901870351747829	0.0873475591771350877	0.140392484276350624	0.443282677476978347	0.129675738260091412	0.0091487522085171308	0.10732242662461977	0.00797846333187123798	0.00228981006345068966	0.00382623027546958487	0.00545857112131655871	0.00204002628043559125	0.00515872701320775371	0.467471947802393355	0.0745953383491067685	0.0877366759537944297	0.487998423891310873	0.398642686939848226	0.0899638836099581648	0.223195586229108875	0.284315719258448566
C:	0.144494683288283749	0.136107679000322668	0.413842595553599483	0.0303200322579558344	0.48857622093498502	0.260645492329397713	0.285355069009109466	0.876942636015342706	0.00286902829747871248	0.842334123316572007	0.990026906799640342	0.00038455969237178392	0.983594641878625902	0.989702853762009766	0.0134477184843530713	0.571376289566602121	0.537028637849043443	0.238233427274919212	0.12435952069134328	0.765124460865500069	0.38320158343481431	0.127635086250514651
G:	0.179304634212116906	0.372597805715534049	0.440664349238751014	0.11308486010287555	0.0419049820844975191	0.449005424280933003	0.701593953305170827	0.0120230291162250004	0.984678624168962821	0.154328200783192493	0.00525427380384959278	0.987426357694105317	0.0105477561113545486	0.00217144531111067315	0.506297968414058157	0.130657017632927679	0.144267981749923913	0.0676889378524202493	0.450730694983182958	0.0758149323604719272	0.229291459253009696	0.40607272609364353
T:	0.277615892553310214	0.276392644932395454	0.0581454960305144154	0.716202623362817991	0.026236119503539114	0.160673345129577872	0.00390222547720257621	0.00371190824381252286	0.00447388420168722877	0.00104786583678481062	0.000892589121040479981	0.00673051149220634042	0.00381757572958395839	0.00296697391367180688	0.0127823652991954165	0.223371354451363431	0.230966704447238215	0.206079210981349666	0.0262670973856255364	0.0690967231640698387	0.164311371083067119	0.181976468397393253



2	CCGCCGCC	0.498971397685782675


A:	0.418042459513736584	0.398584789946289131	0.214901870351747829	0.0873475591771350877	0.140392484276350624	0.443282677476978347	0.129675738260091412	0.0091487522085171308	0.0285217499449209252	0.00908275071193477796	0.00142665794379515752	0.00464789857158510055	0.0115895999808220674	0.0130369611445911442	0.036166026561237677	0.467471947802393355	0.0745953383491067685	0.0877366759537944297	0.487998423891310873	0.398642686939848226	0.0899638836099581648	0.223195586229108875
C:	0.266507433861248883	0.144494683288283749	0.136107679000322668	0.413842595553599483	0.0303200322579558344	0.48857622093498502	0.260645492329397713	0.285355069009109466	0.908745409381131067	0.000782002626699179656	0.974645957816745613	0.991954625041449457	0.000793163214218982381	0.960499023241012214	0.956185387869915082	0.0134477184843530713	0.571376289566602121	0.537028637849043443	0.238233427274919212	0.12435952069134328	0.765124460865500069	0.38320158343481431
G:	0.147248768035167192	0.179304634212116906	0.372597805715534049	0.440664349238751014	0.11308486010287555	0.0419049820844975191	0.449005424280933003	0.701593953305170827	0.0607511820500072241	0.987923116896569467	0.0228728277248091858	0.0024219570979214021	0.982725527921960371	0.00498268468356775817	0.00275293892018255297	0.506297968414058157	0.130657017632927679	0.144267981749923913	0.0676889378524202493	0.450730694983182958	0.0758149323604719272	0.229291459253009696
T:	0.16820133858984734	0.277615892553310214	0.276392644932395454	0.0581454960305144154	0.716202623362817991	0.026236119503539114	0.160673345129577872	0.00390222547720257621	0.00198165862394078408	0.00221212976479657577	0.00105455651465004332	0.000975519289044040545	0.00489170888299857925	0.0214813309308288837	0.00489564664866468822	0.0127823652991954165	0.223371354451363431	0.230966704447238215	0.206079210981349666	0.0262670973856255364	0.0690967231640698387	0.164311371083067119



3	GCGCCGCC	0.498895672027000199


A:	0.418042459513736584	0.398584789946289131	0.214901870351747829	0.0873475591771350877	0.140392484276350624	0.443282677476978347	0.129675738260091412	0.0091487522085171308	0.0117180349286121639	0.00493365275932873257	0.000890285675334818968	0.00474669763097872731	0.00515388085049915716	0.00561021836680875548	0.0119193999373797793	0.467471947802393355	0.0745953383491067685	0.0877366759537944297	0.487998423891310873	0.398642686939848226	0.0899638836099581648	0.223195586229108875
C:	0.266507433861248883	0.144494683288283749	0.136107679000322668	0.413842595553599483	0.0303200322579558344	0.48857622093498502	0.260645492329397713	0.285355069009109466	0.985272472606590752	0.00155920440525806359	0.872207461685187782	0.990207221605926253	0.000313652027781661666	0.976264417900949154	0.983871978250264951	0.0134477184843530713	0.571376289566602121	0.537028637849043443	0.238233427274919212	0.12435952069134328	0.765124460865500069	0.38320158343481431
G:	0.147248768035167192	0.179304634212116906	0.372597805715534049	0.440664349238751014	0.11308486010287555	0.0419049820844975191	0.449005424280933003	0.701593953305170827	0.00102566030667503174	0.992063375289341658	0.126218786197451575	0.00450721118635190734	0.987804880273167821	0.00160911147659461454	0.00234907698149072917	0.506297968414058157	0.130657017632927679	0.144267981749923913	0.0676889378524202493	0.450730694983182958	0.0758149323604719272	0.229291459253009696
T:	0.16820133858984734	0.277615892553310214	0.276392644932395454	0.0581454960305144154	0.716202623362817991	0.026236119503539114	0.160673345129577872	0.00390222547720257621	0.00198383215812205187	0.00144376754607154625	0.000683466442025824085	0.000538869576743112118	0.00672758684855136067	0.0165162522556474757	0.00185954483086454023	0.0127823652991954165	0.223371354451363431	0.230966704447238215	0.206079210981349666	0.0262670973856255364	0.0690967231640698387	0.164311371083067119



4	CGCCGCCA	0.498830587125911956


A:	0.398584789946289131	0.214901870351747829	0.0873475591771350877	0.140392484276350624	0.443282677476978347	0.129675738260091412	0.0091487522085171308	0.0598344153904003291	0.0109714330567769422	0.000969559584445519442	0.00875793495912906172	0.00523406179942542373	0.0188646608435202406	0.0368420349002311658	0.467471947802393355	0.0745953383491067685	0.0877366759537944297	0.487998423891310873	0.398642686939848226	0.0899638836099581648	0.223195586229108875	0.284315719258448566
C:	0.144494683288283749	0.136107679000322668	0.413842595553599483	0.0303200322579558344	0.48857622093498502	0.260645492329397713	0.285355069009109466	0.931769087332185319	0.000603881701549262798	0.939713143320164556	0.987807711819969003	0.000689035752118665889	0.928202518546044431	0.956059725633339301	0.0134477184843530713	0.571376289566602121	0.537028637849043443	0.238233427274919212	0.12435952069134328	0.765124460865500069	0.38320158343481431	0.127635086250514651
G:	0.179304634212116906	0.372597805715534049	0.440664349238751014	0.11308486010287555	0.0419049820844975191	0.449005424280933003	0.701593953305170827	0.00640367835793996951	0.986309821028781301	0.0586270975282113494	0.00296112026318627123	0.988281151973804653	0.00265311311633340451	0.00104496915237234718	0.506297968414058157	0.130657017632927679	0.144267981749923913	0.0676889378524202493	0.450730694983182958	0.0758149323604719272	0.229291459253009696	0.40607272609364353
T:	0.277615892553310214	0.276392644932395454	0.0581454960305144154	0.716202623362817991	0.026236119503539114	0.160673345129577872	0.00390222547720257621	0.00199281891947438262	0.0021148642128924945	0.000690199567178575104	0.00047323295771566398	0.00579575047465125715	0.050279707494101924	0.00605327031405718618	0.0127823652991954165	0.223371354451363431	0.230966704447238215	0.206079210981349666	0.0262670973856255364	0.0690967231640698387	0.164311371083067119	0.181976468397393253



5	C..CGCCGCC	0.498626964433416046


A:	0.304191030385490338	0.418042459513736584	0.398584789946289131	0.214901870351747829	0.0873475591771350877	0.140392484276350624	0.443282677476978347	0.129675738260091412	0.0091487522085171308	0.0548210280753605941	0.00494128339973121724	0.00214431302927500582	0.00376232007087450998	0.00681916685046914029	0.0134010909859128327	0.0643495757225173265	0.467471947802393355	0.0745953383491067685	0.0877366759537944297	0.487998423891310873	0.398642686939848226	0.0899638836099581648	0.223195586229108875
C:	0.129004422943570055	0.266507433861248883	0.144494683288283749	0.136107679000322668	0.413842595553599483	0.0303200322579558344	0.48857622093498502	0.260645492329397713	0.285355069009109466	0.932426358727849315	0.0025875913124480209	0.919486062534565647	0.991280460560444483	0.000866607559387281332	0.926489560950769124	0.925689257587493544	0.0134477184843530713	0.571376289566602121	0.537028637849043443	0.238233427274919212	0.12435952069134328	0.765124460865500069	0.38320158343481431
G:	0.1171243287697597	0.147248768035167192	0.179304634212116906	0.372597805715534049	0.440664349238751014	0.11308486010287555	0.0419049820844975191	0.449005424280933003	0.701593953305170827	0.00865725300590759941	0.986663568447889243	0.0769824258920319616	0.00263474061071188038	0.982103463784685599	0.00901021123422418511	0.00364729458486213585	0.506297968414058157	0.130657017632927679	0.144267981749923913	0.0676889378524202493	0.450730694983182958	0.0758149323604719272	0.229291459253009696
T:	0.449680217901179907	0.16820133858984734	0.277615892553310214	0.276392644932395454	0.0581454960305144154	0.716202623362817991	0.026236119503539114	0.160673345129577872	0.00390222547720257621	0.00409536019088249105	0.00580755683993151914	0.00138719854412738596	0.00232247875796912616	0.0102107618054579791	0.0510991368290938579	0.00631387210512699392	0.0127823652991954165	0.223371354451363431	0.230966704447238215	0.206079210981349666	0.0262670973856255364	0.0690967231640698387	0.164311371083067119



