1	ATGTCGGC	0.499550225817658445


A:	0.100567972864162444	0.280746365572169863	0.126130689369923768	0.913844202680454356	0.248877970482872681	0.226492721553562981	0.115624188812305857	0.909472802196756695	0.0142516546717713653	0.00510694378228138735	0.00341578524061904401	0.00157901016556482915	0.00218204391357046227	0.0238197122047154064	0.00157158393029887588	0.307208634139305302	0.358786569437015461	0.378472825272965855	0.149797479898908668	0.212598997662896231	0.381624039861645073	0.461632615418564156
C:	0.435608487270092652	0.13705189105722701	0.153836068160494737	0.047860065061732286	0.699410223599932436	0.367773612854223627	0.110420243080494753	0.0249161755013392561	0.0107214353042155422	0.000557136696071344648	0.0037253247026036493	0.993022070427695583	0.00105271003775714271	0.000587304858082219827	0.867400961794877228	0.308934862835633263	0.110469394786362672	0.225397680536875947	0.00153936398314496413	0.00377734096204683896	0.0618745805515485441	0.155297559721154605
G:	0.158032444048360726	0.328314353693998694	0.347330068455242993	0.00781337703532204575	0.0113071023290142586	0.15083354566666293	0.250910760694405044	0.0148961977936394615	0.00849445802633743856	0.990744715200785401	0.000883810961695522173	0.00256285247035316842	0.99205458387411782	0.974800350344069702	0.000489210094230566736	0.251530881125566348	0.430403589848158747	0.299828391328167497	0.844961885726257275	0.170608587494122491	0.415441580227485555	0.227850752019608203
T:	0.305791095817384179	0.253887389676604432	0.372703174014338502	0.030482355222491312	0.0404047035881806248	0.254900119925550462	0.523044807412794347	0.0507148245082645875	0.966532451997675654	0.00359120432086186743	0.991975079095081784	0.00283606693638641981	0.00471066217455457496	0.000792632593132672193	0.130538244180593329	0.132325621899495087	0.100340445928463119	0.0963011028619907017	0.003701270391689092	0.61301507388093444	0.141059799359320828	0.155219072840673036



2	TGCCGACA	0.499146937661306333


A:	0.516928066751900513	0.286811917383565451	0.270089743019210044	0.0105743312831714905	0.18859832135620209	0.0739368544529723378	0.0590403279587071502	0.0128588169109448696	0.0994296742313957259	0.00113133950376201964	0.00879830956578283525	0.00141681463215783141	0.987044602739078229	0.00283978570195621079	0.943357050664169398	0.0507148245082645875	0.473407418479321778	0.102690408805798653	0.0595049742064641284	0.11265512675219002	0.339785005765288518	0.113808306695313993
C:	0.152674042891627433	0.0424999352006072281	0.112897294836183363	0.750425656833857719	0.353932328126352333	0.453208906457082988	0.700434471094434738	0.0487272113848720436	0.000407013833576483886	0.963993788144699884	0.988804494973630712	0.00214063383133947121	0.000491860345604132934	0.991454673212313139	0.00854965715111959552	0.0148961977936394615	0.373568695521467866	0.0459580909167021317	0.205938822033013656	0.0361435781049778943	0.130275359875996143	0.23914646729793213
G:	0.277812103024929197	0.510021043364728263	0.269759763122367362	0.0269489946747175338	0.249572135370871861	0.057664631124806717	0.0764060815944120536	0.0337782352704754178	0.899020779928046368	0.000509255303154919022	0.000649641590548559442	0.99265327973797085	0.0101737312503641691	0.00095934439191004737	0.0090669016220794702	0.0249161755013392561	0.0516410989699196554	0.668405086483081352	0.537774309056836843	0.0229537630770650055	0.05906468321008602	0.152831970672639048
T:	0.052585787331542857	0.160667104051099058	0.347253199022239231	0.212051017208253257	0.207897215146573716	0.415189607965137958	0.164119119352446059	0.904635736433707669	0.00114253200698142193	0.0343656170483831769	0.00174755387003789319	0.00378927179853184777	0.00228980566495346888	0.00474619669382060328	0.0390263905626315359	0.909472802196756695	0.101382787029290701	0.182946413794417864	0.196781894703685373	0.82824753206576708	0.470874951148629319	0.494213255334114829



3	C..TGTCGGC	0.499129816202623786


A:	0.285577564206689375	0.146432806089175918	0.494213255334114829	0.470874951148629319	0.82824753206576708	0.196781894703685373	0.182946413794417864	0.101382787029290701	0.909472802196756695	0.0407865341984889334	0.00772203615966728091	0.00169380614088439884	0.00233867082464853047	0.00117966078974516668	0.0175021039850714394	0.00133478642224485425	0.904635736433707669	0.164119119352446059	0.415189607965137958	0.207897215146573716	0.212051017208253257	0.347253199022239231	0.160667104051099058
C:	0.205179890603314798	0.43808145956870585	0.152831970672639048	0.05906468321008602	0.0229537630770650055	0.537774309056836843	0.668405086483081352	0.0516410989699196554	0.0249161755013392561	0.0106163401654895644	0.000575572786510201071	0.00459507375666496093	0.992947043484638507	0.000886069200193557787	0.000729169068530321151	0.883846688696891072	0.0337782352704754178	0.0764060815944120536	0.057664631124806717	0.249572135370871861	0.0269489946747175338	0.269759763122367362	0.510021043364728263
G:	0.113086901094756876	0.130212657851990482	0.23914646729793213	0.130275359875996143	0.0361435781049778943	0.205938822033013656	0.0459580909167021317	0.373568695521467866	0.0148961977936394615	0.0041597090531662581	0.988562299163554843	0.00143364072031433699	0.00167521942904237159	0.988701241720567517	0.980575389136651591	0.000421952324495979226	0.0487272113848720436	0.700434471094434738	0.453208906457082988	0.353932328126352333	0.750425656833857719	0.112897294836183363	0.0424999352006072281
T:	0.396155644095238951	0.28527307649012775	0.113808306695313993	0.339785005765288518	0.11265512675219002	0.0595049742064641284	0.102690408805798653	0.473407418479321778	0.0507148245082645875	0.944437416582855244	0.0031400918902676752	0.992277479382136303	0.00303906626167059119	0.00923302828949375898	0.00119333780974664837	0.114396572556368095	0.0128588169109448696	0.0590403279587071502	0.0739368544529723378	0.18859832135620209	0.0105743312831714905	0.270089743019210044	0.286811917383565451



4	A.GTCGGCA	0.499004293017023177


A:	0.0993843733170212576	0.266424162302096165	0.242862158671618685	0.254691720681994173	0.0324731098536382414	0.344109584545385825	0.152732961152786437	0.778855584835163069	0.0390263905626315359	0.00215731919760055625	0.00291059556695064892	0.00338220787176938209	0.00453479771514022893	0.0175250617870638621	0.00131425789932259511	0.812952022149474212	0.411045809102947356	0.351781638452045515	0.135391449340638857	0.183981461864611557	0.0489624453206202703	0.129429747129449979	0.223740457258929479
C:	0.3684476207969029	0.615419839347576314	0.265452469855132641	0.0916046597496577863	0.886293839268435113	0.281369375623655485	0.0768952800473429428	0.032745743455964159	0.0090669016220794702	0.00111881468533846069	0.00237967273232005942	0.993079006622245159	0.00152133824089507909	0.000520605821524391175	0.922966572693927688	0.0194578910326178785	0.101993406560347923	0.0826469366753725873	0.0524904319899802106	0.197500820907132543	0.27688870416809596	0.104089333729407884	0.0867488514285434549
G:	0.116148443266090958	0.0358330911654254505	0.297948758541880013	0.424676194307513361	0.0472003647952831954	0.240117806753393642	0.461495992637373609	0.0149730786229995706	0.00854965715111959552	0.992372737628221263	0.00187582530345055596	0.00164246545914823003	0.991748766860653588	0.980638681697509038	0.000378742347876375873	0.146749061444633556	0.381249133754959867	0.508979681016153729	0.41442013778906838	0.104612418378394527	0.119924320926429996	0.606332425939517745	0.319274645861107214
T:	0.416019562619984884	0.0823229071849020709	0.19373661293136866	0.229027425260834679	0.03403268608264345	0.134403233077565049	0.308875766162497011	0.173425593085873202	0.943357050664169398	0.00435112848883971974	0.992833906397278736	0.00189632004683722849	0.00219509718331110426	0.00131565069390270891	0.0753404270588733405	0.0208410253732743529	0.105711650581744854	0.0565917438564281691	0.397697980880312552	0.513905298849861373	0.554224529584853773	0.160148493201624392	0.370236045451419853



5	C..GCCGACA	0.49880556520588284


A:	0.326016124662456666	0.516928066751900513	0.286811917383565451	0.270089743019210044	0.0105743312831714905	0.18859832135620209	0.0739368544529723378	0.0590403279587071502	0.0128588169109448696	0.123037469116677512	0.00100095532333714769	0.0042283810452672569	0.00159929565188844159	0.992577417452236056	0.00266154457865831353	0.946988316777812226	0.0507148245082645875	0.473407418479321778	0.102690408805798653	0.0595049742064641284	0.11265512675219002	0.339785005765288518	0.113808306695313993
C:	0.15343384949977131	0.152674042891627433	0.0424999352006072281	0.112897294836183363	0.750425656833857719	0.353932328126352333	0.453208906457082988	0.700434471094434738	0.0487272113848720436	0.000691399678123212621	0.981746917488836964	0.99183766593070766	0.00240153992504410769	0.00217147157883984386	0.990984360243428478	0.0121160833631463625	0.0148961977936394615	0.373568695521467866	0.0459580909167021317	0.205938822033013656	0.0361435781049778943	0.130275359875996143	0.23914646729793213
G:	0.469166059311002455	0.277812103024929197	0.510021043364728263	0.269759763122367362	0.0269489946747175338	0.249572135370871861	0.057664631124806717	0.0764060815944120536	0.0337782352704754178	0.874838286040507827	0.00120714966213492288	0.00276083770485266722	0.992600664830681783	0.00282129862202087147	0.000927421895755699129	0.012040964609146797	0.0249161755013392561	0.0516410989699196554	0.668405086483081352	0.537774309056836843	0.0229537630770650055	0.05906468321008602	0.152831970672639048
T:	0.0513839665267695685	0.052585787331542857	0.160667104051099058	0.347253199022239231	0.212051017208253257	0.207897215146573716	0.415189607965137958	0.164119119352446059	0.904635736433707669	0.00143284516469144894	0.0160449775256909656	0.00117311531917241577	0.00339849959238566752	0.00242981234690322838	0.00542667328215750941	0.0288546352498946142	0.909472802196756695	0.101382787029290701	0.182946413794417864	0.196781894703685373	0.82824753206576708	0.470874951148629319	0.494213255334114829



