1	CGCCGCCA	0.496572410541466078


A:	0.114756617247054209	0.336793279890668575	0.159626978250357603	0.178462844078835929	0.362666370369651778	0.130116110925920373	0.0376429791590787117	0.24986043967281843	0.00818368986778905424	0.00269200798902096046	0.0124259760104883015	0.0106920963585707643	0.0263765213855984104	0.00547288636636740982	0.665369969413223371	0.16235221158553757	0.1709163051411102	0.416786250244934662	0.185856294131392285	0.161006077785302126	0.170464865912731232	0.370744246012342738
C:	0.157597478474759855	0.118871008821114545	0.315653194305671102	0.047576589732718935	0.392836010175910233	0.397835390653362713	0.320173016422345647	0.71389513123335622	0.00165552562762291298	0.971857155889109543	0.983595160205797964	0.0031663148085831493	0.880520034752070283	0.987482851098886914	0.0825651786074288785	0.262826248032197779	0.431267796704902912	0.363667835906374026	0.423413377227729791	0.629520701637308947	0.181014339386290075	0.180635120443886615
G:	0.134636737500416699	0.173050519983223622	0.40627544831470235	0.146279737893127594	0.0906117761725435961	0.12007341127811988	0.630713173497522896	0.026799665262897812	0.986731886632836924	0.0204064465137207806	0.00153291050065752672	0.983115471377352136	0.0183744315845784737	0.00264120329343749596	0.210553556360657437	0.319065069799961652	0.15069021012609153	0.0372173054756280265	0.23041492489424309	0.0682800575009714835	0.563461230223013421	0.329825078504840145
T:	0.593009166777769237	0.371285191304993259	0.118444379129268945	0.627680828295317541	0.153885843281894393	0.351975087142597034	0.0114708309210527449	0.00944476383092753761	0.0034288978717511091	0.00504438960814871611	0.00244595328305620824	0.00302611745549395054	0.0747290122777528327	0.00440305924130817988	0.041511295618690313	0.255756470582303	0.247125688027895359	0.182328608373063286	0.160315403746634834	0.141193163076417443	0.0850595644779652725	0.118795555038930501



2	GCGCCGCC	0.495728484216795712


A:	0.13820121168508303	0.114756617247054209	0.336793279890668575	0.159626978250357603	0.178462844078835929	0.362666370369651778	0.130116110925920373	0.0376429791590787117	0.0295986331711448135	0.00565094407205609909	0.00155141282966560768	0.00886520624768573746	0.0046757913909915097	0.0112898967323678682	0.00383297543194973266	0.665369969413223371	0.16235221158553757	0.1709163051411102	0.416786250244934662	0.185856294131392285	0.161006077785302126	0.170464865912731232
C:	0.187215351713088341	0.157597478474759855	0.118871008821114545	0.315653194305671102	0.047576589732718935	0.392836010175910233	0.397835390653362713	0.320173016422345647	0.962414725483555571	0.00138097976700549436	0.97054497170069876	0.987600492422525965	0.00130337235878599429	0.935986761690291869	0.99007588950697256	0.0825651786074288785	0.262826248032197779	0.431267796704902912	0.363667835906374026	0.423413377227729791	0.629520701637308947	0.181014339386290075
G:	0.273354257557522515	0.134636737500416699	0.173050519983223622	0.40627544831470235	0.146279737893127594	0.0906117761725435961	0.12007341127811988	0.630713173497522896	0.00357271201725764024	0.990706224103672758	0.0245191178683976551	0.00250159880881820025	0.989801969853968391	0.0111948138109641087	0.00314830538284558547	0.210553556360657437	0.319065069799961652	0.15069021012609153	0.0372173054756280265	0.23041492489424309	0.0682800575009714835	0.563461230223013421
T:	0.401229179044306115	0.593009166777769237	0.371285191304993259	0.118444379129268945	0.627680828295317541	0.153885843281894393	0.351975087142597034	0.0114708309210527449	0.00441392932804197524	0.00226185205726564857	0.00338449760123797755	0.00103270252097009769	0.00421886639625410541	0.0415285277663761542	0.00294282967823212197	0.041511295618690313	0.255756470582303	0.247125688027895359	0.182328608373063286	0.160315403746634834	0.141193163076417443	0.0850595644779652725



3	CCGCCGCC	0.495356122527769505


A:	0.13820121168508303	0.114756617247054209	0.336793279890668575	0.159626978250357603	0.178462844078835929	0.362666370369651778	0.130116110925920373	0.0376429791590787117	0.14093252380657911	0.0103175155536122918	0.00560320986630772927	0.0153497024651760012	0.0194925616764552649	0.0279630818869472889	0.00734034704690714905	0.665369969413223371	0.16235221158553757	0.1709163051411102	0.416786250244934662	0.185856294131392285	0.161006077785302126	0.170464865912731232
C:	0.187215351713088341	0.157597478474759855	0.118871008821114545	0.315653194305671102	0.047576589732718935	0.392836010175910233	0.397835390653362713	0.320173016422345647	0.776777394685561669	0.00293688669813080996	0.972029445510683278	0.980533925906253483	0.00563696564051143432	0.865805198680344455	0.983334955808587281	0.0825651786074288785	0.262826248032197779	0.431267796704902912	0.363667835906374026	0.423413377227729791	0.629520701637308947	0.181014339386290075
G:	0.273354257557522515	0.134636737500416699	0.173050519983223622	0.40627544831470235	0.146279737893127594	0.0906117761725435961	0.12007341127811988	0.630713173497522896	0.0745194694156820828	0.982910088218550237	0.020285554761650813	0.00162892910960925591	0.970584733084400098	0.0551836310929450778	0.00485416588988014684	0.210553556360657437	0.319065069799961652	0.15069021012609153	0.0372173054756280265	0.23041492489424309	0.0682800575009714835	0.563461230223013421
T:	0.401229179044306115	0.593009166777769237	0.371285191304993259	0.118444379129268945	0.627680828295317541	0.153885843281894393	0.351975087142597034	0.0114708309210527449	0.00777061209217713814	0.00383550952970666086	0.00208178986135817971	0.00248744251896125941	0.00428573959863320271	0.0510480883397631784	0.00447053125462542319	0.041511295618690313	0.255756470582303	0.247125688027895359	0.182328608373063286	0.160315403746634834	0.141193163076417443	0.0850595644779652725



4	C.GCCGCCA	0.495303737158171621


A:	0.328231383875442421	0.216759711713746664	0.163517776954425313	0.471856156145520239	0.021427829522676277	0.138912589331924043	0.227608836417945563	0.0457507154787670694	0.24986043967281843	0.0220381549655205384	0.00544405681838655409	0.0308863436653294549	0.00727377739484246201	0.0137839555286024133	0.00551179113357776848	0.748559044208583855	0.314129724456662037	0.471775663251789425	0.375860792710734969	0.0408977486632766384	0.161897026132348705	0.549051313926693648	0.122093490598655822
C:	0.259303648713969672	0.221124352084576713	0.202748793044338805	0.287011083754615602	0.0115577484457001997	0.273554513624672223	0.381220981271876638	0.736934926744372797	0.71389513123335622	0.00506097598598514535	0.976944782002729225	0.963540346399180925	0.00488183304207039325	0.924037619776290383	0.986045416143105444	0.0461865891784289311	0.126888068459696796	0.233783343274902078	0.18525956866632462	0.845095643272183677	0.413204724248982102	0.0799434889928295003	0.174803177964492452
G:	0.232587518742999917	0.105338054082982636	0.0862243595441007298	0.0451397731521111889	0.122976914517868793	0.238800770808706576	0.136604898249684191	0.146861617424906133	0.026799665262897812	0.965890311605843452	0.00719994182892404306	0.0032816057157860647	0.981676374544250896	0.0286895789481739907	0.00415811904209328875	0.153551838881252241	0.378370365208565171	0.189256960250280715	0.368568636912394503	0.0250833589520006463	0.326545013323279387	0.315501423440835966	0.580462119029412269
T:	0.17987744866758799	0.456777882118693988	0.547509070457135151	0.195992986947752971	0.84403750751375473	0.348732126234697159	0.254565284060493607	0.070452740351954001	0.00944476383092753761	0.00701055744265086445	0.0104112193499601776	0.00229170421970355543	0.0061680150188362487	0.0334888457469332125	0.00428467368122349836	0.0517025277317349732	0.180611841875075996	0.105184033223027782	0.0703110017105459084	0.0889232491125390383	0.0983532362953898056	0.055503773639640885	0.122641212407439457



5	A.TG.CGGCG	0.493782983440038381


A:	0.172197778962764311	0.206690822707888464	0.227395491633427731	0.111334111450023069	0.0293787112008497034	0.036912993052424627	0.630107569075299704	0.121489058542709668	0.0324865600038309411	0.0104023330437446414	0.0747290122777528327	0.0129399830013543607	0.00856067854410182659	0.00402210672609065936	0.00220371103459127897	0.0114436797270393362	0.0324081762056442414	0.202388334082041645	0.188796113018990919	0.221432796116990032	0.263964115274695667	0.319268192488035488	0.487311580026536894
C:	0.229868531090790403	0.364508380610129996	0.236070659158063667	0.260047460575880684	0.0120801200400243846	0.151871892642590148	0.0560185206803287582	0.422536542891223313	0.178264731156046609	0.00286153211003115406	0.0183744315845784737	0.974598674322916262	0.00293064721698698405	0.0163181058891765271	0.98685993298903666	0.00635088751340088824	0.574582650222479551	0.614044161628661642	0.246355845789242168	0.249133666900711679	0.0392123837980499297	0.233086667319838845	0.0699739716334317793
G:	0.299981320280331903	0.162331118761055047	0.0450426522646060323	0.492100776955274978	0.894391958212852524	0.27062461293654831	0.207238479299405541	0.275296268303234078	0.0515270355353304506	0.979152109769045225	0.880520034752070283	0.00701977444174664399	0.980635750349615914	0.975020693221378641	0.00205708355604306469	0.948080610224940154	0.293552539294273427	0.0647797529346483181	0.247686338677093123	0.249133666900711679	0.573261542490189553	0.263100722130761971	0.300243034734990459
T:	0.297952369666113382	0.266469677920926493	0.49149119694390257	0.13651765101882127	0.0641492105462733881	0.540590501368436915	0.106635430944965997	0.180678130262832941	0.737721673304792	0.00758402507717897974	0.0263765213855984104	0.00544156823398273289	0.00787292388929527567	0.00463909416335417245	0.00887927242032899629	0.0341248225346196216	0.09945663427760278	0.118787751354648395	0.31716170251467379	0.28029987008158661	0.12356195843706485	0.184544418061363697	0.142471413605040867



