1	CGGCGCCG	0.496465247804732847


A:	0.494691716996489738	0.537038769370225014	0.251082034753375135	0.116566515978039575	0.177454596669797875	0.140761341132350762	0.169511259251561893	0.0204361512043134762	0.113923527976659922	0.00983982704419749925	0.0195427212701970003	0.00702601291283857825	0.00343626787789477606	0.0350053531436451778	0.142354751378464309	0.132733433730154307	0.464336815043935056	0.695453450728222688	0.789100714293055736	0.203378005974094622	0.536448269947258482	0.21510286730742602
C:	0.358539472531087028	0.274913621407011532	0.317462462450258663	0.0790165896179149902	0.163023739332752318	0.37693529421373489	0.21201714956374336	0.805913876840354113	0.0201978093029272067	0.156817471130258032	0.971003039338490583	0.00242822647847383818	0.829906433947649693	0.830873309576767693	0.0312952205768681018	0.334569516092472768	0.399482407655041953	0.119882539336934452	0.0981293909074004133	0.142571411755371847	0.0918687494350022223	0.0233432853189168429
G:	0.023869972914620566	0.0425972425715750643	0.0208967143981536545	0.0108300603674067133	0.092792687805345946	0.185236353124313112	0.208164197795611517	0.0312952205768681018	0.830873309576767693	0.829906433947649693	0.00242822647847383818	0.971003039338490583	0.156817471130258032	0.0201978093029272067	0.805913876840354113	0.0704307365646087066	0.0514561652801729052	0.146360067197215065	0.0218904281003289869	0.40476698687684961	0.0604771948602742171	0.365403333194958508
T:	0.122898837557802669	0.14545036665118839	0.410558788398212548	0.793586834036638722	0.566728976192103861	0.297067011529601237	0.41030739338908323	0.142354751378464309	0.0350053531436451778	0.00343626787789477606	0.00702601291283857825	0.0195427212701970003	0.00983982704419749925	0.113923527976659922	0.0204361512043134762	0.462266313612764219	0.084724612020850086	0.0383039427376277955	0.0908794666992148636	0.249283595393683921	0.311205785757465079	0.396150514178698629



2	GCGGCCGC	0.496347422731557275


A:	0.348701849987944827	0.120009106011780955	0.356337851387708413	0.0103941775070186256	0.109975758149420378	0.207002547257667894	0.138145872819294164	0.0553277823655811566	0.00561505551414607039	0.0234504614011437217	0.00422679527114565885	0.00753625178971074549	0.00289020364017649926	0.0242764901314592523	0.0115812302863350149	0.591281547813409766	0.517598072579671825	0.553922751385371784	0.0656624907495719593	0.452880778045244093	0.320946587034569058	0.429962648210075341
C:	0.101020792968395162	0.309789204000588739	0.523008889592783649	0.203644916389013318	0.408585220006784021	0.238052864096724546	0.179075831138393094	0.0133324845686458055	0.967759367590097584	0.0989802177769465637	0.00775159099883719271	0.980485361940306403	0.874679117181733215	0.00234908676429709356	0.919758502779438023	0.207394352369687545	0.0708691296589745564	0.0188356300340285702	0.0245471049522978097	0.00820700968996610035	0.205045603756349289	0.270717683213987763
G:	0.263057063954253638	0.255893580145861056	0.0388109626365373683	0.730482769036094336	0.062684579328542745	0.110720736640829709	0.255870750113383317	0.919758502779438023	0.00234908676429709356	0.874679117181733215	0.980485361940306403	0.00775159099883719271	0.0989802177769465637	0.967759367590097584	0.0133324845686458055	0.0509178277046715611	0.185114362705683455	0.329128955164711553	0.0656624907495719593	0.232241911814096887	0.259492654923103645	0.0728045104102890156
T:	0.287220293089406373	0.314308109841769251	0.0818422963829705697	0.0554781370678737204	0.418754442515252857	0.444223852004777851	0.426907545928929425	0.0115812302863350149	0.0242764901314592523	0.00289020364017649926	0.00753625178971074549	0.00422679527114565885	0.0234504614011437217	0.00561505551414607039	0.0553277823655811566	0.150406272112231128	0.226418435055670164	0.0981126634158880921	0.844127913548558272	0.30667030045069292	0.214515154285978008	0.22651515816564788



3	C.GCGCCG.C	0.495947063688999173


A:	0.257878798488718426	0.485759750325616996	0.63352612258383374	0.00822969553967715331	0.0701528406543400357	0.144023454053025439	0.256842281770092666	0.21692553409406855	0.113923527976659922	0.067718844557870033	0.0231671025790497055	0.00800558974450175558	0.00647811090114808575	0.0110344060501372209	0.0399129610170326119	0.137872573651233332	0.260284230543120111	0.706999900626195341	0.544116890640796463	0.636546978709715625	0.11563793069372051	0.234112999643627011	0.473525696718472384
C:	0.477781119975905615	0.0998702839823387433	0.311350460739170522	0.00491434578706579758	0.247257619946828238	0.401602706283139027	0.129828554943896926	0.6169298673209425	0.0201978093029272067	0.132354200846254702	0.948412223096579468	0.00354218685146600801	0.809083267142852819	0.965162949336492994	0.0164223426970392983	0.629471527156340781	0.556278752032151969	0.0120849043684619309	0.315660786861112676	0.157520173051172382	0.164899859317113799	0.13055765505642622	0.338911756829281955
G:	0.0415149505291889254	0.214502431301079209	0.0163504320462680326	0.226942883779791858	0.146901304870896107	0.0527711333806965073	0.241315754004934233	0.120653560914403461	0.830873309576767693	0.782740324041270149	0.0139555211259339987	0.971999512163312822	0.177876166688128022	0.00852510884611117841	0.917797644139940728	0.0477643123540094327	0.0484498538886211466	0.179391470396001441	0.111312961567928886	0.0144330964676597649	0.0201074203489332685	0.397561606430659386	0.0935652454191098012
T:	0.222825131006187034	0.199867534390965052	0.0387729846307277052	0.759913074893465192	0.535688234527935619	0.401602706283139027	0.372013409281076174	0.0454910376705854897	0.0350053531436451778	0.017186630554605116	0.0144651531984368281	0.016452711240719414	0.00656245526787107329	0.0152775357672586072	0.0258670521459873621	0.184891586838416454	0.134987163536106773	0.101523724609341287	0.0289093609301619744	0.191499751771452228	0.699354789640232423	0.237767738869287383	0.09399730103313586



4	CGCCGCAA	0.495675964067695667


A:	0.279784879907442622	0.178725884360958462	0.0301775720003183775	0.404383313618628547	0.553564550563340099	0.162290067591877306	0.0649674000346914457	0.0304516374256944995	0.00824412857852130283	0.00153286444799879179	0.00153786676374289798	0.0175037348910818169	0.0226090432858374404	0.739306007094340889	0.934020652167883457	0.298871324725861326	0.128506115992719594	0.387599372683457652	0.149336686106391644	0.130973219373465444	0.773201108174931399	0.221988340292139984
C:	0.287026205208963503	0.0695488165361425586	0.907567090025112774	0.135264387581584899	0.212489536781169051	0.166779932213209683	0.102817457465156656	0.938817633977651771	0.00151018918051885887	0.937767998682753121	0.983583760307071835	0.0015029322439968326	0.935441297738309779	0.219942462663094633	0.0251473768268896486	0.0769818783942898966	0.0716875839884161328	0.0561526348556796808	0.0275875997109105669	0.0941074796245757353	0.0657166147888393122	0.445990217919729169
G:	0.101976640319703027	0.0727049735396818853	0.0118846754140068662	0.025332044545587457	0.179380128745766115	0.413254762325258036	0.799205120975007403	0.0114757951103431032	0.987991035390033067	0.0571809884387957824	0.0107298342647742769	0.975277310913373753	0.0109301373566156429	0.00686017435637636785	0.0249243044503620619	0.114971614900427313	0.126063534517015901	0.140203492636476192	0.509195384583848666	0.0857071927393999533	0.101115255673543887	0.231821490386438917
T:	0.331212274563890849	0.679020325563217094	0.0503706625605619826	0.435020254254199097	0.0545657839097247357	0.257675237869654974	0.0330100215251444948	0.0192549334863106262	0.00225464685092677083	0.00351814843045230428	0.00414853866441099001	0.0057160219515475975	0.0310195216192371375	0.0338913558861881101	0.0159076665548648325	0.509175181979421465	0.673742765501848372	0.416044499824386475	0.313880329598849124	0.689212108262558868	0.0599670213626854022	0.10019995140169193



5	C.GCGCCGC	0.495520042351150595


A:	0.257878798488718426	0.485759750325616996	0.63352612258383374	0.00822969553967715331	0.0701528406543400357	0.144023454053025439	0.256842281770092666	0.108768133834320717	0.113923527976659922	0.0190387146654152153	0.0307917385113328207	0.0158127809937199981	0.00477265557291257181	0.0194494752017845558	0.0266767865480770572	0.137872573651233332	0.260284230543120111	0.706999900626195341	0.544116890640796463	0.636546978709715625	0.11563793069372051	0.234112999643627011	0.473525696718472384
C:	0.477781119975905615	0.0998702839823387433	0.311350460739170522	0.00491434578706579758	0.247257619946828238	0.401602706283139027	0.129828554943896926	0.750771086104283915	0.0201978093029272067	0.0702764676470296076	0.943615951667194516	0.00341023927495298831	0.729286359565362185	0.9572538456482085	0.00523222853901668346	0.629471527156340781	0.556278752032151969	0.0120849043684619309	0.315660786861112676	0.157520173051172382	0.164899859317113799	0.13055765505642622	0.338911756829281955
G:	0.0415149505291889254	0.214502431301079209	0.0163504320462680326	0.226942883779791858	0.146901304870896107	0.0527711333806965073	0.241315754004934233	0.0704612011826166706	0.830873309576767693	0.879615930461959876	0.00708336850726462239	0.969276647582718334	0.260174076712199106	0.014396015633932095	0.949332058406964824	0.0477643123540094327	0.0484498538886211466	0.179391470396001441	0.111312961567928886	0.0144330964676597649	0.0201074203489332685	0.397561606430659386	0.0935652454191098012
T:	0.222825131006187034	0.199867534390965052	0.0387729846307277052	0.759913074893465192	0.535688234527935619	0.401602706283139027	0.372013409281076174	0.0699995788787786979	0.0350053531436451778	0.031068887225595301	0.0185089413142080404	0.0115003321486086794	0.00576690814952613766	0.00890066351607484919	0.0187589265059414356	0.184891586838416454	0.134987163536106773	0.101523724609341287	0.0289093609301619744	0.191499751771452228	0.699354789640232423	0.237767738869287383	0.09399730103313586



