1	CGCCGCCG	0.498916711940863667


A:	0.169381178784959274	0.345204508624727588	0.275677881949869997	0.295967524231464393	0.11452726178919883	0.109993857755964489	0.0585551539405601801	0.0652785034782291428	0.00497699099392564426	0.00166885079494722719	0.0106527645356862289	0.00793427732335003352	0.00319411063725014951	0.00765117414864814969	0.336774840571186995	0.130356268806677874	0.306439948549070589	0.350236028935328589	0.391767075307011067	0.161165246571084242	0.174089530218882999	0.123328127913303307
C:	0.217198668695120193	0.148929994151849114	0.233145943606207158	0.347547611629250767	0.164521142423777044	0.192628036554740001	0.151935309355331937	0.876603778547301871	0.00396667035837364615	0.830713754158890895	0.979457985422446392	0.00062401301900912911	0.924141202710378326	0.975062667229840431	0.04106646902095659	0.143529633430721199	0.282400852956423421	0.206962720700075723	0.324899830921781228	0.18145449319713825	0.382817469895486759	0.44684878997034665
G:	0.139348804186105586	0.241424885678054989	0.0748641473458685942	0.209605051556137961	0.25442162181069484	0.620972758548443499	0.783395006477830831	0.0385183808025455602	0.983324215524274427	0.165482191515370435	0.00913152128452377016	0.985845881345640865	0.0616717540001288831	0.012396555241513264	0.595490879751953687	0.446911104261236578	0.15864326050029848	0.0911842184401709606	0.051121314860879012	0.269018545009606239	0.229314107219398511	0.287187548350883881
T:	0.474071348333814947	0.26444061154536831	0.416312027098054251	0.146879812583146879	0.466529973976329286	0.076405347140852011	0.00611453022627705209	0.019599337171923426	0.00773212312342628247	0.00213520353079144254	0.000757728757343609184	0.00559582831199997225	0.0109929326522426409	0.00488960337999815512	0.0266678106559027277	0.27920299350136435	0.252515937994207511	0.351617031924424727	0.232211778910328692	0.38836171522217127	0.213778892666231731	0.142635533765466162



2	GCGCCGCC	0.49880223253976094


A:	0.210402649869324325	0.169381178784959274	0.345204508624727588	0.275677881949869997	0.295967524231464393	0.11452726178919883	0.109993857755964489	0.0585551539405601801	0.0041008931688853331	0.00590007020112087987	0.000947913026777780067	0.0103412642476652727	0.00609743649944904759	0.0080812267155448431	0.014821013074756952	0.336774840571186995	0.130356268806677874	0.306439948549070589	0.350236028935328589	0.391767075307011067	0.161165246571084242	0.174089530218882999
C:	0.552582875766536639	0.217198668695120193	0.148929994151849114	0.233145943606207158	0.347547611629250767	0.164521142423777044	0.192628036554740001	0.151935309355331937	0.982053025864229148	0.00147981637393684392	0.865602367347076929	0.984608535946561167	0.000472025377344118151	0.972104188653209178	0.96450901685291465	0.04106646902095659	0.143529633430721199	0.282400852956423421	0.206962720700075723	0.324899830921781228	0.18145449319713825	0.382817469895486759
G:	0.0935264983256100298	0.139348804186105586	0.241424885678054989	0.0748641473458685942	0.209605051556137961	0.25442162181069484	0.620972758548443499	0.783395006477830831	0.00742033531592539108	0.990753018520687013	0.131912821663624699	0.00468213098792893154	0.987394865860686241	0.00572644542098370131	0.0114492855922421241	0.595490879751953687	0.446911104261236578	0.15864326050029848	0.0911842184401709606	0.051121314860879012	0.269018545009606239	0.229314107219398511
T:	0.143487976038529006	0.474071348333814947	0.26444061154536831	0.416312027098054251	0.146879812583146879	0.466529973976329286	0.076405347140852011	0.00611453022627705209	0.00642574565096012806	0.00186709490425526364	0.00153689796252059187	0.000368068817844628642	0.00603567226252059313	0.0140881392102622778	0.00922068448008627372	0.0266678106559027277	0.27920299350136435	0.252515937994207511	0.351617031924424727	0.232211778910328692	0.38836171522217127	0.213778892666231731



3	CGCCGCC..A	0.498300982861658517


A:	0.169381178784959274	0.345204508624727588	0.275677881949869997	0.295967524231464393	0.11452726178919883	0.109993857755964489	0.0585551539405601801	0.0886253341384094277	0.00763405222554888194	0.00162394918115479922	0.00886310544557985577	0.0108117795968084184	0.01320549850982075	0.0140691038497745745	0.336774840571186995	0.130356268806677874	0.306439948549070589	0.350236028935328589	0.391767075307011067	0.161165246571084242	0.174089530218882999	0.123328127913303307	0.0505763349412796789
C:	0.217198668695120193	0.148929994151849114	0.233145943606207158	0.347547611629250767	0.164521142423777044	0.192628036554740001	0.151935309355331937	0.880030881801929375	0.00155966486558240485	0.886451170349130039	0.98632376334899285	0.00116830913615365219	0.944686931497272379	0.961099915658977661	0.04106646902095659	0.143529633430721199	0.282400852956423421	0.206962720700075723	0.324899830921781228	0.18145449319713825	0.382817469895486759	0.44684878997034665	0.760099473203073485
G:	0.139348804186105586	0.241424885678054989	0.0748641473458685942	0.209605051556137961	0.25442162181069484	0.620972758548443499	0.783395006477830831	0.0243300176486948404	0.988709348172762833	0.11034797203152205	0.00399805183213929524	0.981344397655651169	0.0209569927534853755	0.00571428750652650298	0.595490879751953687	0.446911104261236578	0.15864326050029848	0.0911842184401709606	0.051121314860879012	0.269018545009606239	0.229314107219398511	0.287187548350883881	0.171678766945806772
T:	0.474071348333814947	0.26444061154536831	0.416312027098054251	0.146879812583146879	0.466529973976329286	0.076405347140852011	0.00611453022627705209	0.00701376641096635643	0.00209693473610588051	0.00157690843819311176	0.000815079373287998809	0.00667551361138676004	0.0211505772394214959	0.0191166929847212618	0.0266678106559027277	0.27920299350136435	0.252515937994207511	0.351617031924424727	0.232211778910328692	0.38836171522217127	0.213778892666231731	0.142635533765466162	0.0176454249098400638



4	CGGCGGC..C	0.498228631634400105


A:	0.21452969841083167	0.29387052154398973	0.163739224852559033	0.147341217691027132	0.148953321658994153	0.0611154587039176376	0.0315372627924111484	0.0202689923286372879	0.0060369064068735255	0.00468217480690230018	0.00404384547907588875	0.00238334596746561621	0.00484336313998570264	0.0138563849891596473	0.019599337171923426	0.157722467685654791	0.0857265298890265848	0.198173971740195659	0.0768789198757499262	0.387353953039819486	0.568011667638017759	0.426873343685482476	0.217568403211707214
C:	0.577058608795673103	0.272764190756291725	0.257569669376247874	0.3692222292993233	0.15967233354709515	0.0505964242792208239	0.115944504111913596	0.825403187222013671	0.0113645219505761279	0.0812326519375118553	0.988176187155700837	0.0520765908033907003	0.190514156420366095	0.971076654011710569	0.0385183808025455602	0.21164643356760159	0.719781165194559489	0.134312403685456095	0.0935039050576952198	0.281425472330503356	0.262732697511265259	0.265789280218818511	0.308397590221836322
G:	0.0906792136561146409	0.246164240923163911	0.51311133599790104	0.16792598543028799	0.364081272643206909	0.737555617559991758	0.823005293267354902	0.0377951918271705332	0.96936693452678724	0.908698414108588104	0.00168484982067239922	0.938132688965643196	0.800785513348127995	0.00670249843158354795	0.876603778547301871	0.448784349040627228	0.103817213061116735	0.126486546200242779	0.742653403913921312	0.271501357761698621	0.10183814708277672	0.202456133899484366	0.132693278206901687
T:	0.117732479137380587	0.187201046776554633	0.0655797697732920537	0.315510567579361578	0.327293072150703788	0.150732499456869781	0.0295129398283203533	0.116532628622178508	0.0132316371157631063	0.00538675914699774099	0.00609511754455087474	0.00740737426350048783	0.00385696709152020719	0.00836446256754623606	0.0652785034782291428	0.181846749706116391	0.0906750918552971908	0.541027078374105467	0.0869637711526335416	0.0597192168679785374	0.0674174877679402621	0.104881242196214648	0.341340728359554778



5	G.CGCCGCC	0.498017813338601604


A:	0.389336136208887	0.210402649869324325	0.169381178784959274	0.345204508624727588	0.275677881949869997	0.295967524231464393	0.11452726178919883	0.109993857755964489	0.0585551539405601801	0.0247323531752182952	0.0051670774673003777	0.0013467440066211896	0.0107759535714941913	0.0114829241414805982	0.02264537973013721	0.0510406773684757895	0.336774840571186995	0.130356268806677874	0.306439948549070589	0.350236028935328589	0.391767075307011067	0.161165246571084242	0.174089530218882999
C:	0.179516559767267711	0.552582875766536639	0.217198668695120193	0.148929994151849114	0.233145943606207158	0.347547611629250767	0.164521142423777044	0.192628036554740001	0.151935309355331937	0.917768533447194653	0.00149972257959172491	0.68666171082013315	0.984710324034727872	0.00215229579980361122	0.911882494514727518	0.904841150586688468	0.04106646902095659	0.143529633430721199	0.282400852956423421	0.206962720700075723	0.324899830921781228	0.18145449319713825	0.382817469895486759
G:	0.0996965060743671061	0.0935264983256100298	0.139348804186105586	0.241424885678054989	0.0748641473458685942	0.209605051556137961	0.25442162181069484	0.620972758548443499	0.783395006477830831	0.0525282701715625951	0.989467287321904721	0.310292336993826063	0.00316621803202572856	0.979079070561666289	0.0430338104813363503	0.03120174974375412	0.595490879751953687	0.446911104261236578	0.15864326050029848	0.0911842184401709606	0.051121314860879012	0.269018545009606239	0.229314107219398511
T:	0.331450797949478183	0.143487976038529006	0.474071348333814947	0.26444061154536831	0.416312027098054251	0.146879812583146879	0.466529973976329286	0.076405347140852011	0.00611453022627705209	0.00497084320602445673	0.00386591263120317629	0.00169920817941959711	0.00134750436175220805	0.00728570949704950186	0.0224383152737989212	0.0129164223010816228	0.0266678106559027277	0.27920299350136435	0.252515937994207511	0.351617031924424727	0.232211778910328692	0.38836171522217127	0.213778892666231731



