1	GCAACAGA	0.495806243486029083


A:	0.325111841680212617	0.46483040676572163	0.0954895698722634756	0.0476469107994993696	0.657390224421774671	0.227343119391644221	0.312831431839355085	0.219969963018184714	0.0109192862219431954	0.921753746439374436	0.983590177120045449	0.0022710655816568172	0.975269247859838381	0.00220244591179943235	0.961240941711527947	0.257435586243657255	0.377138436806322446	0.0726366649125327824	0.25938637522860098	0.260584096894165227	0.564127638417738029	0.229185160321020099
C:	0.098549728992007735	0.332906259778712418	0.0812688873472076631	0.012258119601767537	0.189501672767168479	0.249461997392607813	0.12961561392513692	0.0465111074913164739	0.985767908246002296	0.0223651400168069996	0.00109652963654122655	0.992055108906075439	0.000493651084525813052	0.0032590570834919648	0.00264778843330559467	0.184681960166006931	0.230453480117409381	0.0165543903642903171	0.193750606373001233	0.0080121641825802204	0.0379417172345075261	0.126637697632211992
G:	0.30394361337259319	0.137619598564298378	0.0826302983939331878	0.938026718328316193	0.135233687527234506	0.273732885823140152	0.24960580924991139	0.728389005466955928	0.00196472597332338784	0.0553562975420425536	0.0117255993366530553	0.00130913362330099408	0.0222189585157173784	0.713712286796534405	0.00429463303702397456	0.456354161011529219	0.30787703366593481	0.525504192671810462	0.508014208656354865	0.298655713616351051	0.377495494343123764	0.139419983784967897
T:	0.272394815955186459	0.0646437348912675741	0.740611244386595673	0.00206825127041689996	0.0178744152838223432	0.249461997392607813	0.307947144985596606	0.0051299240235428849	0.00134807955873112033	0.000524816001776011226	0.00358769390676026914	0.00436469188896674947	0.00201814253991842786	0.280826210208174198	0.0318166368181424834	0.101528292578806595	0.0845310494103333627	0.385304752051366439	0.0388488097420429229	0.432748025306903501	0.0204351500046306811	0.504757158261800011



2	C..TCTGTTG	0.494911497105045492


A:	0.415797583640729262	0.116302370655521595	0.504757158261800011	0.0204351500046306811	0.432748025306903502	0.0388488097420429229	0.385304752051366439	0.0845310494103333627	0.101528292578806595	0.0493003521091549856	0.32247919630825539	0.000832948592706292354	0.00729462807208050909	0.00856728887641545738	0.000435445233363763154	0.00157976801933747273	0.0051299240235428849	0.307947144985596606	0.249461997392607813	0.0178744152838223432	0.00206825127041689996	0.740611244386595674	0.0646437348912675741
C:	0.111353141523708589	0.227535193872846523	0.139419983784967897	0.377495494343123764	0.298655713616351051	0.508014208656354864	0.525504192671810462	0.30787703366593481	0.456354161011529219	0.00490941898483326409	0.670356034585200295	0.0149901518234235011	0.00168194446671753801	0.0181522459560553225	0.0227289429890204581	0.00235997766111505191	0.728389005466955928	0.24960580924991139	0.273732885823140152	0.135233687527234506	0.938026718328316193	0.0826302983939331878	0.137619598564298378
G:	0.179207472400753957	0.234254596550712576	0.126637697632211992	0.0379417172345075261	0.0080121641825802204	0.193750606373001233	0.0165543903642903171	0.230453480117409381	0.184681960166006931	0.00414205525593310614	0.00590052010363524741	0.00149936658408725968	0.989652497525483009	0.000721649811816785158	0.0234375278831547223	0.979529590742146427	0.0465111074913164739	0.12961561392513692	0.249461997392607813	0.189501672767168479	0.012258119601767537	0.0812688873472076631	0.332906259778712418
T:	0.293641802434808193	0.421907838920919306	0.229185160321020099	0.564127638417738029	0.260584096894165227	0.25938637522860098	0.0726366649125327824	0.377138436806322446	0.257435586243657255	0.941648173650078644	0.00126424900290906658	0.982677532999782947	0.00137092993571894434	0.972558815355712435	0.953398083894461056	0.0165306635774010488	0.219969963018184714	0.312831431839355085	0.227343119391644221	0.657390224421774671	0.0476469107994993696	0.0954895698722634756	0.46483040676572163



3	T.TGTTGCA	0.494736091121147451


A:	0.39990192796452364	0.343315794743056019	0.387998427358806614	0.196782811618390228	0.0888443016043988941	0.081264821799656398	0.217348714863773722	0.487960215485325987	0.280826210208174198	0.00556327958822752247	0.00427567907054776359	0.0153164841137453864	0.00153192572205604847	0.018348443680783604	0.0274720389948122735	0.605093544687413217	0.249156831071717161	0.05866785628071158	0.00194262270024018041	0.800269343279891988	0.318032223477729752	0.0959107715935811837	0.693088825527430532
C:	0.175160100813514497	0.0764008504104741436	0.0383048195499311884	0.785777923210047373	0.181331588026967184	0.127957488675014143	0.294171351398757221	0.0131018246543885767	0.713712286796534405	0.0154183968521739755	0.000842833796731258203	0.0109091437310887394	0.118455126136526371	0.00877580032453119165	0.79711275812246945	0.0912447606816430523	0.231320825833363917	0.160120423850800164	0.556755719992574007	0.0260649378115389801	0.102754885207868056	0.454716397790207319	0.0174063363671256063
G:	0.118890275238860766	0.500537331904553015	0.529713875304611085	0.00845000261559504881	0.240340612555573793	0.162197890731914782	0.25646945933047355	0.0410567354625495778	0.0032590570834919648	0.00150529823726252906	0.989643517278105129	0.0218988970894483349	0.237192116987476861	0.915199764843698757	0.038624732576219517	0.104111715617785746	0.184034612280284764	0.131822104914417318	0.0821116387108476183	0.140069265796538673	0.210716392698336495	0.173575410925340968	0.272822451793075773
T:	0.306047695983101097	0.079746022941916823	0.043982877786651113	0.00898926255596735051	0.48948349781306013	0.628579798793414677	0.232010474406995506	0.457881224397735858	0.00220244591179943235	0.977513025322335973	0.00523796985461584892	0.951875475065717539	0.642820831153940719	0.0576759911509864473	0.136790470306498759	0.199549979013157985	0.335487730814634158	0.649389614954070938	0.359190018596338194	0.0335964531120303586	0.368496498616065697	0.27579741969087053	0.0166823863123680883



4	GCAACATA	0.494373985448854944


A:	0.497786820915835748	0.338609921232828161	0.0885793624480418049	0.852112967113708186	0.784865773915901767	0.349179570672405461	0.413251292999570768	0.264572521622619863	0.0712837822880239657	0.881495779645202543	0.968227796077326152	0.00144764550116687529	0.98395245743390116	0.00220244591179943235	0.681264798780571326	0.290388959724076247	0.374190509288510351	0.0957899086313089849	0.0195617434267241055	0.320925899418648581	0.439149608877594139	0.485924084490741751
C:	0.0800720577188166961	0.141594712495516723	0.208382703359050299	0.0246084952506081779	0.0786885948772799753	0.269524050922555485	0.0798540036530648137	0.05070683433601972	0.918024580376506066	0.0556777399671724329	0.0235252230053188749	0.992937079183244756	0.00135224579245463439	0.0032590570834919648	0.0496058278157824993	0.287832543034277055	0.107395851324628008	0.0269730981057524839	0.0184729444010726209	0.0881567954577715107	0.0411780743202256271	0.177439401057828549
G:	0.165933119127841592	0.0961218998475462365	0.0227176488248805958	0.120097249432747727	0.111922461960130459	0.230027797509490153	0.22339381292224158	0.664834513571685057	0.00304811101463315411	0.0620827723503249334	0.00117290367047624185	0.00173168281655238088	0.0138599939931442879	0.713712286796534405	0.0174833929489676028	0.332058367124967243	0.480423427523947126	0.478710446401221567	0.0600294107189519163	0.580537809089184769	0.441550489456271328	0.182096593276161761
T:	0.256208002237505964	0.42367346642410888	0.6803202853680273	0.0031812882029359089	0.024523169246687799	0.151268580895548901	0.283500890425122838	0.0198861304696753603	0.007643526320836814	0.000743708037300091255	0.0070740772468787317	0.00388359249903598766	0.00083530278049991748	0.280826210208174198	0.251645980454678572	0.0897201301166794541	0.0379902118629145148	0.398526546861716965	0.901935901453251357	0.0103794960343951388	0.0781218273459089056	0.154539921175267939



5	TCTGT.GCA	0.494298441532658328


A:	0.361287529414779765	0.500658202154522168	0.0361280379901066797	0.10111550093045058	0.252874449769479212	0.0783222746966836948	0.084159716014763272	0.27946199998920639	0.530349462399986051	0.0103816614200748639	0.00923876516228214195	0.0240020710791446915	0.000524816001776011226	0.025108236146827141	0.025799540919477959	0.548642650057676372	0.33131994437874741	0.186167621314720839	0.35959918945431591	0.614299825971117927	0.117967301284335075	0.120152328044018802	0.302173228833438469
C:	0.138578333962536407	0.0825056112851597686	0.166703174771776742	0.465142228125844176	0.184499293248028589	0.185293707029576377	0.283213564450781669	0.0365007799210188541	0.409745143424450441	0.0431343802021178867	0.00248163347856159909	0.0722857207401121452	0.0553562975420425536	0.0264374821845865213	0.711863271696856757	0.0670176959166077593	0.357004664660401528	0.0146814907583844108	0.416006922437886375	0.0422533431823570926	0.196184385753336423	0.641465539677713285	0.184434248631257887
G:	0.0713153059927654293	0.267936513988608803	0.607759685768863102	0.216871135471852622	0.316478802489385747	0.439151198442434774	0.185305268234756741	0.0323196830175992123	0.042833013274212204	0.00532498522877133574	0.982481386021595497	0.00835440229286794663	0.0223651400168069996	0.899718819148113306	0.040882209149947588	0.132611517618428332	0.0915577780124872356	0.669461155939380396	0.00554373677892379852	0.306531866999959462	0.285201596029099221	0.118027567635537133	0.125810081781976936
T:	0.428818830629918399	0.14889967257170926	0.189409101469253477	0.216871135471852622	0.246147454493106452	0.297232819831305154	0.447321451299698318	0.651717537072175544	0.0170723809013513033	0.941158973149035914	0.00579821533756076217	0.895357805887875217	0.921753746439374436	0.0487354625204730322	0.221454978233717696	0.251728136407287537	0.220117612948363827	0.129689731987514354	0.218850151328873916	0.0369149638465655181	0.400646716933229281	0.12035456464273078	0.387582440753326707



