1	A.CACCTGA	0.47049110156237138


A:	0.572734244341819508	0.486726315317032626	0.293796461581523439	0.336361898633136648	0.348026105195546302	0.723031350027482735	0.475373051770005922	0.600712872759114546	0.608214965248989891	0.027187307443434261	0.976780686689282413	0.0148689756909967945	0.00827793275841061212	0.00883654959981026454	0.00857260578457356738	0.877053247117004303	0.653501981788097571	0.596572223289992241	0.492659102715595382	0.286622031761605663	0.182404059942669165	0.603793470727002581	0.641655749004768064
C:	0.0715471580430209071	0.198265780002433182	0.243064311727517046	0.224546530436044309	0.167065112565797631	0.0326604047235684008	0.0784150002433661577	0.0670572377159744575	0.0758831825941104709	0.847366460171587088	0.002002742070780789	0.947281905628071935	0.972639239121358236	0.0018339520758615692	0.00826333588461619287	0.00267376541189218162	0.0802117812975707137	0.103291620364749649	0.0548062164402516872	0.130503038039465789	0.54129688707915817	0.114568513947441635	0.0967846919119099489
G:	0.150543331054729313	0.0790951799702151407	0.175991726063525394	0.0664233018626981968	0.16540704665542807	0.0792689576093522517	0.193064976262391044	0.0935798838259417638	0.207436599605935074	0.00577680315126592784	0.00578297529179046873	0.00717587395107158207	0.0072567313131434475	0.00323177125832618537	0.980687125419829438	0.113093876453059079	0.0810769589021528173	0.15695173514386164	0.210436730952658911	0.229643574787350923	0.0534579090263266624	0.156835861692735354	0.0842899867027790255
T:	0.205175266560430273	0.235912724710319051	0.28714750062743412	0.372668269068120846	0.319501735583227996	0.165039287639596612	0.253146971724236876	0.238650005698969232	0.108465252550964565	0.119669429233712723	0.0154335959481463288	0.0306732447298596888	0.0118260968070877044	0.986097727066001981	0.00247693291098080203	0.00717911101804443655	0.185209278012178899	0.143184421201396471	0.24209794989149402	0.353231355411577625	0.222841143951846003	0.12480215363282043	0.177269572380542961



2	CACCTGA..A	0.46795903919922293


A:	0.293796461581523439	0.336361898633136648	0.348026105195546302	0.723031350027482735	0.475373051770005922	0.600712872759114546	0.608214965248989891	0.143602805043847929	0.959596344167217577	0.0383920016377936888	0.0348578851697912775	0.0264824141611449131	0.0315251508494277273	0.892957748802875118	0.653501981788097571	0.596572223289992241	0.492659102715595382	0.286622031761605663	0.182404059942669165	0.603793470727002581	0.641655749004768064	0.45164659076908781	0.0854564710478335987
C:	0.243064311727517046	0.224546530436044309	0.167065112565797631	0.0326604047235684008	0.0784150002433661577	0.0670572377159744575	0.0758831825941104709	0.719552822685233797	0.00358147746855434536	0.920543682792552772	0.930562523260759028	0.00591755571870721492	0.0038772246198828045	0.00779756564231671171	0.0802117812975707137	0.103291620364749649	0.0548062164402516872	0.130503038039465789	0.54129688707915817	0.114568513947441635	0.0967846919119099489	0.11510315775169918	0.510569872082158464
G:	0.175991726063525394	0.0664233018626981968	0.16540704665542807	0.0792689576093522517	0.193064976262391044	0.0935798838259417638	0.207436599605935074	0.0113418988854185784	0.0153231861411126567	0.0101499283773214813	0.0113403726205180351	0.00502861355972144567	0.95315291025134381	0.0786952285794482915	0.0810769589021528173	0.15695173514386164	0.210436730952658911	0.229643574787350923	0.0534579090263266624	0.156835861692735354	0.0842899867027790255	0.134575507464269299	0.155742916945692407
T:	0.28714750062743412	0.372668269068120846	0.319501735583227996	0.165039287639596612	0.253146971724236876	0.238650005698969232	0.108465252550964565	0.125502473385499696	0.0214989922231154213	0.0309143871923320581	0.0232392189489316598	0.962571416560426426	0.0114447142793456581	0.0205494569753598791	0.185209278012178899	0.143184421201396471	0.24209794989149402	0.353231355411577625	0.222841143951846003	0.12480215363282043	0.177269572380542961	0.298674744014943711	0.24823073992431553



3	ACACCTGA	0.464380525509952092


A:	0.486726315317032626	0.293796461581523439	0.336361898633136648	0.348026105195546302	0.723031350027482735	0.475373051770005922	0.600712872759114546	0.608214965248989891	0.0179217893300260169	0.955042130556503195	0.0100681280490130034	0.0242414148370915218	0.0252185831188718217	0.0185852797171630226	0.915050866810274907	0.653501981788097571	0.596572223289992241	0.492659102715595382	0.286622031761605663	0.182404059942669165	0.603793470727002581	0.641655749004768064
C:	0.198265780002433182	0.243064311727517046	0.224546530436044309	0.167065112565797631	0.0326604047235684008	0.0784150002433661577	0.0670572377159744575	0.0758831825941104709	0.934443581025399749	0.00136327301850032561	0.938956991535834973	0.954235353279604627	0.00334884427032723477	0.00251926288643699056	0.00228807153374048411	0.0802117812975707137	0.103291620364749649	0.0548062164402516872	0.130503038039465789	0.54129688707915817	0.114568513947441635	0.0967846919119099489
G:	0.0790951799702151407	0.175991726063525394	0.0664233018626981968	0.16540704665542807	0.0792689576093522517	0.193064976262391044	0.0935798838259417638	0.207436599605935074	0.0133660985725695016	0.00662081942571807955	0.0176047820024790171	0.0024107684690989615	0.00174987568730263584	0.969771749128716969	0.0720957863784596799	0.0810769589021528173	0.15695173514386164	0.210436730952658911	0.229643574787350923	0.0534579090263266624	0.156835861692735354	0.0842899867027790255
T:	0.235912724710319051	0.28714750062743412	0.372668269068120846	0.319501735583227996	0.165039287639596612	0.253146971724236876	0.238650005698969232	0.108465252550964565	0.0342685310720047323	0.0369737769992783995	0.0333700984126730064	0.0191124634142048901	0.969682696923498308	0.00912370826768301768	0.0105652752775249289	0.185209278012178899	0.143184421201396471	0.24209794989149402	0.353231355411577625	0.222841143951846003	0.12480215363282043	0.177269572380542961



4	CACCTGAA	0.460464412723500938


A:	0.293796461581523439	0.336361898633136648	0.348026105195546302	0.723031350027482735	0.475373051770005922	0.600712872759114546	0.608214965248989891	0.0230354212811622248	0.976430808346894451	0.00436528538259466906	0.0115353648434439732	0.0051412452399876288	0.0151200214388049321	0.970397730635355338	0.653501981788097571	0.596572223289992241	0.492659102715595382	0.286622031761605663	0.182404059942669165	0.603793470727002581	0.641655749004768064	0.45164659076908781
C:	0.243064311727517046	0.224546530436044309	0.167065112565797631	0.0326604047235684008	0.0784150002433661577	0.0670572377159744575	0.0758831825941104709	0.892066814427051831	0.0012728961970461412	0.973519027046721731	0.975397472379008489	0.0022814671604560823	0.00221445414984447094	0.00309193244936499491	0.0802117812975707137	0.103291620364749649	0.0548062164402516872	0.130503038039465789	0.54129688707915817	0.114568513947441635	0.0967846919119099489	0.11510315775169918
G:	0.175991726063525394	0.0664233018626981968	0.16540704665542807	0.0792689576093522517	0.193064976262391044	0.0935798838259417638	0.207436599605935074	0.0117766926283069446	0.00332096584239321326	0.00531763080241953441	0.00623906909687323185	0.00321698411020083968	0.970987314891280449	0.0166515694216836991	0.0810769589021528173	0.15695173514386164	0.210436730952658911	0.229643574787350923	0.0534579090263266624	0.156835861692735354	0.0842899867027790255	0.134575507464269299
T:	0.28714750062743412	0.372668269068120846	0.319501735583227996	0.165039287639596612	0.253146971724236876	0.238650005698969232	0.108465252550964565	0.0731210716634789991	0.0189753296136661949	0.0167980567682640659	0.00682809368067430614	0.989360303489355449	0.011678209520070148	0.00985876749359596773	0.185209278012178899	0.143184421201396471	0.24209794989149402	0.353231355411577625	0.222841143951846003	0.12480215363282043	0.177269572380542961	0.298674744014943711



5	TA.TA.CTGA	0.457886765117465962


A:	0.0866493476714471981	0.486875544713232765	0.179536016905294142	0.260373495129871917	0.453440669015907677	0.348571209873959963	0.289317512530779552	0.833489831484586644	0.232146136835075875	0.0687358760616129169	0.842348394061372598	0.0772738476570140941	0.161538716548225461	0.161145020496277379	0.0916338206585569783	0.765062852280759312	0.547438838510004641	0.192556491255868476	0.599639341557596058	0.358184518167471915	0.377560440061550869	0.588303342294350887	0.352922447489485158
C:	0.0657571553993438768	0.232180871555806427	0.248933178416658188	0.101551718720587705	0.0633963760724881298	0.305696465816914817	0.115430097943116405	0.0359060801296169264	0.0774816678985247865	0.162103060004134238	0.0178213164061448307	0.537626236059524872	0.709027420367113318	0.00935715311607388078	0.0510214719453771707	0.102311469911586482	0.240311636578957262	0.114704190213044464	0.0452741853948554473	0.186458379798418646	0.0811085587102597391	0.0530104713377929007	0.0761733629509481582
G:	0.0322966906861515972	0.138506084349174548	0.185156960563682367	0.0631269358252386518	0.149885644546107588	0.284348934849347652	0.0378398326572321986	0.0599782904103063934	0.0970186463674185393	0.0196058663407384834	0.0481975033294538494	0.112070386763282742	0.0444374776287677705	0.0315040188282739744	0.80022379586787527	0.0614890027698164471	0.109734554235874773	0.159403801083604142	0.154571953658350792	0.135495939586937411	0.112425706625633193	0.148922606200978898	0.186361217149836382
T:	0.815296806243057328	0.14243749938178626	0.386373844114365303	0.574947850324301726	0.333277310365496605	0.0613833894597775682	0.557412556868871844	0.0706257979754900363	0.5933535488989808	0.749555197593514362	0.0916327862030287219	0.273029529520178291	0.0849963854558934501	0.797993807559374765	0.0571209115281905804	0.0711366750378377586	0.102514970675163324	0.533335517447482917	0.200514519389197703	0.319861162447172028	0.428905294602556199	0.209763580166877314	0.384542972409730302



