1	CACCGACA	0.499540032599031908


A:	0.418880746938057599	0.286431026842058391	0.202418518030953444	0.422644093462768	0.21296096264836022	0.374535516773302591	0.0700375345340024355	0.00975968934845567562	0.888337711626974747	0.00448194394991092626	0.00578024519811901766	0.00321475172786644602	0.982664463666677311	0.00243100908661708065	0.682068090965006732	0.380117448567034907	0.538274470554477524	0.28846530265274373	0.373720783031843957	0.468643899850203898	0.209293371585925129	0.147505141648026108
C:	0.104027742125972837	0.0888403502434778598	0.171944128981523074	0.188782031702774256	0.485979734518452604	0.425505696646432462	0.468074279372641104	0.959323393244171998	0.000418170031977047467	0.989238031323904625	0.987360245327349049	0.0029062502355094396	0.00309672115184729707	0.988193511393175715	0.299529372281738328	0.0690291282528470146	0.129643278770769589	0.164730597222797804	0.321675764756863293	0.189222935015877486	0.340068184166891875	0.14299490360364466
G:	0.425536983728296194	0.107369099021793219	0.189201304453486001	0.287019395928863299	0.122478179392759371	0.0856632975654078787	0.300484673625974058	0.00305921122162250717	0.108302555713985018	0.00283476150167401927	0.00186070115180419008	0.99045755515571736	0.00138575449689642953	0.00365990193528361527	0.00319677617396846833	0.0238118317650839474	0.11269615640803133	0.130605846327275948	0.130385764254367648	0.147504385105436446	0.0881414223741973035	0.183400948554194367
T:	0.0515545272076733697	0.51735952389267053	0.436436048534037481	0.101554478905594446	0.178581123440427804	0.114295489014857068	0.161403512467382403	0.0278577061857498191	0.0029415626270631875	0.00344526322451042907	0.00499880832272774373	0.00342144288090675471	0.0128530606845789627	0.00571557758492358899	0.0152057605792864718	0.527041591415034131	0.219386094266721558	0.416198253797182517	0.174217687956925102	0.19462878002848217	0.362497021872985693	0.526099006194134864



2	CACCGAC.A	0.499293105151380451


A:	0.418880746938057599	0.286431026842058391	0.202418518030953444	0.422644093462768	0.21296096264836022	0.374535516773302591	0.0700375345340024355	0.0529897148510689919	0.8789862718212453	0.0151808446702132378	0.0135485576106502188	0.0103273313404632382	0.958670408564886575	0.00923385385963960107	0.682068090965006732	0.380117448567034907	0.538274470554477524	0.28846530265274373	0.373720783031843957	0.468643899850203898	0.209293371585925129	0.147505141648026108	0.376223106631585598
C:	0.104027742125972837	0.0888403502434778598	0.171944128981523074	0.188782031702774256	0.485979734518452604	0.425505696646432462	0.468074279372641104	0.86124969772367287	0.00142862942938450958	0.968812434346715964	0.968411033809370999	0.00341885423047429208	0.0192776787520719854	0.972576528761803966	0.299529372281738328	0.0690291282528470146	0.129643278770769589	0.164730597222797804	0.321675764756863293	0.189222935015877486	0.340068184166891875	0.14299490360364466	0.18020369290269562
G:	0.425536983728296194	0.107369099021793219	0.189201304453486001	0.287019395928863299	0.122478179392759371	0.0856632975654078787	0.300484673625974058	0.0209820458874271049	0.109404245543217598	0.00364981315364944143	0.0036113893449185691	0.966141511795992154	0.00847781441758141037	0.0124908500293986547	0.00319677617396846833	0.0238118317650839474	0.11269615640803133	0.130605846327275948	0.130385764254367648	0.147504385105436446	0.0881414223741973035	0.183400948554194367	0.152609659325803589
T:	0.0515545272076733697	0.51735952389267053	0.436436048534037481	0.101554478905594446	0.178581123440427804	0.114295489014857068	0.161403512467382403	0.0647785415378310333	0.0101808532061525924	0.0123569078294213564	0.0144290192350602133	0.0201123026330703159	0.0135740982654600292	0.00569876734915777848	0.0152057605792864718	0.527041591415034131	0.219386094266721558	0.416198253797182517	0.174217687956925102	0.19462878002848217	0.362497021872985693	0.526099006194134864	0.290963541139915193



3	CACCGACC	0.498965845105205967


A:	0.418880746938057599	0.286431026842058391	0.202418518030953444	0.422644093462768	0.21296096264836022	0.374535516773302591	0.0700375345340024355	0.0123751328742143836	0.949504423754432676	0.00410871148918432085	0.00326575882346396919	0.00266654917470459309	0.976596349020297324	0.00171923056422724566	0.682068090965006732	0.380117448567034907	0.538274470554477524	0.28846530265274373	0.373720783031843957	0.468643899850203898	0.209293371585925129	0.147505141648026108
C:	0.104027742125972837	0.0888403502434778598	0.171944128981523074	0.188782031702774256	0.485979734518452604	0.425505696646432462	0.468074279372641104	0.968679368728177136	0.00038345305821644671	0.991561522074599355	0.991135973442862078	0.00211416810214263291	0.0036455419236018069	0.991554391483880958	0.299529372281738328	0.0690291282528470146	0.129643278770769589	0.164730597222797804	0.321675764756863293	0.189222935015877486	0.340068184166891875	0.14299490360364466
G:	0.425536983728296194	0.107369099021793219	0.189201304453486001	0.287019395928863299	0.122478179392759371	0.0856632975654078787	0.300484673625974058	0.00284246346358458859	0.0477304681198932442	0.00189770925070320096	0.00159954750900542452	0.992216997904919366	0.000694881132748932298	0.0018051427931325091	0.00319677617396846833	0.0238118317650839474	0.11269615640803133	0.130605846327275948	0.130385764254367648	0.147504385105436446	0.0881414223741973035	0.183400948554194367
T:	0.0515545272076733697	0.51735952389267053	0.436436048534037481	0.101554478905594446	0.178581123440427804	0.114295489014857068	0.161403512467382403	0.0161030349340238917	0.00238165506745763313	0.00243205718551312323	0.00399872022466852875	0.00300228481823340839	0.0190632279233519367	0.00492123515875928689	0.0152057605792864718	0.527041591415034131	0.219386094266721558	0.416198253797182517	0.174217687956925102	0.19462878002848217	0.362497021872985693	0.526099006194134864



4	A.GTCGGTG	0.498901071763718082


A:	0.290963541139915193	0.526099006194134864	0.362497021872985693	0.19462878002848217	0.174217687956925102	0.416198253797182517	0.219386094266721558	0.527041591415034131	0.0152057605792864718	0.0105155773413487473	0.0200864372694076418	0.00492057465220857034	0.00520444605813046925	0.00379528904631193376	0.00290226498088207449	0.0187284591481056995	0.161403512467382403	0.114295489014857068	0.178581123440427804	0.101554478905594446	0.436436048534037481	0.51735952389267053	0.0515545272076733696
C:	0.152609659325803589	0.183400948554194367	0.0881414223741973035	0.147504385105436446	0.130385764254367648	0.130605846327275948	0.11269615640803133	0.0238118317650839474	0.00319677617396846833	0.00265568690394643084	0.00195516837009869014	0.986504699316214462	0.0026193734928107522	0.00723090696309508555	0.121655821283825006	0.00992496198839418246	0.300484673625974058	0.0856632975654078787	0.122478179392759371	0.287019395928863299	0.189201304453486001	0.107369099021793219	0.425536983728296194
G:	0.18020369290269562	0.14299490360364466	0.340068184166891875	0.189222935015877486	0.321675764756863293	0.164730597222797804	0.129643278770769589	0.0690291282528470146	0.299529372281738328	0.981488477148308207	0.00857257406722697806	0.00421024619205908834	0.985639867386405759	0.984707752362347795	0.000652078020286065861	0.95494041690979692	0.468074279372641104	0.425505696646432462	0.485979734518452604	0.188782031702774256	0.171944128981523074	0.0888403502434778598	0.104027742125972837
T:	0.376223106631585598	0.147505141648026108	0.209293371585925129	0.468643899850203898	0.373720783031843957	0.28846530265274373	0.538274470554477523	0.380117448567034907	0.682068090965006732	0.00534025860639661482	0.96938582029326669	0.00436447983951787942	0.00653631306265301989	0.00426605162824518567	0.874789835715006853	0.0164061619537031983	0.0700375345340024355	0.374535516773302591	0.21296096264836022	0.422644093462768	0.202418518030953444	0.286431026842058391	0.418880746938057599



5	CACCGAC..A	0.498633609903858817


A:	0.418880746938057599	0.286431026842058391	0.202418518030953444	0.422644093462768	0.21296096264836022	0.374535516773302591	0.0700375345340024355	0.0341394248840901571	0.928790307484867096	0.0107172935787173014	0.00755607728561577941	0.00625017731991890676	0.974217614474117926	0.0060835041697211596	0.682068090965006732	0.380117448567034907	0.538274470554477524	0.28846530265274373	0.373720783031843957	0.468643899850203898	0.209293371585925129	0.147505141648026108	0.376223106631585598
C:	0.104027742125972837	0.0888403502434778598	0.171944128981523074	0.188782031702774256	0.485979734518452604	0.425505696646432462	0.468074279372641104	0.909697971543585718	0.00169753080753842598	0.979680666351568169	0.983136036605422903	0.00374170325310792257	0.00668008308515257686	0.983806864929864298	0.299529372281738328	0.0690291282528470146	0.129643278770769589	0.164730597222797804	0.321675764756863293	0.189222935015877486	0.340068184166891875	0.14299490360364466	0.18020369290269562
G:	0.425536983728296194	0.107369099021793219	0.189201304453486001	0.287019395928863299	0.122478179392759371	0.0856632975654078787	0.300484673625974058	0.00800035552087599571	0.0660342920976552616	0.00444506932533056057	0.00419854931580687244	0.985259548181351972	0.00265532063542256117	0.00371297002288344191	0.00319677617396846833	0.0238118317650839474	0.11269615640803133	0.130605846327275948	0.130385764254367648	0.147504385105436446	0.0881414223741973035	0.183400948554194367	0.152609659325803589
T:	0.0515545272076733697	0.51735952389267053	0.436436048534037481	0.101554478905594446	0.178581123440427804	0.114295489014857068	0.161403512467382403	0.0481622480514481295	0.00347786960993921601	0.00515697074438396866	0.0051093367931544448	0.00474857124562119851	0.0164469818053069364	0.00639666087753110018	0.0152057605792864718	0.527041591415034131	0.219386094266721558	0.416198253797182517	0.174217687956925102	0.19462878002848217	0.362497021872985693	0.526099006194134864	0.290963541139915193



