1	CACCGACA	0.499529925634819372


A:	0.246104332474551538	0.475252995945300598	0.42374483073292429	0.714924354435094732	0.101071236744850745	0.384637656156604828	0.0155375425916905969	0.00573916866601773673	0.881550346775711994	0.00057630250243630254	0.00278885439272580393	0.00154514178861538961	0.989637801963048972	0.00155693024314192509	0.819224613483682591	0.373468329681752428	0.436535378564466791	0.230825271849037118	0.0166380425743032715	0.176321432652159562	0.631546839145627904	0.15299426831759123
C:	0.372916732285019895	0.265428361851841624	0.279661725440889773	0.0229402354852718484	0.422961017023907896	0.212557308395957557	0.720202826964935696	0.985727655151007016	0.000396705671241815813	0.989553181559067302	0.99312552516653167	0.00109636064263673693	0.00559692334139615688	0.992649763338665828	0.169768938132490336	0.117747500259453421	0.125980152211160268	0.0964399859611067093	0.0165289432433334249	0.26699229685217705	0.128591999844940005	0.300348813025877463
G:	0.199360315462556962	0.112979175458294121	0.252557361730062197	0.113713094823648904	0.0838874303847193913	0.339894881622829278	0.136072675453213539	0.000791250675584265801	0.116631469634090544	0.0018616834702108398	0.00152301945302738845	0.991299822254460774	0.00062755334999920042	0.00103878717844048226	0.00436710987516240673	0.0563169590275308687	0.186182095938037026	0.330830236042733379	0.561359089865221374	0.12161694289133443	0.172021892416959665	0.306420424819707977
T:	0.181618619777871606	0.146339466744563656	0.0440360820961237396	0.148422315255984516	0.392080315846521967	0.0629101538246083366	0.128186954990160168	0.00774192550739098145	0.00142147791895564651	0.00800883246828555557	0.00256260098771513727	0.00605867531428709946	0.0041377213455556703	0.004754519239751765	0.00663933850866466623	0.452467211031263282	0.251302373286335914	0.341904506147122794	0.405473924317141929	0.435069327604328958	0.0678392685924724259	0.240236493836823331



2	CCACCGAC	0.499296383234651812


A:	0.710670780797324638	0.246104332474551538	0.475252995945300598	0.42374483073292429	0.714924354435094732	0.101071236744850745	0.384637656156604828	0.0155375425916905969	0.00975971422954136736	0.884221033167167129	0.00143175351550958916	0.00241057052401447008	0.00241789901398363982	0.983695053516018143	0.0030793665984358819	0.819224613483682591	0.373468329681752428	0.436535378564466791	0.230825271849037118	0.0166380425743032715	0.176321432652159562	0.631546839145627904
C:	0.0445050579105443978	0.372916732285019895	0.265428361851841624	0.279661725440889773	0.0229402354852718484	0.422961017023907896	0.212557308395957557	0.720202826964935696	0.979943978088821119	0.000319079518564146588	0.992818829764224362	0.993450082785487511	0.000848057207058250942	0.0103234071111702634	0.993020548709583096	0.169768938132490336	0.117747500259453421	0.125980152211160268	0.0964399859611067093	0.0165289432433334249	0.26699229685217705	0.128591999844940005
G:	0.135905338902903591	0.199360315462556962	0.112979175458294121	0.252557361730062197	0.113713094823648904	0.0838874303847193913	0.339894881622829278	0.136072675453213539	0.00296408390968180377	0.113628004779516432	0.00275581232076576514	0.00250280696499617583	0.992017622065059945	0.000695820022818798455	0.00121789380103442671	0.00436710987516240673	0.0563169590275308687	0.186182095938037026	0.330830236042733379	0.561359089865221374	0.12161694289133443	0.172021892416959665
T:	0.108918822389227374	0.181618619777871606	0.146339466744563656	0.0440360820961237396	0.148422315255984516	0.392080315846521967	0.0629101538246083366	0.128186954990160168	0.00733222377195570968	0.00183188253475229227	0.00299360439950028387	0.00163653972550184337	0.00471642171389816383	0.0052857193499927949	0.00268219089094659542	0.00663933850866466623	0.452467211031263282	0.251302373286335914	0.341904506147122794	0.405473924317141929	0.435069327604328958	0.0678392685924724259



3	AA..TGTCGG	0.499100038049861862


A:	0.238582383506741349	0.134257831757454092	0.181652935072395666	0.231219649508928266	0.18881473270086625	0.147557963116784521	0.710195617703161571	0.635674354895845859	0.276060409818704498	0.233286235615752887	0.0409634923511867113	0.083599128134402619	0.0275944980522778503	0.0467748649894099182	0.0331117412261138739	0.0756866077682165784	0.0388431006391440826	0.0174038176690760748	0.313275550378635853	0.238429260655330858	0.583959018555908583	0.254771137923932911
C:	0.428661583042238321	0.129370269505578731	0.201330532877524589	0.260411314875498305	0.186305434032699896	0.190750318801830239	0.267303858801542251	0.254870895565331713	0.140776774413792385	0.19469183605261514	0.0464765775772820651	0.00739830155351300449	0.0171973582370165319	0.918441695973231041	0.0261424950875667006	0.0246062968115861329	0.0438989352425260155	0.0945224878814297065	0.169767118274797472	0.315498098305536044	0.171763860400623128	0.000217128173740031163
G:	0.0148693421934398951	0.177035250260234504	0.260624249545900795	0.188133353666020333	0.180133743912479629	0.131707808062919485	0.00840724718062452239	0.0757654329854137499	0.226455369637748101	0.21519194040585951	0.098652051470621803	0.894715426445721625	0.0288707351191265471	0.00523795048286795839	0.91966237372147775	0.889498992611894008	0.000625475699919417695	0.861599144186041099	0.368635086731233717	0.149225048405836501	0.183396182085462865	0.602799466882890591
T:	0.317886691257580435	0.559336648476732673	0.35639228250417895	0.320235681949553096	0.444746089353954225	0.529983910018465755	0.0140932763146716547	0.0336893165534086775	0.356707446129755016	0.356829987925772463	0.813907878600909421	0.0142871438663627512	0.926337408591579071	0.0295454885544910826	0.0210833899648416753	0.0102081028083032811	0.916632488418410484	0.0264745502634531198	0.148322244615332958	0.296847592633296597	0.0608809389580054234	0.142212267019436467



4	CACCGACC	0.499030702215370961


A:	0.246104332474551538	0.475252995945300598	0.42374483073292429	0.714924354435094732	0.101071236744850745	0.384637656156604828	0.0155375425916905969	0.00888491275343283127	0.910592367886230096	0.00343287899982531383	0.00314517291190334396	0.00195622737579909165	0.979057444446663278	0.00148958500043149358	0.819224613483682591	0.373468329681752428	0.436535378564466791	0.230825271849037118	0.0166380425743032715	0.176321432652159562	0.631546839145627904	0.15299426831759123
C:	0.372916732285019895	0.265428361851841624	0.279661725440889773	0.0229402354852718484	0.422961017023907896	0.212557308395957557	0.720202826964935696	0.978730159936384101	0.000345830562973800814	0.991506922782565233	0.992551982183462883	0.00223465346482686817	0.0082820326121700775	0.987963431267652037	0.169768938132490336	0.117747500259453421	0.125980152211160268	0.0964399859611067093	0.0165289432433334249	0.26699229685217705	0.128591999844940005	0.300348813025877463
G:	0.199360315462556962	0.112979175458294121	0.252557361730062197	0.113713094823648904	0.0838874303847193913	0.339894881622829278	0.136072675453213539	0.00218501837924225073	0.0873202610502771121	0.00320290522123842468	0.001627735819487437	0.991291186635458779	0.00102989446806675913	0.00101625965445505167	0.00436710987516240673	0.0563169590275308687	0.186182095938037026	0.330830236042733379	0.561359089865221374	0.12161694289133443	0.172021892416959665	0.306420424819707977
T:	0.181618619777871606	0.146339466744563656	0.0440360820961237396	0.148422315255984516	0.392080315846521967	0.0629101538246083366	0.128186954990160168	0.0101999089309408173	0.00174154050051899084	0.00185729299637102841	0.00267510908514633654	0.00451793252391526156	0.0116306284730998851	0.00953072407746141801	0.00663933850866466623	0.452467211031263282	0.251302373286335914	0.341904506147122794	0.405473924317141929	0.435069327604328958	0.0678392685924724259	0.240236493836823331



5	CACCGAC.A	0.49902600625341208


A:	0.246104332474551538	0.475252995945300598	0.42374483073292429	0.714924354435094732	0.101071236744850745	0.384637656156604828	0.0155375425916905969	0.0303042744810600041	0.85799257823873321	0.0026012018960056755	0.00557198734921631815	0.00395233175079655988	0.960254328737572539	0.00211513541185420004	0.819224613483682591	0.373468329681752428	0.436535378564466791	0.230825271849037118	0.0166380425743032715	0.176321432652159562	0.631546839145627904	0.15299426831759123	0.474277160107176826
C:	0.372916732285019895	0.265428361851841624	0.279661725440889773	0.0229402354852718484	0.422961017023907896	0.212557308395957557	0.720202826964935696	0.941042318745108584	0.000685215662097898517	0.987645627173074536	0.98771203274118283	0.00143036587787246442	0.0170760050119477233	0.978819831056151287	0.169768938132490336	0.117747500259453421	0.125980152211160268	0.0964399859611067093	0.0165289432433334249	0.26699229685217705	0.128591999844940005	0.300348813025877463	0.113143898199864655
G:	0.199360315462556962	0.112979175458294121	0.252557361730062197	0.113713094823648904	0.0838874303847193913	0.339894881622829278	0.136072675453213539	0.00414028470997907525	0.138617117787802219	0.00731800685371662394	0.00246341488371631974	0.986254068828828093	0.0023542899993533669	0.00128971700571580752	0.00436710987516240673	0.0563169590275308687	0.186182095938037026	0.330830236042733379	0.561359089865221374	0.12161694289133443	0.172021892416959665	0.306420424819707977	0.230005005215756648
T:	0.181618619777871606	0.146339466744563656	0.0440360820961237396	0.148422315255984516	0.392080315846521967	0.0629101538246083366	0.128186954990160168	0.0245131220638523363	0.00270508831136667271	0.00243516407720316475	0.0042525650258845322	0.00836323354250288236	0.0203153762511263709	0.0177753165262787055	0.00663933850866466623	0.452467211031263282	0.251302373286335914	0.341904506147122794	0.405473924317141929	0.435069327604328958	0.0678392685924724259	0.240236493836823331	0.182573936477201871



