1	CACCGACA	0.498981018922682986


A:	0.232190134977626189	0.2711389543461807	0.736056993565173416	0.165824154563503216	0.0913992500838968387	0.371785441997585816	0.0233566675264713634	0.0382303630432703244	0.88946865718667989	0.00141668400879814251	0.00322681071434794718	0.00220547492073633976	0.990109154996205617	0.00347518807083071485	0.737590949286126948	0.338085592566914309	0.490450852617750673	0.134985389905876547	0.00733140174474648823	0.393308003802864835	0.647684090986809684	0.172369220922530465
C:	0.310081565443664328	0.209326620124137568	0.208982584902183457	0.0192259853327961579	0.319103602894430668	0.301566634443012805	0.492308550860869279	0.935572441706963506	0.000559770749585149935	0.992842026463398766	0.992166848519078038	0.00116626577228735224	0.00323315652259582608	0.993052727767564845	0.237904354008710691	0.0706869370894644339	0.164496275506706716	0.0151521419837647066	0.00278732120351867645	0.0951537731718519009	0.0422726097290187335	0.257852579158821687
G:	0.285279119791104622	0.0201512705284638851	0.0154574892446829432	0.105754523935262168	0.117380808465179353	0.231603242116380358	0.0694596080866587888	0.00342481525151950493	0.10835399662966829	0.0023291109205149519	0.00152293741933049948	0.990487207636472852	0.00110152206729792894	0.00162380086430192452	0.00556232278326446401	0.0300777547484322866	0.0968012250921182906	0.622140247886210023	0.271180343564423878	0.375534898936356328	0.189925236933593645	0.26112732072298895
T:	0.17244917978760486	0.499383155001217847	0.0395029322879601835	0.709195336168438458	0.47211633855649314	0.0950446814430210205	0.414875173526000569	0.0227723799982466651	0.00161757543406666981	0.00341217860728813929	0.0030834033472435151	0.00614105167050345581	0.00555616641390062837	0.0018482832973025159	0.0189423739218978977	0.56114971559518897	0.24825164678342432	0.227722220224148724	0.718700933487310957	0.136003324088926936	0.120118062350577938	0.308650879195658897



2	A..TGTCGGT	0.497713699604612305


A:	0.0988053673834336919	0.107228938190288964	0.193012572379711373	0.286237627574606921	0.479002460500902402	0.786915659181232451	0.790197048805961263	0.192925565757734314	0.658526530061158041	0.0369288765684018156	0.00393234348122009152	0.00745538142004802555	0.0111311385254145349	0.0106499507208114434	0.00617670727365256535	0.00293257045741204573	0.0227723799982466651	0.23073498377344264	0.106097121442312545	0.752121605814877348	0.0501337015382025619	0.218363834875284215	0.0472918730891211196
C:	0.172025716162673938	0.300411281321739665	0.483847393522853808	0.0772048525856775157	0.040570545514285119	0.0661212090966300151	0.134652246230228393	0.0823479781083503885	0.0196811145780613852	0.00612234359375237226	0.00498166692467611814	0.00387296811717159644	0.979315713024506457	0.00241348765872341595	0.00741039412877383637	0.10877821637466464	0.00342481525151950493	0.0618726708285911433	0.322234505938364724	0.11835142540496571	0.0040738830654164883	0.123768007542465337	0.543142071107740063
G:	0.146182260223820245	0.133946189402203022	0.12518911221238463	0.173821960580401877	0.0378566593155835539	0.0197848256743959958	0.0639262924234221718	0.1487698253758614	0.0381579814745470792	0.115230910772829476	0.98353687311624491	0.0058295724906982897	0.00282154483654124758	0.980954766403965588	0.983173283565483076	0.00167786127277548147	0.935572441706963506	0.672910332226378694	0.216601532654077663	0.0322770579177794493	0.937260934314266664	0.575721513929182113	0.101535601816616636
T:	0.582986656230072125	0.45841359108576835	0.197950921885050188	0.462735559259313686	0.442570334669228925	0.127178306047741538	0.0112244125403881718	0.575956630758053898	0.283634373886233494	0.841717869065016336	0.00754911647785888021	0.982842077972082088	0.00673160361353776017	0.00598179521649955278	0.00323961503209052225	0.886611351895147833	0.0382303630432703244	0.0344820131715875229	0.355066839965245068	0.0972499108623774925	0.0085314810821142852	0.0821466436530683349	0.308030453986522181



3	CCACCGAC	0.497626388256315033


A:	0.632026656665563169	0.232190134977626189	0.2711389543461807	0.736056993565173416	0.165824154563503216	0.0913992500838968387	0.371785441997585816	0.0233566675264713634	0.038876335297059917	0.892781513154780698	0.00289071514281969004	0.00422343073406690342	0.00221972900174338523	0.972428723286727118	0.00739933427202249569	0.737590949286126948	0.338085592566914309	0.490450852617750673	0.134985389905876547	0.00733140174474648823	0.393308003802864835	0.647684090986809684
C:	0.0361113069008778841	0.310081565443664328	0.209326620124137568	0.208982584902183457	0.0192259853327961579	0.319103602894430668	0.301566634443012805	0.492308550860869279	0.919243953537738422	0.000663450866579101185	0.990053726638655318	0.991011942036304429	0.00162113664417312844	0.011187912059154497	0.986116342130730334	0.237904354008710691	0.0706869370894644339	0.164496275506706716	0.0151521419837647066	0.00278732120351867645	0.0951537731718519009	0.0422726097290187335
G:	0.151915787510564243	0.285279119791104622	0.0201512705284638851	0.0154574892446829432	0.105754523935262168	0.117380808465179353	0.231603242116380358	0.0694596080866587888	0.0218846215601286752	0.103811930750464011	0.00408626202782938249	0.00247665621004831078	0.98975203964172577	0.00227508888631390077	0.00146560401630546574	0.00556232278326446401	0.0300777547484322866	0.0968012250921182906	0.622140247886210023	0.271180343564423878	0.375534898936356328	0.189925236933593645
T:	0.179946248922994705	0.17244917978760486	0.499383155001217847	0.0395029322879601835	0.709195336168438458	0.47211633855649314	0.0950446814430210205	0.414875173526000569	0.0199950896050729861	0.00274310522817619027	0.00296929619069560918	0.00228797101958035662	0.00640709471235771675	0.0141082757678044843	0.00501871958094170487	0.0189423739218978977	0.56114971559518897	0.24825164678342432	0.227722220224148724	0.718700933487310957	0.136003324088926936	0.120118062350577938



4	CACCGAC..A	0.49718761890581832


A:	0.232190134977626189	0.2711389543461807	0.736056993565173416	0.165824154563503216	0.0913992500838968387	0.371785441997585816	0.0233566675264713634	0.104089683662188786	0.893575346439575926	0.00721793213867853937	0.00807796700183504714	0.00149456743724639378	0.953337345940998636	0.00649684211442092253	0.737590949286126948	0.338085592566914309	0.490450852617750673	0.134985389905876547	0.00733140174474648823	0.393308003802864835	0.647684090986809684	0.172369220922530465	0.355139045314034461
C:	0.310081565443664328	0.209326620124137568	0.208982584902183457	0.0192259853327961579	0.319103602894430668	0.301566634443012805	0.492308550860869279	0.864377486343656658	0.00101189443544733417	0.984811526596764249	0.98326669893957139	0.00565298116948979197	0.0163499955625585939	0.986133356674368962	0.237904354008710691	0.0706869370894644339	0.164496275506706716	0.0151521419837647066	0.00278732120351867645	0.0951537731718519009	0.0422726097290187335	0.257852579158821687	0.0661739135793965082
G:	0.285279119791104622	0.0201512705284638851	0.0154574892446829432	0.105754523935262168	0.117380808465179353	0.231603242116380358	0.0694596080866587888	0.0178107390738850958	0.101811922112601084	0.00372547464335346184	0.00227262837159069438	0.987578088444628413	0.00228671821146017188	0.00431409163911020649	0.00556232278326446401	0.0300777547484322866	0.0968012250921182906	0.622140247886210023	0.271180343564423878	0.375534898936356328	0.189925236933593645	0.26112732072298895	0.103117706664405741
T:	0.17244917978760486	0.499383155001217847	0.0395029322879601835	0.709195336168438458	0.47211633855649314	0.0950446814430210205	0.414875173526000569	0.0137220909202694598	0.00360083701237565577	0.00424506662120375008	0.00638270568700286894	0.00527436294863540082	0.0280259402849825981	0.00305570957209990916	0.0189423739218978977	0.56114971559518897	0.24825164678342432	0.227722220224148724	0.718700933487310957	0.136003324088926936	0.120118062350577938	0.308650879195658897	0.47556933444216329



5	C.ACCGACA	0.497133852796664847


A:	0.531807265256966885	0.371639303966369876	0.308030453986522181	0.0821466436530683349	0.0085314810821142852	0.0972499108623774925	0.355066839965245068	0.0344820131715875229	0.0382303630432703244	0.896134230315136227	0.00234296350722254083	0.0125192691744776822	0.0038982143440185148	0.977165683593342708	0.00905548850951115371	0.766981436308202916	0.283634373886233494	0.575956630758053898	0.0112244125403881719	0.127178306047741538	0.442570334669228925	0.462735559259313686	0.197950921885050188
C:	0.047161562697897553	0.27879080423374312	0.101535601816616636	0.575721513929182113	0.937260934314266664	0.0322770579177794493	0.216601532654077663	0.672910332226378694	0.935572441706963506	0.00100547914394526885	0.988019518656513278	0.981541969285327863	0.00166945132282042721	0.0114545655942628676	0.984850290088254229	0.200396492437177643	0.0381579814745470792	0.1487698253758614	0.0639262924234221718	0.0197848256743959958	0.0378566593155835539	0.173821960580401877	0.12518911221238463
G:	0.229228030854605566	0.16208480070409838	0.543142071107740063	0.123768007542465337	0.0040738830654164883	0.11835142540496571	0.322234505938364724	0.0618726708285911433	0.00342481525151950493	0.0984379453732419886	0.00403127669280979441	0.00155471626540473192	0.983669866473587376	0.00239492062173145887	0.00191616417906289666	0.00448631863714059992	0.0196811145780613852	0.0823479781083503885	0.134652246230228393	0.0661212090966300151	0.040570545514285119	0.0772048525856775157	0.483847393522853808
T:	0.191803141190529996	0.187485091095788625	0.0472918730891211196	0.218363834875284215	0.0501337015382025619	0.752121605814877348	0.106097121442312545	0.23073498377344264	0.0227723799982466651	0.00442234516767651574	0.00560624114345438622	0.00438404527478972253	0.0107624678595736821	0.00898483019066296596	0.00417805722317172074	0.0281357526174788405	0.658526530061158042	0.192925565757734314	0.790197048805961263	0.786915659181232451	0.479002460500902402	0.286237627574606921	0.193012572379711373



