1	CACCTGA..A	0.489875930521091811


A:	0.0540256626573131348	0.150493327960938181	0.770302502619114942	0.251769797417888189	0.548269057247114665	0.713404212804140086	0.533684104201412826	0.0267289636202681188	0.952645022203489495	0.0097574771535579848	0.00898948055874677265	0.0145859703242589515	0.00557947323422733165	0.907736488341852203	0.271027594547435702	0.673782213409927747	0.623403062328884999	0.0577645688840072477	0.397424195745755603	0.402506232462296129	0.605894435264619765	0.42731429094486571	0.120023893134601261
C:	0.169587189285252999	0.39974713444820327	0.0602952697501391258	0.233722358244644159	0.172364191632822824	0.0634702609397380442	0.115701420059175579	0.900631764733696645	0.00559552261356379116	0.972698407888074429	0.980855334812197577	0.00418500357202957441	0.0143149910063146009	0.00903055460030116161	0.101128522117004337	0.0901065029496027128	0.138388138986163076	0.661478783051369308	0.292469918521402502	0.233154667877763022	0.117322022938826868	0.298353844464229901	0.23250566300099144
G:	0.217851240441842257	0.165483371147430313	0.13731330128637965	0.19794700966072696	0.136048718419873153	0.120481620228620603	0.196368143868252223	0.00693192147423101394	0.0309838708975969305	0.00328044898070113535	0.00351916000571885913	0.00399455414589324351	0.974736222530795186	0.0779980148276017076	0.243949202743163939	0.174654321549869565	0.0663448085243976402	0.13075156325003552	0.240947701798103774	0.169735470837562383	0.183830483498325552	0.184451653419124026	0.125460706497333216
T:	0.558535907615591609	0.284276166443428236	0.0320889263443662823	0.316560834676740692	0.143318032700189358	0.102643906027501267	0.154246331871159373	0.0657073501718042219	0.0107755842853497832	0.0142636659776664512	0.00663602462333679159	0.977234471957818231	0.00536931322866288143	0.00523494223024492825	0.383894680592396022	0.061456962090599975	0.171863990160554284	0.150005084814587925	0.0691581839347381205	0.194603628822378465	0.0929530582982278154	0.0898802111717803631	0.522009737367074083



2	A.CACCTGA	0.489682598769108596


A:	0.246063299615425943	0.275709961339559496	0.0540256626573131348	0.150493327960938181	0.770302502619114942	0.251769797417888189	0.548269057247114665	0.713404212804140086	0.533684104201412826	0.0755346868699855046	0.957948308818018536	0.00832155515895989303	0.00546269277654491662	0.0030040075212246454	0.00418954896816323404	0.852753970374216393	0.271027594547435702	0.673782213409927747	0.623403062328884999	0.0577645688840072477	0.397424195745755603	0.402506232462296129	0.605894435264619765
C:	0.224767294442204191	0.233341284846028273	0.169587189285252999	0.39974713444820327	0.0602952697501391258	0.233722358244644159	0.172364191632822824	0.0634702609397380442	0.115701420059175579	0.868569471785439964	0.0057272790523791775	0.972151095126550217	0.979218058236848259	0.00354703900440906563	0.00716827558680417066	0.0248610148778806215	0.101128522117004337	0.0901065029496027128	0.138388138986163076	0.661478783051369308	0.292469918521402502	0.233154667877763022	0.117322022938826868
G:	0.0699870216469501762	0.188026339431950091	0.217851240441842257	0.165483371147430313	0.13731330128637965	0.19794700966072696	0.136048718419873153	0.120481620228620603	0.196368143868252223	0.0106885705722086696	0.0222922820613102656	0.00273107438188321247	0.00358546668720033467	0.00400590841193288613	0.982571322051482666	0.116919587512824109	0.243949202743163939	0.174654321549869565	0.0663448085243976402	0.13075156325003552	0.240947701798103774	0.169735470837562383	0.183830483498325552
T:	0.45918238429541969	0.30292241438246214	0.558535907615591609	0.284276166443428236	0.0320889263443662823	0.316560834676740692	0.143318032700189358	0.102643906027501267	0.154246331871159373	0.0452072707723658617	0.0140321300682920213	0.0167962753326066777	0.0117337822994064894	0.989443045062433403	0.00607085339354992885	0.00546542723507887651	0.383894680592396022	0.061456962090599975	0.171863990160554284	0.150005084814587925	0.0691581839347381205	0.194603628822378465	0.0929530582982278154



3	ACACCTGA	0.489380990893404068


A:	0.275709961339559496	0.0540256626573131348	0.150493327960938181	0.770302502619114942	0.251769797417888189	0.548269057247114665	0.713404212804140086	0.533684104201412826	0.0281485298984077843	0.924784634986907039	0.00666758106221801365	0.0085534918978413045	0.00512360973512327257	0.00547499514104342669	0.823221885550708156	0.271027594547435702	0.673782213409927747	0.623403062328884999	0.0577645688840072477	0.397424195745755603	0.402506232462296129	0.605894435264619765
C:	0.233341284846028273	0.169587189285252999	0.39974713444820327	0.0602952697501391258	0.233722358244644159	0.172364191632822824	0.0634702609397380442	0.115701420059175579	0.925595225261951808	0.00323521050557975795	0.948732158786053829	0.978167612967731347	0.00524417350800252204	0.0102740136755037387	0.0227363884257950581	0.101128522117004337	0.0901065029496027128	0.138388138986163076	0.661478783051369308	0.292469918521402502	0.233154667877763022	0.117322022938826868
G:	0.188026339431950091	0.217851240441842257	0.165483371147430313	0.13731330128637965	0.19794700966072696	0.136048718419873153	0.120481620228620603	0.196368143868252223	0.00839579135936294347	0.0615642578623605061	0.00450351136122469427	0.00356072663249192467	0.00631662555612035472	0.976976000828961874	0.148253825476835089	0.243949202743163939	0.174654321549869565	0.0663448085243976402	0.13075156325003552	0.240947701798103774	0.169735470837562383	0.183830483498325552
T:	0.30292241438246214	0.558535907615591609	0.284276166443428236	0.0320889263443662823	0.316560834676740692	0.143318032700189358	0.102643906027501267	0.154246331871159373	0.0378604534802774639	0.0104158966451526972	0.040096748790503463	0.00971816850193542335	0.983315591200753851	0.00727499035449096058	0.00578790054666169629	0.383894680592396022	0.061456962090599975	0.171863990160554284	0.150005084814587925	0.0691581839347381205	0.194603628822378465	0.0929530582982278154



4	CACCTGA.A	0.488091840786143233


A:	0.0540256626573131348	0.150493327960938181	0.770302502619114942	0.251769797417888189	0.548269057247114665	0.713404212804140086	0.533684104201412826	0.0383004782860028509	0.966579449061424233	0.00633861967566776988	0.00650031822029593847	0.00966391410853479798	0.00743397489036375163	0.856987626514508784	0.271027594547435702	0.673782213409927747	0.623403062328884999	0.0577645688840072477	0.397424195745755603	0.402506232462296129	0.605894435264619765	0.42731429094486571	0.120023893134601261
C:	0.169587189285252999	0.39974713444820327	0.0602952697501391258	0.233722358244644159	0.172364191632822824	0.0634702609397380442	0.115701420059175579	0.919205323119860499	0.0032650015401768428	0.97758063305082606	0.977856286938615822	0.00372469367410089502	0.0065692216425073597	0.0132366057847653662	0.101128522117004337	0.0901065029496027128	0.138388138986163076	0.661478783051369308	0.292469918521402502	0.233154667877763022	0.117322022938826868	0.298353844464229901	0.23250566300099144
G:	0.217851240441842257	0.165483371147430313	0.13731330128637965	0.19794700966072696	0.136048718419873153	0.120481620228620603	0.196368143868252223	0.0132515505429071188	0.0171884833243269652	0.00392198320933397566	0.00279550709816636537	0.00267831340323100861	0.980579900845951764	0.122807404133283051	0.243949202743163939	0.174654321549869565	0.0663448085243976402	0.13075156325003552	0.240947701798103774	0.169735470837562383	0.183830483498325552	0.184451653419124026	0.125460706497333216
T:	0.558535907615591609	0.284276166443428236	0.0320889263443662823	0.316560834676740692	0.143318032700189358	0.102643906027501267	0.154246331871159373	0.0292426480512295313	0.0129670660740719592	0.0121587640641721947	0.0128478877429218745	0.983933078814133298	0.005416902621177125	0.00696836356744279791	0.383894680592396022	0.061456962090599975	0.171863990160554284	0.150005084814587925	0.0691581839347381205	0.194603628822378465	0.0929530582982278154	0.0898802111717803631	0.522009737367074083



5	A..CACCTGA	0.485292901219249921


A:	0.246063299615425943	0.275709961339559496	0.0540256626573131348	0.150493327960938181	0.770302502619114942	0.251769797417888189	0.548269057247114665	0.713404212804140086	0.533684104201412826	0.102118518195720392	0.945973020063852651	0.00574088587275088879	0.00742238765571679842	0.0090244666604233291	0.00917472706356013937	0.706159387336129553	0.271027594547435702	0.673782213409927747	0.623403062328884999	0.0577645688840072477	0.397424195745755603	0.402506232462296129	0.605894435264619765
C:	0.224767294442204191	0.233341284846028273	0.169587189285252999	0.39974713444820327	0.0602952697501391258	0.233722358244644159	0.172364191632822824	0.0634702609397380442	0.115701420059175579	0.849140654830497178	0.00279269097743576735	0.970718631778164768	0.974734240407938052	0.00670485340352546081	0.00363593339661251993	0.0102976563369037501	0.101128522117004337	0.0901065029496027128	0.138388138986163076	0.661478783051369308	0.292469918521402502	0.233154667877763022	0.117322022938826868
G:	0.0699870216469501762	0.188026339431950091	0.217851240441842257	0.165483371147430313	0.13731330128637965	0.19794700966072696	0.136048718419873153	0.120481620228620603	0.196368143868252223	0.00930912147660429797	0.0452227668760995165	0.00273924555491102378	0.00272173747702609824	0.00209584810166629953	0.98464381546105967	0.278560315148811851	0.243949202743163939	0.174654321549869565	0.0663448085243976402	0.13075156325003552	0.240947701798103774	0.169735470837562383	0.183830483498325552
T:	0.45918238429541969	0.30292241438246214	0.558535907615591609	0.284276166443428236	0.0320889263443662823	0.316560834676740692	0.143318032700189358	0.102643906027501267	0.154246331871159373	0.0394317054971781316	0.00601152208261206537	0.020801236794173319	0.0151216344593190511	0.982174831834384911	0.00254552407876767085	0.00498264117815484599	0.383894680592396022	0.061456962090599975	0.171863990160554284	0.150005084814587925	0.0691581839347381205	0.194603628822378465	0.0929530582982278154



