1	A.CACCTGA	0.487290298151166428


A:	0.462612721324743044	0.472610630970125637	0.328018000677411045	0.151641378115187451	0.609298296873073034	0.393338016315366523	0.432274445813163896	0.709261501045315731	0.705935657980752776	0.0431597365241520267	0.973256747806871671	0.0107354069712437074	0.0100280800550756997	0.0113800151139353902	0.00629239339295950407	0.946621979106054108	0.486640485638638878	0.329400037734025495	0.418590525760030946	0.145569924075341987	0.107941539196744669	0.543544723022918299	0.596280531668570779
C:	0.122485431035056598	0.106596494563445396	0.212954259712525088	0.198250599638300427	0.0525340475000426479	0.126280675427555919	0.150407026076631003	0.0229611240047029328	0.123101038868306757	0.825509073134992125	0.00160640916320331633	0.950449181731079378	0.965172990378937593	0.00152677281252614925	0.00989975340983154723	0.00399226194250389061	0.0533140422678302729	0.220675730254953318	0.105077296280393684	0.209352261508169872	0.498522193436147415	0.169281409448371192	0.150709618344986985
G:	0.23532155824467681	0.214006471150790559	0.188553600370138847	0.0985895300648791628	0.18690399401341757	0.174690503687097526	0.203775600783938559	0.197334795689009796	0.126267148219212384	0.00412926689608589358	0.00822368939904327622	0.00612814354383028142	0.00819316752373681364	0.00391728296648154606	0.981162920745300372	0.0387312161545471852	0.0304364318682699677	0.189684971187411097	0.184786474548344467	0.123373576274978373	0.0276624737817806733	0.176323920287519443	0.129827877152584418
T:	0.179580289395523548	0.206786403315638408	0.270474139239925019	0.551518492181632959	0.151263661613466748	0.305690804569980032	0.213542927326266542	0.0704425792609715401	0.0446961549317280839	0.127201923444769955	0.0169131536308817368	0.0326872677538466334	0.0166057620422498939	0.983175929107056915	0.00264493245190857711	0.0106545427968948165	0.429609040225260882	0.26023926082361009	0.291545703411230903	0.521704238141509768	0.365873793585327242	0.110849947241191067	0.123181972833857818



2	ATTTGTTG	0.469330179962926591


A:	0.359810976970742943	0.587868262563987067	0.168448893795386834	0.161365197047909977	0.176415053390133156	0.175949573386080327	0.402175425836861318	0.624636240827039673	0.0854719451715871995	0.0662872333213358398	0.0279870340756690845	0.0346167155466013439	0.0193011834400689617	0.0249006374873058658	0.0585899146739248165	0.0635779191726473017	0.245381185558923298	0.335153154739271488	0.134843235264628021	0.31596653274333465	0.254793341741949402	0.257876941987848981
C:	0.334752680242067027	0.0936241473873303028	0.269515398213982564	0.108228734759296448	0.029455314310213807	0.457301928627846833	0.0785715026473932082	0.0265558104846415976	0.0295828719010439955	0.014401230112794853	0.0310316852352535641	0.00414799643856560537	0.0117401824832837285	0.0137844001181166378	0.0226208559495683048	0.265761865250107022	0.164995781029398578	0.172095544798672115	0.0743181353238353951	0.0947274072906192404	0.209855998629056276	0.24962643362992506
G:	0.113122542074738996	0.03736281862707539	0.170305700737482903	0.519248147554514012	0.0874343758585751571	0.246489077505029664	0.135508702396337132	0.0967446990567938027	0.0386713331650982956	0.0328076669464677779	0.0137361798184907453	0.941416174210330094	0.0301889499630343772	0.0143173718568976614	0.891489821457567257	0.0913962653016380489	0.441676627811163384	0.117840870839935525	0.356566987067393399	0.331573310404810414	0.127241722356928807	0.0640946027048911279
T:	0.192313800712451035	0.28114477142160724	0.391730007253147699	0.211157920638279564	0.70669525644107788	0.120259420481043176	0.383744369119408342	0.252063249631524926	0.846273849762270509	0.886503869619401529	0.927245100870586606	0.019819113804502957	0.938769684113612933	0.946997590537679835	0.0272994079189396218	0.579263950275607627	0.14794640560051474	0.374910429622120872	0.434271642344143184	0.257732749561235696	0.408108937272065515	0.428402021677334831



3	ACACCTGA	0.469115794932582605


A:	0.472610630970125637	0.328018000677411045	0.151641378115187451	0.609298296873073034	0.393338016315366523	0.432274445813163896	0.709261501045315731	0.705935657980752776	0.0233822840348058215	0.949040220686905619	0.0123775992827728233	0.0381103490475497387	0.0247508178997857653	0.020456593905206353	0.946698624048567995	0.486640485638638878	0.329400037734025495	0.418590525760030946	0.145569924075341987	0.107941539196744669	0.543544723022918299	0.596280531668570779
C:	0.106596494563445396	0.212954259712525088	0.198250599638300427	0.0525340475000426479	0.126280675427555919	0.150407026076631003	0.0229611240047029328	0.123101038868306757	0.919568109259675573	0.00148523021295990239	0.912138235273425044	0.929649707526871473	0.00260284495131839203	0.00292218451332776555	0.00518301438736004443	0.0533140422678302729	0.220675730254953318	0.105077296280393684	0.209352261508169872	0.498522193436147415	0.169281409448371192	0.150709618344986985
G:	0.214006471150790559	0.188553600370138847	0.0985895300648791628	0.18690399401341757	0.174690503687097526	0.203775600783938559	0.197334795689009796	0.126267148219212384	0.00964916188585942082	0.0082969656493935554	0.0110895596018484888	0.00396569524890854185	0.0024114876001074162	0.967185139260339883	0.0362697931894885234	0.0304364318682699677	0.189684971187411097	0.184786474548344467	0.123373576274978373	0.0276624737817806733	0.176323920287519443	0.129827877152584418
T:	0.206786403315638408	0.270474139239925019	0.551518492181632959	0.151263661613466748	0.305690804569980032	0.213542927326266542	0.0704425792609715401	0.0446961549317280839	0.0474004448196591845	0.0411775834507409228	0.0643946058419536443	0.0282742481766702464	0.970234849548788426	0.009436082321125998	0.0118485683745834376	0.429609040225260882	0.26023926082361009	0.291545703411230903	0.521704238141509768	0.365873793585327242	0.110849947241191067	0.123181972833857818



4	CACCTGAA	0.466200113602686951


A:	0.328018000677411045	0.151641378115187451	0.609298296873073034	0.393338016315366523	0.432274445813163896	0.709261501045315731	0.705935657980752776	0.0452798902005014863	0.975965027393887172	0.00601754584407095712	0.0179442596346905754	0.00450161105952977778	0.0171103738127609944	0.960239580746568166	0.486640485638638878	0.329400037734025495	0.418590525760030946	0.145569924075341987	0.107941539196744669	0.543544723022918299	0.596280531668570779	0.661202652214738375
C:	0.212954259712525088	0.198250599638300427	0.0525340475000426479	0.126280675427555919	0.150407026076631003	0.0229611240047029328	0.123101038868306757	0.864153731038097117	0.00126168054697034121	0.959515052214930772	0.961011816535200323	0.00153446658005650337	0.00345463648112825473	0.00799888403176648895	0.0533140422678302729	0.220675730254953318	0.105077296280393684	0.209352261508169872	0.498522193436147415	0.169281409448371192	0.150709618344986985	0.163621729432364577
G:	0.188553600370138847	0.0985895300648791628	0.18690399401341757	0.174690503687097526	0.203775600783938559	0.197334795689009796	0.126267148219212384	0.0083360602346827778	0.00436367238170985448	0.00969029657632522627	0.01202446421394881	0.00510083302988569815	0.970474903206394823	0.0167407069754698179	0.0304364318682699677	0.189684971187411097	0.184786474548344467	0.123373576274978373	0.0276624737817806733	0.176323920287519443	0.129827877152584418	0.0681137699337164066
T:	0.270474139239925019	0.551518492181632959	0.151263661613466748	0.305690804569980032	0.213542927326266542	0.0704425792609715401	0.0446961549317280839	0.0822303185267186191	0.0184096196774326322	0.024777105364673045	0.00901945961616029147	0.988863089330528021	0.00896008649971592838	0.0150208282461955268	0.429609040225260882	0.26023926082361009	0.291545703411230903	0.521704238141509768	0.365873793585327242	0.110849947241191067	0.123181972833857818	0.107061848419180641



5	GCAACGTA	0.459870598113300736


A:	0.155893452455172268	0.423946053458107843	0.259350817246456732	0.142146544389284163	0.301738647217682308	0.533764360452177107	0.456656922976540887	0.625471040961029194	0.171086344116317869	0.892584430899159478	0.935857587501324321	0.0336704101549480011	0.197211015207676606	0.0786851823511499241	0.797426148368754081	0.66063749631133329	0.550557178185931203	0.543547536258239159	0.656849378529063188	0.106680280704432155	0.168787381456303299	0.267176763903257428
C:	0.379349840780319451	0.199794767021336345	0.305002533776955279	0.358706723073379245	0.323692507538291328	0.170918446182897754	0.0660040535838404181	0.0672059693636646136	0.762869127815384102	0.0121100726408073031	0.00625243276261620322	0.914869334470694983	0.00624574077430234919	0.0122351546409920224	0.016604196011132575	0.0221213539400156164	0.202258413351554005	0.0818261620658981701	0.167051922112880483	0.476601362301859694	0.257072739139682022	0.100144732900114521
G:	0.227277235951608452	0.267901952782487353	0.0331586964086898685	0.0937844644872643027	0.172367375914247027	0.0357401214616009283	0.331626695721926631	0.285073735661868592	0.0167192379128238337	0.0241404144199758166	0.0272114342132580179	0.0175130900710200269	0.75010968257595199	0.0186725320180173661	0.0719463827066031181	0.256480368350075033	0.192785010170247315	0.100648577364905947	0.0702232877759106073	0.0846475616228027826	0.140060403016377503	0.203777073125107682
T:	0.23747947081289983	0.108357226738068459	0.40248795256789812	0.40536226805007229	0.202201469329779337	0.259577071903324211	0.145712327717692063	0.022249254013437601	0.0493252901554741958	0.0711650820400574022	0.0306785455228014575	0.0339471653033369893	0.0464335614420690555	0.890407130989840687	0.114023272913510226	0.0607607813985760604	0.054399398292267477	0.273977724310956723	0.105875411582145722	0.332070795370905368	0.434079476387637176	0.42890143007152037



