1	GCAACAGA	0.498113824953077151


A:	0.120387745196845342	0.125603034239917007	0.195235276350913713	0.438112105488016831	0.346433508833865681	0.125928619531799923	0.326215255333954736	0.0694968506432848453	0.0109895533985972325	0.913409729876323032	0.986533253284914498	0.00248818435835219132	0.969995246535644252	0.00170399707192088336	0.970217396812550672	0.200430845631038384	0.366510835996696371	0.200414770886078872	0.0715934891052465493	0.357337699623062382	0.576064100440606812	0.158613220821262613
C:	0.68492656196710214	0.172591364651732176	0.493289929687742163	0.361053504838772998	0.148309404762818887	0.0735561593138704217	0.140903225028384875	0.0219299418720160967	0.985180037616240646	0.0245056008970862683	0.000447797253594914135	0.990739460586846615	0.000661772932583105843	0.00200980544378792068	0.0018642554494488409	0.149851976477690225	0.187404272259324801	0.372294900299990909	0.134011348469015571	0.191994390026689679	0.154755761212381902	0.230956255161269389
G:	0.125395332521674998	0.242052637339454111	0.0985747033051535635	0.0765050970578212366	0.179536622464793203	0.405427742120618629	0.119483063750862099	0.907008553801585484	0.00250372555808427233	0.0616956401428647969	0.00795753202953657592	0.000680402356259651342	0.0284993144037389712	0.691143774297584037	0.0034299558454159315	0.465425287252662093	0.329777698312133717	0.116881439825765535	0.105899324342234621	0.373206398791381606	0.071072029837975837	0.411560021483040288
T:	0.0692903603143775204	0.459752963768896706	0.212900090656190561	0.124329292615388934	0.325720463938522229	0.395087479033711026	0.413398455886798289	0.0015646536831135742	0.00132668342707784915	0.000389029083725902692	0.00506141743195401228	0.00609195269854154232	0.000843666128033671244	0.305142423186707159	0.0244883918925845552	0.184291890638609298	0.116307193431845112	0.310408888988164684	0.688495838083503258	0.0774615115588663335	0.198108108509035449	0.19887050253442771



2	TCTGT.GCA	0.497751107159908464


A:	0.277661103308264201	0.230516400944761061	0.169084001043678202	0.0693670212192880906	0.327284005150658707	0.0846767912840294957	0.0555060939145370784	0.0696773268892397247	0.33451657708246975	0.00764590047492122513	0.0133197926989062355	0.0111400616984982791	0.000389029083725902692	0.0107875413533657827	0.00882998726027609085	0.716421302735776762	0.495412872311696254	0.409189963980620494	0.285421110557686077	0.328225632540595063	0.394852877913416932	0.24256904240133879	0.208951571687935844
C:	0.21895740909369264	0.295680188822310027	0.297933728100037561	0.503511120278425606	0.107444404034494756	0.213912872740760262	0.461399912959691808	0.0187084948796770504	0.639959105398628936	0.0377447816951728024	0.0021397808697965309	0.0617109755885407259	0.0616956401428647969	0.01159237638666681	0.901660965775545719	0.0481961440942895556	0.271902689589348122	0.248890482654483082	0.152398647472829726	0.0892146261318066474	0.0932283010951245757	0.225194535229482103	0.267725340202929389
G:	0.289910926376342693	0.240969642035590636	0.236368055992730836	0.326684581769940166	0.221056385464673882	0.299552866105070992	0.143325760267254108	0.0219672499459659596	0.0179211144203889142	0.00438547351311678977	0.981905340196034476	0.00412511426797165751	0.0245056008970862683	0.946283763812393877	0.0260433542919388032	0.051951726307663532	0.134320378878544589	0.121226592487137157	0.203460987802677354	0.44225466161209778	0.271215320408187457	0.454896187285308577	0.282385125650958091
T:	0.213470561221700466	0.232833768197338276	0.296614214863553402	0.100437276732346137	0.344215205350172655	0.40185746987013925	0.339768232858517005	0.889646928285117265	0.00760320309851240002	0.950223844316789183	0.00263508623526275745	0.923023848444989337	0.913409729876323032	0.0313363184475735305	0.0634656926722393872	0.18343082686227015	0.0983640592204110358	0.220692960877759267	0.358719254166806843	0.14030507971550051	0.240703500583271035	0.0773402350838705299	0.240937962458176676



3	GCAACATA	0.496971624024498666


A:	0.120387745196845342	0.125603034239917007	0.195235276350913713	0.438112105488016831	0.346433508833865681	0.125928619531799923	0.326215255333954736	0.0587345153400236438	0.037048183207599199	0.930489938631351264	0.985599666480688528	0.00311295260790558721	0.971859658129358761	0.00170399707192088336	0.814961772056746254	0.200430845631038384	0.366510835996696371	0.200414770886078872	0.0715934891052465493	0.357337699623062382	0.576064100440606812	0.158613220821262613
C:	0.68492656196710214	0.172591364651732176	0.493289929687742163	0.361053504838772998	0.148309404762818887	0.0735561593138704217	0.140903225028384875	0.0287739538627643579	0.955732824713318423	0.019119034501079233	0.00797222111660734879	0.989345318287103721	0.000680148033214762979	0.00200980544378792068	0.0154512998384856736	0.149851976477690225	0.187404272259324801	0.372294900299990909	0.134011348469015571	0.191994390026689679	0.154755761212381902	0.230956255161269389
G:	0.125395332521674998	0.242052637339454111	0.0985747033051535635	0.0765050970578212366	0.179536622464793203	0.405427742120618629	0.119483063750862099	0.910777810683246459	0.00355792360244732598	0.0499663040231460528	0.0015090496145314994	0.00180858604548368642	0.024413860559159754	0.691143774297584037	0.00909001997115395324	0.465425287252662093	0.329777698312133717	0.116881439825765535	0.105899324342234621	0.373206398791381606	0.071072029837975837	0.411560021483040288
T:	0.0692903603143775204	0.459752963768896706	0.212900090656190561	0.124329292615388934	0.325720463938522229	0.395087479033711026	0.413398455886798289	0.00171372011396553905	0.00366106847663505225	0.000424722844423450318	0.00491906278817262365	0.00573314305950700556	0.00304633327826672194	0.305142423186707159	0.16049690813361412	0.184291890638609298	0.116307193431845112	0.310408888988164684	0.688495838083503258	0.0774615115588663335	0.198108108509035449	0.19887050253442771



4	CAACAGAG	0.496713785538913021


A:	0.0846097644282091565	0.0764996316034128955	0.222572532919512923	0.177292580143850598	0.165798780016319597	0.441597750138875321	0.0694968506432848453	0.0174682927776753302	0.962295390906240342	0.986804434859282306	0.00088242823290988274	0.975904656496604677	0.000861561227454145913	0.961399715833667299	0.353168969028676525	0.460579452417853726	0.268006616373805833	0.175819881815109671	0.446459964170505765	0.140531677760377387	0.237968000251630751	0.305193530838323716
C:	0.292864527645059565	0.32583412587127939	0.132060926591280291	0.160541424459105939	0.280175678106295334	0.113209016826001395	0.0219299418720160967	0.97828700678155121	0.0109053605243762553	0.000887202535511753817	0.992130543197523835	0.000641078293372016143	0.00787675745066446859	0.00261590257746236043	0.0740001393524248529	0.109220600283174182	0.162832188906986044	0.417160417569699494	0.11970197044614804	0.316301256282939308	0.505860799990373723	0.168123319088998534
G:	0.425131397771841204	0.0882680759650777068	0.471863648688796972	0.106509485294009073	0.234904371814141775	0.249822194357507852	0.907008553801585484	0.00209513511083989895	0.0260513256063170276	0.00858279990437640502	0.00235507303630658873	0.0221009566187708488	0.779838505689194611	0.00800941763255280347	0.554419600870426244	0.373386598052992084	0.275336074412382217	0.223625644394963471	0.238231677041611204	0.437101438938296453	0.127984769816780134	0.256894756795249803
T:	0.197394310154890074	0.509398166560230008	0.173502891800409814	0.555656510103034391	0.319121170063243295	0.195371038677615432	0.0015646536831135742	0.00214956532993356065	0.000747922963066375251	0.00372556270082953541	0.00463195553325969311	0.00135330859125245787	0.211423175632686775	0.0279749639563175367	0.0184112907484723778	0.0568133492459800088	0.293825120306825906	0.183394056220227364	0.19560638834173499	0.106065627018386852	0.128186429941215391	0.269788393277427947



5	T.TGTTGCA	0.495845063466192522


A:	0.19887050253442771	0.198108108509035449	0.0774615115588663335	0.688495838083503258	0.310408888988164684	0.116307193431845112	0.184291890638609298	0.288027962756593609	0.305142423186707159	0.00215829361577265232	0.00423332574691025904	0.0149726411034924742	0.00176946272420001086	0.00339044291995346683	0.0133720344502973722	0.413398455886798289	0.395087479033711026	0.325720463938522229	0.124329292615388934	0.212900090656190561	0.459752963768896706	0.0692903603143775204	0.115417287701962875
C:	0.411560021483040288	0.071072029837975837	0.373206398791381606	0.105899324342234621	0.116881439825765535	0.329777698312133717	0.465425287252662093	0.050120304027725016	0.691143774297584037	0.0390552887124145231	0.00157293902256432634	0.0199418170305929662	0.300680023864882083	0.00715278526447094889	0.847311818627332965	0.119483063750862099	0.405427742120618629	0.179536622464793203	0.0765050970578212366	0.0985747033051535635	0.242052637339454111	0.125395332521674998	0.26301832308564701
G:	0.230956255161269389	0.154755761212381902	0.191994390026689679	0.134011348469015571	0.372294900299990909	0.187404272259324801	0.149851976477690225	0.0450241030016928014	0.00200980544378792068	0.00125388815562224225	0.990104328189065007	0.00401687612194128347	0.0754020258015866283	0.922894951996669508	0.0525495543539887995	0.140903225028384875	0.0735561593138704217	0.148309404762818887	0.361053504838772998	0.493289929687742163	0.172591364651732176	0.68492656196710214	0.544962223595393507
T:	0.158613220821262613	0.576064100440606812	0.357337699623062382	0.0715934891052465493	0.200414770886078872	0.366510835996696371	0.200430845631038384	0.616827630213988574	0.00170399707192088336	0.957532529516190582	0.00408940704146040743	0.961068665743973276	0.622148487609331278	0.0665618198189060759	0.0867665925683808634	0.326215255333954736	0.125928619531799923	0.346433508833865681	0.438112105488016831	0.195235276350913713	0.125603034239917007	0.120387745196845342	0.076602165616996608



