1	ATTTAAAT	0.495832716140818644


A:	0.493725943564906752	0.222935119479141964	0.50165265467877587	0.402611144043827702	0.355967996211665001	0.475778513763735522	0.379409861658919618	0.915208920412907226	0.549314527710812682	0.187915846213322773	0.134171657581034625	0.855773688104868375	0.800246035401678666	0.440184485539526444	0.0672703077619277337	0.41045289720786099	0.411855388004153642	0.287949970405147674	0.0958607755769731875	0.174380696289473701	0.506362932318511781	0.0441104187414773556
C:	0.114254481341413207	0.0465220676785821219	0.138253352472594114	0.188949636193729142	0.0640644586251462919	0.123837381567317896	0.0763720716651949835	0.00476225314351847293	0.00334180651037847529	0.00285020421519188379	0.00579220211644587739	0.00426245219765112305	0.00898791416980667674	0.00715918023928239925	0.0127585186816465679	0.0553117333201696111	0.102008523636911898	0.133776528163253967	0.0662749768973908463	0.194405875880804646	0.128699062112935284	0.129761091028301038
G:	0.0855137825957897113	0.0499836353955379337	0.162305874305172743	0.0593260058884384681	0.200497595950625628	0.135008508052498024	0.153865850222845684	0.0127585186816465679	0.00715918023928239925	0.00898791416980667674	0.00426245219765112305	0.00579220211644587739	0.00285020421519188379	0.00334180651037847529	0.00476225314351847293	0.0693764523016856451	0.135598356389926589	0.095552215969543575	0.146504668712179423	0.279013242435372546	0.115795419021202033	0.0794682637939237534
T:	0.306505792497890329	0.680559177446737981	0.197788118543457273	0.349113213874004687	0.379469949212563079	0.265375596616448559	0.390352216453039714	0.0672703077619277337	0.440184485539526444	0.800246035401678666	0.855773688104868375	0.134171657581034625	0.187915846213322773	0.549314527710812682	0.915208920412907226	0.464858917170283754	0.350537731969007871	0.482721285462054783	0.691359578813456544	0.352200185394349107	0.249142586547350902	0.746660226436297853



2	AAT.TA.ATT	0.492533342111182431


A:	0.314740771692095927	0.316604098815154149	0.482049359213307538	0.357290245715223585	0.681298535133093764	0.781417902641256189	0.550346432556736526	0.66841164694093558	0.200443464004895178	0.314537255874909099	0.235711397913191861	0.596724285489033802	0.364641330906687577	0.62872527591159054	0.234790116029804869	0.374865236150676407	0.676606541515415778	0.240783198465148321	0.317370711823184713	0.302501345539538728	0.149389504094413903	0.527983272729172616
C:	0.14631875977235293	0.194660507914216904	0.154651954643762414	0.134466789131858172	0.0428984768409595206	0.0363347133737074922	0.0365027835800193654	0.0518727931755980298	0.144056209738357231	0.0555386310082312143	0.122974841517904974	0.0445894750798693633	0.0112518551957046093	0.0267750503451570502	0.0449254438536615216	0.0382855477125677016	0.0948520493532826211	0.246576567863401039	0.0718241105551643062	0.244395323837412342	0.15865869450693918	0.0661856484090601325
G:	0.0722856652953508464	0.158765828213727512	0.156971950298913222	0.0691207056332805119	0.0907472634686630496	0.0230976310825478496	0.0382855477125677016	0.0449254438536615216	0.0267750503451570502	0.0142672003584250674	0.0445894750798693633	0.122974841517904974	0.0806353216224320063	0.144056209738357231	0.0518727931755980298	0.0365027835800193654	0.0157534836776842802	0.0428069801131781181	0.153024186579749529	0.154099463184473663	0.155073760355144918	0.0935853209932585166
T:	0.466654803240200297	0.329969565056901436	0.206326735844016826	0.439122259519637731	0.185055724557283666	0.159149752902488469	0.374865236150676407	0.234790116029804869	0.62872527591159054	0.615656912758434619	0.596724285489033802	0.235711397913191861	0.543471492275175808	0.200443464004895178	0.66841164694093558	0.550346432556736526	0.21278792545361732	0.469833253558272522	0.457780991041901452	0.299003867438575267	0.536878041043501999	0.312245757868508735



3	AATTAATT	0.491832905392060043


A:	0.241601775912623964	0.421952847969604659	0.282512169367621797	0.509729367612996473	0.548117374476845995	0.223683181400900359	0.30262848101769352	0.764339610379387717	0.64140399763690601	0.333317268675097108	0.246062936178391024	0.747627195646981524	0.656611043593048399	0.342319805986837811	0.159415070811742083	0.371161775835564657	0.54472027760093384	0.332997827926712769	0.316463280318195831	0.0961062305360502231	0.354206288235254421	0.281783398225963524
C:	0.258964223967222995	0.195042787960553547	0.375357413969338793	0.20618927080441601	0.123373882022047863	0.106241372492652625	0.0276408051632697944	0.0282680671014682158	0.0127187129068352487	0.00306346053127145434	0.00182122827325222079	0.00448863990137523147	0.00700822720058303896	0.00355748346942093109	0.0479772517074019842	0.359890503348319523	0.101972492216038007	0.367893084016417285	0.294387180272079212	0.346768469012901894	0.197056465786474633	0.136653327618016597
G:	0.134378924709138399	0.168315022167727149	0.12638481820620834	0.10022336946452723	0.169690404516902314	0.167335464466812891	0.116585142991216561	0.0479772517074019842	0.00355748346942093109	0.00700822720058303896	0.00448863990137523147	0.00182122827325222079	0.00306346053127145434	0.0127187129068352487	0.0282680671014682158	0.0706846559916605244	0.0733850896473877053	0.111366928016833195	0.0811185342708621935	0.247784592371167866	0.197528558015580922	0.155345694199855391
T:	0.365055075411014642	0.214689341902114646	0.215745598456831071	0.183857992118060287	0.158818338984203828	0.502739981639634125	0.553145570827820124	0.159415070811742083	0.342319805986837811	0.656611043593048399	0.747627195646981524	0.246062936178391024	0.333317268675097108	0.64140399763690601	0.764339610379387717	0.198263064824455296	0.279922140535640448	0.187742160040036751	0.308031005138862763	0.309340708079880016	0.251208687962690023	0.426217579956164488



4	A..AAAATAT	0.491752271829316476


A:	0.133126531204688494	0.111693415098558178	0.487350979113626786	0.135563184291026859	0.334655781128164151	0.292313586424043362	0.196802847116954894	0.794483409235505915	0.536105241252919953	0.4835595530983199	0.754467936373917319	0.876209633755680412	0.780141385887463449	0.859444159959489618	0.275822386250465626	0.831165967523155133	0.243131010783496479	0.158534689484919008	0.416218730396641498	0.589093453603495047	0.418232044006996741	0.369633042777338451	0.277104204350365994
C:	0.18763188747730463	0.0447002397272950208	0.242360298339435058	0.240942809194376196	0.193758686480106603	0.481992963987419094	0.0668600825011024147	0.0418605198881767758	0.18735750992416715	0.0317362223843515685	0.016154573605870404	0.00616123310281592914	0.00611124317389409377	0.00252546201115530879	0.00356363526251430132	0.00713501611040732126	0.0366625954946351979	0.0949088711150324914	0.197977714401869755	0.125680296110117327	0.268588641795464998	0.313851896304949365	0.45736948092703451
G:	0.405212913798924028	0.488272753574324594	0.0960896491499588725	0.255971265493486296	0.152402713810161239	0.0470059051782564798	0.622926869871652987	0.0801393148130998189	0.0857427526013987854	0.104074588972869653	0.060064045689300713	0.0274700783373975252	0.00265097450372264482	0.00587317456942305788	0.00448372739991491355	0.0145467556038802705	0.0161920169289362563	0.0695751338472659301	0.158545289658161899	0.163131056696884921	0.0958829066622551013	0.0388458845401006766	0.142361801762892679
T:	0.274028667519082847	0.355333591599822206	0.174199073396979283	0.367522741021110649	0.319182818581568007	0.178687544410281064	0.113410200510289704	0.0835167560632174905	0.190794496221514112	0.380629635544458879	0.169313444330911564	0.0901590548041061341	0.211096396434919813	0.132157203459932015	0.71613025108710516	0.147152260762557275	0.704014376792932067	0.67698130555278257	0.227258265543326848	0.122095193589502705	0.217296407535283159	0.277669176377611508	0.123164512959706817



5	A..AAATATT	0.491072310579867628


A:	0.40041581052837588	0.600209271070400318	0.219899394320964701	0.311074481575803669	0.0462889358679890468	0.775512197607603603	0.540283767576158034	0.468117885387080687	0.604976539715459822	0.835760092128461578	0.875587782136798605	0.542673254269839269	0.139799638692098717	0.942852224315935196	0.177561553112162131	0.143535478240305855	0.248077341542427112	0.271492165335131105	0.433764420795794125	0.271259211756259439	0.44883435549410355	0.566686186124757547	0.535312560492865253
C:	0.14186886691904318	0.0170668396704475123	0.269199597824059922	0.292913902452940921	0.0470329149942191462	0.0686444226890634084	0.13796902668432415	0.0423971671062837638	0.0798854073495485205	0.0109086382086732045	0.00932403532802133643	0.00554753099957829982	0.00294470139090198366	0.00578839780615940022	0.0130078919319866104	0.0305891569683379188	0.0752439843822539155	0.308124043780404281	0.205411687402382713	0.227540595383297464	0.0618585519446268709	0.195429148497049781	0.18554215589965096
G:	0.136918440158236683	0.0993441747687218363	0.0774927950138801397	0.229989239611530394	0.106931291907466088	0.0386591973238759331	0.204115983956620233	0.139962587331922359	0.163175550378876611	0.0827470700957854568	0.00640299447576359077	0.00260443208142710961	0.00589467277019429707	0.00704919989759925648	0.0123555366470005658	0.0229386316789181451	0.0128546312004808459	0.20663881626329574	0.0481495511229551343	0.215061441843294663	0.0703181917177859599	0.14889846297653881	0.122386754416601426
T:	0.320796882394344257	0.283379714490430334	0.433408212841095238	0.166022376359725015	0.799746857230325719	0.117184182379457056	0.117631221782897583	0.349522360174713191	0.151962502556115046	0.0705841995670797601	0.108685188059416468	0.449174782649155322	0.851360987146805002	0.0443101779803061475	0.797075018308850693	0.802936733112438082	0.663824042874838126	0.213744974621168874	0.312674340678868028	0.286138751017148434	0.418988900843483619	0.0889862024016538608	0.15675852919088236



