1	AA.AATAA.A	0.485861037421685387


A:	0.326488354214885871	0.39806889620016258	0.459249249679758223	0.470292910098224625	0.438217679525862335	0.626247654897758528	0.306022248130284673	0.850834747402649469	0.785640361895860221	0.624342965212102846	0.882132348171557448	0.764907105884471932	0.122519742006754405	0.829538579172294077	0.865550339271742132	0.256530848272087862	0.728983447494938442	0.68551073613263079	0.570541627572595377	0.40041375539684447	0.318165122528970768	0.212584746992569397	0.570680261829122658
C:	0.298680463512074067	0.121841560494363435	0.269677601167361122	0.236473962990707629	0.245736904150097773	0.139906689395265349	0.0505236754589452361	0.0452600132833108094	0.0527494414957586502	0.0264082128738680133	0.0218869226660429845	0.0194635441604919019	0.0220716759814219224	0.0159917496332222855	0.0331255350825662722	0.0524352651210704365	0.10726488043888581	0.0385189127804602949	0.0780142029752595392	0.0863157563094749837	0.334125982788604389	0.0314091302192145066	0.016209297132480772
G:	0.130331889000278951	0.107461270845768205	0.0920449227095492454	0.174018714069798328	0.0694528217096645084	0.174468928252184684	0.386127771321197046	0.0214293399639246176	0.0115971453467415651	0.0577049004782536947	0.0271512117744801644	0.034701577891530405	0.0378700925283138101	0.0219051892631482936	0.0293594414388686651	0.104881463070577793	0.0539241554809636507	0.136527296434398065	0.148781234941156083	0.235973960492080572	0.0550601479422428462	0.224765589235254402	0.178335924600200151
T:	0.244499293272761111	0.372628272459705779	0.179028226443331409	0.119214412841269418	0.246592594614375384	0.0593767274547914391	0.257326305089573045	0.0824758993501151041	0.150013051261639563	0.291543921435775446	0.0688295173879194033	0.180927772063505761	0.817538489483509863	0.132564481931335344	0.0719646842068229306	0.586152423536263908	0.109827516585212097	0.13944305465251085	0.202662934510989001	0.277296527801599974	0.292648746740181996	0.531240533552961694	0.234774516438196419



2	AA.AATAAT	0.482519015162740159


A:	0.326488354214885871	0.39806889620016258	0.459249249679758223	0.470292910098224625	0.438217679525862335	0.626247654897758528	0.306022248130284673	0.591435034451269061	0.763469034820392646	0.624342965212102846	0.786261194583774221	0.672505309250754949	0.248624914408904485	0.61777892349591198	0.690336566528045468	0.256530848272087862	0.728983447494938442	0.68551073613263079	0.570541627572595377	0.40041375539684447	0.318165122528970768	0.212584746992569397	0.570680261829122658
C:	0.298680463512074067	0.121841560494363435	0.269677601167361122	0.236473962990707629	0.245736904150097773	0.139906689395265349	0.0505236754589452361	0.269247529954972687	0.0397800140510811601	0.0264082128738680133	0.0580839877561868095	0.0118875279390346522	0.0558864492060693393	0.029658550013972181	0.0613256893158222214	0.0524352651210704365	0.10726488043888581	0.0385189127804602949	0.0780142029752595392	0.0863157563094749837	0.334125982788604389	0.0314091302192145066	0.016209297132480772
G:	0.130331889000278951	0.107461270845768205	0.0920449227095492454	0.174018714069798328	0.0694528217096645084	0.174468928252184684	0.386127771321197046	0.0781479671493568411	0.0200729557310748327	0.0577049004782536947	0.0297640374199718423	0.0436712594964919806	0.0579780980021822358	0.0222791339671628653	0.0358190977059559373	0.104881463070577793	0.0539241554809636507	0.136527296434398065	0.148781234941156083	0.235973960492080572	0.0550601479422428462	0.224765589235254402	0.178335924600200151
T:	0.244499293272761111	0.372628272459705779	0.179028226443331409	0.119214412841269418	0.246592594614375384	0.0593767274547914391	0.257326305089573045	0.0611694684444014107	0.176677995397451362	0.291543921435775446	0.125890780240067127	0.271935903313718418	0.63751053838284394	0.330283392522952973	0.212518646450176373	0.586152423536263908	0.109827516585212097	0.13944305465251085	0.202662934510989001	0.277296527801599974	0.292648746740181996	0.531240533552961694	0.234774516438196419



3	AAAAATAA	0.482343063169852324


A:	0.247990396531401292	0.493702190960435106	0.099701383713360011	0.431751013706859197	0.261906610114381207	0.51317388947211741	0.359097062389456657	0.706099266121848439	0.583026690293092035	0.624342965212102846	0.80087678371724754	0.773784223501051626	0.245595866329441466	0.80489742227745014	0.692266989186520302	0.564105102384130012	0.240029594996288468	0.482251707432723632	0.442731026749764191	0.300918524173856102	0.424096934244952063	0.283032578197849304
C:	0.160944696426543743	0.0873660140364427338	0.204785969237373977	0.068895974325217833	0.229963740837420307	0.163757029016111283	0.0733006263545286822	0.0390154130212585304	0.0714151954787962641	0.0264082128738680133	0.0289581337778268357	0.00813022481439595378	0.0190526846891365256	0.0401088801504580014	0.108150039811790187	0.0704708504291287394	0.205067453282541574	0.0626488852789735139	0.122496880617590408	0.0788346715201523225	0.0587851477290615375	0.137029369441865755
G:	0.345599430999665279	0.249016915863970331	0.355695410797412296	0.314124046755509036	0.156267051115708661	0.255613266433762523	0.149176851134700939	0.0703730146264906628	0.0486879009122180872	0.0577049004782536947	0.0264864337783000198	0.0179086382959264084	0.0286382870635395518	0.0204410554275833613	0.0125248814165932975	0.0765758783034465241	0.339487279217552443	0.163113119466956711	0.129582891261273411	0.41869083142146339	0.089380762810128485	0.500593335677422231
T:	0.245465476042389686	0.169914879139151829	0.339817236251853716	0.185228965212413933	0.351862597932489825	0.0674558150780087841	0.418425460121313722	0.184512306230402368	0.296870213315893614	0.291543921435775446	0.143678648726625604	0.200176913388626012	0.706713161917882456	0.134552642144508497	0.187058089585096213	0.288848168883294724	0.215415672503617515	0.291986287821346143	0.305189201371371989	0.201555972884528186	0.427737155215857914	0.0793447166828627102



4	A.AA.AATAA	0.48200616608933069


A:	0.398365406743483347	0.326488354214885871	0.39806889620016258	0.459249249679758223	0.470292910098224625	0.438217679525862335	0.626247654897758528	0.306022248130284673	0.75922550241381441	0.786167714236400187	0.624342965212102846	0.824975239008473983	0.711721055301637054	0.154472633074596676	0.69109861163484093	0.681610296268076481	0.256530848272087862	0.728983447494938442	0.68551073613263079	0.570541627572595377	0.40041375539684447	0.318165122528970768	0.212584746992569397
C:	0.109442894035312187	0.298680463512074067	0.121841560494363435	0.269677601167361122	0.236473962990707629	0.245736904150097773	0.139906689395265349	0.0505236754589452361	0.045257202620481406	0.0469575771543022388	0.0264082128738680133	0.0399204004676773711	0.0153616122317464339	0.0381000414926543792	0.0278334396169322266	0.0621075395015586083	0.0524352651210704365	0.10726488043888581	0.0385189127804602949	0.0780142029752595392	0.0863157563094749837	0.334125982788604389	0.0314091302192145066
G:	0.0603429401848841046	0.130331889000278951	0.107461270845768205	0.0920449227095492454	0.174018714069798328	0.0694528217096645084	0.174468928252184684	0.386127771321197046	0.0742477785054126181	0.0513084051874194388	0.0577049004782536947	0.0323017677550514477	0.04315479670397509	0.0203828350149739308	0.0363919380165873766	0.0259085616969455063	0.104881463070577793	0.0539241554809636507	0.136527296434398065	0.148781234941156083	0.235973960492080572	0.0550601479422428462	0.224765589235254402
T:	0.431848759036320362	0.244499293272761111	0.372628272459705779	0.179028226443331409	0.119214412841269418	0.246592594614375384	0.0593767274547914391	0.257326305089573045	0.121269516460291566	0.115566303421878135	0.291543921435775446	0.102802592768797198	0.229762535762641422	0.787044490417775014	0.244676010731639467	0.230373602533419404	0.586152423536263908	0.109827516585212097	0.13944305465251085	0.202662934510989001	0.277296527801599974	0.292648746740181996	0.531240533552961694



5	A.A.AAATAA	0.48112735414197287


A:	0.283948133133743348	0.247990396531401292	0.493702190960435106	0.099701383713360011	0.431751013706859197	0.261906610114381207	0.51317388947211741	0.359097062389456657	0.708153413764194035	0.583026690293092035	0.757911311741328929	0.831409051008161739	0.798199580327057445	0.222860809635970192	0.811527736490019215	0.500718743416704093	0.564105102384130012	0.240029594996288468	0.482251707432723632	0.442731026749764191	0.300918524173856102	0.424096934244952063	0.283032578197849304
C:	0.0377887975144203659	0.160944696426543743	0.0873660140364427338	0.204785969237373977	0.068895974325217833	0.229963740837420307	0.163757029016111283	0.0733006263545286822	0.0197861837487667793	0.0714151954787962641	0.0233890363210514168	0.0601182086744721618	0.0128827974156095548	0.0473739111335355029	0.0474209264532389376	0.0750008213533000367	0.0704708504291287394	0.205067453282541574	0.0626488852789735139	0.122496880617590408	0.0788346715201523225	0.0587851477290615375	0.137029369441865755
G:	0.0598663361140063436	0.345599430999665279	0.249016915863970331	0.355695410797412296	0.314124046755509036	0.156267051115708661	0.255613266433762523	0.149176851134700939	0.0687775070434705198	0.0486879009122180872	0.0978922001839341152	0.0283302270211683196	0.0247796265269836496	0.0351303020980134682	0.0147538314280551777	0.0256141607021391731	0.0765758783034465241	0.339487279217552443	0.163113119466956711	0.129582891261273411	0.41869083142146339	0.089380762810128485	0.500593335677422231
T:	0.618396733237829942	0.245465476042389686	0.169914879139151829	0.339817236251853716	0.185228965212413933	0.351862597932489825	0.0674558150780087841	0.418425460121313722	0.203282895443568665	0.296870213315893614	0.120807451753685539	0.0801425132961977795	0.16413799573034935	0.694634977132480837	0.12629750562868667	0.398666274527856698	0.288848168883294724	0.215415672503617515	0.291986287821346143	0.305189201371371989	0.201555972884528186	0.427737155215857914	0.0793447166828627102



