1	AT.TATA.AT	0.484880901440593353


A:	0.184240910484753686	0.149610780369439465	0.473474331322286031	0.403605035653693199	0.0988529959802004009	0.288663148697263031	0.848691461548141645	0.0977560385447326815	0.242253029153623649	0.0803415583282930316	0.863838795799660748	0.0634113664916903904	0.729074915934477312	0.271787230207005642	0.810137032392284849	0.080024272225423499	0.753456676824109439	0.69013258183604285	0.169626851847477493	0.323537083058098316	0.51691556764881306	0.159873729642102962
C:	0.345476238619560901	0.30596313164499418	0.0431279728808826356	0.0755153893975851749	0.145376138566596543	0.203604356568122294	0.0179870595515152144	0.0358668924467108632	0.0362322482244384849	0.0447134664401536724	0.0315211473306771344	0.0412286903779717267	0.145870059297075984	0.149416593662951441	0.0562400366162716062	0.0532972066749196416	0.00956632767705283679	0.0923108270447959001	0.266641243029365449	0.183222227936342396	0.127440801588299427	0.266548547027412521
G:	0.170501130737346783	0.167250204848685848	0.229154434468233712	0.234799091124163896	0.0423705067402214682	0.0785346976814839603	0.0532972066749196416	0.0562400366162716062	0.360757361310968933	0.145870059297075984	0.0412286903779717267	0.0315211473306771344	0.0447134664401536724	0.0445537807642545621	0.0358668924467108632	0.0179870595515152144	0.0633346830589498062	0.039569986921988183	0.150527192880838106	0.0961998731657060742	0.212134127366961043	0.144685141043927247
T:	0.29978172015833863	0.377175883136880507	0.254243261328597621	0.286080483824557731	0.713400358712981588	0.429197797053130714	0.080024272225423499	0.810137032392284849	0.360757361310968933	0.729074915934477312	0.0634113664916903904	0.863838795799660748	0.0803415583282930316	0.534242395365788355	0.0977560385447326815	0.848691461548141645	0.173642312439887918	0.177986604197173067	0.413204712242318953	0.397040815839853213	0.143509503395926471	0.42889258228655727



2	A.TATATA.T	0.481034359793062208


A:	0.207924965563671674	0.251015714757377346	0.300671982294746785	0.144786403468210622	0.702357842947234817	0.382251272682261382	0.444831381186372692	0.457438462005574519	0.147428401965322143	0.663729692991007966	0.221681997398369259	0.652139808586681292	0.0676523396608817446	0.601315528704825225	0.568395655092409302	0.396025143813465234	0.485866037545508113	0.245525989635786837	0.574172570239961377	0.130136356860052804	0.530611796985865542	0.597909170966010645	0.153847946263575295
C:	0.26562412607554012	0.103457890574668694	0.210406075092479324	0.44467979510944	0.0379231827207594799	0.332660492202942506	0.0379220552200394767	0.115771965845603543	0.032016645302404519	0.0583982190807377174	0.0498072915287892451	0.0763709024861602041	0.210219748267372572	0.219239424027448113	0.143916622110606998	0.121221419780122598	0.0680897500183028392	0.128593219222010102	0.0548024707128845506	0.0826041701422334139	0.037522742968299301	0.154856962555070205	0.165321589445985138
G:	0.0539304453233844701	0.114424139518515273	0.142715299235996932	0.127722581071849314	0.0268466908820373676	0.0562758453856775793	0.121221419780122598	0.140585573607660452	0.219239424027448113	0.210219748267372572	0.0763709024861602041	0.0498072915287892451	0.0583982190807377174	0.032016645302404519	0.125139013275758348	0.0379220552200394767	0.20788875304455365	0.0577472694124657394	0.170196721567282097	0.149870924930262396	0.165114322887737625	0.10480640290744678	0.0997825789022996685
T:	0.472520463037403736	0.531102255149438687	0.346206643376776958	0.282811220350500064	0.232872283449968335	0.228812389729118532	0.396025143813465234	0.286203998541161486	0.601315528704825225	0.0676523396608817446	0.652139808586681292	0.221681997398369259	0.663729692991007966	0.147428401965322143	0.162548709521225352	0.444831381186372692	0.238155459391635398	0.568133521729737322	0.200828237479871975	0.637388548067451386	0.266751137158097532	0.14242746357147237	0.581047885388139899



3	AA.AATAA.A	0.480333154597279449


A:	0.398617930724246275	0.213692257311587026	0.499960112954454255	0.498105868779318991	0.297310558799982064	0.307580826669260411	0.830321582964032997	0.644430251168006536	0.434350944686992123	0.820772172384890114	0.781653798475151646	0.108674305820804443	0.718409558529444341	0.819860990127689139	0.316391859588604745	0.744763217845494465	0.548700939213070223	0.240999202888719087	0.337357557799503773	0.413826740452612917	0.43129021710954554	0.424292098608870223
C:	0.130150463542890034	0.556414813282921103	0.0137347610890788144	0.251523068607618885	0.197257635656133162	0.100590150923778757	0.0497538166549207528	0.0899360569928847167	0.0863493409093274164	0.0350160700740187691	0.0277282084385096205	0.0360015826980403025	0.0242014011683065755	0.0576705748162063961	0.114240434638523755	0.106623805505628493	0.122912046711002827	0.151523187113019179	0.199817512187751844	0.362807029549491741	0.0609314842386508345	0.166073366839019869
G:	0.284113619564096614	0.0423187221737265835	0.139240724831320619	0.123575730817730247	0.357137694113708259	0.480000267738088605	0.031791908330551362	0.0170300680043927698	0.225612575397995076	0.039076618537583554	0.0281746823408995369	0.0212889771485486453	0.0291329812176816875	0.0336599871235297241	0.13485860727614986	0.0510774106239777067	0.0492410886672273513	0.369872569376358575	0.167366501233712355	0.0669577532034416787	0.219979109597159253	0.375134220616976469
T:	0.187117986168767077	0.187574207231765287	0.347064401125146311	0.126795331795331876	0.148294111430176515	0.111828754668872228	0.0881326920504948883	0.248603623834715977	0.253687139005685385	0.105135139003507562	0.162443310745439196	0.834035134332606609	0.228256059084567396	0.0888084479325747413	0.43450909849672164	0.097535566024899335	0.279145925408699599	0.237605040621903158	0.295458428779032028	0.156408476794453664	0.287799189054644373	0.0345003139351334391



4	ATATT..ATA	0.478584947846795412


A:	0.39588314853574352	0.437799419916644411	0.177785757583161119	0.234614297231856005	0.39393027360650944	0.370310280840438746	0.8699687028065533	0.0540657545693225003	0.840868713377018432	0.189615991287517135	0.411746662736475516	0.179734232966440598	0.317666042620820728	0.707218909068277463	0.0767552904595428313	0.738171757483410466	0.11632328831424737	0.59484370089954242	0.241511361465951293	0.297427930061901808	0.568123595509790837	0.397846308648927773
C:	0.0702549881309093264	0.136335361842997418	0.17973569135615048	0.0575099763395610464	0.11006180059433498	0.0341288929978897076	0.0227614809524422175	0.0664337690966969003	0.0232072179255427467	0.0423480380044782681	0.0339206376467909788	0.121663599057130601	0.182734143251693712	0.0783643108357721429	0.169245893910309488	0.079778860367490795	0.0536700287451896658	0.0157415570428119678	0.144403507763650573	0.28442930575194443	0.134701415465369558	0.37648131371210513
G:	0.0839235827465620801	0.334229477016111017	0.123815489025180251	0.400564522602906138	0.0846591047439763193	0.033618209766815827	0.0521437066461546675	0.0354190085319197665	0.0405338546309717575	0.0458639188016046781	0.0517613577260069123	0.214397668873654605	0.183380126688837799	0.0555549069054835979	0.0405720170265290922	0.0384481688782221678	0.0171053582897622799	0.0310116536156956944	0.334985684470273143	0.0391630052645777575	0.128336452664973588	0.0761175043428207021
T:	0.449938280586785073	0.0916357412242471538	0.518663062035508149	0.30731120382567681	0.411348821055179261	0.561942616394855719	0.0551261095948498153	0.844081467802060833	0.0953902140664670642	0.722172051906399919	0.502571341890726593	0.484204499102774196	0.316219687438647761	0.158861873190466796	0.713426798603618589	0.143601213270876571	0.812901324650800685	0.358403088441949918	0.279099446300124991	0.378979758921576004	0.168838536359866017	0.149554873296146395



5	ATA..TTATA	0.477981780176582535


A:	0.441153070392693878	0.569387931331964758	0.291482516891783405	0.157505671658949467	0.222260854512817746	0.336215919141729904	0.793204935324807258	0.129682353532458609	0.695750888416943613	0.312179471266755889	0.210422243637459145	0.379531115331184243	0.241390043795654932	0.810211747522638538	0.0777207889842921493	0.826186488655891704	0.41096075701530852	0.54873219635132695	0.170165780118445503	0.413685217819172281	0.254895069044393785	0.255858146994890274
C:	0.36168394296863079	0.144453411435700061	0.213866995223049996	0.0686883992602109015	0.0406294978981372794	0.042474393760683681	0.101060316471874612	0.163528434960725481	0.0270546624113304478	0.194004111573249053	0.0598735990042988097	0.0552713541144844069	0.026528400331007337	0.0690336407943604472	0.115404776286484093	0.0628660497228207154	0.109687220952534886	0.0445712257150507671	0.118629071818354056	0.220399258519706792	0.0804676124983232889	0.127697233005053123
G:	0.0430440580947243547	0.112525724687949229	0.083538247360552928	0.479119670712672411	0.0472793551824501457	0.0197028462067936174	0.0692902637844063057	0.0632183644940115318	0.046168080976491269	0.142717622012184726	0.133150295628741791	0.0845237404313931624	0.0793241382575322017	0.0429747975709064529	0.0439264142498828586	0.0466528630631724239	0.0242657263018979052	0.217560462361580417	0.466345431829391663	0.0898668955989142662	0.586699323355789549	0.286410437035060762
T:	0.154118928543950977	0.173632932544385952	0.411112240524613671	0.294686258368167221	0.689830292406594829	0.601606840890792798	0.0364444844189118241	0.643570847012804377	0.23102636819523467	0.351098795147810333	0.596553861729500254	0.480673790122938187	0.652757417615805529	0.0777798141120945619	0.762948020479340899	0.0642945985581151567	0.455086295730258689	0.189136115572041866	0.244859716233808778	0.276048628062206661	0.0779379951014933772	0.330034182964995841



