1	AAATATTT	0.49309608029734437


A:	0.270318660695305778	0.266665708682087235	0.0366376720337835705	0.488620850196601571	0.355672265142209323	0.451266172528856581	0.210733767779491885	0.692543359456946203	0.700537177747850017	0.620002936521485594	0.124706626011569312	0.862882037149326358	0.370896940246710653	0.281317086114094216	0.245164479484269008	0.215574746611855575	0.231950815536079195	0.122790358717313955	0.212753525914917333	0.514783938049305356	0.301575941251791642	0.672264288769721576
C:	0.0223243392986412491	0.0770974366287828192	0.131955030097811492	0.180924474157519609	0.134008262666891978	0.0315460490758384762	0.394927894163955749	0.0141634303999863151	0.00899211771404365751	0.0032250391063482895	0.00381578790282465561	0.00859554893627967418	0.00587508412545546341	0.00915361842401210935	0.0481287306587984739	0.102996238888610772	0.174893769947439707	0.10501818046351095	0.0712402198638181125	0.178159149662626798	0.292655728122791508	0.0324664267756599534
G:	0.194107751487976597	0.13153162047009494	0.0902806209237401729	0.124782033572388111	0.324555584323970965	0.360432057126898798	0.297775142987503013	0.0481287306587984739	0.00915361842401210935	0.00587508412545546341	0.00859554893627967418	0.00381578790282465561	0.0032250391063482895	0.00899211771404365751	0.0141634303999863151	0.159831239959650647	0.0521257119398213669	0.127909981130484633	0.145720445107171243	0.182815040445892231	0.157647902834043229	0.137580513030473178
T:	0.513249248518076376	0.524705234219035005	0.741126676944664765	0.205672642073490709	0.185763887866927735	0.156755721268406145	0.0965631950690493525	0.245164479484269008	0.281317086114094216	0.370896940246710653	0.862882037149326358	0.124706626011569312	0.620002936521485594	0.700537177747850017	0.692543359456946203	0.521597774539883007	0.54102970257665973	0.644281479688690462	0.570285809114093312	0.124241871842175616	0.248120427791373621	0.157688771424145293



2	ATTTAAAT	0.492327062657384091


A:	0.37217441614803629	0.345201759364437078	0.294803156980567109	0.316936633103055236	0.229186872441677812	0.445081520854282765	0.194329134917716834	0.855734832481618953	0.547314273258592033	0.266249537069549085	0.219974923525555042	0.764229045348083328	0.711696411191692633	0.432216372878157959	0.119196327815760878	0.518713737478193667	0.406644092996268186	0.322184831190133157	0.0658801897852782555	0.332912214409887661	0.551410152966822836	0.10924804482533149
C:	0.215686432882462817	0.100695036907301731	0.0738591508693643386	0.162612167452351962	0.0544830741483635009	0.0812576441393465788	0.161814724212997814	0.00970135547367318044	0.00739797599359332322	0.00508109854478393414	0.00782476577420406249	0.00797126535215756741	0.0169729531939743475	0.0130713778696566846	0.0153674842289469879	0.0497990747003409922	0.266453708476904726	0.128463116352926895	0.0471317008252704856	0.233561463656444899	0.0634348542089284631	0.107378545467261395
G:	0.0602670972394949082	0.102313860641481182	0.124149132831289498	0.103421018555685143	0.100085881350485585	0.108241888219669505	0.124123587680546362	0.0153674842289469879	0.0130713778696566846	0.0169729531939743475	0.00797126535215756741	0.00782476577420406249	0.00508109854478393414	0.00739797599359332322	0.00970135547367318045	0.125474062501597358	0.130332163793483659	0.0782327845825515686	0.110683730686054413	0.124561839789587233	0.123655012084014374	0.142807892363974757
T:	0.351872053730005984	0.451789343086780009	0.507188559318779054	0.417030180888907659	0.616244172059473102	0.365418946786701152	0.51973255318873899	0.119196327815760878	0.432216372878157959	0.711696411191692633	0.764229045348083328	0.219974923525555042	0.266249537069549085	0.547314273258592033	0.855734832481618954	0.306013125319867983	0.19657003473334343	0.471119267874388379	0.776304378703396846	0.308964482144080208	0.261499980740234327	0.640565517343432358



3	AATATATT	0.492252999555621389


A:	0.279270457589092966	0.420757677041703404	0.554726543474988277	0.258250976124224529	0.415167763692717156	0.365371533528881691	0.756453304822687811	0.71961618595826672	0.688810267683475109	0.594790620462280969	0.531928664405413886	0.43616087167174645	0.382920217880104553	0.233101458249630652	0.0666920562459215417	0.131063023633519497	0.207582540914437508	0.306846596226733404	0.243964443081794285	0.486300368719405214	0.160479546151686765	0.265755416909123853
C:	0.353421692833233792	0.107804102330170785	0.0740520051518222539	0.271555875891539115	0.192691488054798613	0.102957762036618645	0.010011711584096621	0.0523230235931153912	0.0103556927771241922	0.0166867848014492431	0.0125588255448589625	0.0193516383779807012	0.00560237685616523473	0.0677325812897700471	0.161368734202696347	0.0253911612710392544	0.101127392242609412	0.0964535964973460476	0.184271257038656659	0.112949419959599372	0.100797380082991933	0.0978496466508757351
G:	0.15795488625798206	0.0446624949315371047	0.194983411558424057	0.176715626754934191	0.0515740967342360299	0.207954051835077724	0.0357754193379443807	0.161368734202696347	0.0677325812897700471	0.00560237685616523473	0.0193516383779807012	0.0125588255448589625	0.0166867848014492431	0.0103556927771241922	0.0523230235931153912	0.0460904698438088388	0.0741112991383336152	0.211910138324974755	0.164948328264024225	0.0517109060914826858	0.0266625940928083121	0.11521111737126144
T:	0.209352963319691182	0.426775725696588706	0.176238039814765412	0.293477521229302165	0.340566651518248202	0.323716652599421941	0.197759564255271188	0.0666920562459215417	0.233101458249630652	0.382920217880104553	0.43616087167174645	0.531928664405413886	0.594790620462280969	0.688810267683475109	0.71961618595826672	0.797455345251632409	0.617178767704619465	0.384789668950945793	0.406815971615524831	0.349039305229512728	0.71206047967251299	0.521183819068738972



4	A.AATTAAT	0.49162345038771176


A:	0.260540622867182042	0.0330788344962445549	0.170258814409756589	0.214263344443811471	0.343284526570753033	0.607524006344305404	0.466124246025930898	0.554146340977929837	0.225535486337727086	0.720942688245497058	0.664846489018171441	0.326170617765958667	0.248167054953764597	0.839710202809332786	0.644263300235711707	0.322892973942064262	0.115976520397089233	0.373026946903386318	0.408689704230706845	0.302505891864607073	0.516185935067165982	0.124408592336021816	0.668464510156335368
C:	0.0692282672613078763	0.264771577953112198	0.0869522509230734468	0.184860771436034591	0.450255350346404175	0.12202517710778559	0.148563919695483723	0.160223066419476527	0.0708360349778814851	0.0549752120132150832	0.0111204567324572038	0.0126355910337705673	0.0094981464963756633	0.0245913260736321721	0.0122908653126335418	0.0235622353572503414	0.0785664051539689527	0.161675781027183558	0.0782947934123424438	0.0433542450531530187	0.161322265293493295	0.538270107597394534	0.179658229731906663
G:	0.215683130473874468	0.177535710355496705	0.238666667004286413	0.101975863769258126	0.0605182153259420206	0.0710572301302813003	0.234524465750608189	0.081345280821710809	0.0958757725082071045	0.0558909932078093685	0.00775431925197799902	0.00557812232820662058	0.00646448006548802472	0.0175682829267422007	0.0239135999438499499	0.0188299023875931108	0.0699031786507609216	0.136687342814042623	0.0978408081207772255	0.084998413923571741	0.117802058688664776	0.121857854062130316	0.0405038156050212336
T:	0.454547979397635614	0.524613877195146543	0.504122267662883551	0.498900020350895812	0.145941907756900771	0.199393586417627706	0.15078736852797719	0.204285311780882828	0.607752706176184324	0.168191106533478491	0.316278734997393356	0.655615668872064145	0.735870318484371715	0.118130188190292842	0.319532234507804801	0.634714888313092286	0.735553895798180892	0.3286099292553875	0.415174694236173486	0.569141449158668167	0.204689740950675947	0.215463446004453334	0.111373444506736735



5	AAAAATAA	0.4911869659702672


A:	0.49179024576036934	0.499361461354035217	0.321144005675818262	0.307743867756365559	0.154360050028125212	0.0939514174794768026	0.427475157638616061	0.702686764550413589	0.767742260550377946	0.731116305725839884	0.918944355522967003	0.683812365048950476	0.194212068892996707	0.705594341709261002	0.794708121832587187	0.266693712911455926	0.0899133435021077322	0.338841502752886171	0.340399640277710774	0.462164507890753563	0.266628814129253096	0.081525948180950805
C:	0.0906168487928457907	0.251103157448157348	0.248801651754988597	0.212402792340518018	0.43253694539009353	0.177331578382751645	0.123061274174235996	0.0179252916811023227	0.041860938368345261	0.00600426918035908019	0.00376730695688905973	0.00442851525269587222	0.00515113809396554379	0.0205851999342896831	0.0839223594011112097	0.221390292777356405	0.0829216428084684802	0.316401940140519932	0.344818584204514981	0.18099871657478549	0.136946956602257136	0.115553354229948092
G:	0.211222659292238473	0.150075579692973661	0.0753701256639017595	0.0702138072869635973	0.284446030495887528	0.636588140279622975	0.190946138969316243	0.0486497627541820278	0.0464479355978968609	0.0272294645591457912	0.00898173511537434744	0.0027744377139109794	0.0121812024823268274	0.0144692355026813122	0.00454681884662766415	0.0571609935237282156	0.111242839097407152	0.138519967610727228	0.121194911015668796	0.1245364172526569	0.303845185927037597	0.659492060842435182
T:	0.206370246154546396	0.0994598015048337749	0.354684216905291382	0.409639532616152826	0.12865697408589373	0.0921288638581485773	0.2585174292178317	0.230738181014302061	0.143948865483379932	0.235649960534655245	0.0683066024047695903	0.308984681984442672	0.788455590530710922	0.259351222853768002	0.116822699919673939	0.454755000787459453	0.715922174592016636	0.206236589495866668	0.19358686450210545	0.232300358281804046	0.29257904334145217	0.143428636746665921



