1	TGCATGCA	0.484287971558364606


A:	0.715263806603956269	0.32496260588209938	0.173995798737432741	0.402879051472809889	0.439509537227100311	0.44513570959273583	0.462287780120771234	0.0621407133037869092	0.0524744666508428355	0.0242975636853183168	0.973305641317716415	0.00860219719138804864	0.00785367372734346418	0.0159855285047601622	0.851887823786889553	0.133568990921921568	0.219129407060113889	0.334112329293705473	0.195082879168928729	0.190005496771134395	0.13304435553083974	0.268588346975082133
C:	0.0519549476846428736	0.131352447333248398	0.327857986570823508	0.0940781852741128283	0.137516019600301912	0.189911126759557492	0.182657960500325571	0.0534581466578154167	0.0136808670346101515	0.960375859104315397	0.0129180652211777316	0.00517409626971780504	0.00747290348302282237	0.917859137809786851	0.0325133162515081208	0.167168557114816848	0.0383658631017042918	0.0752586996844612395	0.188296137420961366	0.30392153283793236	0.299238573269238917	0.192291386945234072
G:	0.138492499429470861	0.119408722620673354	0.39723681414727121	0.376392030903296522	0.12808131763533888	0.188794626738318049	0.165380325451929827	0.0325133162515081208	0.917859137809786851	0.00747290348302282237	0.00517409626971780504	0.0129180652211777316	0.960375859104315397	0.0136808670346101515	0.0534581466578154167	0.529925164762459458	0.55628040975171241	0.149538756926914933	0.259047773940099362	0.169278348042442473	0.0947677352133674443	0.15201937144408872
T:	0.0942887462819299961	0.424276224163978868	0.100909400544472541	0.126650732349780761	0.294893125537258896	0.176158536909388629	0.189673933926973368	0.851887823786889553	0.0159855285047601622	0.00785367372734346418	0.00860219719138804864	0.973305641317716415	0.0242975636853183168	0.0524744666508428355	0.0621407133037869092	0.169337287200802127	0.186224320086469409	0.441090214094918354	0.357573209470010543	0.336794622348490772	0.472949335986553898	0.387100894635595074



2	CATGCATG	0.479191011482523851


A:	0.305563906678951317	0.482314517392219042	0.217301738665969011	0.344580419441586914	0.251135300705015222	0.413680850082427568	0.162436419814149944	0.0139867009431733794	0.936821921898756746	0.00642721133035785804	0.00989362251991319151	0.00560386285699270854	0.978668562677122845	0.0405857743818420991	0.0200293124527809363	0.0879685493592079835	0.523826919789258701	0.27189035723276351	0.371703769129248101	0.143391565271939477	0.20012918854981137	0.309443010180885522
C:	0.239467487035037112	0.117165004394685456	0.264749696261333625	0.454113314166591989	0.164777864930561065	0.0704659527982377936	0.0778764776923816497	0.933541532787030109	0.0112001415128657911	0.00931995363906662247	0.00598039513568745478	0.978522119487406645	0.00558427235345267404	0.0113921622065353634	0.0324424538170155759	0.32870200298862278	0.284373027020076334	0.199317449155413897	0.115730315160107125	0.147802620753789487	0.419997719737472249	0.342463072152892836
G:	0.355365389809821602	0.133704364275695755	0.177529247984136227	0.0880599153545428954	0.219513014997198671	0.22814128257013809	0.109418107238828697	0.0324424538170155759	0.0113921622065353634	0.00558427235345267404	0.978522119487406645	0.00598039513568745478	0.00931995363906662247	0.0112001415128657911	0.933541532787030109	0.304344083542581574	0.0883733684028549479	0.193310657844616256	0.340680014720439932	0.0757376393254337567	0.169195274743326026	0.179274350525030043
T:	0.0996032164761899695	0.266816113937399747	0.340419317088561137	0.113246351037278201	0.364573819367225042	0.287711914549196549	0.65026899525463971	0.0200293124527809363	0.0405857743818420991	0.978668562677122845	0.00560386285699270854	0.00989362251991319151	0.00642721133035785804	0.936821921898756746	0.0139867009431733794	0.278985364109587663	0.103426684787810018	0.335481535767206336	0.171885900990204842	0.63306817464883728	0.210677816969390354	0.168819567141191599



3	C.TGCATGC	0.476533148943876459


A:	0.387188696879608837	0.201451034696752965	0.387100894635595074	0.472949335986553898	0.336794622348490772	0.357573209470010543	0.441090214094918354	0.186224320086469409	0.169337287200802127	0.0363510281407873306	0.0411420970283577816	0.0161381101712602608	0.975055176674604153	0.00862774202195290349	0.0127228451734358916	0.039932877174958532	0.851887823786889553	0.189673933926973368	0.176158536909388629	0.294893125537258896	0.126650732349780761	0.100909400544472541	0.424276224163978868
C:	0.248832096112316367	0.252823639905988092	0.15201937144408872	0.0947677352133674443	0.169278348042442473	0.259047773940099362	0.149538756926914933	0.55628040975171241	0.529925164762459458	0.069957041959412982	0.00783830989907795178	0.955012097333715622	0.00744734707654785228	0.0162219664922026522	0.0173298485979306515	0.843798072530992429	0.0325133162515081208	0.165380325451929827	0.188794626738318049	0.12808131763533888	0.376392030903296522	0.39723681414727121	0.119408722620673354
G:	0.211857524491424703	0.172800668887042812	0.192291386945234072	0.299238573269238917	0.30392153283793236	0.188296137420961366	0.0752586996844612395	0.0383658631017042918	0.167168557114816848	0.0105746253303525181	0.927936468522994926	0.00550487437867854525	0.0118612170658413556	0.00374746103164379584	0.952774257584498109	0.0624608242204071372	0.0534581466578154167	0.182657960500325571	0.189911126759557492	0.137516019600301912	0.0940781852741128283	0.327857986570823508	0.131352447333248398
T:	0.152121682516650092	0.372924656510216131	0.268588346975082133	0.13304435553083974	0.190005496771134395	0.195082879168928729	0.334112329293705473	0.219129407060113889	0.133568990921921568	0.883117304569447169	0.0230831245495693408	0.0233449181163455717	0.00563625918300663953	0.971402830454200648	0.0171730486441353484	0.0538082260736419018	0.0621407133037869092	0.462287780120771234	0.44513570959273583	0.439509537227100311	0.402879051472809889	0.173995798737432741	0.32496260588209938



4	CTGCATGC	0.475384026474365307


A:	0.201451034696752965	0.387100894635595074	0.472949335986553898	0.336794622348490772	0.357573209470010543	0.441090214094918354	0.186224320086469409	0.169337287200802127	0.0185058299111038505	0.0684652877554777756	0.0116823422216966949	0.965994342496341827	0.00708488688648668992	0.0305165526900523606	0.0278922082724211148	0.851887823786889553	0.189673933926973368	0.176158536909388629	0.294893125537258896	0.126650732349780761	0.100909400544472541	0.424276224163978868
C:	0.252823639905988092	0.15201937144408872	0.0947677352133674443	0.169278348042442473	0.259047773940099362	0.149538756926914933	0.55628040975171241	0.529925164762459458	0.0781831826163407786	0.0117806321634484875	0.968986670914763076	0.00724964717200752114	0.0182023195928762457	0.00857166296119292975	0.87759194700607839	0.0325133162515081208	0.165380325451929827	0.188794626738318049	0.12808131763533888	0.376392030903296522	0.39723681414727121	0.119408722620673354
G:	0.172800668887042812	0.192291386945234072	0.299238573269238917	0.30392153283793236	0.188296137420961366	0.0752586996844612395	0.0383658631017042918	0.167168557114816848	0.0166668689552041211	0.896150016398162602	0.00677336924942658077	0.0170028940680547802	0.012524361697430247	0.945827358945092109	0.035634482489173262	0.0534581466578154167	0.182657960500325571	0.189911126759557492	0.137516019600301912	0.0940781852741128283	0.327857986570823508	0.131352447333248398
T:	0.372924656510216131	0.268588346975082133	0.13304435553083974	0.190005496771134395	0.195082879168928729	0.334112329293705473	0.219129407060113889	0.133568990921921568	0.88664411851735125	0.0236040636829111347	0.0125576176141136486	0.00975311626359587185	0.962188431823206817	0.0150844254036626004	0.0588813622323272331	0.0621407133037869092	0.462287780120771234	0.44513570959273583	0.439509537227100311	0.402879051472809889	0.173995798737432741	0.32496260588209938



5	A..GCATGCA	0.473834337646942606


A:	0.506077769787233181	0.715263806603956269	0.32496260588209938	0.173995798737432741	0.402879051472809889	0.439509537227100311	0.44513570959273583	0.462287780120771234	0.0621407133037869092	0.0966574062059685915	0.0377781895756144179	0.970589206456924065	0.0110541975241219355	0.0121196509826835925	0.0351779815640342239	0.905351429216063587	0.133568990921921568	0.219129407060113889	0.334112329293705473	0.195082879168928729	0.190005496771134395	0.13304435553083974	0.268588346975082133
C:	0.229512839060825941	0.0519549476846428736	0.131352447333248398	0.327857986570823508	0.0940781852741128283	0.137516019600301912	0.189911126759557492	0.182657960500325571	0.0534581466578154167	0.0277028383828457927	0.929709890001320494	0.00446690323161093959	0.010659985434250923	0.00871125749028877574	0.916005080839230117	0.0255960443149498941	0.167168557114816848	0.0383658631017042918	0.0752586996844612395	0.188296137420961366	0.30392153283793236	0.299238573269238917	0.192291386945234072
G:	0.0811329384624220441	0.138492499429470861	0.119408722620673354	0.39723681414727121	0.376392030903296522	0.12808131763533888	0.188794626738318049	0.165380325451929827	0.0325133162515081208	0.702382528926456529	0.0133471200652616743	0.0127607821082634802	0.00776465569365587028	0.950203096051399849	0.016980668974329515	0.0324660556554763601	0.529925164762459458	0.55628040975171241	0.149538756926914933	0.259047773940099362	0.169278348042442473	0.0947677352133674443	0.15201937144408872
T:	0.183276452689518835	0.0942887462819299961	0.424276224163978868	0.100909400544472541	0.126650732349780761	0.294893125537258896	0.176158536909388629	0.189673933926973368	0.851887823786889553	0.173257226484729087	0.0191648003578034134	0.0121831082032015155	0.970521161347971271	0.0289659954756277827	0.0318362686224061446	0.0365864708135101589	0.169337287200802127	0.186224320086469409	0.441090214094918354	0.357573209470010543	0.336794622348490772	0.472949335986553898	0.387100894635595074



