1	AAATATTT	0.491435977576028179


A:	0.721483767066176094	0.308965706941262427	0.261725588511835259	0.770417761858176609	0.281105526961233277	0.170664756620769669	0.380131075292815404	0.642954813018504001	0.612541923721443538	0.594160280329739074	0.262384983666547979	0.700521922552332689	0.365133301059065177	0.32078051705371448	0.200997671409090764	0.353915448408956336	0.179018275207147647	0.21418094849804236	0.26304003243518575	0.11596832142636631	0.155859762443127954	0.338583455520619969
C:	0.0474376012636827718	0.388208649958421346	0.273729216610494793	0.127880258913949181	0.0929455675138343497	0.142956465121846102	0.0395419448160767712	0.133847543515287801	0.028226200849331776	0.0233267844011426558	0.0260526891043001204	0.0110404046768192114	0.0173796342100530933	0.0384513583755102054	0.0221999720571174341	0.224495852692853658	0.180264171426611938	0.089641524243032663	0.0621289094980536568	0.359136722801104948	0.120513996081564406	0.0715771197832316876
G:	0.0813322455727615357	0.0371373394423194283	0.181662182048529008	0.0672443481116106452	0.143623187255085217	0.124253518923939952	0.407568114355851414	0.0221999720571174341	0.0384513583755102054	0.0173796342100530933	0.0110404046768192114	0.0260526891043001204	0.0233267844011426558	0.028226200849331776	0.133847543515287801	0.138934782294280171	0.099627514616312763	0.198695597665150018	0.310427650208423111	0.31729123927042218	0.192642467325021704	0.354910995821426887
T:	0.149746386097379599	0.265688303657996799	0.282883012829140939	0.0344576311162635649	0.482325718269847156	0.562125259333444277	0.172758865535256411	0.200997671409090764	0.32078051705371448	0.365133301059065177	0.700521922552332689	0.262384983666547979	0.594160280329739074	0.612541923721443538	0.642954813018504001	0.282653916603909834	0.541090038749927652	0.497481929593774959	0.364403407858337482	0.207603716502106563	0.530983774150285936	0.234928428874721457



2	A.AATATT.T	0.490573994145954259


A:	0.328003249526676654	0.526891294570644505	0.656764644064605335	0.444180542188814042	0.479672338433334382	0.44288499654307845	0.440575870090759863	0.626224068963714314	0.291618835664616884	0.71623678367263702	0.627546554802043091	0.407832791814614027	0.545220955291721314	0.304797195297508751	0.153071561974085796	0.208801780826391682	0.120675309045647015	0.337692479244392465	0.313313080141907315	0.196151711841922491	0.225555878640949905	0.165223046773009855	0.395993226653301554
C:	0.26371332464274367	0.182119850499041044	0.122317101144475528	0.297387553828860445	0.193727641870466097	0.174557804685974809	0.0754144281985940449	0.0574170726168571841	0.0645432640411522475	0.0476871104218485384	0.0516225906051213176	0.0394121032017939349	0.00753414969187072413	0.01603365929532684	0.0830045439314286457	0.0859430947529750124	0.195683549373781486	0.178936475054325475	0.167341846290191627	0.504392044275236799	0.19551656166610945	0.184257099354762345	0.13570316373912522
G:	0.287342029384785452	0.112198464852246489	0.117847407593241749	0.143845709211251007	0.212087119995309198	0.128331447431391885	0.175761731376891315	0.195683549373781486	0.0702268252674459872	0.0830045439314286457	0.01603365929532684	0.00753414969187072413	0.0394121032017939349	0.0516225906051213176	0.0476871104218485384	0.0972102742699499957	0.0574170726168571841	0.112219964878791901	0.155129634328715837	0.106151329028771567	0.248659868173214209	0.426942985064163534	0.113143586216958677
T:	0.120941396445794224	0.178790390078067962	0.103070847197677389	0.114586194771074506	0.114512899700890322	0.254225751339554856	0.308247970333754778	0.120675309045647015	0.573611075026784881	0.153071561974085796	0.304797195297508751	0.545220955291721314	0.407832791814614027	0.627546554802043091	0.71623678367263702	0.60804485015068331	0.626224068963714314	0.371151080822490159	0.364215439239185221	0.193304914854069143	0.330267691519726436	0.223576868808064266	0.355160023390614549



3	AATTTTT..A	0.485967872681853525


A:	0.525071783954521656	0.189180140679828877	0.319606067158376377	0.302104163695236218	0.210545138677546177	0.525497311897307143	0.243516297284385026	0.82523233544418531	0.559089294743518489	0.138640576320528943	0.123247153540459967	0.0975408893062220612	0.0313139074170956328	0.0611808332858360698	0.143497574788110264	0.0627959420846000724	0.70646166113045228	0.18456283311317818	0.300968117666017088	0.315067380307092928	0.541692363813430184	0.531220707713723097	0.208062886217180962
C:	0.04944078386157498	0.459337554968528448	0.14707284369852662	0.405361224980932721	0.251671804804749275	0.0698255216137767291	0.218572271453236756	0.0137298315253529611	0.0113668994937672991	0.0072333974779297475	0.0105160095217014848	0.0113709850515776904	0.058681304311786383	0.047992717344352825	0.394717129235325877	0.163922020000892425	0.119575007549333129	0.223241771443753697	0.154125228516551111	0.1792149845652721	0.122055385358296807	0.11511378999572017	0.424138089499712004
G:	0.077457862744432618	0.311729875108041946	0.377222266774394103	0.0982575050691678367	0.129129185737934278	0.285664513610782432	0.273098861455384202	0.0911397443833809619	0.00916850692265966254	0.0105587081331823048	0.0115077863509840313	0.0302530994590747766	0.0224996279266821046	0.0216497879164082529	0.136019737023333178	0.0548430795469165145	0.0534079735445709121	0.249091048260773496	0.324933133946532148	0.209671033713490375	0.0474722167310695883	0.237045519822832481	0.14802120611009694
T:	0.348029569439470746	0.0397524292436007292	0.1560988223687029	0.194277106254663224	0.40865387077977027	0.119012652878133696	0.264812569806994017	0.0698980886470807671	0.42037529884005455	0.843567318068359005	0.854729050586854517	0.860835026183125472	0.88750516034443588	0.869176661453402852	0.325765558953230681	0.718438958367590988	0.120555357775643679	0.343104347182294627	0.219973519870899653	0.296046601414144597	0.28878003409720342	0.116619982467724251	0.219777818173010093



4	AATTAATT	0.485575730515453689


A:	0.137964244834902035	0.276186735036293323	0.343084111451101431	0.195101908678759387	0.219081364231596378	0.41518746126879899	0.275731221961739712	0.639371776659678889	0.734468212599139077	0.494991458426592154	0.223674974032750934	0.693047863330215613	0.444026945882863686	0.145737705653109099	0.268709408764538896	0.116247496961301332	0.141894152833253858	0.103051563385882644	0.253931230510041228	0.428730108610522201	0.111055304634571587	0.429063344687322083
C:	0.115304025639880472	0.317079838261942242	0.26166976664931739	0.199242181068726529	0.28567136378486908	0.193582958887485839	0.0554257721316888388	0.0534450018842807528	0.0496797147839493524	0.0315482162583867665	0.0641844605719757182	0.0190927020650577356	0.0294333794321573941	0.070114366963802472	0.038473812691501462	0.128200558163540377	0.388049900455845108	0.177023828095739608	0.213924518870389244	0.167686945881358841	0.210506053050882019	0.14458606700356204
G:	0.158251757979287979	0.234804864227835527	0.0873026053416895676	0.144728264592184512	0.173510337567079156	0.157299547906314212	0.469241706210944047	0.038473812691501462	0.070114366963802472	0.0294333794321573941	0.0190927020650577356	0.0641844605719757182	0.0315482162583867665	0.0496797147839493524	0.0534450018842807528	0.125676644914184917	0.119180776269161353	0.278168092798910157	0.382580067675339201	0.243642347914544661	0.107970204433384688	0.111034192191552415
T:	0.588479971545929514	0.171928562473928908	0.307943516557891611	0.460927645660329572	0.321736934416455386	0.233930031937400959	0.199601299695627403	0.268709408764538896	0.145737705653109099	0.444026945882863686	0.693047863330215613	0.223674974032750934	0.494991458426592154	0.734468212599139077	0.639371776659678889	0.629875299960973374	0.350875170441739681	0.441756515719467591	0.149564182944230327	0.159940597593574297	0.570468437881161706	0.315316396117563463



5	A.AAAAATT	0.483770906744751601


A:	0.219777818173010093	0.116619982467724251	0.28878003409720342	0.296046601414144597	0.219973519870899653	0.343104347182294627	0.120555357775643679	0.718438958367590988	0.325765558953230681	0.826386647837179579	0.864665199851029619	0.829551522318950285	0.697165955842750257	0.917829365171151899	0.0675259115734039625	0.119902708583745766	0.264812569806994017	0.119012652878133696	0.40865387077977027	0.194277106254663224	0.1560988223687029	0.0397524292436007292	0.348029569439470746
C:	0.14802120611009694	0.237045519822832481	0.0474722167310695883	0.209671033713490375	0.324933133946532148	0.249091048260773496	0.0534079735445709121	0.0548430795469165145	0.136019737023333178	0.0146954636057994276	0.0247191508200910986	0.015064611909390093	0.0123528263922940933	0.00556729703876089166	0.0311196200206683899	0.0778626165305198232	0.273098861455384202	0.285664513610782432	0.129129185737934278	0.0982575050691678367	0.377222266774394103	0.311729875108041946	0.077457862744432618
G:	0.424138089499712004	0.11511378999572017	0.122055385358296807	0.1792149845652721	0.154125228516551111	0.223241771443753697	0.119575007549333129	0.163922020000892425	0.394717129235325877	0.0316604165784353181	0.0319815590300657105	0.0156164727594084732	0.010191304748805379	0.0136239958183560344	0.00911569119775329568	0.0282634274792018595	0.218572271453236756	0.0698255216137767291	0.251671804804749275	0.405361224980932721	0.14707284369852662	0.459337554968528448	0.04944078386157498
T:	0.208062886217180962	0.531220707713723097	0.541692363813430184	0.315067380307092928	0.300968117666017088	0.18456283311317818	0.70646166113045228	0.0627959420846000724	0.143497574788110264	0.127257471978585675	0.0786340902988135715	0.139767393012251149	0.28028991301615027	0.0629793419717311751	0.892238777208174352	0.773971247406532551	0.243516297284385026	0.525497311897307143	0.210545138677546177	0.302104163695236218	0.319606067158376377	0.189180140679828877	0.525071783954521656



