1	AAAT.AATT	0.490520621370787632


A:	0.225398793135879297	0.659142813686096513	0.938421824898237981	0.887846615991511583	0.851259088596562669	0.478610389413109431	0.479114325069176584	0.700349945367838204	0.563660077697903488	0.882310380276404605	0.193734765498297523	0.341453495284240721	0.701403138087627912	0.605686199179528177	0.080667445449913127	0.233756826765485519	0.205528818012203173	0.580160372520971159	0.00867609704747500313	0.645606590072036514	0.322266403739751351	0.114144347862093417	0.0607804264741464295
C:	0.559814190737972003	0.0232586038437941075	0.0149058283574086178	0.0541741978102182136	0.0294362464563931736	0.142308465917491181	0.117282637260697217	0.0624502433959190985	0.038216140301717647	0.0227859490332799996	0.0314582005788317237	0.0578117539289284869	0.0555079005299711664	0.02139627967574677	0.0317781354327464408	0.0794956290878762571	0.362789781408017724	0.0229568538463203496	0.0324109454128458443	0.0563003184414370027	0.0108946933934153706	0.309878742516485681	0.478923819794821896
G:	0.123009283182215886	0.256277347854628997	0.00960764484486538506	0.0038049883880519897	0.0801850241839178837	0.18608262881971969	0.166634552697065911	0.152835379747854677	0.0261819786811367071	0.0124908263935667737	0.0377295170048634457	0.0457960356920710299	0.0500257387829465941	0.0230232186195820561	0.107571767385324969	0.039124474163449196	0.17505143859964672	0.237662481876743748	0.073762318078057565	0.00196680596025067906	0.557735684765509058	0.372079324052487107	0.162691758357744898
T:	0.0917777329439328143	0.0613212346154803825	0.0370647018994880158	0.0541741978102182136	0.0391196407631262737	0.192998515849679698	0.236968484973060288	0.0843644314883880203	0.371941803319242158	0.0824128442967486221	0.737077516918007308	0.554938715094759762	0.193063222599454328	0.349894302525142996	0.779982651732015463	0.647623069983189027	0.256629961980132383	0.159220291755964743	0.885150639461621588	0.296126285526275804	0.10910321810132422	0.203897585568933794	0.297603995373286776



2	AAAATAAA	0.487768637085566806


A:	0.15540759731451134	0.240046903793243331	0.695080723170749564	0.755185226128346347	0.431011340484532506	0.267889655669076275	0.527384229702891006	0.560554217441576726	0.499550917963804866	0.465617859213802277	0.643039150635713632	0.153968962018763043	0.529941757814157794	0.425841463965685997	0.277380200554584188	0.170757744912647152	0.212614537470617111	0.958172272874908966	0.926618915649569126	0.0512505258155658282	0.0197690584389212694	0.18586479115994461
C:	0.374262945658680133	0.11212704428782351	0.116806246434618919	0.0270460419631982862	0.477202216062220066	0.187310557679936472	0.0558298835934301858	0.0830517392325069123	0.152211147000530998	0.0984451996752530707	0.136407026451666731	0.0701449911750106211	0.108071901061239971	0.0330967980197682248	0.0829817304903673353	0.210789620789811107	0.108410421237319989	0.0290577364946178812	0.0112996053408958775	0.100699093859266892	0.164074195305551439	0.508151531125475879
G:	0.338769786447293662	0.467774311696373856	0.0789064848913483622	0.132327730623847835	0.0161445431497620991	0.311420604476526894	0.239706175236164775	0.166212821251823948	0.0833283528403724921	0.0456855946162463071	0.0387001999793312854	0.100576933685659186	0.111029980405742849	0.0933259522212310904	0.0508044627350474756	0.169234303283868704	0.215471610360166846	0.00850172617288585382	0.0474526824202289653	0.491524933627296202	0.0552360017293030359	0.0549056641008951306
T:	0.131559670579514865	0.180051740222559303	0.109206545503283154	0.0854410012846075319	0.0756419003034853296	0.233379182174460359	0.177079711467514033	0.190181222074092413	0.264909582195291644	0.390251346494698345	0.181853622933288351	0.67530911312056715	0.250956360718859387	0.447735785793314688	0.588833606220001001	0.449218331013673036	0.463503430931896053	0.00426826445758729935	0.0146287965893060314	0.356525446697871078	0.760920744526224256	0.25107801361368438



3	T..AAATAAA	0.487185468261452181


A:	0.449838635076295359	0.400704747367775361	0.410697947291237992	0.582660405825399286	0.848594596498636516	0.0870676214447079946	0.0898701755751592186	0.578997187511356558	0.281798217683798317	0.795118546899936144	0.861420436251235815	0.897904936240777929	0.154229650223023433	0.665835261797703684	0.753927161980055418	0.715321267400592256	0.668447444812851898	0.860633018115895715	0.113887176475905904	0.612518240590807822	0.210668529889839079	0.0286620321142624452
C:	0.164940692482539856	0.0335066905788473043	0.204884804744139991	0.0310760162065841007	0.0573287598978408372	0.685144368248201912	0.103814799208191193	0.0789479891348392556	0.108110603179097618	0.0661544186244708099	0.0317834125456595449	0.0395298688772934601	0.016032677752869826	0.0784966322459978703	0.0328851589986758441	0.0440839360871340865	0.149712767446955353	0.0347415001147357464	0.28643210381531887	0.0335508110385422931	0.0423696015494747259	0.297227047924061543
G:	0.0752918734168684975	0.455142122221208933	0.183147296221187412	0.327140900177802612	0.00773777612192914242	0.0828199632468598145	0.069460546435467208	0.108233335338788286	0.0683283433409642854	0.074288088993578254	0.0149753102952884787	0.0151613206030194727	0.0313844609720401705	0.0421879189695433497	0.0398517749975038726	0.0246940945782847538	0.0885772023697700335	0.0410352654588492796	0.417423639109038919	0.21656465749356387	0.600158196288658787	0.153101486129230876
T:	0.309928799024296287	0.110646439832168402	0.201269951743434606	0.0591226777902140006	0.0863388674815935048	0.144968047060230279	0.73685447878118238	0.2338214880150159	0.54176283579613978	0.0644389454820147921	0.0918208409078161616	0.0474038742789091379	0.798353211052066571	0.213480186986755096	0.173335904023764865	0.215900701933988903	0.0932625853704227148	0.0635902163105192589	0.182257080599736306	0.137366290877086014	0.146803672272027408	0.521009433832445136



4	AAAAATAA	0.486872146118721461


A:	0.300778938939176344	0.150735870144805674	0.382041560450884119	0.970542022120770927	0.141686083376611018	0.105431702943248841	0.143393603293113553	0.476781618476309858	0.606919910885551031	0.473984787261006053	0.666872234436133718	0.659471642253107214	0.127982198232749085	0.635660819578643063	0.314112938665601943	0.277380200554584188	0.152417386468334874	0.115792193346783589	0.877503651695593681	0.81433222590712905	0.0197991481142144627	0.274652823425053466
C:	0.280817835535269713	0.331021687445092496	0.0703532904479333148	0.00703526875590208593	0.707819253072365801	0.283518335430141878	0.183908877985581329	0.133108855545807894	0.148234384700992286	0.103745815444349392	0.0396282274780453478	0.0540984091095731669	0.0501917586535852785	0.0530502471683517049	0.0219188370408059137	0.0829817304903673353	0.225739431551504463	0.358331880306052374	0.0673251383898088171	0.00119178645997219857	0.68734953005211834	0.235595749737809359
G:	0.165073691263398	0.08613791455139906	0.522358405436505794	0.0113146120334339974	0.0210171170479576842	0.250017968102750849	0.416937967349338409	0.138129394601977357	0.0485862212771260527	0.0410286363547719043	0.0240335569826469676	0.0240137369623138519	0.0618967021518874442	0.125859786733854455	0.129984521287900413	0.0508044627350474756	0.178667239376185335	0.0813784659534942421	0.0461775837678719694	0.0466840976260381411	0.0413035294033937396	0.0695212226387938923
T:	0.253329534262155944	0.43210452785870277	0.0252467436646767722	0.0111080970898929899	0.129477546503065497	0.361031993523858432	0.255759551371966708	0.25198013137590489	0.196259483136330629	0.381240760939872651	0.269465981103173966	0.262416211675005767	0.759929340961778193	0.185429146519150777	0.53398370300569173	0.588833606220001001	0.443175942603975328	0.444497460393669795	0.00899362614672553283	0.13779189000686061	0.251547792430273458	0.420230204198343283



5	AATTAATT	0.48483777347819616


A:	0.0613297610890772713	0.404537698268307544	0.299344809867897801	0.245883522735145916	0.559151596392646531	0.378228172121993646	0.786328692103207957	0.550051138273360919	0.757971600384988663	0.372100892787425515	0.518085445225620777	0.434260169952504974	0.577998688025038556	0.184666465074930426	0.334847848024000416	0.156660012854246921	0.287595395678096331	0.22071089172075622	0.210208566049766978	0.0510210963990898376	0.102515172767479256	0.363363405022979872
C:	0.11252117551812092	0.400676250729209341	0.30669480351172744	0.149133475137231616	0.174940897490649229	0.112285000293687101	0.09717165658629911	0.0207496230086070049	0.0378492184947985299	0.0231495129458193004	0.0393434800665244756	0.00831090475534977346	0.0267509062417166295	0.019512716045282381	0.09435139069403166	0.137847506390810434	0.141569610144595635	0.0845611213530020603	0.168908073928168456	0.218189069156499618	0.0316838844126101056	0.232138188994069563
G:	0.501945858796277883	0.153773393640474515	0.0624797493227420441	0.0514825036693959601	0.153934439494234483	0.241991758043573673	0.069048223584310923	0.09435139069403166	0.019512716045282381	0.0267509062417166295	0.00831090475534977346	0.0393434800665244756	0.0231495129458193004	0.0378492184947985299	0.0207496230086070049	0.0508867596204212839	0.217159129294760838	0.0620928813980352292	0.111195734926952509	0.158923503407521465	0.0308238490467673359	0.207857950871879006
T:	0.324203204596523926	0.0410126573620085994	0.331480637297632716	0.553500498458226508	0.111973066622469756	0.26749506954074558	0.0474514277261820095	0.334847848024000416	0.184666465074930426	0.577998688025038556	0.434260169952504974	0.518085445225620777	0.372100892787425515	0.757971600384988663	0.550051138273360919	0.654605721134521361	0.353675864882547195	0.632635105528206491	0.509687625095112057	0.571866331036889079	0.834977093773143302	0.196640455111071559



