1	CCGACAA.A	0.497490570251625391


A:	0.17456622031849333	0.626199775950867736	0.0739359613506766964	0.0402432974787407888	0.122962749891617185	0.309156607063446732	0.163194245708788829	0.00857106439077428225	0.0324163117248390111	0.00796427810968092007	0.967065343850842984	0.00174189550072475915	0.950867961007309129	0.577986353636123346	0.26115326290486435	0.573720892267849083	0.35012503810184767	0.2717307732578488	0.213313508648943727	0.0891129343165781395	0.211133129457245543	0.369027933031612804	0.1692922915275996
C:	0.307103754622572882	0.0207240037612994435	0.840202127623266555	0.158349201617752755	0.122009015977478742	0.222305069045799393	0.281805677971061604	0.950104991872481823	0.959660825333062078	0.00247219031605720298	0.00171971238913216508	0.988390010456485002	0.0460273580878650838	0.0235121630493756584	0.308120932278235537	0.136050663831272058	0.233649449292651755	0.0659406288369220293	0.252631643233572858	0.0278453646101121162	0.320048084503273612	0.218662415998505895	0.0680001760524130214
G:	0.170097064969609122	0.339286302230078521	0.0341547797566626501	0.153950130175399335	0.554113594166410417	0.411032771133280088	0.26035501823685805	0.0277808161987449843	0.00456248132685199575	0.987569047248858481	0.0298424269390402724	0.00168538521871425534	0.00200003170834378187	0.346147607949625596	0.19959110331870131	0.112070197905027355	0.24771411605161659	0.452620047309108756	0.0701452850752510476	0.0841524586268573304	0.217675819260561235	0.221042746485288692	0.0777366782824367611
T:	0.348232960089324665	0.0137899180577543003	0.0517071312693940983	0.647457370728107121	0.200914639964493656	0.0575055527574737869	0.294645058083291516	0.0135431275379989102	0.00336038161524691492	0.00199448432540339634	0.00137251682098457871	0.00818270882407598341	0.00110464919648200551	0.0523538753648753997	0.231134701498198803	0.178158245995851504	0.168511396553883985	0.209708550596120415	0.463909563042232367	0.798889242446452414	0.25114296677891961	0.191266904484592609	0.684970854137550618



2	G..CCGACAA	0.49641616448068061


A:	0.56425870361843978	0.242355727846720689	0.17456622031849333	0.626199775950867736	0.0739359613506766964	0.0402432974787407888	0.122962749891617185	0.309156607063446732	0.163194245708788829	0.00777305628132514667	0.0323232460868464127	0.00494303881959243761	0.981911991250113375	0.00405749449038919695	0.945936089235887094	0.711770389854277182	0.26115326290486435	0.573720892267849083	0.35012503810184767	0.2717307732578488	0.213313508648943727	0.0891129343165781395	0.211133129457245543
C:	0.199272099098658931	0.454297556806885256	0.307103754622572882	0.0207240037612994435	0.840202127623266555	0.158349201617752755	0.122009015977478742	0.222305069045799393	0.281805677971061604	0.967391732455262286	0.962971526042257693	0.0021732857969312276	0.00157982452599119531	0.989750758586781212	0.05047545412256039	0.0166173741837386453	0.308120932278235537	0.136050663831272058	0.233649449292651755	0.0659406288369220293	0.252631643233572858	0.0278453646101121162	0.320048084503273612
G:	0.0550190595029787319	0.177418141781885583	0.170097064969609122	0.339286302230078521	0.0341547797566626501	0.153950130175399335	0.554113594166410417	0.411032771133280088	0.26035501823685805	0.0132838059381051757	0.00288803149575914717	0.990233310345453893	0.0143263233395281116	0.00160407455490024023	0.00284599829842710964	0.218034136061363705	0.19959110331870131	0.112070197905027355	0.24771411605161659	0.452620047309108756	0.0701452850752510476	0.0841524586268573304	0.217675819260561235
T:	0.181450137779922557	0.125928573564508472	0.348232960089324665	0.0137899180577543003	0.0517071312693940983	0.647457370728107121	0.200914639964493656	0.0575055527574737869	0.294645058083291516	0.0115514053253073915	0.00181719637513674697	0.0026503650380224417	0.00218186088436731759	0.00458767236792935041	0.000742458343125406753	0.0535780999006204678	0.231134701498198803	0.178158245995851504	0.168511396553883985	0.209708550596120415	0.463909563042232367	0.798889242446452414	0.25114296677891961



3	T..TCCGACA	0.495086604794282595


A:	0.137479700842324567	0.213479204168912076	0.146251251538148622	0.101691419345370094	0.657121033006523364	0.235510041427780484	0.0640867352228191994	0.240156942436661103	0.306067928074693898	0.20222061553482777	0.019318545718779396	0.0227990017333688736	0.0248681135536942775	0.967308145142838656	0.00879010444555199392	0.928482291107950584	0.834288437529577046	0.530671154556872122	0.582787735319010216	0.229459927217873074	0.295837709545875312	0.0229698323067269169
C:	0.084055184958075592	0.405682190994065706	0.326340533961351447	0.366440423108121136	0.0853563714915187243	0.669377469670082239	0.118541320795026499	0.215927125067870196	0.127500597758827489	0.110582450329795885	0.911450936063598711	0.958455040283302103	0.00433060739300684318	0.00381739488088485791	0.976974567615943856	0.0612450449320783507	0.0870013959172635662	0.240925695637986793	0.105709670618357882	0.439756334679080914	0.0800901564678916284	0.133772183246737921
G:	0.303964699862650388	0.165734636449643828	0.253619929002319203	0.0588539750997636888	0.213074866041527772	0.0505780445028937178	0.31747431126945555	0.344675202427012106	0.309588464955120385	0.16510117542412505	0.0478558045778071611	0.00723202498101724775	0.964611686528327113	0.021714161561546921	0.0067468401146136789	0.00296740347610690683	0.0653714758393346661	0.183874180508674121	0.102632619368362976	0.19718145167776828	0.403579565291339166	0.267930133745989945
T:	0.474500414336949453	0.215103968387378391	0.273788285498180728	0.47301418244674508	0.0444477294604301393	0.0445344443992435595	0.499897632712698752	0.199240730068456596	0.256843009211358227	0.522095758711251295	0.0213747136398147323	0.011513933002311776	0.00618959252497176606	0.00716029841472956482	0.0074884878238904714	0.00730526048386415834	0.0133386907138247218	0.044528969296466964	0.208869974694268926	0.133602286425277732	0.220492568694893893	0.575327850700545218



4	CCGACA..AA	0.49504938210333019


A:	0.133429082076995468	0.41351746880905325	0.5384619310292657	0.0913571977522282589	0.347362553078272466	0.060445486188731186	0.109870237526272163	0.00609921630794705564	0.013073894504858305	0.00747715246017528333	0.984087731723325744	0.00732942920562657727	0.969387241462586538	0.577986353636123346	0.542502761504307889	0.775070922458270288	0.564602012423365181	0.271899093800941607	0.0315212851127635444	0.290711611345830077	0.322636812192895942	0.319558328789993628	0.240175523286652426
C:	0.601986252622282202	0.337866080104941642	0.325739674834821203	0.0976305776365453601	0.243541913590962148	0.193579061784349414	0.295601450027015161	0.95620721141980269	0.981313162413609725	0.00160260144549295113	0.00245833011075417662	0.986901929112426773	0.027371284061267503	0.0235121630493756584	0.115139640701121343	0.0916523578303694431	0.100511379818882993	0.0468416870565517444	0.107032589744229835	0.065027439259399978	0.109358370759516564	0.234222194550733464	0.11653477844194419
G:	0.125124094506415289	0.204118830179804944	0.0929831314748244303	0.232218565913878924	0.24851416245733847	0.197136928242607429	0.286302883956054531	0.0318113716249893744	0.00292168632448958975	0.989085369367828889	0.0121576108612719018	0.000862508452078714196	0.000940650646361844797	0.346147607949625596	0.055901413131221911	0.0536767391885424418	0.170006617278329256	0.626637670304810382	0.275892939381593801	0.0974193531145267647	0.287471412176827203	0.289556493649923704	0.369117048606723965
T:	0.139460570794307041	0.0444976209062001636	0.0428152626610886665	0.578793658697347457	0.160581370873426916	0.548838523784311971	0.308225428490658145	0.0058822006472608796	0.00269125675704238061	0.0018348767265028767	0.00129632730464817765	0.00490613322986793538	0.00230082382978411464	0.0523538753648753997	0.286456184663348857	0.0795999805228178271	0.16487999047942257	0.054621548837696267	0.58555318576141282	0.54684159628024318	0.280533404870760292	0.156662983009349204	0.274172649664679419



5	GG..CCGACA	0.495012159412377785


A:	0.329352329183085442	0.417152057989063218	0.293328267088588374	0.165788889276435867	0.69777546445529474	0.242359843360339097	0.0890097313734580883	0.099074776467951206	0.230357448899482874	0.156902237668811467	0.00988093244787004047	0.0106736927954564256	0.00350542829258656839	0.987197852270801097	0.00436048864446560487	0.952409243495389343	0.404521677115300255	0.156490060957841801	0.402909833476276897	0.436126794110053998	0.108475376031420627	0.0173844658424883429
C:	0.257348793308952006	0.0923779903346792564	0.487004024581013752	0.527501624875181102	0.0139293929498077051	0.649789474192106628	0.0692992693696021648	0.153967948362898277	0.26595833644225644	0.110058323716911249	0.951706901093549286	0.981062091897435934	0.0037980649442213732	0.00191373269220364207	0.988958535361580757	0.0436476686419731622	0.00677157315094765797	0.0304823923878170353	0.201425528218187413	0.211475824431009316	0.0213301588243617948	0.692235897282928437
G:	0.32914304808047097	0.0915928556787766438	0.130277962117328122	0.151047470307423795	0.26923984224937953	0.0613027333252964077	0.572602030429344683	0.514254430279336412	0.383441857714338438	0.469888694914385415	0.0149520472760904299	0.00507323035753395122	0.990665437357973361	0.00676500890701827053	0.00385154033750014018	0.00258365379773264322	0.458175730562286696	0.642421538391087642	0.259696613978460456	0.173687819728032762	0.743354623078824257	0.0912480941278071586
T:	0.0841558294274915833	0.398877095997480882	0.0893897462130697515	0.155662015540959236	0.0190553003455180254	0.0465479491222578676	0.269088968827595064	0.232702844889814105	0.120242356943922248	0.263150743699891869	0.0234601191824902437	0.0031909849495736894	0.00203106940521869776	0.0041234061299769899	0.00282943565645349837	0.00135943406490485133	0.130531019171465391	0.170606008263253522	0.135968024327075235	0.178709561730903923	0.126839842065393321	0.199131542746776062



