1	GCACGTGC	0.499894572335780909


A:	0.354681802922808827	0.367193931291456276	0.349605106221016723	0.0959804011077472362	0.739741932699738854	0.277720730638371668	0.309229581022508013	0.0118659567720966378	0.0357565300666144399	0.959244647528586679	0.00102615443358220982	0.0703163144133309758	0.0028630028513468571	0.0023161448376623593	0.00280125463318215926	0.342610848170379975	0.215550788591932184	0.250222191780981423	0.138648947767255872	0.385840750402523877	0.246721077326554631	0.322173970879728307
C:	0.231761430431420284	0.12779154154425862	0.338508163379441027	0.0882711783636050306	0.224734623243729109	0.1755554929062583	0.20746469498142415	0.0169044984699070995	0.961096800502168227	0.000634730483024531508	0.92797874096188393	0.000678790191202884792	0.0372576191370419327	0.00083052459355497382	0.968428290124814103	0.11429077583545666	0.165751899265244002	0.167065674109211543	0.25538317731682923	0.147486651364758202	0.2091226306649404	0.186886089631687844
G:	0.0950770457795976115	0.367495479382365803	0.0811023488433408792	0.720603419754409435	0.00927171298379584646	0.175172404178554401	0.120996984898201409	0.968428290124814103	0.00083052459355497382	0.0372576191370419327	0.000678790191202884792	0.92797874096188393	0.000634730483024531508	0.961096800502168227	0.0169044984699070995	0.216251170294587311	0.159378593787799825	0.269689746706645015	0.138648947767255872	0.0540679275085508285	0.456768751601084983	0.13713810891696142
T:	0.318479720866173278	0.137519047781919301	0.230784381556201371	0.0951450007742382981	0.0262517310727361904	0.371551372276815631	0.362308739097866428	0.00280125463318215926	0.0023161448376623593	0.0028630028513468571	0.0703163144133309758	0.00102615443358220982	0.959244647528586679	0.0357565300666144399	0.0118659567720966378	0.326847205699576053	0.459318718355023988	0.31302238740316202	0.467318927148659026	0.412604670724167093	0.0873875404074199855	0.353801830571622429



2	AGCACGTG	0.49943545585388853


A:	0.251144232374230175	0.415506878221386865	0.309800541883538658	0.181724402038103449	0.755506419068213724	0.281886564135069805	0.471183581572515867	0.693589367140026539	0.018449140734159085	0.00854426354850712063	0.988818279582902538	0.00148911485116724464	0.0174466127351880075	0.00135238078028360612	0.00209026365834037639	0.00280125463318215926	0.128502684767342796	0.12283208200740381	0.107721903997084913	0.0157257399763432306	0.0575403329727184691	0.0691371416711218294
C:	0.209842306135522285	0.0695073931602876739	0.0595847784958208859	0.0788302523255324987	0.0850198256260746023	0.274521520586423809	0.197764413818204338	0.198340416956138665	0.0537869391043650127	0.988666880445432039	0.000965856050352927517	0.986948541527307165	0.000782316470542362462	0.00650874038658050691	0.000523164865250069932	0.968428290124814103	0.512877558219949392	0.33280483994578674	0.0841833067688822515	0.1229723309050988	0.0902097961296969389	0.488354527227210984
G:	0.0479435228826491904	0.29548530624743697	0.0796217034734641079	0.0872917623251531071	0.0902832462754970761	0.117772018375462807	0.103206025648868158	0.0450970835156360126	0.91759455864325038	0.000910984043740826496	0.00797864627313516174	0.000902702218092655753	0.980693738374975137	0.00154666874484554683	0.98486828690503945	0.0169044984699070995	0.0865752415570489623	0.121472416376810055	0.0369898971649963254	0.00109331921501959608	0.7569826822850281	0.162219380862990261
T:	0.491069938607598349	0.219500422370888491	0.550992976147176349	0.652153583311210946	0.0691905090302145972	0.325819896903043579	0.227845978960411636	0.0629731323881987837	0.0101693615182255222	0.0018778719623200138	0.00223721809360937226	0.0106596414034329349	0.00107733241929449287	0.99059221008829034	0.0125182845713701037	0.0118659567720966378	0.27204451545565885	0.422890661669999395	0.77110489206903651	0.860208609903538373	0.0952671886125564914	0.280288950238676926



3	C..GCACGTG	0.49926707206742937


A:	0.157106991900851501	0.251144232374230175	0.415506878221386865	0.309800541883538658	0.181724402038103449	0.755506419068213724	0.281886564135069805	0.471183581572515867	0.693589367140026539	0.129098978197645079	0.00702193971006281948	0.982440050836777541	0.00160587673376381089	0.0416685594187959403	0.00306503606940255012	0.00164044855751246685	0.00280125463318215926	0.128502684767342796	0.12283208200740381	0.107721903997084913	0.0157257399763432306	0.0575403329727184691	0.0691371416711218294
C:	0.532813722124066022	0.209842306135522285	0.0695073931602876739	0.0595847784958208859	0.0788302523255324987	0.0850198256260746023	0.274521520586423809	0.197764413818204338	0.198340416956138665	0.0744269343439219352	0.989680763964406715	0.000991523474620256553	0.975352452851550156	0.000528420157149505626	0.00962241181531057344	0.000835432313403762995	0.968428290124814103	0.512877558219949392	0.33280483994578674	0.0841833067688822515	0.1229723309050988	0.0902097961296969389	0.488354527227210984
G:	0.194750520455889978	0.0479435228826491904	0.29548530624743697	0.0796217034734641079	0.0872917623251531071	0.0902832462754970761	0.117772018375462807	0.103206025648868158	0.0450970835156360126	0.709497109176110397	0.00128460792761970844	0.0141252878455058271	0.0010468333899585781	0.956462912224626143	0.000860421891969101278	0.980351008026756106	0.0169044984699070995	0.0865752415570489623	0.121472416376810055	0.0369898971649963254	0.00109331921501959608	0.7569826822850281	0.162219380862990261
T:	0.115328765519192498	0.491069938607598349	0.219500422370888491	0.550992976147176349	0.652153583311210946	0.0691905090302145972	0.325819896903043579	0.227845978960411636	0.0629731323881987837	0.0869769782823225892	0.0020126883979107567	0.00244313784309637588	0.0219948370247274552	0.0013401081994284113	0.986452130223317775	0.0171731111023276639	0.0118659567720966378	0.27204451545565885	0.422890661669999395	0.77110489206903651	0.860208609903538373	0.0952671886125564914	0.280288950238676926



4	G.CACGTGC	0.499156285671745496


A:	0.0277640142078793696	0.195842898137642989	0.280288950238676926	0.0952671886125564914	0.860208609903538373	0.77110489206903651	0.422890661669999395	0.27204451545565885	0.0118659567720966378	0.0137653715980884278	0.990867630979119242	0.00118099764386913917	0.0134149071625470382	0.00303415017590583971	0.00117464445430344257	0.0168740816931236252	0.0629731323881987837	0.227845978960411636	0.325819896903043579	0.0691905090302145972	0.652153583311210946	0.550992976147176349	0.219500422370888491
C:	0.409781886867418263	0.263644802967691011	0.162219380862990261	0.7569826822850281	0.00109331921501959608	0.0369898971649963254	0.121472416376810055	0.0865752415570489623	0.0169044984699070995	0.98389223313860107	0.00115676363333229559	0.970554280085365558	0.000701469389429069774	0.0054012960593344118	0.000695845488154408594	0.860808066695628011	0.0450970835156360126	0.103206025648868158	0.117772018375462807	0.0902832462754970761	0.0872917623251531071	0.0796217034734641079	0.29548530624743697
G:	0.100847654652718378	0.107877280385492003	0.488354527227210984	0.0902097961296969389	0.1229723309050988	0.0841833067688822515	0.33280483994578674	0.512877558219949392	0.968428290124814103	0.000797895166972569399	0.00218027153166623061	0.000393926615350545596	0.984737670941509364	0.000538803075337601236	0.986526056089356256	0.0974248552050138477	0.198340416956138665	0.197764413818204338	0.274521520586423809	0.0850198256260746023	0.0788302523255324987	0.0595847784958208859	0.0695073931602876739
T:	0.46160644427198399	0.432635018509173996	0.0691371416711218294	0.0575403329727184691	0.0157257399763432306	0.107721903997084913	0.12283208200740381	0.128502684767342796	0.00280125463318215926	0.0015445000963379326	0.00579533385588223174	0.0278707956554147573	0.00114595250651452777	0.991025750689422147	0.0116034539681858926	0.024892996406234516	0.693589367140026539	0.471183581572515867	0.281886564135069805	0.755506419068213724	0.181724402038103449	0.309800541883538658	0.415506878221386865



5	A.CACGTGC	0.499143050937184641


A:	0.0277640142078793696	0.195842898137642989	0.280288950238676926	0.0952671886125564914	0.860208609903538373	0.77110489206903651	0.422890661669999395	0.27204451545565885	0.0118659567720966378	0.0075636048399392441	0.989095518489428642	0.000934248893731092852	0.0191973380838992557	0.00211892287546580051	0.00196170398674128471	0.0336646857854489141	0.0629731323881987837	0.227845978960411636	0.325819896903043579	0.0691905090302145972	0.652153583311210946	0.550992976147176349	0.219500422370888491
C:	0.409781886867418263	0.263644802967691011	0.162219380862990261	0.7569826822850281	0.00109331921501959608	0.0369898971649963254	0.121472416376810055	0.0865752415570489623	0.0169044984699070995	0.988358397199003337	0.00195475705780283895	0.961979687269975889	0.00129121234328500204	0.0115419820715024174	0.00126811836032330195	0.654491717630576999	0.0450970835156360126	0.103206025648868158	0.117772018375462807	0.0902832462754970761	0.0872917623251531071	0.0796217034734641079	0.29548530624743697
G:	0.100847654652718378	0.107877280385492003	0.488354527227210984	0.0902097961296969389	0.1229723309050988	0.0841833067688822515	0.33280483994578674	0.512877558219949392	0.968428290124814103	0.00137801881355950296	0.00654776056313791054	0.000807613114660235318	0.978456499973376099	0.000764356565993924408	0.989124377390844848	0.206116158831224809	0.198340416956138665	0.197764413818204338	0.274521520586423809	0.0850198256260746023	0.0788302523255324987	0.0595847784958208859	0.0695073931602876739
T:	0.46160644427198399	0.432635018509173996	0.0691371416711218294	0.0575403329727184691	0.0157257399763432306	0.107721903997084913	0.12283208200740381	0.128502684767342796	0.00280125463318215926	0.00269997914749791631	0.00240196388963060855	0.0362784507216327832	0.00105494959943964362	0.985574738487037858	0.00764580026209056491	0.105727437752749277	0.693589367140026539	0.471183581572515867	0.281886564135069805	0.755506419068213724	0.181724402038103449	0.309800541883538658	0.415506878221386865



