1	GCACGTGC	0.499925933241161367


A:	0.348673787565925136	0.145896532956160578	0.0880075709232948117	0.301987728117757676	0.154062430240534988	0.14998718305125957	0.152665121286701474	0.0125761550845973744	0.00845014307834926705	0.974897478718654507	0.000854362623479998473	0.0150580400649122206	0.00146110676332417229	0.00310434980650557926	0.00696135253004709331	0.0988875998067894315	0.384242186233233484	0.26401297546392892	0.279574746931328719	0.44028542402413816	0.210277043074702956	0.460695491422887826
C:	0.131359962339285417	0.534032183497935204	0.0635713293370408532	0.170885571815824667	0.0580090296603279831	0.103208742415746957	0.279118112669752233	0.00471229213643038377	0.987171930775916888	0.000978067383227475727	0.98133668696155494	0.00275091035005284071	0.022663347134793845	0.0012735763392282653	0.975750200248925149	0.192430337521469161	0.0953199077962883344	0.232527120957246187	0.14248347970986295	0.0660852007752616661	0.436664364273865097	0.10750733463723913
G:	0.235370826711726557	0.129338048335387944	0.0480577502436284816	0.328131663474543973	0.0407085774921007442	0.163452591627568364	0.50308716548959154	0.975750200248925148	0.0012735763392282653	0.022663347134793845	0.00275091035005284071	0.98133668696155494	0.000978067383227475727	0.987171930775916888	0.00471229213643038377	0.448960557916505351	0.456710629690101863	0.248070899357602377	0.0907048022643013359	0.228477535736997559	0.244069849440577529	0.173492710474500577
T:	0.284595423383062891	0.190733235210516275	0.800363349496035853	0.198995036591873685	0.747219962607036285	0.583351482905425109	0.0651296005539547538	0.00696135253004709331	0.00310434980650557926	0.00146110676332417229	0.0150580400649122206	0.000854362623479998473	0.974897478718654507	0.00845014307834926705	0.0125761550845973744	0.259721504755236056	0.0637272762803763185	0.255389004221222516	0.487236971094506994	0.265151839463602615	0.108988743210854417	0.258304463465372466



2	C.GCACGTG	0.499462856860614442


A:	0.793872210890948169	0.655756915778072854	0.258304463465372466	0.108988743210854417	0.265151839463602615	0.487236971094506994	0.255389004221222516	0.0637272762803763185	0.259721504755236056	0.023330704578858324	0.00401500364876845532	0.989333140986770056	0.000980540697466835534	0.0152201957622832727	0.00189482147986206216	0.00176821743553709157	0.00696135253004709331	0.0651296005539547538	0.583351482905425109	0.747219962607036285	0.198995036591873685	0.800363349496035853	0.190733235210516275
C:	0.0802102335512418449	0.203384726379896949	0.173492710474500577	0.244069849440577529	0.228477535736997559	0.0907048022643013359	0.248070899357602377	0.456710629690101863	0.448960557916505351	0.0310987233784755052	0.992730386781246721	0.000756717565795871812	0.987091971150255856	0.000665342458119585024	0.00494089258790901419	0.0016945419346260362	0.975750200248925149	0.50308716548959154	0.163452591627568364	0.0407085774921007442	0.328131663474543973	0.0480577502436284816	0.129338048335387944
G:	0.0782710403039997566	0.046424772134109129	0.10750733463723913	0.436664364273865097	0.0660852007752616661	0.14248347970986295	0.232527120957246187	0.0953199077962883344	0.192430337521469161	0.940337463496429301	0.00219830529586372563	0.00809946828147915758	0.000872737348462859963	0.98323251765430096	0.00149442978851957495	0.991097693582118968	0.00471229213643038377	0.279118112669752232	0.103208742415746957	0.0580090296603279831	0.170885571815824667	0.0635713293370408532	0.534032183497935204
T:	0.0476465152538102291	0.0944335857079210681	0.460695491422887826	0.210277043074702956	0.44028542402413816	0.279574746931328719	0.26401297546392892	0.384242186233233484	0.0988875998067894315	0.00523310854623686979	0.00105630427412109773	0.00181067316595491447	0.0110547508038144484	0.000881944125296182664	0.991669856143709349	0.00543954704771790404	0.0125761550845973744	0.152665121286701474	0.14998718305125957	0.154062430240534988	0.301987728117757676	0.0880075709232948117	0.145896532956160578



3	CACGTGC.A	0.499370245974513484


A:	0.145896532956160578	0.0880075709232948117	0.301987728117757676	0.154062430240534988	0.14998718305125957	0.152665121286701474	0.0125761550845973744	0.00797922391221627081	0.990078726242146837	0.00067439696760104079	0.0046700716779057931	0.00148152562682299076	0.00121683115915349995	0.0153794480599761889	0.0988875998067894315	0.384242186233233484	0.26401297546392892	0.279574746931328719	0.44028542402413816	0.210277043074702956	0.460695491422887826	0.0944335857079210681	0.0476465152538102291
C:	0.534032183497935204	0.0635713293370408532	0.170885571815824667	0.0580090296603279831	0.103208742415746957	0.279118112669752233	0.00471229213643038377	0.989662942463877588	0.00111645423503417502	0.985457116487841327	0.00129083953744104351	0.00472688620806528573	0.00170556990868527684	0.91052506789249811	0.192430337521469161	0.0953199077962883344	0.232527120957246187	0.14248347970986295	0.0660852007752616661	0.436664364273865097	0.10750733463723913	0.046424772134109129	0.0782710403039997566
G:	0.129338048335387944	0.0480577502436284816	0.328131663474543973	0.0407085774921007442	0.163452591627568364	0.50308716548959154	0.975750200248925148	0.00118549657751467815	0.00739394481047324161	0.00115028177941332005	0.992328017541787205	0.00126969339053838242	0.992765059475006518	0.0311412687124903784	0.448960557916505351	0.456710629690101863	0.248070899357602377	0.0907048022643013359	0.228477535736997559	0.244069849440577529	0.173492710474500577	0.203384726379896949	0.0802102335512418449
T:	0.190733235210516275	0.800363349496035853	0.198995036591873685	0.747219962607036285	0.583351482905425109	0.0651296005539547538	0.00696135253004709331	0.0011723370463914626	0.00141087471234574607	0.0127182047651443124	0.0017110712428659583	0.992521894774573341	0.00431253945715470568	0.0429542153350353229	0.259721504755236056	0.0637272762803763185	0.255389004221222516	0.487236971094506994	0.265151839463602615	0.108988743210854417	0.258304463465372466	0.655756915778072854	0.793872210890948169



4	G.CACGTGC	0.499354636900940057


A:	0.119533618474407104	0.348673787565925136	0.145896532956160578	0.0880075709232948117	0.301987728117757676	0.154062430240534988	0.14998718305125957	0.152665121286701474	0.0125761550845973744	0.0299245891546023786	0.991586042310432724	0.000647095030316992654	0.00911936265835145725	0.00219270885121996608	0.00204523963850174717	0.0120755855308903077	0.0988875998067894315	0.384242186233233484	0.26401297546392892	0.279574746931328719	0.44028542402413816	0.210277043074702956	0.460695491422887826
C:	0.676738194710847251	0.131359962339285417	0.534032183497935204	0.0635713293370408532	0.170885571815824667	0.0580090296603279831	0.103208742415746957	0.279118112669752233	0.00471229213643038377	0.967558693332702881	0.00129272100937758075	0.983381898056155884	0.00113423052001842049	0.0062932604632750927	0.000953158782299578389	0.909810472449258054	0.192430337521469161	0.0953199077962883344	0.232527120957246187	0.14248347970986295	0.0660852007752616661	0.436664364273865097	0.10750733463723913
G:	0.05241457386598238	0.235370826711726557	0.129338048335387944	0.0480577502436284816	0.328131663474543973	0.0407085774921007442	0.163452591627568364	0.50308716548959154	0.975750200248925148	0.00103948366795088803	0.00489031679939388989	0.00126986590617088658	0.988446501099590776	0.000899785239346647767	0.990932664677450034	0.0413567833268329616	0.448960557916505351	0.456710629690101863	0.248070899357602377	0.0907048022643013359	0.228477535736997559	0.244069849440577529	0.173492710474500577
T:	0.151313612948763265	0.284595423383062891	0.190733235210516275	0.800363349496035853	0.198995036591873685	0.747219962607036285	0.583351482905425109	0.0651296005539547538	0.00696135253004709331	0.00147723384474385268	0.00223091988079580568	0.0147011410073562365	0.00129990572203934625	0.990614245446158293	0.00606893690174864056	0.0367571586930186771	0.259721504755236056	0.0637272762803763185	0.255389004221222516	0.487236971094506994	0.265151839463602615	0.108988743210854417	0.258304463465372466



5	C..GCACGTG	0.499264887481295309


A:	0.793872210890948169	0.655756915778072854	0.258304463465372466	0.108988743210854417	0.265151839463602615	0.487236971094506994	0.255389004221222516	0.0637272762803763185	0.259721504755236056	0.0216414320822076041	0.00275124724480116571	0.986684808451582904	0.00126041160532164436	0.0112553338843297123	0.0018800688689970053	0.0013142108939999391	0.00696135253004709331	0.0651296005539547538	0.583351482905425109	0.747219962607036285	0.198995036591873685	0.800363349496035853	0.190733235210516275
C:	0.0802102335512418449	0.203384726379896949	0.173492710474500577	0.244069849440577529	0.228477535736997559	0.0907048022643013359	0.248070899357602377	0.456710629690101863	0.448960557916505351	0.0691040063812221531	0.993264154880628661	0.000633653700402311256	0.993297969129886205	0.000728864473590113455	0.00889903415534500171	0.00183795755061089388	0.975750200248925149	0.50308716548959154	0.163452591627568364	0.0407085774921007442	0.328131663474543973	0.0480577502436284816	0.129338048335387944
G:	0.0782710403039997566	0.046424772134109129	0.10750733463723913	0.436664364273865097	0.0660852007752616661	0.14248347970986295	0.232527120957246187	0.0953199077962883344	0.192430337521469161	0.889960505727375063	0.000896870956044501118	0.0104354814645780039	0.00154126737215108009	0.98666934901426286	0.001249320189043561	0.987127118228385206	0.00471229213643038377	0.279118112669752232	0.103208742415746957	0.0580090296603279831	0.170885571815824667	0.0635713293370408532	0.534032183497935204
T:	0.0476465152538102291	0.0944335857079210681	0.460695491422887826	0.210277043074702956	0.44028542402413816	0.279574746931328719	0.26401297546392892	0.384242186233233484	0.0988875998067894315	0.0192940558091951802	0.00308772691852567241	0.00224605638343678107	0.00390035189264107046	0.00134645262781731463	0.987971576786614432	0.00972071332700396101	0.0125761550845973744	0.152665121286701474	0.14998718305125957	0.154062430240534988	0.301987728117757676	0.0880075709232948117	0.145896532956160578



