1	A.AAATATT	0.481499468273661822


A:	0.0341205212660570999	0.219872441880971537	0.262752644619914446	0.376981747707372477	0.317241598920393752	0.597333867324163909	0.441973996856011347	0.490814460728821299	0.277323047657079509	0.536852192286524348	0.733330740119366784	0.745203052905637349	0.56547882064009347	0.475015995951828348	0.156930567414252597	0.305527551504407666	0.58811953380071618	0.111580351748127231	0.192938560717051661	0.346732490628487745	0.0744757355159629053	0.209683926814409197	0.302223245615998779
C:	0.211540024974183205	0.163912503645334344	0.361160559904451501	0.188759492437952239	0.0762661397817666587	0.170992425574014082	0.17581016644379198	0.100618449938683335	0.0632559275492347871	0.0514348783660937504	0.0557397818771968174	0.0241610927692565808	0.019034732425339953	0.0334334131732268827	0.0260697971881480185	0.0263350562675691053	0.106120634115557299	0.261313352127325436	0.138307143709902443	0.237002198114125141	0.234310946700922284	0.279786746344709446	0.113089782481882001
G:	0.132987847837955579	0.248660933090223458	0.0864357247532874846	0.102515867194489045	0.505355919930859497	0.0525989255653012314	0.232668241131021082	0.226509937969442806	0.118815213306137188	0.192857385144344976	0.0513394225048439296	0.0641253304823244479	0.0255859442908760208	0.0536220926722297259	0.083208924875439274	0.103423747972237663	0.163788784600396347	0.136022023591568796	0.173247423972337335	0.189253883260496631	0.178127371625266511	0.26150711440976602	0.331546578122307457
T:	0.621351605921804116	0.367554121383470661	0.289651070722346569	0.33174289266018624	0.101136341366980093	0.179074781536520778	0.149547595569175591	0.182057151363052561	0.540605811487548516	0.218855544203036926	0.159590055498592469	0.166510523842781622	0.389900502643690557	0.437928498202715044	0.73379071052216011	0.564713644255785566	0.141971047483330174	0.491084272532978537	0.49550687160070856	0.227011427996890484	0.513085946157848299	0.249022212431115337	0.253140393779811762



2	AAATATTA	0.480277198729402422


A:	0.262752644619914446	0.376981747707372477	0.317241598920393752	0.597333867324163909	0.441973996856011347	0.490814460728821299	0.277323047657079509	0.746610806125727697	0.729162672858348059	0.733627747115796657	0.352475410471047763	0.8325934942903597	0.0944614773601634127	0.206048140286793087	0.58811953380071618	0.111580351748127231	0.192938560717051661	0.346732490628487745	0.0744757355159629053	0.209683926814409197	0.302223245615998779	0.27653143997424966
C:	0.361160559904451501	0.188759492437952239	0.0762661397817666587	0.170992425574014082	0.17581016644379198	0.100618449938683335	0.0632559275492347871	0.0498000868844855182	0.0325218376588746062	0.0491340712961035803	0.0150563196069898685	0.0288926853861133439	0.0376558048126991093	0.0728684837280866666	0.106120634115557299	0.261313352127325436	0.138307143709902443	0.237002198114125141	0.234310946700922284	0.279786746344709446	0.113089782481882001	0.0964704963489475112
G:	0.0864357247532874846	0.102515867194489045	0.505355919930859497	0.0525989255653012314	0.232668241131021082	0.226509937969442806	0.118815213306137188	0.141507317414441495	0.072605436491547699	0.0514980654599389055	0.026737994213254358	0.0367138158463266064	0.019246604892707963	0.0253280366154224797	0.163788784600396347	0.136022023591568796	0.173247423972337335	0.189253883260496631	0.178127371625266511	0.26150711440976602	0.331546578122307457	0.212159926017321892
T:	0.289651070722346569	0.33174289266018624	0.101136341366980093	0.179074781536520778	0.149547595569175591	0.182057151363052561	0.540605811487548516	0.0620817895753452894	0.165710052991229636	0.165740116128160858	0.605730275708708011	0.10180000447720035	0.848636112934429515	0.695755339369697767	0.141971047483330174	0.491084272532978537	0.49550687160070856	0.227011427996890484	0.513085946157848299	0.249022212431115337	0.253140393779811762	0.414838137659480937



3	AATTAATT	0.479988341519075259


A:	0.367137072917894163	0.130984726289562646	0.15264606302088971	0.152887647028308408	0.24835932751800554	0.392543965752972779	0.207185390795481387	0.547201781176268099	0.617202126413434438	0.266662331026721938	0.0709441889476574346	0.743411590884283672	0.620516449398564004	0.209207445174475197	0.275153099767440223	0.172737113545386974	0.462962575768840348	0.355780430828097377	0.0937262464535788165	0.653735490286748658	0.0830479776206441431	0.381979930863846409
C:	0.233431520188258144	0.183971037104228443	0.233980675757927992	0.128842766837987002	0.209435745248664481	0.138245151219840441	0.10155041662861931	0.130348173858186053	0.0797851959135485267	0.063027589058677677	0.108856490354456834	0.0767877298136020595	0.04979363051603638	0.0938052324985418384	0.0472969451981056242	0.260573957215644656	0.19555569127049939	0.183044746516303594	0.443822657949628926	0.0987249111647791747	0.482224389108656258	0.180766296664694811
G:	0.139576799828468943	0.15808318411280363	0.183208298424067107	0.296979598458904458	0.234351466869258049	0.198182896830674132	0.424555882124493079	0.0472969451981056242	0.0938052324985418384	0.04979363051603638	0.0767877298136020595	0.108856490354456834	0.063027589058677677	0.0797851959135485267	0.130348173858186053	0.108026886348980718	0.0906627726154054018	0.113768842300658663	0.114567052635565738	0.143306481124606023	0.253701068309888024	0.134109277954289374
T:	0.25985460706537875	0.526961052493405281	0.430164962797115191	0.421289987674800132	0.307853460364071929	0.271027986196512648	0.266708310451406224	0.275153099767440223	0.209207445174475197	0.620516449398564004	0.743411590884283672	0.0709441889476574346	0.266662331026721938	0.617202126413434438	0.547201781176268099	0.458662042889987652	0.25081896034525486	0.347405980354940366	0.34788404296122652	0.104233117423866145	0.181026564960811575	0.303144494517169406



4	AATTTTT..A	0.478556421327774745


A:	0.420631060835648638	0.283289776394354849	0.219081138796139051	0.181811130434290083	0.387014700278395056	0.442294050809602543	0.273495866146945249	0.919092514564820502	0.791258468400641288	0.198149055514033335	0.0918409866524230976	0.0218183921722979547	0.0636177980399958867	0.0206802288603018195	0.229233691954763911	0.24123092426914515	0.612169591689686104	0.0973106752505716945	0.12842838652306924	0.422088931121692787	0.731874188570101883	0.520686104266972176	0.352924921077015715
C:	0.0873443209220198119	0.301153335843033912	0.262367641902034462	0.34027044756972766	0.236514008498063537	0.183291266151509535	0.101151308241762821	0.0251671340225657386	0.0122702420087221885	0.00459451933601319965	0.0167373083062698707	0.0287690913801410853	0.0685684224955924674	0.074594934682623911	0.314169138931183827	0.229329899381007538	0.103288242627325821	0.366824261340481297	0.100006080309141489	0.267640288298308524	0.0353038991886638279	0.116938174943049664	0.0971246196634452301
G:	0.237954376970687162	0.27412899629328694	0.485632680582387129	0.0975799607382433613	0.196457199851354506	0.250419467126360183	0.299469071089237441	0.0308256303045389715	0.0181628214061169448	0.0277020379476391482	0.00810544762463327094	0.0296371807098260999	0.0365124181469596054	0.0479683652426309553	0.170681441907763094	0.0783368014744115834	0.0603524183122586627	0.234496806521367406	0.47074301083622348	0.136237990958860188	0.0148781332977611005	0.104858215240863648	0.0703707972333950858
T:	0.254070241271644387	0.141427891469324299	0.0329185387194393578	0.380338461257738896	0.180014091372186901	0.123995215912527739	0.325883754522054488	0.0249147211080747879	0.178308468184519579	0.769554387202314317	0.883316257416673761	0.91977533573773486	0.83130136131745204	0.856756471214443314	0.285915727206289168	0.451102374875435728	0.224189747370729413	0.301368256887579602	0.300822522331565791	0.174032789621138501	0.217943778943473188	0.257517505549114511	0.479579662026143969



5	A.AATATTT	0.475935943884725462


A:	0.29598963439556628	0.414838137659480937	0.253140393779811762	0.249022212431115337	0.513085946157848299	0.227011427996890484	0.49550687160070856	0.491084272532978537	0.141971047483330174	0.662341350667221317	0.713285029393436036	0.147821888390458684	0.493627418739468206	0.232186819209964308	0.114545756719567498	0.196185011594507633	0.540605811487548516	0.182057151363052561	0.149547595569175591	0.179074781536520778	0.101136341366980093	0.33174289266018624	0.289651070722346569
C:	0.226321798533407908	0.212159926017321892	0.331546578122307457	0.26150711440976602	0.178127371625266511	0.189253883260496631	0.173247423972337335	0.136022023591568796	0.163788784600396347	0.0671309120714027722	0.0323288381289187841	0.0478280886861997094	0.0489741733602222152	0.0716472068487490572	0.0699584799480961492	0.130272599305380091	0.118815213306137188	0.226509937969442806	0.232668241131021082	0.0525989255653012314	0.505355919930859497	0.102515867194489045	0.0864357247532874846
G:	0.339390687804001297	0.0964704963489475112	0.113089782481882001	0.279786746344709446	0.234310946700922284	0.237002198114125141	0.138307143709902443	0.261313352127325436	0.106120634115557299	0.0743143078439730094	0.136329579988736806	0.0331743617241953852	0.0299137851124833712	0.0287688610360067198	0.0499664113683464869	0.118560606268668259	0.0632559275492347871	0.100618449938683335	0.17581016644379198	0.170992425574014082	0.0762661397817666587	0.188759492437952239	0.361160559904451501
T:	0.138297879267024515	0.27653143997424966	0.302223245615998779	0.209683926814409197	0.0744757355159629053	0.346732490628487745	0.192938560717051661	0.111580351748127231	0.58811953380071618	0.196213429417402901	0.118056552488908374	0.771175661199146221	0.427484622787826207	0.667397112905279915	0.765529351963989866	0.554981782831444017	0.277323047657079509	0.490814460728821299	0.441973996856011347	0.597333867324163909	0.317241598920393752	0.376981747707372477	0.262752644619914446



