1	GCACGTGC	0.499135887813549279


A:	0.432751707845577279	0.265669836539110802	0.19633263859694234	0.18733837024132459	0.146838554399513504	0.125507825805193977	0.157875490796948056	0.0719814967082093027	0.0106233067323147133	0.966414976473640192	0.00437268159306633435	0.0156358110840767879	0.006339138405748952	0.00629221812388844806	0.059562071064361355	0.147282883352161425	0.340877230237005182	0.310286304120611193	0.284530442449542447	0.305283578590639049	0.314841451018022505	0.725285057124573967
C:	0.137545517220239873	0.397262317656544363	0.134820439964065955	0.208926930525473411	0.106099282981310731	0.140401615514673428	0.124279372283484377	0.0685555634240938805	0.977324042224843431	0.00289116023487431229	0.975246749194780956	0.00474475812807592157	0.0243547248857365435	0.00576043291895340721	0.799900868803335462	0.179101845990440936	0.269146303736842287	0.499303887273805456	0.0746367108860418634	0.0835899416081976113	0.250772587369322194	0.0793548703809205216
G:	0.192414940358800455	0.0494605583029889965	0.322348428525915346	0.143635405425127576	0.216604590197174397	0.555615947312990875	0.485301961653937867	0.799900868803335462	0.00576043291895340721	0.0243547248857365435	0.00474475812807592157	0.975246749194780956	0.00289116023487431229	0.977324042224843431	0.0685555634240938805	0.39917908429652308	0.146580306634857414	0.146190824549510233	0.232270635658925075	0.475598528894967576	0.160136611523187862	0.0744942249783133764
T:	0.237287834575382393	0.287607287501355838	0.346498492913076359	0.460099293808074423	0.530457572422001369	0.17847461136714172	0.2325431752656297	0.059562071064361355	0.00629221812388844806	0.006339138405748952	0.0156358110840767879	0.00437268159306633435	0.966414976473640192	0.0106233067323147133	0.0719814967082093027	0.274436186360874559	0.243396159391295117	0.0442189840560731176	0.408562211005490615	0.135527950906195764	0.274249350089467439	0.120865847516192135



2	G..CACGTGC	0.498296043858349385


A:	0.250155530221111184	0.432751707845577279	0.265669836539110802	0.19633263859694234	0.18733837024132459	0.146838554399513504	0.125507825805193977	0.157875490796948056	0.0719814967082093027	0.00464290906906891831	0.979117518276310995	0.00395405457592058524	0.0101841554665874908	0.00335446363027932438	0.00342883079450884407	0.21028553784068428	0.147282883352161425	0.340877230237005182	0.310286304120611193	0.284530442449542447	0.305283578590639049	0.314841451018022505	0.725285057124573967
C:	0.26609088561893773	0.137545517220239873	0.397262317656544363	0.134820439964065955	0.208926930525473411	0.106099282981310731	0.140401615514673428	0.124279372283484377	0.0685555634240938805	0.987139306322471848	0.00151373570117011162	0.979955761175004997	0.00335129188166278466	0.0107466884162014151	0.00567438341371107874	0.647552898325392417	0.179101845990440936	0.269146303736842287	0.499303887273805456	0.0746367108860418634	0.0835899416081976113	0.250772587369322194	0.0793548703809205216
G:	0.160464381320477117	0.192414940358800455	0.0494605583029889965	0.322348428525915346	0.143635405425127576	0.216604590197174397	0.555615947312990875	0.485301961653937867	0.799900868803335462	0.00555653894406926605	0.00926695886937623027	0.00314860316880350027	0.984685087579756057	0.00386650533184377628	0.985073786362128819	0.12286866232701156	0.39917908429652308	0.146580306634857414	0.146190824549510233	0.232270635658925075	0.475598528894967576	0.160136611523187862	0.0744942249783133764
T:	0.323289202839473969	0.237287834575382393	0.287607287501355838	0.346498492913076359	0.460099293808074423	0.530457572422001369	0.17847461136714172	0.2325431752656297	0.059562071064361355	0.00266124566438996785	0.0101017871531426626	0.0129415810802709175	0.00177946507199366748	0.982032342621675484	0.00582299942965125794	0.0192929015069117437	0.274436186360874559	0.243396159391295117	0.0442189840560731176	0.408562211005490615	0.135527950906195764	0.274249350089467439	0.120865847516192135



3	CACGTGC..C	0.498123364116746506


A:	0.265669836539110802	0.19633263859694234	0.18733837024132459	0.146838554399513504	0.125507825805193977	0.157875490796948056	0.0719814967082093027	0.00537198018390338062	0.98187746421615159	0.00324568817249293661	0.0121907639806867436	0.00234997576884997876	0.00425778018323281837	0.0488910563114115569	0.147282883352161425	0.340877230237005182	0.310286304120611193	0.284530442449542447	0.305283578590639049	0.314841451018022505	0.725285057124573967	0.237285965639243308	0.153511136076856689
C:	0.397262317656544363	0.134820439964065955	0.208926930525473411	0.106099282981310731	0.140401615514673428	0.124279372283484377	0.0685555634240938805	0.981720727649047846	0.00396399048080755714	0.97651829437913076	0.00286180634470196511	0.0193101733087807057	0.00327107320726510215	0.763148774973767487	0.179101845990440936	0.269146303736842287	0.499303887273805456	0.0746367108860418634	0.0835899416081976113	0.250772587369322194	0.0793548703809205216	0.119297624884237875	0.114454434957178186
G:	0.0494605583029889965	0.322348428525915346	0.143635405425127576	0.216604590197174397	0.555615947312990875	0.485301961653937867	0.799900868803335462	0.00489768706650772595	0.0103207511490775264	0.00326041048528663557	0.978792023304515284	0.00292244387814612293	0.983617993003833676	0.143940404298904631	0.39917908429652308	0.146580306634857414	0.146190824549510233	0.232270635658925075	0.475598528894967576	0.160136611523187862	0.0744942249783133764	0.0523701878758413213	0.472229926580999442
T:	0.287607287501355838	0.346498492913076359	0.460099293808074423	0.530457572422001369	0.17847461136714172	0.2325431752656297	0.059562071064361355	0.00800960510054104695	0.00383779415396332643	0.0169756069630896681	0.00615540637009600674	0.975417407044223193	0.00885315360566840385	0.0440197644159163253	0.274436186360874559	0.243396159391295117	0.0442189840560731176	0.408562211005490615	0.135527950906195764	0.274249350089467439	0.120865847516192135	0.591046221600677495	0.259804502384965683



4	G.CACGTGC	0.497991471987619565


A:	0.250155530221111184	0.432751707845577279	0.265669836539110802	0.19633263859694234	0.18733837024132459	0.146838554399513504	0.125507825805193977	0.157875490796948056	0.0719814967082093027	0.020150230603354061	0.984210439693776247	0.0024688205700926165	0.0227014518249242644	0.00435361345204232213	0.00399308593624387696	0.1372480041330146	0.147282883352161425	0.340877230237005182	0.310286304120611193	0.284530442449542447	0.305283578590639049	0.314841451018022505	0.725285057124573967
C:	0.26609088561893773	0.137545517220239873	0.397262317656544363	0.134820439964065955	0.208926930525473411	0.106099282981310731	0.140401615514673428	0.124279372283484377	0.0685555634240938805	0.964532367541351368	0.001925307132827657	0.978591942974650703	0.0029908213665411559	0.0117962672513590247	0.00304932274857457934	0.543762396427616318	0.179101845990440936	0.269146303736842287	0.499303887273805456	0.0746367108860418634	0.0835899416081976113	0.250772587369322194	0.0793548703809205216
G:	0.160464381320477117	0.192414940358800455	0.0494605583029889965	0.322348428525915346	0.143635405425127576	0.216604590197174397	0.555615947312990875	0.485301961653937867	0.799900868803335462	0.0100684874063304398	0.0077576161964995924	0.00735060689693205452	0.971449783349832757	0.00432731278075595514	0.979541548167886769	0.294327837003419756	0.39917908429652308	0.146580306634857414	0.146190824549510233	0.232270635658925075	0.475598528894967576	0.160136611523187862	0.0744942249783133764
T:	0.323289202839473969	0.237287834575382393	0.287607287501355838	0.346498492913076359	0.460099293808074423	0.530457572422001369	0.17847461136714172	0.2325431752656297	0.059562071064361355	0.00524891444896413136	0.00610663697689650362	0.0115886295583246263	0.00285794345870182283	0.979522806515842698	0.0134160431472947744	0.0246617624359493261	0.274436186360874559	0.243396159391295117	0.0442189840560731176	0.408562211005490615	0.135527950906195764	0.274249350089467439	0.120865847516192135



5	CACGTGC.A	0.497227847476044651


A:	0.265669836539110802	0.19633263859694234	0.18733837024132459	0.146838554399513504	0.125507825805193977	0.157875490796948056	0.0719814967082093027	0.01225303568414984	0.979868046360448298	0.00322398850952094741	0.00718647407434923039	0.0044302190849494708	0.00626314610918117591	0.216479253363892748	0.147282883352161425	0.340877230237005182	0.310286304120611193	0.284530442449542447	0.305283578590639049	0.314841451018022505	0.725285057124573967	0.237285965639243308	0.153511136076856689
C:	0.397262317656544363	0.134820439964065955	0.208926930525473411	0.106099282981310731	0.140401615514673428	0.124279372283484377	0.0685555634240938805	0.970481085943286394	0.00530122171021014835	0.981426266219923542	0.00475317987268102745	0.0278865170735179364	0.0105152428833155061	0.602962664275621629	0.179101845990440936	0.269146303736842287	0.499303887273805456	0.0746367108860418634	0.0835899416081976113	0.250772587369322194	0.0793548703809205216	0.119297624884237875	0.114454434957178186
G:	0.0494605583029889965	0.322348428525915346	0.143635405425127576	0.216604590197174397	0.555615947312990875	0.485301961653937867	0.799900868803335462	0.0132990100927573013	0.0123163511790008603	0.00444211973477972351	0.982669316042532974	0.00376312734339162197	0.974342698800410948	0.14644404447797827	0.39917908429652308	0.146580306634857414	0.146190824549510233	0.232270635658925075	0.475598528894967576	0.160136611523187862	0.0744942249783133764	0.0523701878758413213	0.472229926580999442
T:	0.287607287501355838	0.346498492913076359	0.460099293808074423	0.530457572422001369	0.17847461136714172	0.2325431752656297	0.059562071064361355	0.00396686827980646507	0.00251438075034069361	0.0109076255357757876	0.00539103001043676786	0.963920136498140971	0.00887891220709236977	0.0341140378825073535	0.274436186360874559	0.243396159391295117	0.0442189840560731176	0.408562211005490615	0.135527950906195764	0.274249350089467439	0.120865847516192135	0.591046221600677495	0.259804502384965683



