1	CACGTGGG	0.499185439512314753


A:	0.229937917445005084	0.12318145248121852	0.00336318045965313689	0.182794512284927739	0.187661829833807429	0.343979403896828551	0.00751872420972820238	0.00331803556159165922	0.987788681842288349	0.000933708811129723179	0.0218351056282686792	0.003652389132754902	0.00283989281067262538	0.0110025907570954596	0.0585963996531488252	0.166933802648416215	0.540103655262729366	0.133817522658299655	0.0420299154463308833	0.232700645297940979	0.312612903759828657	0.263409737789599233
C:	0.13707293886880699	0.0702322539107974715	0.596211826785121719	0.209564633531005536	0.0362813019206630593	0.223130798897666195	0.764660394259199458	0.990046789261819761	0.000755388535702445369	0.979845552476362231	0.00120965023032907518	0.00213382860865313244	0.00394118263429687294	0.44656993637079697	0.201667371730208054	0.33757499152582955	0.258571231188691339	0.115600284802710933	0.164253382452129031	0.192159203049471759	0.130247960102909437	0.147267384420696625
G:	0.46196303575863861	0.222839221510255818	0.130667222754834989	0.308230722664872546	0.263794174351236957	0.359458145698032208	0.169292746608897476	0.00449047908038813333	0.00578069869019034939	0.00146413441967122506	0.976255344050222568	0.00215710565944906824	0.991574738173319799	0.538302882199411514	0.685426576340776651	0.170270316706741903	0.0977145715061366883	0.609165397145724208	0.730507431422260767	0.210697429744316873	0.297344890386066595	0.163516325403854456
T:	0.171026107927549316	0.583747072097728191	0.269757770000390155	0.299410131519194179	0.512262693894292555	0.0734316515074730455	0.0585281349221748639	0.00214469609620044632	0.00567523093181885601	0.017756604292836821	0.00069990009117967794	0.992056676599142897	0.001644186381710703	0.00412459067269605705	0.0543096522758664691	0.325220889119012333	0.103610542042442606	0.141416795393265204	0.063209270679279319	0.364442721908270389	0.259794245751195311	0.425806552385849686



2	CCACGTGG	0.499131815250285261


A:	0.487338649110660528	0.229937917445005084	0.12318145248121852	0.00336318045965313689	0.182794512284927739	0.187661829833807429	0.343979403896828551	0.00751872420972820238	0.00391411480928034334	0.98352844025207526	0.00124068049422027387	0.0473641859892626061	0.0110505059011636743	0.00573763943977663668	0.0585281349221748639	0.0585963996531488252	0.166933802648416215	0.540103655262729366	0.133817522658299655	0.0420299154463308833	0.232700645297940979	0.312612903759828657
C:	0.117459368428095336	0.13707293886880699	0.0702322539107974715	0.596211826785121719	0.209564633531005536	0.0362813019206630593	0.223130798897666195	0.764660394259199458	0.986834228256090552	0.00165534764577400779	0.950427980988804366	0.000967152527712753696	0.00376570620098705825	0.0035140174948524678	0.169292746608897476	0.201667371730208054	0.33757499152582955	0.258571231188691339	0.115600284802710933	0.164253382452129031	0.192159203049471759	0.130247960102909437
G:	0.148487631267606462	0.46196303575863861	0.222839221510255818	0.130667222754834989	0.308230722664872546	0.263794174351236957	0.359458145698032208	0.169292746608897476	0.0035140174948524678	0.00376570620098705825	0.000967152527712753696	0.950427980988804366	0.00165534764577400779	0.986834228256090552	0.764660394259199458	0.685426576340776651	0.170270316706741903	0.0977145715061366883	0.609165397145724208	0.730507431422260767	0.210697429744316873	0.297344890386066595
T:	0.246714351193637674	0.171026107927549316	0.583747072097728191	0.269757770000390155	0.299410131519194179	0.512262693894292555	0.0734316515074730455	0.0585281349221748639	0.00573763943977663668	0.0110505059011636743	0.0473641859892626061	0.00124068049422027387	0.98352844025207526	0.00391411480928034334	0.00751872420972820238	0.0543096522758664691	0.325220889119012333	0.103610542042442606	0.141416795393265204	0.063209270679279319	0.364442721908270389	0.259794245751195311



3	CCACGTG..C	0.498833746898263027


A:	0.259794245751195311	0.364442721908270389	0.063209270679279319	0.141416795393265204	0.103610542042442606	0.325220889119012333	0.0543096522758664691	0.00486348499621101792	0.00214444321786478091	0.990300313827477775	0.00108000300308587936	0.0275382343131259389	0.00583641559340915079	0.00447962915359268989	0.0585281349221748639	0.0734316515074730455	0.512262693894292555	0.299410131519194179	0.269757770000390155	0.583747072097728191	0.171026107927549316	0.246714351193637674	0.261972925056841376
C:	0.297344890386066595	0.210697429744316873	0.730507431422260767	0.609165397145724208	0.0977145715061366883	0.170270316706741903	0.685426576340776651	0.312877660619352478	0.991935610792737662	0.00258192522044981687	0.96931779213804014	0.000960455547294110393	0.00303910688021390861	0.00267337380283996913	0.169292746608897476	0.359458145698032208	0.263794174351236957	0.308230722664872546	0.130667222754834989	0.222839221510255818	0.46196303575863861	0.148487631267606462	0.129600183241985506
G:	0.130247960102909437	0.192159203049471759	0.164253382452129031	0.115600284802710933	0.258571231188691339	0.33757499152582955	0.201667371730208054	0.595871629823220578	0.00268219688910068356	0.00247463445460736397	0.000750188428952630217	0.970222159437073853	0.00136078977833076466	0.990087287466239049	0.764660394259199458	0.223130798897666195	0.0362813019206630593	0.209564633531005536	0.596211826785121719	0.0702322539107974715	0.13707293886880699	0.117459368428095336	0.443943639185278729
T:	0.312612903759828657	0.232700645297940979	0.0420299154463308833	0.133817522658299655	0.540103655262729366	0.166933802648416215	0.0585963996531488252	0.0863872245612159269	0.00323774910029687378	0.0046431264974650438	0.0288520164299213507	0.00127915070250609773	0.989763687748046176	0.00275970957732829215	0.00751872420972820238	0.343979403896828551	0.187661829833807429	0.182794512284927739	0.00336318045965313689	0.12318145248121852	0.229937917445005084	0.487338649110660528	0.16448325251589439



4	CCACGTGC	0.498727003582492212


A:	0.206103942383028097	0.166705231153627843	0.0794265080000846967	0.611483544298816987	0.409029904058618099	0.419042225868770507	0.19335286865833376	0.00847736985683837029	0.00120402477546628955	0.992625905935854154	0.000674964198978488284	0.00638484025616476468	0.00232180380459898443	0.00526615427790956411	0.0585281349221748639	0.0407229314602604502	0.378759163857878766	0.771461954509317111	0.0519236505343593696	0.35002468877174839	0.703945773742080898	0.0863958382872604364
C:	0.223525339637319357	0.133775977327539501	0.39762420620824711	0.0920600557123739241	0.144962908405382231	0.0625855129202694288	0.137542081439256363	0.230305862256077438	0.992714088332532895	0.00179398779775841384	0.986127451187380772	0.00172124663934376476	0.0055095231151404272	0.00161313252828410605	0.169292746608897476	0.0575861215407837095	0.252462494847201671	0.135667494185945667	0.62669839453855997	0.357963658337206348	0.0736453730874663839	0.219142003129931607
G:	0.0505793481606439925	0.572423116515171377	0.295150070263035818	0.0411994635789360743	0.183357090947064169	0.475617458584455697	0.601002377787589026	0.614131157114948585	0.00234349670091349784	0.00151883218697095324	0.00106791863172975525	0.990579067403183194	0.000883311753924912869	0.991037212444170064	0.764660394259199458	0.550879867131806947	0.165999944215609087	0.0518387139252115352	0.139134680070327192	0.196283220018258198	0.0312697334387339761	0.0531420853744206958
T:	0.519791369819008553	0.127095675003661279	0.227799215528632375	0.255256936409873014	0.262650096588935502	0.0427548026265043666	0.0681026721148208509	0.147085610772135606	0.00373839019108731773	0.00406127407941647907	0.0121296659819109847	0.00131484570130827615	0.991285361326335675	0.0020835007496362659	0.00751872420972820238	0.350811079867148894	0.202778397079310476	0.0410318373795256875	0.182243274856753468	0.095728432872787064	0.191139119731718742	0.641320073208387261



5	CACGTGCG	0.49872615679851771


A:	0.166705231153627843	0.0794265080000846967	0.611483544298816987	0.409029904058618099	0.419042225868770507	0.19335286865833376	0.00847736985683837029	0.00174094040782723241	0.990706034975144885	0.0012614064922903859	0.00757898451616263599	0.00205334330445905973	0.00167404009838020127	0.0110025907570954596	0.0407229314602604502	0.378759163857878766	0.771461954509317111	0.0519236505343593696	0.35002468877174839	0.703945773742080898	0.0863958382872604364	0.590360286551641188
C:	0.133775977327539501	0.39762420620824711	0.0920600557123739241	0.144962908405382231	0.0625855129202694288	0.137542081439256363	0.230305862256077438	0.989720623058387313	0.00136444936683568965	0.988298299085516194	0.00174159526918831063	0.0114366630041516853	0.00205577648722910325	0.44656993637079697	0.0575861215407837095	0.252462494847201671	0.135667494185945667	0.62669839453855997	0.357963658337206348	0.0736453730874663839	0.219142003129931607	0.079308320316383713
G:	0.572423116515171377	0.295150070263035818	0.0411994635789360743	0.183357090947064169	0.475617458584455697	0.601002377787589026	0.614131157114948585	0.00158310992766113167	0.00559713945432049873	0.00135165890033787513	0.989596087971242732	0.000722747190919288807	0.991067309970849331	0.538302882199411514	0.550879867131806947	0.165999944215609087	0.0518387139252115352	0.139134680070327192	0.196283220018258198	0.0312697334387339761	0.0531420853744206958	0.0560285380727066129
T:	0.127095675003661279	0.227799215528632375	0.255256936409873014	0.262650096588935502	0.0427548026265043666	0.0681026721148208509	0.147085610772135606	0.00695532660612432304	0.00233237620369892706	0.00908863552185554518	0.00108333224340632098	0.985787246500469966	0.00520287344354136422	0.00412459067269605705	0.350811079867148894	0.202778397079310476	0.0410318373795256875	0.182243274856753468	0.095728432872787064	0.191139119731718742	0.641320073208387261	0.274302855059268486



