1	GCACGTGC	0.499844959317324866


A:	0.162672731163115829	0.145053588781427006	0.227976884369050244	0.882160251790205293	0.463698382207873951	0.356970511451503454	0.258929376891929842	0.0836109797676371961	0.134839042754862403	0.953168742951775453	0.000426552745897022119	0.0963581392144433744	0.00245720712457448118	0.00127114628679810124	0.00477226979640044767	0.0385747465243611085	0.243696528334623286	0.363960838117262429	0.0678510653572055356	0.640418804897984682	0.363080210047030878	0.0694242806170994592
C:	0.371748523630015768	0.383212705784090664	0.492080858145211248	0.00243757448795371325	0.0561284562066804974	0.0719822825664987476	0.180883302276212581	0.0600778565584672704	0.863547535294484594	0.000644733257124055525	0.902140015407223149	0.00107529263243645497	0.0437293166665260102	0.000342275663854901023	0.851538893877495086	0.0464530715266606007	0.273816174384124735	0.0621316262287822017	0.0279531537308074124	0.105680909778328649	0.0648071588896287843	0.378459424598603596
G:	0.154979589046521651	0.305797691173539565	0.24878825508439765	0.0572883533235555559	0.116281232911973834	0.492683750653682525	0.442658508507919756	0.851538893877495086	0.000342275663854901023	0.0437293166665260102	0.00107529263243645497	0.902140015407223149	0.000644733257124055525	0.863547535294484594	0.0600778565584672704	0.220329547572184294	0.204018735631228875	0.165536758643177443	0.0552182942712083777	0.0532434119044450143	0.150375159906279748	0.0715835041412267446
T:	0.310599156160346752	0.165936014260942765	0.0311540024013408584	0.0581138203982854384	0.363891928673471718	0.0783634553283152738	0.11752881232393782	0.00477226979640044767	0.00127114628679810124	0.00245720712457448118	0.0963581392144433744	0.000426552745897022119	0.953168742951775453	0.134839042754862403	0.0836109797676371961	0.694642634376793996	0.278468561650023104	0.408370777010777926	0.848977486640778674	0.200656873419241655	0.42173747115706059	0.4805327906430702



2	AGCACGTG	0.499457169090277433


A:	0.452516041398547346	0.4805327906430702	0.42173747115706059	0.200656873419241655	0.848977486640778674	0.408370777010777926	0.278468561650023104	0.694642634376793996	0.0382248639800996605	0.0357932629347366766	0.987345886664484959	0.000482735903769428533	0.0342901751585769298	0.00250248205275260268	0.000691534040888520473	0.00477226979640044767	0.11752881232393782	0.0783634553283152738	0.363891928673471718	0.0581138203982854384	0.0311540024013408584	0.165936014260942765
C:	0.0929317272991565562	0.0715835041412267446	0.150375159906279748	0.0532434119044450143	0.0552182942712083777	0.165536758643177443	0.204018735631228875	0.220329547572184294	0.0466100922042978731	0.962956563694804912	0.000565096194214487293	0.975582516413530826	0.00090555098811405387	0.00423338043202963875	0.000409212583345368189	0.851538893877495086	0.442658508507919756	0.492683750653682525	0.116281232911973834	0.0572883533235555559	0.24878825508439765	0.305797691173539565
G:	0.205828480794531718	0.378459424598603596	0.0648071588896287843	0.105680909778328649	0.0279531537308074124	0.0621316262287822017	0.273816174384124735	0.0464530715266606007	0.907673072288383344	0.000304513602908459061	0.00957665890076880379	0.000939753622856383584	0.964442650890627447	0.00109604290256306002	0.958827864391708333	0.0600778565584672704	0.180883302276212581	0.0719822825664987476	0.0561284562066804974	0.00243757448795371325	0.492080858145211248	0.383212705784090664
T:	0.24872375050776438	0.0694242806170994592	0.363080210047030878	0.640418804897984682	0.0678510653572055356	0.363960838117262429	0.243696528334623286	0.0385747465243611085	0.00749197152721912247	0.000945659767549952277	0.00251235824053174981	0.0229949940598433617	0.000361622962681569167	0.992168094612654698	0.0400713889840577779	0.0836109797676371961	0.258929376891929842	0.356970511451503453	0.463698382207873951	0.882160251790205293	0.227976884369050244	0.145053588781427006



3	A..GCACGTG	0.499219150660909557


A:	0.113801578441879481	0.452516041398547346	0.4805327906430702	0.42173747115706059	0.200656873419241655	0.848977486640778674	0.408370777010777926	0.278468561650023104	0.694642634376793996	0.142852788178618282	0.0300942756386286207	0.987898305307721712	0.000643599508964035776	0.0391750770147123349	0.00326478222642038648	0.000694151814906854005	0.00477226979640044767	0.11752881232393782	0.0783634553283152738	0.363891928673471718	0.0581138203982854384	0.0311540024013408584	0.165936014260942765
C:	0.571061501304524992	0.0929317272991565562	0.0715835041412267446	0.150375159906279748	0.0532434119044450143	0.0552182942712083777	0.165536758643177443	0.204018735631228875	0.220329547572184294	0.0981871845793889956	0.96818926672267192	0.000665297804977226164	0.969367654710930554	0.000555399652397330828	0.00425584594639586127	0.000377096697659376287	0.851538893877495086	0.442658508507919756	0.492683750653682525	0.116281232911973834	0.0572883533235555559	0.24878825508439765	0.305797691173539565
G:	0.223538073849542453	0.205828480794531718	0.378459424598603596	0.0648071588896287843	0.105680909778328649	0.0279531537308074124	0.0621316262287822017	0.273816174384124735	0.0464530715266606007	0.753522666583565559	0.000356089949513580561	0.00915452967034215411	0.000419658016748534913	0.959766657807461074	0.00091101122944766668	0.942545211867979717	0.0600778565584672704	0.180883302276212581	0.0719822825664987476	0.0561284562066804974	0.00243757448795371325	0.492080858145211248	0.383212705784090664
T:	0.0915988464040530746	0.24872375050776438	0.0694242806170994592	0.363080210047030878	0.640418804897984682	0.0678510653572055356	0.363960838117262429	0.243696528334623286	0.0385747465243611085	0.00543736065842716344	0.00136036768918587877	0.00228186721695890818	0.0295690877633568756	0.00050286552542926011	0.991568360597736086	0.056383539619454053	0.0836109797676371961	0.258929376891929842	0.356970511451503453	0.463698382207873951	0.882160251790205293	0.227976884369050244	0.145053588781427006



4	G..CACGTGC	0.499116625310173697


A:	0.0595293513483474264	0.162672731163115829	0.145053588781427006	0.227976884369050244	0.882160251790205293	0.463698382207873951	0.356970511451503454	0.258929376891929842	0.0836109797676371961	0.0481724957305470796	0.988839164240094082	0.000697231382270905363	0.0213721591459647701	0.00229443792918701549	0.00120259198088806715	0.00375173729106580082	0.0385747465243611085	0.243696528334623286	0.363960838117262429	0.0678510653572055356	0.640418804897984682	0.363080210047030878	0.0694242806170994592
C:	0.464184417302146267	0.371748523630015768	0.383212705784090664	0.492080858145211248	0.00243757448795371325	0.0561284562066804974	0.0719822825664987476	0.180883302276212581	0.0600778565584672704	0.950686314579717848	0.000872875390420577936	0.965903017859758133	0.000868664950773665274	0.010475494211809565	0.000440531531779791912	0.848580570559156412	0.0464530715266606007	0.273816174384124735	0.0621316262287822017	0.0279531537308074124	0.105680909778328649	0.0648071588896287843	0.378459424598603596
G:	0.145415244629661579	0.154979589046521651	0.305797691173539565	0.24878825508439765	0.0572883533235555559	0.116281232911973834	0.492683750653682525	0.442658508507919756	0.851538893877495086	0.000238940253340030451	0.00842481632844588845	0.000420055993734660167	0.977170765137319175	0.000543964994601218745	0.97464558223400307	0.101199623507140615	0.220329547572184294	0.204018735631228875	0.165536758643177443	0.0552182942712083777	0.0532434119044450143	0.150375159906279748	0.0715835041412267446
T:	0.330870986719844728	0.310599156160346752	0.165936014260942765	0.0311540024013408584	0.0581138203982854384	0.363891928673471718	0.0783634553283152738	0.11752881232393782	0.00477226979640044767	0.00090224943639504216	0.00186314404103945187	0.0329796947642363016	0.000588410765942389418	0.986686102864402201	0.0237112942533290712	0.0464680686426371718	0.694642634376793996	0.278468561650023104	0.408370777010777926	0.848977486640778674	0.200656873419241655	0.42173747115706059	0.4805327906430702



5	CACGTGC..A	0.499076877264380366


A:	0.145053588781427006	0.227976884369050244	0.882160251790205293	0.463698382207873951	0.356970511451503454	0.258929376891929842	0.0836109797676371961	0.0403978679111912294	0.988405861002184127	0.000568651058178122811	0.0384489452738331923	0.00495178123611840176	0.00157434947610744781	0.0368450173068068098	0.0385747465243611085	0.243696528334623286	0.363960838117262429	0.0678510653572055356	0.640418804897984682	0.363080210047030878	0.0694242806170994592	0.24872375050776438	0.0915988464040530746
C:	0.383212705784090664	0.492080858145211248	0.00243757448795371325	0.0561284562066804974	0.0719822825664987476	0.180883302276212581	0.0600778565584672704	0.958187428816897539	0.0011193878207322269	0.969635296241054699	0.000861639433896425556	0.00571578793551204551	0.000250534101640934433	0.833788850378323385	0.0464530715266606007	0.273816174384124735	0.0621316262287822017	0.0279531537308074124	0.105680909778328649	0.0648071588896287843	0.378459424598603596	0.205828480794531718	0.223538073849542453
G:	0.305797691173539565	0.24878825508439765	0.0572883533235555559	0.116281232911973834	0.492683750653682525	0.442658508507919756	0.851538893877495086	0.00042889059818692435	0.00400184919923337802	0.00113560943835035864	0.96026489819744421	0.000631083550340560405	0.970178783846577223	0.0966751045500743852	0.220329547572184294	0.204018735631228875	0.165536758643177443	0.0552182942712083777	0.0532434119044450143	0.150375159906279748	0.0715835041412267446	0.0929317272991565562	0.571061501304524992
T:	0.165936014260942765	0.0311540024013408584	0.0581138203982854384	0.363891928673471718	0.0783634553283152738	0.11752881232393782	0.00477226979640044767	0.000985812673724307231	0.00647290197785026788	0.0286604432624168197	0.000424517094826171866	0.988701347278028992	0.0279963325756743948	0.0326910277647954206	0.694642634376793996	0.278468561650023104	0.408370777010777926	0.848977486640778674	0.200656873419241655	0.42173747115706059	0.4805327906430702	0.452516041398547346	0.113801578441879481



