1	GCACGTGC	0.499193788450089303


A:	0.203497971489608058	0.289359727261268504	0.107114879240277914	0.421365749850741099	0.815078287740630938	0.239233539716188333	0.223623847356169545	0.0804326660684316397	0.0683066120535935208	0.951954955480377824	0.000503200540053969906	0.118092692953684855	0.00250604823747837154	0.00152414958749465661	0.00905468494363237722	0.117347834784592581	0.162086563977704467	0.146012767633027724	0.0474009273606439142	0.470011197756537304	0.510069568746215085	0.266528563261361254
C:	0.233820975217034699	0.20435681969770688	0.665397577624882496	0.00165860671446028993	0.0448280137163806696	0.188002671661945653	0.176060885963962199	0.0374996715004427934	0.929578937070522379	0.000589633249785858087	0.880687973745314675	0.00071613276094649958	0.0449493630323579468	0.000590301288389444046	0.87301297748749319	0.0624996045562312173	0.0802916817270496703	0.087135932772268135	0.0589761252382824173	0.248962639035504894	0.0765384248655461575	0.292385208595060622
G:	0.097574877109805533	0.309347147273735385	0.101301045413021974	0.559029203160127056	0.0901065772816324525	0.302201367430518148	0.443528706853361333	0.87301297748749319	0.000590301288389444046	0.0449493630323579468	0.00071613276094649958	0.880687973745314675	0.000589633249785858087	0.929578937070522379	0.0374996715004427934	0.302730951656515109	0.253976130535009905	0.303400392842074541	0.0834451065349609358	0.0373726073495563832	0.194547100577936011	0.0564917739522514265
T:	0.46510617618355171	0.196936305767289231	0.126186497721817616	0.0179464402746715547	0.04998712126135594	0.270562421191347866	0.156786559826506923	0.00905468494363237722	0.00152414958749465661	0.00250604823747837154	0.118092692953684855	0.000503200540053969906	0.951954955480377824	0.0683066120535935208	0.0804326660684316397	0.517421609002661093	0.503645623760235957	0.4634509067526296	0.810177840866112733	0.243653555858401419	0.218844905810302746	0.384594454191326697



2	A.CACGTG.T	0.498970580939623952


A:	0.492414631109815952	0.119389735091710552	0.465122202825908546	0.437740245648791967	0.710671104952319249	0.439396618624102177	0.627289892799542379	0.269344335714661775	0.0546854285590381504	0.975336903374611985	0.000949235632777296381	0.0818976553412117563	0.00614700630197391733	0.00129960528734075711	0.0125230621723557667	0.0933245195010646555	0.165278215553386392	0.128233581317890124	0.200921877845033336	0.640415855765852489	0.591704442240216894	0.381954522371232818	0.152504988305755129
C:	0.0949483191424036144	0.226340140415470048	0.193209559215368637	0.0665445755350881313	0.122569844111107681	0.178061947263125393	0.180181437849826121	0.194326335929911565	0.943253193717713212	0.000659247169405002326	0.916356428339417848	0.000796680686593099131	0.0178568431540090953	0.00076177243590788064	0.799410890649391925	0.0992041498495668443	0.343758614255369024	0.143202754558387459	0.395510396534977937	0.0205887269218538946	0.0387530434695367154	0.0772850837695898859	0.110120939490696638
G:	0.140942821291806318	0.160919933973784993	0.257104834112734552	0.378048715303312603	0.0748980637014982839	0.192371197421366937	0.0992041498495668443	0.50063740975957901	0.00076177243590788064	0.0178568431540090953	0.000796680686593099131	0.916356428339417848	0.000659247169405002326	0.943253193717713212	0.143199177084408634	0.180181437849826121	0.130531279309628866	0.138662053911396738	0.136633751766349137	0.219638420119825582	0.170101831645981313	0.119002649307023346	0.173540471109250644
T:	0.271694228455974115	0.493350190519034407	0.0845634038459882647	0.117666463512807299	0.0918609872350747866	0.190170236691405493	0.0933245195010646555	0.0356919185958476501	0.00129960528734075711	0.00614700630197391733	0.0818976553412117563	0.000949235632777296381	0.975336903374611985	0.0546854285590381504	0.0448668700938436737	0.627289892799542379	0.360431890881615718	0.589901610212325678	0.26693397385363959	0.119356997192468034	0.199440682644265077	0.42175774455215395	0.563833601094297589



3	CACGTGCG	0.49892136913329032


A:	0.289359727261268504	0.107114879240277914	0.421365749850741099	0.815078287740630938	0.239233539716188333	0.223623847356169545	0.0804326660684316397	0.0451818202699678088	0.980049364349150245	0.000353242048679281399	0.0310900783792220629	0.00262936988523114921	0.00102733637245513402	0.0100470640283026939	0.117347834784592581	0.162086563977704467	0.146012767633027724	0.0474009273606439142	0.470011197756537304	0.510069568746215085	0.266528563261361254	0.430147756415925562
C:	0.20435681969770688	0.665397577624882496	0.00165860671446028993	0.0448280137163806696	0.188002671661945653	0.176060885963962199	0.0374996715004427934	0.952963939079131867	0.00047617371668853084	0.940564380953157077	0.000707465159684025076	0.0145692934595031633	0.00127939605673226159	0.740207363530785655	0.0624996045562312173	0.0802916817270496703	0.087135932772268135	0.0589761252382824173	0.248962639035504894	0.0765384248655461575	0.292385208595060622	0.0635708070012112296
G:	0.309347147273735385	0.101301045413021974	0.559029203160127056	0.0901065772816324525	0.302201367430518148	0.443528706853361333	0.87301297748749319	0.000574911208274951688	0.00714818019765758336	0.00109558201620911288	0.967642826530877904	0.00043549993557575378	0.98529242764776579	0.0428672473246340688	0.302730951656515109	0.253976130535009905	0.303400392842074541	0.0834451065349609358	0.0373726073495563832	0.194547100577936011	0.0564917739522514265	0.235287109337819644
T:	0.196936305767289231	0.126186497721817616	0.0179464402746715547	0.04998712126135594	0.270562421191347866	0.156786559826506923	0.00905468494363237722	0.00127932944262537219	0.0123262817365036408	0.0579867949819545287	0.000559629930216008406	0.982365836719689934	0.0124008399230468142	0.206878325116277582	0.517421609002661093	0.503645623760235957	0.4634509067526296	0.810177840866112733	0.243653555858401419	0.218844905810302746	0.384594454191326697	0.270994327245043564



4	A..GCACGTG	0.498815491256803481


A:	0.20670722859329368	0.270994327245043564	0.384594454191326697	0.218844905810302746	0.243653555858401419	0.810177840866112733	0.4634509067526296	0.503645623760235957	0.517421609002661093	0.409990061289906703	0.0191947144226020319	0.988479992507657524	0.00061168549294534022	0.0447527844111276138	0.00314735387368443837	0.00115785557735063136	0.00905468494363237722	0.156786559826506923	0.270562421191347866	0.04998712126135594	0.0179464402746715547	0.126186497721817616	0.196936305767289231
C:	0.346613819010373128	0.235287109337819644	0.0564917739522514265	0.194547100577936011	0.0373726073495563832	0.0834451065349609358	0.303400392842074541	0.253976130535009905	0.302730951656515109	0.0662051533521934222	0.979121145493269829	0.000523857855624347454	0.979571151850201071	0.000406961907872464755	0.00551305936919277506	0.000498160481295672218	0.87301297748749319	0.443528706853361333	0.302201367430518148	0.0901065772816324525	0.559029203160127056	0.101301045413021974	0.309347147273735385
G:	0.294492090481696176	0.0635708070012112296	0.292385208595060622	0.0765384248655461575	0.248962639035504894	0.0589761252382824173	0.087135932772268135	0.0802916817270496703	0.0624996045562312173	0.510390780399739442	0.000605673129223914042	0.00807711699512936939	0.000703540545360552802	0.954064601519567142	0.000868530833689759721	0.970505790931344979	0.0374996715004427934	0.176060885963962199	0.188002671661945653	0.0448280137163806696	0.00165860671446028993	0.665397577624882496	0.20435681969770688
T:	0.152186861914637016	0.430147756415925562	0.266528563261361254	0.510069568746215085	0.470011197756537304	0.0474009273606439142	0.146012767633027724	0.162086563977704467	0.117347834784592581	0.0134140049581604337	0.00107846695490422533	0.00291903264158875932	0.0191136221114930363	0.000775652161432779414	0.990471055923433027	0.0278381930100087176	0.0804326660684316397	0.223623847356169545	0.239233539716188333	0.815078287740630938	0.421365749850741099	0.107114879240277914	0.289359727261268504



5	AGCACGTG	0.498753039853094446


A:	0.270994327245043564	0.384594454191326697	0.218844905810302746	0.243653555858401419	0.810177840866112733	0.4634509067526296	0.503645623760235957	0.517421609002661093	0.0448668700938436737	0.0198428890600479657	0.986543573440518321	0.000903551279683976737	0.0430785074765615852	0.00174266080495554119	0.000961771439400073029	0.00905468494363237722	0.156786559826506923	0.270562421191347866	0.04998712126135594	0.0179464402746715547	0.126186497721817616	0.196936305767289231
C:	0.235287109337819644	0.0564917739522514265	0.194547100577936011	0.0373726073495563832	0.0834451065349609358	0.303400392842074541	0.253976130535009905	0.302730951656515109	0.143199177084408634	0.978619295451526342	0.000635023417989995812	0.975694118052483989	0.000623498579582654909	0.00543044366044801033	0.000484055091813546409	0.87301297748749319	0.443528706853361333	0.302201367430518148	0.0901065772816324525	0.559029203160127056	0.101301045413021974	0.309347147273735385
G:	0.0635708070012112296	0.292385208595060622	0.0765384248655461575	0.248962639035504894	0.0589761252382824173	0.087135932772268135	0.0802916817270496703	0.0624996045562312173	0.799410890649391926	0.000614338725140302863	0.0105160433150061576	0.000596435777402840103	0.955774543144726604	0.00127624411277508898	0.973375048913347983	0.0374996715004427934	0.176060885963962199	0.188002671661945653	0.0448280137163806696	0.00165860671446028993	0.665397577624882496	0.20435681969770688
T:	0.430147756415925562	0.266528563261361254	0.510069568746215085	0.470011197756537304	0.0474009273606439142	0.146012767633027724	0.162086563977704467	0.117347834784592581	0.0125230621723557667	0.000923476763285389527	0.00230535982648552587	0.0228058948904291939	0.000523450799129155798	0.99155065142182136	0.025179124555438398	0.0804326660684316397	0.223623847356169545	0.239233539716188333	0.815078287740630938	0.421365749850741099	0.107114879240277914	0.289359727261268504



