1	GCACGTGC	0.493778392257554809


A:	0.0434182399215591672	0.106011069728551541	0.0875523787827923239	0.412305321773860849	0.137185499150810606	0.0892967956171385336	0.363729757326967087	0.170016601373183947	0.0334517210462618869	0.895473555952817814	0.0249454193545490193	0.0146053839766071396	0.0225996402918886674	0.084946293531929188	0.0693235733563958449	0.107096196842487589	0.344720604406347821	0.403048893351611961	0.338551962096541655	0.489101906270442285	0.188017400530087123	0.396261359179475844
C:	0.148005051347469866	0.313700561224823868	0.584311758824390903	0.0325763756038991128	0.288674844395390381	0.369265847478920146	0.164169593087035254	0.0219424002313216073	0.863402854449687243	0.0433011931693667848	0.925621604725783405	0.0348275919430604366	0.0386256105859267337	0.0181991309721216822	0.738717425039098601	0.373264555541889426	0.248447591774872536	0.100908066618058315	0.243713416156619497	0.111494256040069804	0.121928311711580805	0.203907443881081668
G:	0.204858037769650058	0.469737954167356905	0.0724761676051323025	0.283111120301579065	0.0823318847982169199	0.0645121752911048034	0.418347224702989071	0.738717425039098601	0.0181991309721216822	0.0386256105859267337	0.0348275919430604367	0.925621604725783404	0.0433011931693667848	0.863402854449687243	0.0219424002313216073	0.300038207273844235	0.203796082005207766	0.241262903317238655	0.0695911794826900559	0.209035663040578305	0.589391184351279998	0.327593080447313242
T:	0.603718670961320909	0.110550414879267686	0.255659694787684471	0.272007182320660973	0.491807771655582094	0.476925181612836517	0.053753424883008587	0.0693235733563958449	0.084946293531929188	0.0225996402918886674	0.0146053839766071396	0.0249454193545490193	0.895473555952817814	0.0334517210462618869	0.170016601373183947	0.21960104034177875	0.203035721813571876	0.254780136713091069	0.348143442264148792	0.190368174648909607	0.100663103407052074	0.0722381164921292455



2	G.CACGTGC	0.451327768722938378


A:	0.302713025081346957	0.0722381164921292455	0.100663103407052074	0.190368174648909607	0.348143442264148792	0.254780136713091069	0.203035721813571876	0.21960104034177875	0.170016601373183947	0.296797846769766276	0.649852991766604878	0.0496790875397880382	0.106457602678173797	0.0811766309231809063	0.169761222562836038	0.15191905664855003	0.053753424883008587	0.476925181612836517	0.491807771655582094	0.272007182320660973	0.255659694787684471	0.110550414879267686	0.603718670961320909
C:	0.250975649358687111	0.327593080447313242	0.589391184351279998	0.209035663040578305	0.0695911794826900559	0.241262903317238655	0.203796082005207766	0.300038207273844235	0.0219424002313216073	0.545746580444236585	0.0852979067035878156	0.605691820735193308	0.130812837528277347	0.0547492773565637704	0.0626532721272117843	0.543141535335904266	0.418347224702989071	0.0645121752911048034	0.0823318847982169199	0.283111120301579065	0.0724761676051323025	0.469737954167356905	0.204858037769650058
G:	0.0957715579667734236	0.203907443881081668	0.121928311711580805	0.111494256040069804	0.243713416156619497	0.100908066618058315	0.248447591774872536	0.373264555541889426	0.738717425039098601	0.105627386745417813	0.200499992225903212	0.265263719521279608	0.688271189878959548	0.245298097963915311	0.599360277231064797	0.149826335857144148	0.164169593087035254	0.369265847478920146	0.288674844395390381	0.0325763756038991128	0.584311758824390903	0.313700561224823868	0.148005051347469866
T:	0.350539767593192509	0.396261359179475844	0.188017400530087123	0.489101906270442285	0.338551962096541655	0.403048893351611961	0.344720604406347822	0.107096196842487589	0.0693235733563958449	0.0518281860405793257	0.0643491093039040951	0.0793653722037390461	0.0744583699145893078	0.618775993756340013	0.168225228078887381	0.155113072158401557	0.363729757326967087	0.0892967956171385336	0.137185499150810606	0.412305321773860849	0.0875523787827923239	0.106011069728551541	0.0434182399215591673



3	CACGTGCC	0.433979696788327106


A:	0.100663103407052074	0.190368174648909607	0.348143442264148792	0.254780136713091069	0.203035721813571876	0.21960104034177875	0.170016601373183947	0.0820849165853566733	0.759254462681615595	0.0565003181163749479	0.0422680739895565258	0.0412865965547390984	0.0347958329387907615	0.0929527395193671997	0.053753424883008587	0.476925181612836517	0.491807771655582094	0.272007182320660973	0.255659694787684471	0.110550414879267686	0.603718670961320909	0.294287276678432155
C:	0.589391184351279998	0.209035663040578305	0.0695911794826900559	0.241262903317238655	0.203796082005207766	0.300038207273844235	0.0219424002313216073	0.764965419145730323	0.0851106020025311779	0.750745346660675453	0.120165539745312602	0.0609418944201267863	0.0812426465961723064	0.637647763049749897	0.418347224702989071	0.0645121752911048034	0.0823318847982169199	0.283111120301579065	0.0724761676051323025	0.469737954167356905	0.204858037769650058	0.0786133579712142148
G:	0.121928311711580805	0.111494256040069804	0.243713416156619497	0.100908066618058315	0.248447591774872536	0.373264555541889426	0.738717425039098601	0.0237584268050266945	0.0428607419912294859	0.0255046362528054572	0.767105175187310717	0.0859583341049479674	0.759228142858742429	0.0740709244340570449	0.164169593087035254	0.369265847478920146	0.288674844395390381	0.0325763756038991128	0.584311758824390903	0.313700561224823868	0.148005051347469866	0.204040871079847597
T:	0.188017400530087123	0.489101906270442285	0.338551962096541655	0.403048893351611961	0.344720604406347822	0.107096196842487589	0.0693235733563958449	0.12919123746388631	0.112774193324623741	0.167249698970144142	0.0704612110778201557	0.811813174920186148	0.124733377606294503	0.195328572996825859	0.363729757326967087	0.0892967956171385336	0.137185499150810606	0.412305321773860849	0.0875523787827923239	0.106011069728551541	0.0434182399215591673	0.423058494270506033



4	CACGTGC..A	0.428720921618017484


A:	0.100663103407052074	0.190368174648909607	0.348143442264148792	0.254780136713091069	0.203035721813571876	0.21960104034177875	0.170016601373183947	0.0555878671011299772	0.822617852972033198	0.0428832471882905912	0.0598643446395438974	0.0804945363639356941	0.066460961738569841	0.0462827165366633726	0.053753424883008587	0.476925181612836517	0.491807771655582094	0.272007182320660973	0.255659694787684471	0.110550414879267686	0.603718670961320909	0.294287276678432155	0.0803346149776327575
C:	0.589391184351279998	0.209035663040578305	0.0695911794826900559	0.241262903317238655	0.203796082005207766	0.300038207273844235	0.0219424002313216073	0.853097478900135586	0.0239810864206111119	0.845326542229036406	0.0345269910370757926	0.0245178020832711918	0.220895255609160118	0.743492050928791447	0.418347224702989071	0.0645121752911048034	0.0823318847982169199	0.283111120301579065	0.0724761676051323025	0.469737954167356905	0.204858037769650058	0.0786133579712142148	0.42685252221327304
G:	0.121928311711580805	0.111494256040069804	0.243713416156619497	0.100908066618058315	0.248447591774872536	0.373264555541889426	0.738717425039098601	0.0699005829712326755	0.0154531779882455629	0.0434117621019958915	0.886611173384407739	0.084830032872593641	0.678851904392564797	0.0562150789451583733	0.164169593087035254	0.369265847478920146	0.288674844395390381	0.0325763756038991128	0.584311758824390903	0.313700561224823868	0.148005051347469866	0.204040871079847597	0.0303427069806027751
T:	0.188017400530087123	0.489101906270442285	0.338551962096541655	0.403048893351611961	0.344720604406347822	0.107096196842487589	0.0693235733563958449	0.0214140710275017611	0.137947882619110127	0.0683784484806771116	0.0189974909389725714	0.810157628680199473	0.0337918782597052431	0.154010153589386807	0.363729757326967087	0.0892967956171385336	0.137185499150810606	0.412305321773860849	0.0875523787827923239	0.106011069728551541	0.0434182399215591673	0.423058494270506033	0.462470155828491427



5	C.GCACGTG	0.426025511212091277


A:	0.462470155828491427	0.423058494270506033	0.0434182399215591672	0.106011069728551541	0.0875523787827923239	0.412305321773860849	0.137185499150810606	0.0892967956171385336	0.363729757326967087	0.203717545998115412	0.0676003395401962085	0.668080997922148362	0.0401025940149648041	0.0631027315847448413	0.072497290705070128	0.129213918164397572	0.0693235733563958449	0.107096196842487589	0.344720604406347821	0.403048893351611961	0.338551962096541655	0.489101906270442285	0.188017400530087123
C:	0.0303427069806027751	0.204040871079847597	0.148005051347469866	0.313700561224823868	0.584311758824390903	0.0325763756038991128	0.288674844395390381	0.369265847478920146	0.164169593087035254	0.0440652496620137953	0.778358625822929045	0.236577999255586906	0.850926332182881469	0.0536705022378587236	0.0487126060732630535	0.102717154287047319	0.738717425039098601	0.373264555541889426	0.248447591774872536	0.100908066618058315	0.243713416156619497	0.111494256040069804	0.121928311711580805
G:	0.42685252221327304	0.0786133579712142148	0.204858037769650058	0.469737954167356905	0.0724761676051323025	0.283111120301579065	0.0823318847982169199	0.0645121752911048034	0.418347224702989071	0.681304617552535275	0.106126823617555858	0.0720352069673801462	0.0634869361044374922	0.803975448335009616	0.112138506200270836	0.677233019423335905	0.0219424002313216073	0.300038207273844235	0.203796082005207766	0.241262903317238655	0.0695911794826900559	0.209035663040578305	0.589391184351279998
T:	0.0803346149776327575	0.294287276678432155	0.603718670961320909	0.110550414879267686	0.255659694787684471	0.272007182320660973	0.491807771655582094	0.476925181612836517	0.053753424883008587	0.0709125867873355171	0.0479142110193188888	0.0233057958548845866	0.0454841376977162344	0.079251317842386819	0.766651597021395982	0.0908359081252192032	0.170016601373183947	0.21960104034177875	0.203035721813571876	0.254780136713091069	0.348143442264148792	0.190368174648909607	0.100663103407052074



