1	GCACGTGC	0.499713608532490618


A:	0.151555383344375733	0.311907156866670216	0.247649449896531715	0.32044224317389608	0.170715211922926978	0.168288398242189356	0.108858355093306129	0.0109982958497861421	0.00634775856438956186	0.981198482167650774	0.00167324031508256865	0.0174153021702971602	0.0020195934916871038	0.00298355405617699547	0.062105369452195172	0.058527728853976409	0.35879314946214494	0.158107325928226166	0.218801284803310284	0.286850764525231049	0.315447076846467784	0.669086300805316056
C:	0.0883463992803610512	0.149921754860131635	0.0788015337276139578	0.283112075318180619	0.0922890795953273412	0.225256614965614239	0.208203618751336411	0.00235023151349106281	0.988892619825012619	0.00105299132898486271	0.979698330648351307	0.00121312686626896454	0.0157289330116772594	0.00177606755442082382	0.924546103184527623	0.467844479742107967	0.17676399829004276	0.424715937585928055	0.15146218994801594	0.0707025131772897606	0.321281871823668636	0.122738661782513523
G:	0.47195946562568986	0.148115614712569477	0.0444251330891579982	0.232303573218095727	0.104537808337800089	0.454854356531808333	0.635395314713541152	0.924546103184527623	0.00177606755442082382	0.0157289330116772594	0.00121312686626896454	0.979698330648351307	0.00105299132898486271	0.988892619825012619	0.00235023151349106281	0.345597448603276034	0.255657180582129236	0.158895403489759032	0.144051763410036411	0.464732056928116858	0.223844536489059241	0.0851447460400091371
T:	0.288138751749573356	0.390055473560628672	0.629123883286696329	0.164142108289827574	0.632457900143945591	0.151600630260388071	0.0475427114418163089	0.062105369452195172	0.00298355405617699547	0.0020195934916871038	0.0174153021702971602	0.00167324031508256865	0.981198482167650774	0.00634775856438956186	0.0109982958497861421	0.12803034280063959	0.208785671665683065	0.258281332996086747	0.485684761838637365	0.177714665369362333	0.139426514840804338	0.123030291372161283



2	G.CACGTGC	0.499565367708796365


A:	0.185733294510742343	0.151555383344375733	0.311907156866670216	0.247649449896531715	0.32044224317389608	0.170715211922926978	0.168288398242189356	0.108858355093306129	0.0109982958497861421	0.0085420520512476655	0.992325471607266683	0.00133031359870443816	0.00819053859256884684	0.00275044555597515234	0.00404959773171680307	0.0751889729976296204	0.058527728853976409	0.35879314946214494	0.158107325928226166	0.218801284803310284	0.286850764525231049	0.315447076846467784	0.669086300805316056
C:	0.59600041665376909	0.0883463992803610512	0.149921754860131635	0.0788015337276139578	0.283112075318180619	0.0922890795953273412	0.225256614965614239	0.208203618751336411	0.00235023151349106281	0.98714408975415548	0.00133202268479484361	0.985240635699908972	0.00114995509572939896	0.00602826764974158814	0.000926024358904572792	0.899512160734067448	0.467844479742107967	0.17676399829004276	0.424715937585928055	0.15146218994801594	0.0707025131772897606	0.321281871823668636	0.122738661782513523
G:	0.0246917880358795111	0.47195946562568986	0.148115614712569477	0.0444251330891579982	0.232303573218095727	0.104537808337800089	0.454854356531808333	0.635395314713541152	0.924546103184527623	0.00251941119951139865	0.00230342571438251969	0.0011439261904447588	0.988853440741257591	0.00136601567928320541	0.990786497210571261	0.00999190114670354481	0.345597448603276034	0.255657180582129236	0.158895403489759032	0.144051763410036411	0.464732056928116858	0.223844536489059241	0.0851447460400091371
T:	0.193574500799609055	0.288138751749573356	0.390055473560628672	0.629123883286696329	0.164142108289827574	0.632457900143945591	0.151600630260388071	0.0475427114418163089	0.062105369452195172	0.00179444699508545624	0.00403907999355595361	0.0122851245109418314	0.00180606557044416305	0.989855271115000054	0.00423788069880736345	0.0153069651215993869	0.12803034280063959	0.208785671665683065	0.258281332996086747	0.485684761838637365	0.177714665369362333	0.139426514840804338	0.123030291372161283



3	G..CACGTGC	0.499447449004790833


A:	0.185733294510742343	0.151555383344375733	0.311907156866670216	0.247649449896531715	0.32044224317389608	0.170715211922926978	0.168288398242189356	0.108858355093306129	0.0109982958497861421	0.00433847805861689586	0.990505430942459226	0.00198679788835753463	0.00762482237535971696	0.00313036500301778708	0.00276613259210679274	0.0517483637933646776	0.058527728853976409	0.35879314946214494	0.158107325928226166	0.218801284803310284	0.286850764525231049	0.315447076846467784	0.669086300805316056
C:	0.59600041665376909	0.0883463992803610512	0.149921754860131635	0.0788015337276139578	0.283112075318180619	0.0922890795953273412	0.225256614965614239	0.208203618751336411	0.00235023151349106281	0.991364788014587248	0.00145904013085069443	0.987349686268445131	0.000786190159044677106	0.00343070895652075074	0.00256495146405986226	0.933394177223871244	0.467844479742107967	0.17676399829004276	0.424715937585928055	0.15146218994801594	0.0707025131772897606	0.321281871823668636	0.122738661782513523
G:	0.0246917880358795111	0.47195946562568986	0.148115614712569477	0.0444251330891579982	0.232303573218095727	0.104537808337800089	0.454854356531808333	0.635395314713541152	0.924546103184527623	0.00112228552842847403	0.00443977628965084948	0.000926767710300001456	0.989148839696033328	0.00166659764107565763	0.992609990810950469	0.00684120961367988286	0.345597448603276034	0.255657180582129236	0.158895403489759032	0.144051763410036411	0.464732056928116858	0.223844536489059241	0.0851447460400091371
T:	0.193574500799609055	0.288138751749573356	0.390055473560628672	0.629123883286696329	0.164142108289827574	0.632457900143945591	0.151600630260388071	0.0475427114418163089	0.062105369452195172	0.00317444839836738196	0.00359575263703923022	0.00973674813289733257	0.00244014776956227819	0.991772328399385805	0.00205892513288287602	0.00801624936908419606	0.12803034280063959	0.208785671665683065	0.258281332996086747	0.485684761838637365	0.177714665369362333	0.139426514840804338	0.123030291372161283



4	C.GCACGTG	0.499339375679146498


A:	0.568327354555822171	0.628790354195954708	0.123030291372161283	0.139426514840804338	0.177714665369362333	0.485684761838637365	0.258281332996086747	0.208785671665683065	0.12803034280063959	0.0130927272047536112	0.00327150570790767121	0.989739492426400971	0.0024308440801871357	0.0124492430729748272	0.00307955546009881696	0.00502606803667438345	0.062105369452195172	0.0475427114418163089	0.151600630260388071	0.632457900143945591	0.164142108289827574	0.629123883286696329	0.390055473560628672
C:	0.227654860603663315	0.178500813313170138	0.0851447460400091371	0.223844536489059241	0.464732056928116858	0.144051763410036411	0.158895403489759032	0.255657180582129236	0.345597448603276034	0.00393262508936903491	0.992117844013034238	0.00158458516882219047	0.986680195794668467	0.000637937839649930039	0.00280892133096496091	0.00132846785182531356	0.924546103184527623	0.635395314713541152	0.454854356531808333	0.104537808337800089	0.232303573218095727	0.0444251330891579982	0.148115614712569477
G:	0.159061687269136857	0.0641629523115500665	0.122738661782513523	0.321281871823668636	0.0707025131772897606	0.15146218994801594	0.424715937585928055	0.17676399829004276	0.467844479742107967	0.855840926721632715	0.00318529561853228174	0.00729547535341963221	0.000699458651774065615	0.985222551565490956	0.00209393046973890055	0.989805841423744547	0.00235023151349106281	0.208203618751336411	0.225256614965614239	0.0922890795953273412	0.283112075318180619	0.0788015337276139578	0.149921754860131635
T:	0.0449560975713776569	0.128545880179325088	0.669086300805316056	0.315447076846467784	0.286850764525231049	0.218801284803310284	0.158107325928226166	0.35879314946214494	0.058527728853976409	0.127133720984244639	0.0014253546605258091	0.00138044705135720609	0.0101895014733703319	0.00169026752188428706	0.992017592739197322	0.0038396226877557557	0.0109982958497861421	0.108858355093306129	0.168288398242189356	0.170715211922926978	0.32044224317389608	0.247649449896531715	0.311907156866670216



5	C..CACGTGC	0.499333234553267151


A:	0.185733294510742343	0.151555383344375733	0.311907156866670216	0.247649449896531715	0.32044224317389608	0.170715211922926978	0.168288398242189356	0.108858355093306129	0.0109982958497861421	0.00404280902633433012	0.991719795281203804	0.00190252431024637038	0.0106425680044512081	0.00255734264932916219	0.00789508324322326878	0.0805436316855169376	0.058527728853976409	0.35879314946214494	0.158107325928226166	0.218801284803310284	0.286850764525231049	0.315447076846467784	0.669086300805316056
C:	0.59600041665376909	0.0883463992803610512	0.149921754860131635	0.0788015337276139578	0.283112075318180619	0.0922890795953273412	0.225256614965614239	0.208203618751336411	0.00235023151349106281	0.988352494639846659	0.00281414176299670772	0.982970277490750677	0.00110193706280864116	0.00600896341429684779	0.00132949436417211853	0.903438305736642729	0.467844479742107967	0.17676399829004276	0.424715937585928055	0.15146218994801594	0.0707025131772897606	0.321281871823668636	0.122738661782513523
G:	0.0246917880358795111	0.47195946562568986	0.148115614712569477	0.0444251330891579982	0.232303573218095727	0.104537808337800089	0.454854356531808333	0.635395314713541152	0.924546103184527623	0.00221264562210697629	0.00377104914174272199	0.000593459673431373471	0.986624048758881321	0.00161676126452680998	0.987863954315861002	0.0051772093166314654	0.345597448603276034	0.255657180582129236	0.158895403489759032	0.144051763410036411	0.464732056928116858	0.223844536489059241	0.0851447460400091371
T:	0.193574500799609055	0.288138751749573356	0.390055473560628672	0.629123883286696329	0.164142108289827574	0.632457900143945591	0.151600630260388071	0.0475427114418163089	0.062105369452195172	0.00539205071171203422	0.00169501381405676655	0.0145337385255715788	0.00163144617385882991	0.98981693267184718	0.00291146807674361081	0.0108408532612088676	0.12803034280063959	0.208785671665683065	0.258281332996086747	0.485684761838637365	0.177714665369362333	0.139426514840804338	0.123030291372161283



