1	GCACGTGC	0.496568240173809994


A:	0.173667515570253956	0.12493494063817631	0.204080295496088544	0.645355393364805468	0.20188309478749963	0.338263603220107245	0.401502764414835435	0.0260851889245463835	0.00577374293550822375	0.978256442901806793	0.00544385145567000228	0.00758881468467738564	0.00248448951653489349	0.00385877529490906167	0.0328065896217791716	0.221866205153181235	0.287449471162154158	0.50403805552773873	0.275282324288182291	0.318523301667493418	0.0956805869801836468	0.305455899133832982
C:	0.220120133700634189	0.368757570993281316	0.25961715369285431	0.0554226982423198844	0.25802743652630391	0.254144521618800195	0.289286008150622555	0.0339147779866620714	0.985847511223443198	0.00391993629725459142	0.982005971528944522	0.00496136233070808974	0.0153391312844037224	0.00451997054613951654	0.907193443467012373	0.607965833711330434	0.257623991317351248	0.0586831956648766753	0.327605191115894366	0.204986367093176097	0.0818609314986592857	0.136350974362674817
G:	0.311630646091996172	0.319356763526656922	0.189542691795162613	0.0938079487305942656	0.125517481121445754	0.234732640814360917	0.190564357276096218	0.907193443467012373	0.00451997054613951654	0.0153391312844037224	0.00496136233070808974	0.982005971528944522	0.00391993629725459142	0.985847511223443198	0.0339147779866620714	0.110001863003757632	0.25955718632335094	0.138625949518720047	0.193577391471663928	0.236199230770338194	0.592027109917845002	0.198450766773326329
T:	0.294581704637115683	0.186950724841885451	0.346759859015894532	0.205413959662280382	0.414571987564750706	0.172859234346731644	0.118646870158445792	0.0328065896217791716	0.00385877529490906167	0.00248448951653489349	0.00758881468467738564	0.00544385145567000228	0.978256442901806793	0.00577374293550822375	0.0260851889245463835	0.0601660981317306993	0.195369351197143654	0.298652799288664547	0.203535093124259415	0.24029110046899229	0.230431371603312065	0.359742359730165872



2	G.CACGTGC	0.49248612963237352


A:	0.314504241882198417	0.359742359730165872	0.230431371603312065	0.24029110046899229	0.203535093124259415	0.298652799288664547	0.195369351197143654	0.0601660981317306993	0.0260851889245463835	0.0323530685013280156	0.959067686135381551	0.00660225795732718208	0.022368402827485262	0.0131516815851345289	0.0143173037079098938	0.0473217461946613505	0.118646870158445792	0.172859234346731644	0.414571987564750706	0.205413959662280382	0.346759859015894532	0.186950724841885451	0.294581704637115683
C:	0.246786062627059501	0.198450766773326329	0.592027109917845002	0.236199230770338194	0.193577391471663928	0.138625949518720047	0.25955718632335094	0.110001863003757632	0.0339147779866620714	0.92992277965621199	0.0150483731840931311	0.967898125265796319	0.00863927066528309656	0.0194409788476141381	0.00698263164556861245	0.848254625909356108	0.190564357276096218	0.234732640814360917	0.125517481121445754	0.0938079487305942656	0.189542691795162613	0.319356763526656922	0.311630646091996172
G:	0.140072695661448078	0.136350974362674817	0.0818609314986592857	0.204986367093176097	0.327605191115894366	0.0586831956648766753	0.257623991317351248	0.607965833711330434	0.907193443467012373	0.0179199391209306651	0.019798943433771301	0.0135045961447199675	0.961103663639828191	0.0148012050465853418	0.944438388472367167	0.0804419238551993054	0.289286008150622555	0.254144521618800195	0.25802743652630391	0.0554226982423198844	0.25961715369285431	0.368757570993281316	0.220120133700634189
T:	0.298636999829294004	0.305455899133832982	0.0956805869801836468	0.318523301667493418	0.275282324288182291	0.50403805552773873	0.287449471162154158	0.221866205153181235	0.0328065896217791716	0.0198042127215293293	0.00608499724675401705	0.0119950206321565318	0.00788866286740345092	0.952606134520665991	0.034261676174154327	0.0239817040407832358	0.401502764414835435	0.338263603220107245	0.20188309478749963	0.645355393364805468	0.204080295496088544	0.12493494063817631	0.173667515570253956



3	AGCACGTG	0.488457596562283908


A:	0.576172797233797187	0.173667515570253956	0.12493494063817631	0.204080295496088544	0.645355393364805468	0.20188309478749963	0.338263603220107245	0.401502764414835435	0.0340744644315398109	0.0283680621056650262	0.948267732364105159	0.0400315606605317923	0.0207176702375365909	0.0103552043351483364	0.0249148996920589204	0.0328065896217791716	0.221866205153181235	0.287449471162154158	0.50403805552773873	0.275282324288182291	0.318523301667493418	0.0956805869801836468
C:	0.109578048759161847	0.220120133700634189	0.368757570993281316	0.25961715369285431	0.0554226982423198844	0.25802743652630391	0.254144521618800195	0.289286008150622555	0.0524513731384565693	0.943441966858213171	0.0256164878814012819	0.926047070977152431	0.0182639313050639812	0.0473850464035768894	0.0173531423275741095	0.907193443467012373	0.607965833711330434	0.257623991317351248	0.0586831956648766753	0.327605191115894366	0.204986367093176097	0.0818609314986592857
G:	0.166032796173690695	0.311630646091996172	0.319356763526656922	0.189542691795162613	0.0938079487305942656	0.125517481121445754	0.234732640814360917	0.190564357276096218	0.890808619018798805	0.0110634812857634602	0.0151204026742824655	0.0190797401803110662	0.951973351924122031	0.0344652540632992608	0.943388190890281972	0.0339147779866620714	0.110001863003757632	0.25955718632335094	0.138625949518720047	0.193577391471663928	0.236199230770338194	0.592027109917845002
T:	0.148216357833350271	0.294581704637115683	0.186950724841885451	0.346759859015894532	0.205413959662280382	0.414571987564750706	0.172859234346731644	0.118646870158445792	0.0226655434112048151	0.0171264897503583427	0.0109953770802110939	0.0148416281820047102	0.00904504653327739659	0.907794495197975513	0.0143437670900849976	0.0260851889245463835	0.0601660981317306993	0.195369351197143654	0.298652799288664547	0.203535093124259415	0.24029110046899229	0.230431371603312065



4	A.GCACGTG	0.483120956191040648


A:	0.586939572210254539	0.576172797233797187	0.173667515570253956	0.12493494063817631	0.204080295496088544	0.645355393364805468	0.20188309478749963	0.338263603220107245	0.401502764414835435	0.0355071246429049733	0.0264869897104685697	0.955643678441713733	0.0244737696455571795	0.0450474056379816968	0.00912412184722600418	0.007248140679521041	0.0328065896217791716	0.221866205153181235	0.287449471162154158	0.50403805552773873	0.275282324288182291	0.318523301667493418	0.0956805869801836468
C:	0.216103255901859198	0.109578048759161847	0.220120133700634189	0.368757570993281316	0.25961715369285431	0.0554226982423198844	0.25802743652630391	0.254144521618800195	0.289286008150622555	0.142258823314290826	0.949992338549075038	0.00900024485274586523	0.940451242747957847	0.0116179129356280976	0.0243170766932766601	0.0231971669077030433	0.907193443467012373	0.607965833711330434	0.257623991317351248	0.0586831956648766753	0.327605191115894366	0.204986367093176097	0.0818609314986592857
G:	0.114179223549950081	0.166032796173690695	0.311630646091996172	0.319356763526656922	0.189542691795162613	0.0938079487305942656	0.125517481121445754	0.234732640814360917	0.190564357276096218	0.789072452687063364	0.00990716211276006369	0.0201007683205242053	0.0120256100771019205	0.930623362433436169	0.0158484573246380117	0.935198275519102464	0.0339147779866620714	0.110001863003757632	0.25955718632335094	0.138625949518720047	0.193577391471663928	0.236199230770338194	0.592027109917845002
T:	0.082777948337936182	0.148216357833350271	0.294581704637115683	0.186950724841885451	0.346759859015894532	0.205413959662280382	0.414571987564750706	0.172859234346731644	0.118646870158445792	0.0331615993557408361	0.0136135096276963288	0.0152553083850161967	0.0230493775293830529	0.0127113189929540367	0.950710344134859324	0.0343564168936734515	0.0260851889245463835	0.0601660981317306993	0.195369351197143654	0.298652799288664547	0.203535093124259415	0.24029110046899229	0.230431371603312065



5	CACGTGC.C	0.482477293989807718


A:	0.230431371603312065	0.24029110046899229	0.203535093124259415	0.298652799288664547	0.195369351197143654	0.0601660981317306993	0.0260851889245463835	0.0187948096486380878	0.86894707719087413	0.0126814152033652456	0.0333813064608141063	0.0204892792061658032	0.0714183307585696066	0.0532791597895216011	0.118646870158445792	0.172859234346731644	0.414571987564750706	0.205413959662280382	0.346759859015894532	0.186950724841885451	0.294581704637115683	0.148216357833350271	0.082777948337936182
C:	0.592027109917845002	0.236199230770338194	0.193577391471663928	0.138625949518720047	0.25955718632335094	0.110001863003757632	0.0339147779866620714	0.923462938789237012	0.0662286874187556274	0.922561912398307496	0.0487578050081517357	0.0473598906339111071	0.0217384243713353363	0.718928332327619772	0.190564357276096218	0.234732640814360917	0.125517481121445754	0.0938079487305942656	0.189542691795162613	0.319356763526656922	0.311630646091996172	0.166032796173690695	0.114179223549950081
G:	0.0818609314986592857	0.204986367093176097	0.327605191115894366	0.0586831956648766753	0.257623991317351248	0.607965833711330434	0.907193443467012373	0.0258181149174743407	0.0288887175359427483	0.0340769448457285406	0.909708996256763361	0.0281366042307909294	0.891606530439999787	0.167107429781570283	0.289286008150622555	0.254144521618800195	0.25802743652630391	0.0554226982423198844	0.25961715369285431	0.368757570993281316	0.220120133700634189	0.109578048759161847	0.216103255901859198
T:	0.0956805869801836468	0.318523301667493418	0.275282324288182291	0.50403805552773873	0.287449471162154158	0.221866205153181235	0.0328065896217791716	0.0319241366446505595	0.0359355178544274946	0.0306797275525987174	0.00815189227427079681	0.90401422592913216	0.0152367144300952703	0.0606850781012883446	0.401502764414835435	0.338263603220107245	0.20188309478749963	0.645355393364805468	0.204080295496088544	0.12493494063817631	0.173667515570253956	0.576172797233797187	0.586939572210254539



