1	CACGTGGG	0.499080110633674125


A:	0.276243171339495586	0.157826613802046589	0.108619999535898177	0.215359674668050714	0.141273434780066511	0.143703163924848146	0.00809609831349524592	0.00308061058469848577	0.989574737778791574	0.00197033157192844914	0.0197831091706349439	0.00217598373119455211	0.00152785429459303981	0.0118844494091684385	0.0926790277878368805	0.0758140256103008226	0.120305504454838916	0.600923741781273717	0.386827698836408294	0.147296831843773115	0.167025461599841596	0.235148874319622497
C:	0.197904469372563687	0.241679136912755976	0.147603952900323715	0.296649141555083576	0.492797870508185215	0.452910971947585651	0.330137130814873563	0.990833253391335177	0.000834653972073140618	0.987502020106721104	0.00100467064793816245	0.00404489675041091065	0.00252633098804593004	0.336393056340451448	0.115059071034041044	0.715702697890803782	0.619779745141817106	0.214461571138667434	0.299144584526536722	0.203786694953129925	0.528107353465830371	0.11332228357819775
G:	0.408670715697768474	0.123828021352772313	0.585074577481276823	0.312413696425170091	0.233083145325070283	0.329557687239753513	0.552182439997246632	0.00367483975847267456	0.00485587475506367923	0.0012677434929383174	0.977923683961093083	0.00275848309594736128	0.990689612472840557	0.648232414147520871	0.762473158259925259	0.0927839813774924192	0.122642274545495464	0.125048150155753451	0.177786117892170493	0.560140229540812963	0.144502980106335638	0.405137862694386195
T:	0.117181643590172253	0.476666227932425122	0.158701470082501284	0.175577487351695619	0.132845549386677991	0.0738281768878126899	0.109584330874384558	0.00241129626549366258	0.0047347334940716064	0.00925990482841212944	0.00128853622033381102	0.991020636422447176	0.00525620224452047333	0.00349008010285924286	0.0297887429181968173	0.115699295121402976	0.137272475857848514	0.059566536924305398	0.136241598744884491	0.0887762436622839965	0.160364204827992396	0.246390979407793559



2	CACGTGG.C	0.499015055987820397


A:	0.276243171339495586	0.157826613802046589	0.108619999535898177	0.215359674668050714	0.141273434780066511	0.143703163924848146	0.00809609831349524592	0.00886171095124926795	0.989571790462678822	0.00185088587031632698	0.02764577489268435	0.00407185526368632909	0.00465866727731605974	0.119754287236127875	0.0926790277878368805	0.0758140256103008226	0.120305504454838916	0.600923741781273717	0.386827698836408294	0.147296831843773115	0.167025461599841596	0.235148874319622497	0.201861923459874102
C:	0.197904469372563687	0.241679136912755976	0.147603952900323715	0.296649141555083576	0.492797870508185215	0.452910971947585651	0.330137130814873563	0.987390010386442839	0.00112652644762983125	0.987494082842049229	0.00106123714089815267	0.00318162855099799005	0.00169126115381407015	0.134994510542083612	0.115059071034041044	0.715702697890803782	0.619779745141817106	0.214461571138667434	0.299144584526536722	0.203786694953129925	0.528107353465830371	0.11332228357819775	0.316045129460087364
G:	0.408670715697768474	0.123828021352772313	0.585074577481276823	0.312413696425170091	0.233083145325070283	0.329557687239753513	0.552182439997246632	0.00137696794492967508	0.00635544957583288653	0.00133699455948150391	0.970335420056010292	0.00146526029468699204	0.991157899520792981	0.738386967846637495	0.762473158259925259	0.0927839813774924192	0.122642274545495464	0.125048150155753451	0.177786117892170493	0.560140229540812963	0.144502980106335638	0.405137862694386195	0.223222522993034548
T:	0.117181643590172253	0.476666227932425122	0.158701470082501284	0.175577487351695619	0.132845549386677991	0.0738281768878126899	0.109584330874384558	0.00237131071737821816	0.00294623351385846068	0.00931803672815294031	0.000957567910407204811	0.991281255890628689	0.00249217204807688882	0.00686423437515101799	0.0297887429181968173	0.115699295121402976	0.137272475857848514	0.059566536924305398	0.136241598744884491	0.0887762436622839965	0.160364204827992396	0.246390979407793559	0.258870424087003987



3	CACGTGCG	0.498894898009581666


A:	0.184710111579049633	0.381123968384624469	0.144101979113066694	0.138004000974471799	0.137383639740155012	0.158357425070655471	0.00325516815014989074	0.00643920972503155757	0.989524504457155818	0.00107722912220392768	0.00684327105556846678	0.00372281114974311819	0.00203328752515379167	0.0118844494091684385	0.0872978470891385242	0.194955183039262506	0.235570672593077484	0.0643188866389795217	0.295779552176619015	0.270016782899000207	0.650312957993630267	0.171769920314672022
C:	0.173347930606317728	0.106484576514655097	0.516523064827151991	0.356031047251305622	0.206482414515630589	0.34314826303606727	0.545134802119119249	0.988102077388681082	0.00230244292677337511	0.978501255190690538	0.00180970596729264574	0.00688055678255161595	0.00336390368585829865	0.336393056340451448	0.16330658221026113	0.19110708013076753	0.307481175524216379	0.394323620808333676	0.113822659681221436	0.521752741653627255	0.103426232123441668	0.227679615650126309
G:	0.317632313475762034	0.270644916671427108	0.269089994078966405	0.378852139363701005	0.577180488547006412	0.33893367015782892	0.33345342920208596	0.00321068980602223394	0.0040692764003031722	0.00297087456959135356	0.988798999769632408	0.00120748901817998795	0.990618802564780659	0.648232414147520871	0.65046283884312956	0.445904797593897984	0.204268692012835719	0.408912794306322291	0.243723980958138656	0.0550946567718087055	0.181037255969826609	0.385051288639453821
T:	0.324309644338870606	0.241746538429293327	0.0702849619808149103	0.127112812410521575	0.0789534571972079873	0.159560641735448339	0.1181566005286449	0.0022480230802651266	0.00410377621576763459	0.017450641117514181	0.00254802320750647904	0.988189143049525278	0.0039840062242072504	0.00349008010285924286	0.0989327318574707857	0.16803293923607198	0.252679459869870418	0.132444698246364511	0.346673807184020894	0.153135818675563833	0.0652235539131014565	0.215499175395747848



4	G..CACGTGC	0.498820812959944683


A:	0.183457659074006965	0.0457048747307287512	0.184710111579049633	0.381123968384624469	0.144101979113066694	0.138004000974471799	0.137383639740155012	0.158357425070655471	0.00325516815014989074	0.00673136965165902117	0.990575405927215746	0.000863887807696835981	0.0135269382252946705	0.00394434081829114034	0.00148446867831989327	0.163429354089568445	0.0872978470891385242	0.194955183039262506	0.235570672593077484	0.0643188866389795217	0.295779552176619015	0.270016782899000207	0.650312957993630267
C:	0.391738143907990255	0.0743431932745122778	0.173347930606317728	0.106484576514655097	0.516523064827151991	0.356031047251305622	0.206482414515630589	0.34314826303606727	0.545134802119119249	0.989578881536596875	0.00112765457350670672	0.98765566365628906	0.00100510201811551278	0.00728611661935733914	0.00420955222939941125	0.597372358589769337	0.16330658221026113	0.19110708013076753	0.307481175524216379	0.394323620808333676	0.113822659681221436	0.521752741653627255	0.103426232123441668
G:	0.118811175982044626	0.308528903914050203	0.317632313475762034	0.270644916671427108	0.269089994078966405	0.378852139363701005	0.577180488547006412	0.33893367015782892	0.33345342920208596	0.00285137143810606317	0.00260877202087173961	0.00264532386577446284	0.983788257147062595	0.000752342389406066144	0.991584768090559211	0.229193821294343369	0.65046283884312956	0.445904797593897984	0.204268692012835719	0.408912794306322291	0.243723980958138656	0.0550946567718087055	0.181037255969826609
T:	0.305993021035958154	0.571423028080708768	0.324309644338870606	0.241746538429293327	0.0702849619808149103	0.127112812410521575	0.0789534571972079873	0.159560641735448339	0.1181566005286449	0.000838377373638040179	0.0056881674784058073	0.00883512467023964097	0.00167970260952722161	0.988017200172945454	0.00272121100172148476	0.0100044660263188494	0.0989327318574707857	0.16803293923607198	0.252679459869870418	0.132444698246364511	0.346673807184020894	0.153135818675563833	0.0652235539131014565



5	C..CACGTGG	0.498745493159480417


A:	0.269452762377227116	0.125571717075775249	0.276243171339495586	0.157826613802046589	0.108619999535898177	0.215359674668050714	0.141273434780066511	0.143703163924848146	0.00809609831349524592	0.00426803110290054949	0.991772051818927441	0.00136076135644564378	0.0136017817365677028	0.00152922729286096185	0.00110280683580078088	0.065856096871182636	0.0926790277878368805	0.0758140256103008226	0.120305504454838916	0.600923741781273717	0.386827698836408294	0.147296831843773115	0.167025461599841596
C:	0.171655288376708714	0.287940554660765003	0.197904469372563687	0.241679136912755976	0.147603952900323715	0.296649141555083576	0.492797870508185215	0.452910971947585651	0.330137130814873563	0.991697641312989962	0.00142394958919842978	0.987001393022806615	0.000568842293301495072	0.00354068698784563373	0.00204607006777966088	0.278995246739747177	0.115059071034041044	0.715702697890803782	0.619779745141817106	0.214461571138667434	0.299144584526536722	0.203786694953129925	0.528107353465830371
G:	0.499494715103250731	0.492445953017588506	0.408670715697768474	0.123828021352772313	0.585074577481276823	0.312413696425170091	0.233083145325070283	0.329557687239753513	0.552182439997246632	0.00260858238062838782	0.00281466876355597501	0.00124513986431946285	0.983729825748361016	0.00340242612772203146	0.989657078368592055	0.648850098157464283	0.762473158259925259	0.0927839813774924192	0.122642274545495464	0.125048150155753451	0.177786117892170493	0.560140229540812963	0.144502980106335638
T:	0.0593972341428134392	0.094041775245871242	0.117181643590172253	0.476666227932425122	0.158701470082501284	0.175577487351695619	0.132845549386677991	0.0738281768878126899	0.109584330874384558	0.0014257452034811011	0.00398932982831815435	0.0103927057564282788	0.00209955022176978588	0.991527659591571373	0.00719404472782750326	0.00629855823160590449	0.0297887429181968173	0.115699295121402976	0.137272475857848514	0.059566536924305398	0.136241598744884491	0.0887762436622839965	0.160364204827992396



