1	GCACGTGC	0.499913177217701925


A:	0.258431864238944458	0.338491379541540005	0.301217465738426032	0.209709166197066239	0.819720126587955724	0.265692668780971963	0.270730545970084397	0.0152942428091385867	0.0246684356713752024	0.937231957818487759	0.000636819254274172795	0.124359462546967534	0.00217846207239633721	0.0060160831234918693	0.0690096836517671502	0.371309588223322027	0.19681388646774497	0.22951698139239609	0.139396091896870165	0.172589905510223771	0.237046563685770195	0.180891879102546395
C:	0.277216646261766208	0.152631843363256437	0.277239408998290646	0.106548236802403332	0.159463245910231299	0.231371473362455868	0.291688733371186388	0.00959834951531632898	0.968856053220734455	0.000515955187248239059	0.874417533377259476	0.000586184821498817157	0.0600736249218676646	0.00045942798439847299	0.906097724023777934	0.210989168640591987	0.183402138964168869	0.160852886430714195	0.387582234194068131	0.189741142272055351	0.218908574794492126	0.2537243030163097
G:	0.185798952171936967	0.232951747633882357	0.179780349043952334	0.59521340567806819	0.00367467950497501273	0.225055431953050693	0.199181320474651851	0.906097724023777934	0.00045942798439847299	0.0600736249218676646	0.000586184821498817157	0.874417533377259476	0.000515955187248239059	0.968856053220734455	0.00959834951531632898	0.223582180257609032	0.147824875241614919	0.248006490383734302	0.139396091896870165	0.189750546593221968	0.425320907491928915	0.268922727250889509
T:	0.278552537327352367	0.275925029461321201	0.241762776219330989	0.0885291913224622394	0.0171419479968379647	0.277880425903521477	0.238399400184077363	0.0690096836517671502	0.0060160831234918693	0.00217846207239633721	0.124359462546967534	0.000636819254274172795	0.937231957818487759	0.0246684356713752024	0.0152942428091385867	0.194119062878476954	0.471959099326471242	0.361623641793155413	0.333625582012191539	0.44791840562449891	0.118723954027808764	0.296461090630254396



2	CACGTGC..A	0.499679057686899267


A:	0.16593668437391113	0.492136587134197655	0.958094714413817763	0.292890829907170743	0.282962688251856522	0.232409529164936882	0.0152942428091385867	0.00465648790648080096	0.992780635019793392	0.000846211399669166015	0.0277990422098911396	0.00325991204722423413	0.0055061560829270398	0.0657374165410854894	0.0724192460421352418	0.213278551856520301	0.62099925317209632	0.00726329318951336833	0.160568218593439058	0.436271961015734879	0.0926839131334539308	0.637091548818040211	0.120286245662649474
C:	0.0896393586602935908	0.236130494571954522	0.0207026227319948725	0.142838413500644227	0.107921546392873484	0.128288998482100847	0.00959834951531632898	0.990853750548054736	0.00152098391666122688	0.976351647492209077	0.000622245679991182311	0.00760665988839734355	0.00067566403827316654	0.912897304088153308	0.17997112699980948	0.191643641801924938	0.0634992355892987957	0.274508243340009897	0.268958679088975469	0.174021132137443974	0.36808333946652169	0.0766069821772561671	0.175456825336807843
G:	0.69041215267571075	0.221718119984489467	0.0163449769151571039	0.148210851805069496	0.563419322277812576	0.613718359882908651	0.906097724023777934	0.000641917316769568831	0.00265885808819816814	0.000624709492768152671	0.970914167015437741	0.000487130824148416166	0.991149279341316336	0.0143654988290348081	0.527798958741683134	0.301538208126456284	0.26690115361833478	0.0581624037890199078	0.1052291739528892	0.176277699257614909	0.277982162428223842	0.185628801882314645	0.570932458828584842
T:	0.0540118042900845288	0.0500147983093583562	0.00485768593903026079	0.416059904787115535	0.0456964430774574178	0.0255831124700536199	0.0690096836517671502	0.00384784422869489431	0.00303952297534721264	0.0221774316153536046	0.000664545094679936899	0.988646297240230006	0.00266890053748345756	0.00699978054172639434	0.219810668216372145	0.293539598215098476	0.0486003576202701049	0.660066059681456827	0.465243928364696273	0.213429207589206238	0.261250584971800537	0.100672667122388977	0.133324470171957841



3	C..GCACGTG	0.49941213072075064


A:	0.133324470171957841	0.100672667122388977	0.261250584971800537	0.213429207589206238	0.465243928364696273	0.660066059681456826	0.0486003576202701049	0.293539598215098476	0.219810668216372145	0.0152948291026872481	0.00304916579767392238	0.972094382414814976	0.000787363587362209886	0.0396548881688792478	0.00169234711049986564	0.00234425057736641217	0.0690096836517671502	0.0255831124700536199	0.0456964430774574178	0.416059904787115535	0.00485768593903026079	0.0500147983093583562	0.0540118042900845288
C:	0.570932458828584842	0.185628801882314645	0.277982162428223842	0.176277699257614909	0.1052291739528892	0.0581624037890199078	0.26690115361833478	0.301538208126456284	0.527798958741683134	0.0114513049531217433	0.991027718362543273	0.000685125999919847199	0.976375459395011395	0.000438035769123820622	0.0105187388959128207	0.000808344754113479402	0.906097724023777934	0.613718359882908651	0.563419322277812576	0.148210851805069496	0.0163449769151571039	0.221718119984489467	0.69041215267571075
G:	0.175456825336807843	0.0766069821772561671	0.36808333946652169	0.174021132137443974	0.268958679088975469	0.274508243340009897	0.0634992355892987957	0.191643641801924938	0.17997112699980948	0.887439272133128206	0.00077671090812314962	0.0262776782839550356	0.000774657366355029221	0.959146245531116958	0.000973245671644552822	0.988562271635851144	0.00959834951531632898	0.128288998482100847	0.107921546392873484	0.142838413500644227	0.0207026227319948725	0.236130494571954522	0.0896393586602935908
T:	0.120286245662649474	0.637091548818040211	0.0926839131334539308	0.436271961015734879	0.160568218593439058	0.00726329318951336833	0.62099925317209632	0.213278551856520301	0.0724192460421352418	0.0858145938110628023	0.00514640493165965532	0.000942813301310141627	0.0220625196512713661	0.000760830530879973667	0.986815668321942761	0.00828513303266896469	0.0152942428091385867	0.232409529164936882	0.282962688251856522	0.292890829907170743	0.958094714413817763	0.492136587134197655	0.16593668437391113



4	G.CACGTGC	0.499377967475639817


A:	0.0802328512326715464	0.128983358724230919	0.16593668437391113	0.492136587134197655	0.958094714413817763	0.292890829907170743	0.282962688251856522	0.232409529164936882	0.0152942428091385867	0.00387565710664018837	0.99294204287496875	0.000824763075705769748	0.0235481880752093133	0.0020349240799525919	0.00327682375371524218	0.0462977218823000984	0.0724192460421352418	0.213278551856520301	0.62099925317209632	0.00726329318951336833	0.160568218593439058	0.436271961015734879	0.0926839131334539308
C:	0.417039974749302818	0.389550786305822999	0.0896393586602935908	0.236130494571954522	0.0207026227319948725	0.142838413500644227	0.107921546392873484	0.128288998482100847	0.00959834951531632898	0.991315248927811408	0.00166658943655089012	0.971173786195854001	0.000491693353691568349	0.00639453753358209175	0.00049089091890435475	0.937156476328042027	0.17997112699980948	0.191643641801924938	0.0634992355892987957	0.274508243340009897	0.268958679088975469	0.174021132137443974	0.36808333946652169
G:	0.234384306050351371	0.277313806864155306	0.69041215267571075	0.221718119984489467	0.0163449769151571039	0.148210851805069496	0.563419322277812576	0.613718359882908651	0.906097724023777934	0.000678838396779699254	0.00202118106284087287	0.000477607110434281322	0.975067008751875473	0.000678059180617030589	0.989706162988367806	0.0106748869790158919	0.527798958741683134	0.301538208126456284	0.26690115361833478	0.0581624037890199078	0.1052291739528892	0.176277699257614909	0.277982162428223842
T:	0.268342867967674265	0.204152048105790776	0.0540118042900845288	0.0500147983093583562	0.00485768593903026079	0.416059904787115535	0.0456964430774574178	0.0255831124700536199	0.0690096836517671502	0.00413025556876870456	0.00337018662563948736	0.0275238436180059477	0.000893109819223644973	0.990892479205848286	0.00652612233901259665	0.00587091481064198271	0.219810668216372145	0.293539598215098476	0.0486003576202701049	0.660066059681456827	0.465243928364696273	0.213429207589206238	0.261250584971800537



5	G..CACGTGC	0.499315136476426799


A:	0.0802328512326715464	0.128983358724230919	0.16593668437391113	0.492136587134197655	0.958094714413817763	0.292890829907170743	0.282962688251856522	0.232409529164936882	0.0152942428091385867	0.00332181720549006021	0.991581556463646627	0.00078952280503119631	0.0155490428836062164	0.00164904811629435252	0.00255783318434577119	0.0296270895555360976	0.0724192460421352418	0.213278551856520301	0.62099925317209632	0.00726329318951336833	0.160568218593439058	0.436271961015734879	0.0926839131334539308
C:	0.417039974749302818	0.389550786305822999	0.0896393586602935908	0.236130494571954522	0.0207026227319948725	0.142838413500644227	0.107921546392873484	0.128288998482100847	0.00959834951531632898	0.991062411920213831	0.00162211794275328055	0.971940694478103044	0.000720153435316090905	0.0107185627198744798	0.000863783345338739305	0.961134273756740214	0.17997112699980948	0.191643641801924938	0.0634992355892987957	0.274508243340009897	0.268958679088975469	0.174021132137443974	0.36808333946652169
G:	0.234384306050351371	0.277313806864155306	0.69041215267571075	0.221718119984489467	0.0163449769151571039	0.148210851805069496	0.563419322277812576	0.613718359882908651	0.906097724023777934	0.000652880243610020317	0.00522477473499086378	0.00042432806567903298	0.982841591781728839	0.00068441560120869267	0.99125966503510495	0.00391297213696868231	0.527798958741683134	0.301538208126456284	0.26690115361833478	0.0581624037890199078	0.1052291739528892	0.176277699257614909	0.277982162428223842
T:	0.268342867967674265	0.204152048105790776	0.0540118042900845288	0.0500147983093583562	0.00485768593903026079	0.416059904787115535	0.0456964430774574178	0.0255831124700536199	0.0690096836517671502	0.00496289063068608822	0.00157155085860922876	0.0268454546511867271	0.000889211899348853593	0.986947973562622475	0.00531871843521053971	0.00532566455075500569	0.219810668216372145	0.293539598215098476	0.0486003576202701049	0.660066059681456827	0.465243928364696273	0.213429207589206238	0.261250584971800537



