1	GCACGTGC	0.499274145763381394


A:	0.255797247563466805	0.122174837442837793	0.0680086391542948682	0.238860236336949838	0.237305876214574503	0.160130406176526087	0.184756348551403743	0.0648198286367674281	0.00923738365596011548	0.98600274838255332	0.00143929457616867799	0.0139319649257204063	0.00166944189230277456	0.00193650301609340197	0.00257367365750591365	0.0458957211579972638	0.204405913145755263	0.208525174832524677	0.280712186996884611	0.573434028529420131	0.275580173612403352	0.421890259914819197
C:	0.2233514433008433	0.507051348648339989	0.152316599323279738	0.162874926718396758	0.0374348832434562728	0.213537328577415854	0.322900895881652386	0.00690752169549260283	0.986926053078384849	0.00189258205986110183	0.982872583508234129	0.00175615698987678705	0.0104352276652828041	0.00190006024956163331	0.925698976010234055	0.0766648378315451676	0.11169162112960138	0.218541516230633123	0.180552942593005598	0.0600240537648713617	0.349256179218880756	0.137840702535415199
G:	0.255797247563466805	0.172505684505039084	0.0557021914871900132	0.321964178696363721	0.0507641216476869696	0.165609099182063646	0.402763352299842551	0.925698976010234055	0.00190006024956163331	0.0104352276652828041	0.00175615698987678705	0.982872583508234129	0.00189258205986110183	0.986926053078384849	0.00690752169549260283	0.664068394955516101	0.584092878395841312	0.22466424050236209	0.0829487103108306686	0.168016018909371924	0.1534703094260758	0.1209246204211063
T:	0.26505406157222309	0.198268129403783134	0.72397257003523538	0.276300658248289683	0.674495118894282254	0.460723166063994413	0.0895794032671013203	0.00257367365750591365	0.00193650301609340197	0.00166944189230277456	0.0139319649257204063	0.00143929457616867799	0.98600274838255332	0.00923738365596011548	0.0648198286367674281	0.213371046054941468	0.0998095873288020443	0.348269068434480109	0.455786160099279122	0.198525898796336582	0.221693337742640092	0.319344417128659303



2	C.GCACGTG	0.499175763113701472


A:	0.588872319566294835	0.68050335474558532	0.319344417128659303	0.221693337742640092	0.198525898796336582	0.455786160099279122	0.348269068434480109	0.0998095873288020443	0.213371046054941468	0.0513059735326293541	0.00404374704325248129	0.989362103701614537	0.00170169653925281913	0.012250222015088168	0.00245783521009222209	0.00368438200381686953	0.00257367365750591365	0.0895794032671013203	0.460723166063994413	0.674495118894282254	0.276300658248289683	0.72397257003523538	0.198268129403783134
C:	0.0933540405761935128	0.226734098075621539	0.1209246204211063	0.1534703094260758	0.168016018909371924	0.0829487103108306686	0.22466424050236209	0.584092878395841312	0.664068394955516101	0.029494800589537118	0.990263951940910387	0.00365439634635780643	0.985612218968292985	0.00108657729622032209	0.00279231965054313735	0.00169614609019782472	0.925698976010234055	0.402763352299842551	0.165609099182063646	0.0507641216476869696	0.321964178696363721	0.0557021914871900132	0.172505684505039084
G:	0.217068226912706303	0.0349420088095657417	0.137840702535415199	0.349256179218880756	0.0600240537648713617	0.180552942593005598	0.218541516230633123	0.11169162112960138	0.0766648378315451676	0.915700721666518895	0.0041779115196117857	0.00539555120345539361	0.00126506080427852201	0.984484768930907829	0.00516080809307838769	0.987903335539459287	0.00690752169549260283	0.322900895881652386	0.213537328577415854	0.0374348832434562728	0.162874926718396758	0.152316599323279738	0.507051348648339989
T:	0.100705412944805349	0.0578205383692273992	0.421890259914819197	0.275580173612403352	0.573434028529420131	0.280712186996884611	0.208525174832524677	0.204405913145755263	0.0458957211579972638	0.00349850421131463286	0.00151438949622534624	0.00158794874857226291	0.0114210236881756744	0.00217843175778368115	0.989589037046286253	0.00671613636652601878	0.0648198286367674281	0.184756348551403743	0.160130406176526087	0.237305876214574503	0.238860236336949838	0.0680086391542948682	0.122174837442837793



3	CACGTGCG	0.498752901664444115


A:	0.122174837442837793	0.0680086391542948682	0.238860236336949838	0.237305876214574503	0.160130406176526087	0.184756348551403743	0.0648198286367674281	0.0115689945700921669	0.992657917100079984	0.00090279348042780972	0.00780062848008739581	0.00498087483026146352	0.00127455504430411593	0.00176518577659403405	0.0458957211579972638	0.204405913145755263	0.208525174832524677	0.280712186996884611	0.573434028529420131	0.275580173612403352	0.421890259914819197	0.0578205383692273992
C:	0.507051348648339989	0.152316599323279738	0.162874926718396758	0.0374348832434562728	0.213537328577415854	0.322900895881652386	0.00690752169549260283	0.985601536294744515	0.00270530764621919239	0.983368438291531612	0.00247715908346752262	0.00242192839033852625	0.00160664052168699461	0.942743767507892386	0.0766648378315451676	0.11169162112960138	0.218541516230633123	0.180552942593005598	0.0600240537648713617	0.349256179218880756	0.137840702535415199	0.0349420088095657417
G:	0.172505684505039084	0.0557021914871900132	0.321964178696363721	0.0507641216476869696	0.165609099182063646	0.402763352299842551	0.925698976010234055	0.00185912716793479076	0.00292333268394284648	0.00118368317067183207	0.989017321718326691	0.00113833207391328949	0.991035403012688915	0.0273276931337055082	0.664068394955516101	0.584092878395841312	0.22466424050236209	0.0829487103108306686	0.168016018909371924	0.1534703094260758	0.1209246204211063	0.226734098075621539
T:	0.198268129403783134	0.72397257003523538	0.276300658248289683	0.674495118894282254	0.460723166063994413	0.0895794032671013203	0.00257367365750591365	0.000970341967228527163	0.00171344256975797729	0.0145450850573687467	0.000704890718118390188	0.991458864705486721	0.00608340142131997445	0.028163353581808072	0.213371046054941468	0.0998095873288020443	0.348269068434480109	0.455786160099279122	0.198525898796336582	0.221693337742640092	0.319344417128659303	0.68050335474558532



4	A..GCACGTG	0.498617079073442979


A:	0.588872319566294835	0.68050335474558532	0.319344417128659303	0.221693337742640092	0.198525898796336582	0.455786160099279122	0.348269068434480109	0.0998095873288020443	0.213371046054941468	0.0762931362372562355	0.00549803993675648357	0.987973724695466628	0.00364040668543413862	0.00994129525676148571	0.00517239117063227352	0.00401737977969205543	0.00257367365750591365	0.0895794032671013203	0.460723166063994413	0.674495118894282254	0.276300658248289683	0.72397257003523538	0.198268129403783134
C:	0.0933540405761935128	0.226734098075621539	0.1209246204211063	0.1534703094260758	0.168016018909371924	0.0829487103108306686	0.22466424050236209	0.584092878395841312	0.664068394955516101	0.0329857709114337672	0.98941362179291257	0.00192801308904885961	0.987780711868034879	0.00139368664026510247	0.00272884919453128518	0.00190596726605626937	0.925698976010234055	0.402763352299842551	0.165609099182063646	0.0507641216476869696	0.321964178696363721	0.0557021914871900132	0.172505684505039084
G:	0.217068226912706303	0.0349420088095657417	0.137840702535415199	0.349256179218880756	0.0600240537648713617	0.180552942593005598	0.218541516230633123	0.11169162112960138	0.0766648378315451676	0.882477942301405119	0.00194685644493397782	0.00373998960070153642	0.00166596138412374599	0.986513476624450601	0.00274338714365356256	0.990033121412351343	0.00690752169549260283	0.322900895881652386	0.213537328577415854	0.0374348832434562728	0.162874926718396758	0.152316599323279738	0.507051348648339989
T:	0.100705412944805349	0.0578205383692273992	0.421890259914819197	0.275580173612403352	0.573434028529420131	0.280712186996884611	0.208525174832524677	0.204405913145755263	0.0458957211579972638	0.00824315054990487845	0.00314148182539696877	0.00635827261478297592	0.00691292006240723617	0.00215154147852281059	0.989355372491182879	0.00404353154190033243	0.0648198286367674281	0.184756348551403743	0.160130406176526087	0.237305876214574503	0.238860236336949838	0.0680086391542948682	0.122174837442837793



5	C..CACGTGC	0.498533733392601373


A:	0.173190607401886744	0.255797247563466805	0.122174837442837793	0.0680086391542948682	0.238860236336949838	0.237305876214574503	0.160130406176526087	0.184756348551403743	0.0648198286367674281	0.00721828825471675987	0.992328911121578674	0.000985236485863815207	0.00657589509652123025	0.0047665002507877242	0.00261799528841708712	0.0221552127042273733	0.0458957211579972638	0.204405913145755263	0.208525174832524677	0.280712186996884611	0.573434028529420131	0.275580173612403352	0.421890259914819197
C:	0.487081431690021276	0.2233514433008433	0.507051348648339989	0.152316599323279738	0.162874926718396758	0.0374348832434562728	0.213537328577415854	0.322900895881652386	0.00690752169549260283	0.988795649946164698	0.00404455455993963086	0.983593205523076208	0.000745316680989469599	0.00300193820386230662	0.00100041285238511473	0.814479523807588935	0.0766648378315451676	0.11169162112960138	0.218541516230633123	0.180552942593005598	0.0600240537648713617	0.349256179218880756	0.137840702535415199
G:	0.0678919131973021996	0.255797247563466805	0.172505684505039084	0.0557021914871900132	0.321964178696363721	0.0507641216476869696	0.165609099182063646	0.402763352299842551	0.925698976010234055	0.00129875609821722386	0.00202153394925359732	0.00141446123064967242	0.989888902236577622	0.00135679439560211075	0.991265293551412388	0.0364422309537571887	0.664068394955516101	0.584092878395841312	0.22466424050236209	0.0829487103108306686	0.168016018909371924	0.1534703094260758	0.1209246204211063
T:	0.27183604771078978	0.26505406157222309	0.198268129403783134	0.72397257003523538	0.276300658248289683	0.674495118894282254	0.460723166063994413	0.0895794032671013203	0.00257367365750591365	0.00268730570090131788	0.00160500036922809732	0.0140070967604103048	0.00278988598591167799	0.990874767149747858	0.00511629830778540976	0.126923032534426503	0.213371046054941468	0.0998095873288020443	0.348269068434480109	0.455786160099279122	0.198525898796336582	0.221693337742640092	0.319344417128659303



