1	CCACGTG.C	0.499222106978811676


A:	0.101539649411669021	0.486785120904659619	0.126760437708720146	0.487880449911682064	0.147218649960261615	0.100332620109891963	0.151572793139774935	0.0232799830460261585	0.00470471021651072387	0.990485598540975345	0.00191801469723551992	0.00995870253121974758	0.00232486058745390405	0.00252292678826852403	0.165167211229040826	0.0583323808788698529	0.223144643599107813	0.332986711760071026	0.314144906922409551	0.191807479578266741	0.219919708114244778	0.303657283759049504	0.0527955280611184397
C:	0.116060430038340945	0.171414576240335721	0.132153590869491474	0.207818423044981699	0.0998000237359987473	0.0658059459671850489	0.235055292514630745	0.638609936575013304	0.991327351876443333	0.001067579556452902	0.971133675220971615	0.0018523967488345362	0.0106624068102458301	0.00255336547264025986	0.170235064607805487	0.713048392536023025	0.579408825707259767	0.379540791807629735	0.0849011727944815199	0.221771228176743044	0.372820389224872418	0.18813839262979938	0.114369816357485645
G:	0.371879488969616075	0.253211041068746846	0.279655057769157685	0.134082054127776964	0.404550721626119299	0.414605268906977882	0.565445619279583386	0.274249086721459207	0.00198997980004898155	0.005030108257890395	0.000671618675705211974	0.986953087718037285	0.000730790256667381948	0.990044346392962507	0.632921824867906561	0.113161944248695851	0.0498796948084082833	0.0952195237408516977	0.0714543242718283566	0.317014716426377351	0.0850830156798425962	0.123455750593789614	0.62241294924601435
T:	0.41052043158037396	0.0885892617862578141	0.461430913652630694	0.170219072915559274	0.348430604677620339	0.419256165015945106	0.0479262950660109339	0.0638609936575013304	0.00197795810699696142	0.00341671364468135807	0.026276691406087653	0.00123581300190843152	0.986281942345632884	0.00487936134612870951	0.0316758992952471267	0.115457282336411271	0.147566835885224137	0.192252972691447542	0.529499596011280573	0.269406575818612865	0.322176886981040208	0.384748573017361502	0.210421706335381565



2	CACGTGGC	0.499099269245855912


A:	0.486785120904659619	0.126760437708720146	0.487880449911682064	0.147218649960261615	0.100332620109891963	0.151572793139774935	0.0232799830460261585	0.00772447140652814631	0.989476085767220397	0.00199762772812592677	0.0271765779755270884	0.00343372732360275113	0.00162155095364232136	0.165167211229040826	0.0375221616033978541	0.223144643599107813	0.332986711760071026	0.314144906922409551	0.191807479578266741	0.219919708114244778	0.303657283759049504	0.0527955280611184397
C:	0.171414576240335721	0.132153590869491474	0.207818423044981699	0.0998000237359987473	0.0658059459671850489	0.235055292514630745	0.638609936575013304	0.988198996737077698	0.00122595522608578215	0.984492943727775089	0.0010367018652525721	0.0038125921540806962	0.006605878779683328	0.170235064607805487	0.45795186931456248	0.579408825707259767	0.379540791807629735	0.0849011727944815199	0.221771228176743044	0.372820389224872418	0.18813839262979938	0.114369816357485645
G:	0.253211041068746846	0.279655057769157685	0.134082054127776964	0.404550721626119299	0.414605268906977882	0.565445619279583386	0.274249086721459207	0.0023426184074682624	0.00426435842191698108	0.0014366741115704738	0.970337801765341489	0.00140241618578029896	0.987955312740089622	0.632921824867906561	0.467235809073665956	0.0498796948084082833	0.0952195237408516977	0.0714543242718283566	0.317014716426377351	0.0850830156798425962	0.123455750593789614	0.62241294924601435
T:	0.0885892617862578141	0.461430913652630694	0.170219072915559274	0.348430604677620339	0.419256165015945106	0.0479262950660109339	0.0638609936575013304	0.00173391344892589329	0.00503360058477684005	0.0120727544325285104	0.00144891839387885021	0.991351264336536254	0.00381725752658472851	0.0316758992952471267	0.0372901600083737098	0.147566835885224137	0.192252972691447542	0.529499596011280573	0.269406575818612865	0.322176886981040208	0.384748573017361502	0.210421706335381565



3	G.CACGTGC	0.499038540689155595


A:	0.168685212170393753	0.428224328332486395	0.282664102725534451	0.165101719375444907	0.287334430648874975	0.280564959762091465	0.136110073460430488	0.0960109347207506471	0.0541375398020006262	0.00632267721938690665	0.991330122352641118	0.000977820508057381276	0.01966637020587813	0.00266054849881005858	0.00177555009457030157	0.0638609936575013304	0.0800758247688530824	0.266029599739177131	0.266102527498082196	0.255978185101995094	0.380395768831303542	0.271937361704136585	0.641180588149138722
C:	0.360066926665929238	0.07658649795969441	0.408919357529228532	0.190643700148393386	0.164709068796096877	0.157492087562383866	0.208427588337198872	0.100090529547553274	0.198374122975721306	0.987879713529743236	0.00191633861933634452	0.983858662589380385	0.00193706976674632363	0.00768241025926541338	0.00189218897955711738	0.274249086721459207	0.280957437208296988	0.2902438217738611	0.426199794689415518	0.061254028162019696	0.227567147792431876	0.214835720313831419	0.142276840278921627
G:	0.258701314083248532	0.240438865544871962	0.0571293447944692148	0.214070621604410883	0.12781228063955689	0.209926779147310991	0.383323630773110277	0.612053979487713862	0.719540948933041785	0.00358796650029707313	0.00487136510594496409	0.00263291572480028642	0.977690263016795979	0.00157521413807456898	0.986437949827842337	0.638609936575013304	0.439175880602148304	0.144830722418076562	0.197127312824682934	0.295748532002811373	0.241082822139666225	0.0732699701859871762	0.0850363870382190596
T:	0.212546547080428477	0.254750308162947233	0.251287194950767802	0.430183958871750824	0.420144219915471258	0.352016173528213678	0.272138707429260362	0.191844556243982216	0.0279473882892362833	0.00220964275057278387	0.00188217392207757353	0.0125306011777619473	0.000706297010579567657	0.988081827103849959	0.00989431109803024405	0.0232799830460261585	0.199790857420701625	0.298895856068885207	0.110570364987819352	0.387019254733173838	0.150954261236598357	0.43995694779604482	0.131506184533720591



4	A..CCACGTG	0.499031955351410085


A:	0.322090586195467526	0.43545521326444541	0.41160982149260264	0.434217873545529108	0.178200515584964742	0.292823167853108585	0.428273446816199181	0.173772832403733425	0.0372901600083737098	0.0274451263086184335	0.00300812053280228721	0.990509157628093731	0.00174873391273459263	0.00899735666611340638	0.00265943894247055237	0.00186651357428202564	0.137933664397403424	0.0583323808788698529	0.392058962552872461	0.222321538847921074	0.41963928536042993	0.249035099014275653	0.402534449325723337
C:	0.229095388220937734	0.483636271317369682	0.0879198952606628834	0.338872041100134163	0.330012373667363677	0.141563900242864322	0.12960622393544569	0.0903438739326837699	0.467235809073665956	0.737369432830435915	0.98952585626684358	0.00221473036818173166	0.966932005195228181	0.00165983438657802023	0.0155116826299199619	0.00437084523598779273	0.194691298867916697	0.713048392536023025	0.408029397181405404	0.166944335385595339	0.16203564557240078	0.0905300971052808775	0.260306857057677451
G:	0.188047030688229459	0.0412933208792796005	0.231440841696203866	0.117802397603737888	0.140017943559401636	0.429140825632684509	0.275239068548926778	0.617661443046636364	0.45795186931456248	0.195629607012251179	0.0042641821605770221	0.00253823242062555818	0.0010207102032624476	0.987929182191860733	0.00107338625943043023	0.990287826964471619	0.629926275904486845	0.113161944248695851	0.0639983311035276803	0.0667920310559018545	0.25250182892175258	0.357865747911864886	0.0792967523303054027
T:	0.260766994895365281	0.0396151945389053077	0.26902944155053061	0.109107687750598841	0.351769167188269944	0.136472106271342584	0.166881260699428351	0.118221850616946441	0.0375221616033978541	0.0395558338486944725	0.00320184103977711065	0.0047378795830989791	0.0302985506887747788	0.0014136267554478403	0.980755492168179055	0.00347481422525856234	0.0374487608301930346	0.115457282336411271	0.135913309162194454	0.543942094710581732	0.16582324014541671	0.302569055968578584	0.25786194128629381



5	CCACGTG..A	0.498904158640786289


A:	0.41160982149260264	0.434217873545529108	0.178200515584964742	0.292823167853108585	0.428273446816199181	0.173772832403733425	0.0372901600083737098	0.0248398597920773206	0.00390889565377097394	0.992785754155935154	0.00229851807546380221	0.0207599067624343598	0.0021362078239170441	0.00391271303645127055	0.137933664397403424	0.0583323808788698529	0.392058962552872461	0.222321538847921074	0.41963928536042993	0.249035099014275653	0.402534449325723337	0.583048755657670309	0.114621736266025375
C:	0.0879198952606628834	0.338872041100134163	0.330012373667363677	0.141563900242864322	0.12960622393544569	0.0903438739326837699	0.467235809073665956	0.653825177153119879	0.990689654878309278	0.00239695936359864529	0.982126520150497009	0.0010010278212574313	0.00891643417174225996	0.00490962610665285646	0.194691298867916697	0.713048392536023025	0.408029397181405404	0.166944335385595339	0.16203564557240078	0.0905300971052808775	0.260306857057677451	0.177295354222392111	0.13877708821229142
G:	0.231440841696203866	0.117802397603737888	0.140017943559401636	0.429140825632684509	0.275239068548926778	0.617661443046636364	0.45795186931456248	0.294179256936130533	0.00431129031781799987	0.00164562382351987197	0.00106981001047075862	0.977457175452719653	0.00111825839039457494	0.986446967414875689	0.629926275904486845	0.113161944248695851	0.0639983311035276803	0.0667920310559018545	0.25250182892175258	0.357865747911864886	0.0792967523303054027	0.153049494786032489	0.240063576113586216
T:	0.26902944155053061	0.109107687750598841	0.351769167188269944	0.136472106271342584	0.166881260699428351	0.118221850616946441	0.0375221616033978541	0.027155706118672267	0.00109015915010174863	0.00317166265694632863	0.0145051517635684301	0.000781889963588555949	0.987829099613946121	0.00473069344202018428	0.0374487608301930346	0.115457282336411271	0.135913309162194454	0.543942094710581732	0.16582324014541671	0.302569055968578584	0.25786194128629381	0.086606395333905091	0.506537599408096989



