1	GCACGTGC	0.497624925933241161


A:	0.228548664735284338	0.369060953222591744	0.231870321374494314	0.199414034624680704	0.330235044386492692	0.278094454673477924	0.0938882227637943863	0.0185931590922748086	0.0022436519712689303	0.988571038963376941	0.00227101262851320939	0.00850648925885517871	0.00201849521654711897	0.00856587048699896522	0.00686203221267907141	0.0937226385921796742	0.160849744262096398	0.435481217205489589	0.238664313980867874	0.457001705863053225	0.125510232733596229	0.506193554359136607
C:	0.257425058124147652	0.371239083763239482	0.133849614688670667	0.164976030943662285	0.0755112632219900691	0.181604829555041884	0.228114707493739133	0.0230465027465077421	0.98733855781436189	0.00336494390726403873	0.987389830557665491	0.00183266755496612052	0.00604552191281190134	0.0018519197273702149	0.951498305948538378	0.12282632049930721	0.106302942200356824	0.125816418621675001	0.304590464074685769	0.169510158338469247	0.309843059920531052	0.162819815886111481
G:	0.285087836593031158	0.146283587343123674	0.0708918601203724021	0.479692696054572739	0.0745891462999016464	0.172345568581801581	0.511800676978484552	0.951498305948538378	0.0018519197273702149	0.00604552191281190134	0.00183266755496612052	0.987389830557665491	0.00336494390726403873	0.98733855781436189	0.0230465027465077421	0.26697561569062558	0.366677897612175916	0.173103729370198179	0.0700196672346972931	0.166303283850596436	0.208189183401135692	0.201309431345678446
T:	0.228938440547536852	0.1134163756710451	0.563388203816462617	0.155917238377084271	0.519664546091615592	0.367955147189678611	0.166196392763981929	0.00686203221267907141	0.00856587048699896522	0.00201849521654711897	0.00850648925885517871	0.00227101262851320939	0.988571038963376941	0.0022436519712689303	0.0185931590922748086	0.516475425217887536	0.366169415925370862	0.26559863480263723	0.386725554709749065	0.207184851947881092	0.356457523944737027	0.129677198409073466



2	CACGTG..CA	0.495935695624492305


A:	0.0770836843790086608	0.108200326652954561	0.146284752673192154	0.091491221078545937	0.074985330842711536	0.059666542055895558	0.00190082080727719947	0.990685437715030066	0.00203557453694579556	0.0147483405116438128	0.00545343606745289062	0.0017471577679172686	0.0705688017582141191	0.198077099014354802	0.0183128804317833562	0.727258802515832178	0.150375990917424786	0.190207112462908317	0.129410261386225761	0.361621831749032226	0.101666362498196403	0.26446747214394844
C:	0.176515381010222313	0.0236673293742550933	0.0661717647724950578	0.102035711943153881	0.330164858448798959	0.136577630161096008	0.98979220809068404	0.0044267700189427723	0.963470278548237485	0.00276834415909731259	0.0061669613219665009	0.00680265832120050851	0.709919918697017757	0.284685689407772298	0.454489014957022063	0.116274170407156143	0.596966302264096971	0.200630080535550788	0.110604134955688099	0.190799701409109417	0.140370125400372791	0.0927476605124988849
G:	0.240448403117041256	0.676810077207028085	0.152728623293742339	0.381864130758887999	0.378306799491537126	0.757395275519937883	0.00504162167936638582	0.00345815987885567692	0.00111101858378903748	0.981046194923180823	0.00108552367133003665	0.98687246675737483	0.0851936527305852471	0.373984747050013732	0.309047294513716271	0.048996853220411948	0.0763414600941346773	0.463447478124898671	0.208444846152073662	0.274281647403024712	0.127449654049852435	0.34971531142355487
T:	0.505952531493727771	0.191322266765762262	0.634814859260570449	0.424608936219412183	0.216543011216952379	0.0463605522630705513	0.00326534942267237427	0.00142963238717148428	0.0333831283310276814	0.00143712040607805131	0.987294078939250572	0.00457771715350739279	0.134317626814182877	0.143252464527859168	0.21815081009747831	0.107470173856599731	0.176316246724343566	0.145715328876642224	0.551540757506012478	0.173296819438833645	0.630513858051578371	0.293069555919997805



3	CCACGTGG	0.495906128238737364


A:	0.179320873613027836	0.716946630226889715	0.167616045011075403	0.19877775931845582	0.4525434127613655	0.327763316326892291	0.13146198851211148	0.0118317959092373191	0.0114375698178878694	0.985006687997101748	0.00336073077826157412	0.00706662537598345722	0.00169541183043045569	0.00296030453498435061	0.0203880931288861872	0.146633211168110267	0.274167788942901773	0.326428736775934779	0.428807924590895361	0.602464722878934797	0.0883074796377862965	0.453835803777876258
C:	0.0802553984856775216	0.0551398605979054198	0.353688478952958059	0.173905936605822142	0.118247071076278257	0.319959012028603823	0.307127507832963765	0.856591057438571188	0.979464718695266789	0.00819795227792342334	0.987794523577901566	0.00177812026785340318	0.00509994789454437342	0.00613740695186099149	0.111189053523305306	0.197511692506175199	0.209674768170463585	0.359821746654749872	0.281648088447640561	0.19600221658106517	0.127711493265953905	0.14707782238232347
G:	0.332765936762359204	0.119989778460256299	0.110516094380660571	0.558203992784878377	0.282220806677409734	0.229526147460593963	0.419790882095838431	0.111189053523305306	0.00613740695186099149	0.00509994789454437342	0.00177812026785340318	0.987794523577901566	0.00819795227792342334	0.979464718695266789	0.856591057438571188	0.365623979291646281	0.31117867307895728	0.102671931059202987	0.160771834258462716	0.106122626808217744	0.0725519322682655853	0.174759650128744944
T:	0.407657791138935439	0.107923730714948567	0.368179381655305968	0.0691123112908436616	0.14698870948494651	0.122751524183909923	0.141619621559086325	0.0203880931288861872	0.00296030453498435061	0.00169541183043045569	0.00706662537598345722	0.00336073077826157412	0.985006687997101748	0.0114375698178878694	0.0118317959092373191	0.290231117034068253	0.204978769807677362	0.211077585510112362	0.128772152703001361	0.0954104337317822888	0.711429094827994213	0.224326723711055328



4	AGCACGTG	0.495795465771016497


A:	0.404903425706768052	0.129677198409073466	0.356457523944737027	0.207184851947881092	0.386725554709749065	0.26559863480263723	0.366169415925370862	0.516475425217887536	0.073970542844250979	0.00256857500725646448	0.992732036082163873	0.00294335666553894378	0.0106715657570945721	0.0020199717966972793	0.00293425188461800392	0.00686203221267907141	0.166196392763981929	0.367955147189678611	0.519664546091615592	0.155917238377084271	0.563388203816462617	0.1134163756710451
C:	0.253843110905608945	0.201309431345678446	0.208189183401135692	0.166303283850596436	0.0700196672346972931	0.173103729370198179	0.366677897612175916	0.26697561569062558	0.0627239588891630573	0.992602130874382463	0.00286747285879595278	0.98952409420942519	0.0021404227011212138	0.00418777043021359399	0.00273259917387063734	0.951498305948538378	0.511800676978484552	0.172345568581801581	0.0745891462999016464	0.479692696054572739	0.0708918601203724021	0.146283587343123674
G:	0.145366830959338769	0.162819815886111481	0.309843059920531052	0.169510158338469247	0.304590464074685769	0.125816418621675001	0.106302942200356824	0.12282632049930721	0.847788372707860374	0.00264201878445682131	0.00216303142910579856	0.00164449453299367145	0.986202036583175327	0.00252494192101572086	0.990001654358339977	0.0230465027465077421	0.228114707493739133	0.181604829555041884	0.0755112632219900691	0.164976030943662285	0.133849614688670667	0.371239083763239482
T:	0.195886632428284234	0.506193554359136607	0.125510232733596229	0.457001705863053225	0.238664313980867874	0.435481217205489589	0.160849744262096398	0.0937226385921796742	0.0155171255587255897	0.0021872753339042516	0.00223745962993437615	0.00588805459204219466	0.000985974958608887533	0.991267315852073406	0.0043314945831713821	0.0185931590922748086	0.0938882227637943863	0.278094454673477924	0.330235044386492692	0.199414034624680704	0.231870321374494314	0.369060953222591744



5	CACGTGC..A	0.495746283400009878


A:	0.369060953222591744	0.231870321374494314	0.199414034624680704	0.330235044386492692	0.278094454673477924	0.0938882227637943863	0.0185931590922748086	0.00335650991811824317	0.993477396060094464	0.00168838747557158154	0.00873628706304458602	0.00214353379045580551	0.00149931070702002058	0.0705688017582141191	0.0937226385921796742	0.160849744262096398	0.435481217205489589	0.238664313980867874	0.457001705863053225	0.125510232733596229	0.506193554359136607	0.195886632428284234	0.0754493796836751835
C:	0.371239083763239482	0.133849614688670667	0.164976030943662285	0.0755112632219900691	0.181604829555041884	0.228114707493739133	0.0230465027465077421	0.990605697769817508	0.00282830037691894716	0.981625442235769825	0.00214331698398798458	0.0050482653863765619	0.00464849501916546625	0.709919918697017757	0.12282632049930721	0.106302942200356824	0.125816418621675001	0.304590464074685769	0.169510158338469247	0.309843059920531052	0.162819815886111481	0.145366830959338769	0.23157215233399612
G:	0.146283587343123674	0.0708918601203724021	0.479692696054572739	0.0745891462999016464	0.172345568581801581	0.511800676978484552	0.951498305948538378	0.00331315970284335103	0.00188662270804106289	0.00131585952934510176	0.98775727082256088	0.00158458803083436685	0.99184054985383329	0.0851936527305852471	0.26697561569062558	0.366677897612175916	0.173103729370198179	0.0700196672346972931	0.166303283850596436	0.208189183401135692	0.201309431345678446	0.253843110905608945	0.132322567026131515
T:	0.1134163756710451	0.563388203816462617	0.155917238377084271	0.519664546091615592	0.367955147189678611	0.166196392763981929	0.00686203221267907141	0.00272463260922089828	0.00180768085494552549	0.0153703107593134917	0.00136312513040654894	0.991223612792333266	0.00201164441998122305	0.134317626814182877	0.516475425217887536	0.366169415925370862	0.26559863480263723	0.386725554709749065	0.207184851947881092	0.356457523944737027	0.129677198409073466	0.404903425706768052	0.560655900956197182



