1	ACACGTGC	0.498527486910994764


A:	0.162061359057541717	0.15537122200387201	0.161685940159033534	0.20684827464465259	0.403813621657079224	0.100430674150122122	0.158800590283480837	0.353253374708264767	0.016598512581908514	0.991782057032507636	0.00124071624183965936	0.0176692605669913717	0.00330357253119102358	0.00115122764609359106	0.00984233626682067158	0.0296586370703842398	0.37174742965866503	0.150831893510145912	0.150519440061467388	0.204633175416064476	0.104999127699364472	0.688916966891536566
C:	0.595829634283664412	0.370521935189362169	0.418016157507686908	0.0960475173757094967	0.0799717345871313209	0.367432921784068891	0.219997820075394891	0.183072215340793969	0.98171618681437427	0.0018559789849568255	0.984505099099635595	0.000441747811071556136	0.0158363873290067676	0.000745570595748433897	0.606000847273127401	0.70136151185663554	0.138614112563410136	0.376313136355146346	0.245647390306344654	0.118038936809297805	0.495714837022999024	0.109756266184243427
G:	0.0780451901866642405	0.243431360785580139	0.0794073380990251024	0.289325660395971325	0.237790852524665908	0.261487416065057039	0.512999903846281647	0.456433808697541615	0.000512702092996790132	0.00320720270193649424	0.000624406286594236142	0.980529805343951714	0.000697418799992536051	0.978607966747545532	0.198002022928830737	0.134589361665206985	0.334250394278058176	0.215302939723631973	0.283599377263054753	0.499720298542526992	0.157710539503278375	0.112262121682522377
T:	0.164063816472129631	0.230675482021185682	0.340890564234254456	0.407778547583666589	0.278423791231123547	0.270648988000751948	0.108201685794842625	0.00724060125339964877	0.00117259851072042625	0.00315476128059904414	0.0136297783719305091	0.00135918627798535799	0.980162621339809673	0.0194952350106124427	0.186154793531221191	0.134390489407773236	0.155388063499866659	0.257552030411075769	0.320233792369133206	0.177607589232110727	0.24157549577435813	0.0890646452416976308



2	GCACGTGC	0.498395220225162947


A:	0.0890646452416976308	0.24157549577435813	0.177607589232110727	0.320233792369133206	0.257552030411075769	0.155388063499866659	0.134390489407773236	0.353253374708264767	0.0457104739717833784	0.986137761886159912	0.000595291028653363738	0.0434434452452022207	0.00310750557194908796	0.00311934900866057177	0.00724060125339964877	0.108201685794842625	0.270648988000751948	0.278423791231123547	0.407778547583666589	0.340890564234254456	0.230675482021185682	0.164063816472129631
C:	0.112262121682522377	0.157710539503278375	0.499720298542526992	0.283599377263054753	0.215302939723631973	0.334250394278058176	0.134589361665206985	0.183072215340793969	0.950909703936253522	0.00193997311298106015	0.954651288440318652	0.00130997528582576314	0.00881475942890994036	0.000260473083302528061	0.456433808697541615	0.512999903846281647	0.261487416065057039	0.237790852524665908	0.289325660395971325	0.0794073380990251024	0.243431360785580139	0.0780451901866642405
G:	0.109756266184243427	0.495714837022999024	0.118038936809297805	0.245647390306344654	0.376313136355146346	0.138614112563410136	0.70136151185663554	0.456433808697541615	0.000260473083302528061	0.00881475942890994036	0.00130997528582576314	0.954651288440318652	0.00193997311298106015	0.950909703936253522	0.183072215340793969	0.219997820075394891	0.367432921784068891	0.0799717345871313209	0.0960475173757094967	0.418016157507686908	0.370521935189362169	0.595829634283664412
T:	0.688916966891536566	0.104999127699364472	0.204633175416064476	0.150519440061467388	0.150831893510145912	0.37174742965866503	0.0296586370703842398	0.00724060125339964877	0.00311934900866057177	0.00310750557194908796	0.0434434452452022207	0.000595291028653363738	0.986137761886159912	0.0457104739717833784	0.353253374708264767	0.158800590283480837	0.100430674150122122	0.403813621657079224	0.20684827464465259	0.161685940159033534	0.15537122200387201	0.162061359057541717



3	CACGTGCC	0.498303223294652248


A:	0.108205627373214417	0.310114901015305459	0.673173692700095293	0.339783002146078874	0.218225227843961481	0.0984015921409789566	0.371845456780309662	0.0129276619485823975	0.991934478527336514	0.000798696559407620806	0.019814779088883933	0.00437664305128348345	0.00155857045475224305	0.00664299292210584294	0.0296586370703842398	0.228165055031059064	0.501530077017718495	0.171423908263554613	0.175392077491506917	0.287512942337533859	0.206939815265179239	0.21387016078251614
C:	0.0302225496415846639	0.0530446205236056886	0.112086402932110244	0.241848518858910258	0.0774091882453272321	0.230093613443892561	0.210559348333503232	0.98456477753388961	0.00253299353797014772	0.974849398366000728	0.00107682591517944515	0.00943447123435223874	0.000270674212460562507	0.647608026343190836	0.70136151185663554	0.30832813776896942	0.232345480997168058	0.166218515011982648	0.196598408058345658	0.245558539109614169	0.226211014346037655	0.434067833097307588
G:	0.452336709163752419	0.334820408977238522	0.110843345988668646	0.077982176867690308	0.228708855539086387	0.536658195828192191	0.405505629947329115	0.000696284513929687503	0.00260991217906938721	0.000474477077843188558	0.97864010090034068	0.000870988040155374946	0.961690037706613492	0.130256345948712651	0.134589361665206985	0.32687620556048812	0.129809978683324627	0.310450213932650205	0.48554533903325676	0.107458712155949031	0.335215433817379304	0.166536035054125747
T:	0.4092351138214485	0.30202006948385033	0.103896558379125817	0.34038630212732056	0.4756567283716249	0.134846598586936292	0.0120895649388579908	0.00181127600359830501	0.00292261575562395125	0.0238774279967484624	0.000468294095595941982	0.985317897674208903	0.0364807176261737029	0.21549263478599067	0.134390489407773236	0.136630601639483396	0.13631446330178882	0.351907362791812534	0.142464175416890665	0.359469806396902941	0.231633736571403801	0.185525971066050524



4	ACACGTG.C	0.498286783227144762


A:	0.15306207812814276	0.108205627373214417	0.310114901015305459	0.673173692700095293	0.339783002146078874	0.218225227843961481	0.0984015921409789566	0.371845456780309662	0.019599427710176109	0.990748227772747559	0.000664327050594967847	0.016297076582425579	0.00388749555515598235	0.00111007204283729642	0.00664299292210584294	0.166179586434168912	0.228165055031059064	0.501530077017718495	0.171423908263554613	0.175392077491506917	0.287512942337533859	0.206939815265179239	0.21387016078251614
C:	0.39124359254370675	0.0302225496415846639	0.0530446205236056886	0.112086402932110244	0.241848518858910258	0.0774091882453272321	0.230093613443892561	0.210559348333503232	0.978806846997878332	0.00270573517053524194	0.968370900780188544	0.000788481624556977841	0.0075863781865963108	0.000631770726056804694	0.647608026343190836	0.62934810207255859	0.30832813776896942	0.232345480997168058	0.166218515011982648	0.196598408058345658	0.245558539109614169	0.226211014346037655	0.434067833097307588
G:	0.18043498834675528	0.452336709163752419	0.334820408977238522	0.110843345988668646	0.077982176867690308	0.228708855539086387	0.536658195828192191	0.405505629947329115	0.000630921532007260331	0.00459286062658797609	0.000499655412833358989	0.982092515613186547	0.00084257274254771042	0.975801725537205237	0.130256345948712651	0.0824212588923727828	0.32687620556048812	0.129809978683324627	0.310450213932650205	0.48554533903325676	0.107458712155949031	0.335215433817379304	0.166536035054125747
T:	0.275259340981395211	0.4092351138214485	0.30202006948385033	0.103896558379125817	0.34038630212732056	0.4756567283716249	0.134846598586936292	0.0120895649388579908	0.0009628037599382986	0.00195317643012922292	0.0304651167563831296	0.000821926179830896172	0.987683553515699996	0.0224564316939006619	0.21549263478599067	0.122051052600899715	0.136630601639483396	0.13631446330178882	0.351907362791812534	0.142464175416890665	0.359469806396902941	0.231633736571403801	0.185525971066050524



5	C..CACGTGC	0.498188003160962118


A:	0.251931198712566443	0.162061359057541717	0.15537122200387201	0.161685940159033534	0.20684827464465259	0.403813621657079224	0.100430674150122122	0.158800590283480837	0.353253374708264767	0.0175638658699236377	0.990145613783558992	0.00104079022402945623	0.016930182276463677	0.00289568761577362	0.0032494868307620032	0.00483941052128743962	0.0296586370703842398	0.37174742965866503	0.150831893510145912	0.150519440061467388	0.204633175416064476	0.104999127699364472	0.688916966891536566
C:	0.146841658333116271	0.595829634283664412	0.370521935189362169	0.418016157507686908	0.0960475173757094967	0.0799717345871313209	0.367432921784068891	0.219997820075394891	0.183072215340793969	0.979932653563508611	0.00259244660720847328	0.985089762958869187	0.00063532605313360371	0.0163836734477902738	0.00067970905482656038	0.619775318671072712	0.70136151185663554	0.138614112563410136	0.376313136355146346	0.245647390306344654	0.118038936809297805	0.495714837022999024	0.109756266184243427
G:	0.264657888928897441	0.0780451901866642405	0.243431360785580139	0.0794073380990251024	0.289325660395971325	0.237790852524665908	0.261487416065057039	0.512999903846281647	0.456433808697541615	0.000685382595275894902	0.00371702729834990944	0.000815001764173942147	0.981340061769994141	0.00121480297233214139	0.984526274372085777	0.0584858126672065989	0.134589361665206985	0.334250394278058176	0.215302939723631973	0.283599377263054753	0.499720298542526992	0.157710539503278375	0.112262121682522377
T:	0.336569254025419845	0.164063816472129631	0.230675482021185682	0.340890564234254456	0.407778547583666589	0.278423791231123547	0.270648988000751948	0.108201685794842625	0.00724060125339964877	0.00181809797129185631	0.00354491231088262482	0.0130544450529274149	0.00109442990040857796	0.979505835964103965	0.0115445297423256592	0.31689945814043325	0.134390489407773236	0.155388063499866659	0.257552030411075769	0.320233792369133206	0.177607589232110727	0.24157549577435813	0.0890646452416976308



