1	GCACGTGC	0.499621700734272673


A:	0.363260936579264726	0.336730928416532537	0.465301871167231022	0.314808172162741065	0.710318334848782644	0.325823935071594248	0.326602462731060717	0.0156852833033352543	0.0775198844996146275	0.966959137175382243	0.000570209500736669611	0.0846683694478970507	0.00173521623437549956	0.000926187104677068275	0.00187377002454244814	0.310741826679092009	0.19435486359765924	0.202322836636860171	0.134989778479473506	0.420065163027374301	0.2586086600807714	0.216959076885309875
C:	0.135865811612664508	0.135098813434626193	0.156344582908813334	0.106777753718048622	0.261089184250501816	0.139350754751463917	0.213500839719544204	0.0146390144144101278	0.920701815072939886	0.00134994123921351355	0.913805412956935099	0.000956008094431180737	0.0299557053510287436	0.000852113322768418477	0.96780193225771217	0.133585485684894086	0.193594297560299075	0.160710741670166327	0.485498196407033008	0.150389605816697144	0.306715040934569811	0.140251883386188864
G:	0.155872165741986769	0.285348569289036386	0.117360111460023136	0.517969914526335922	0.00497538987823603564	0.227700616136807266	0.14261676959890553	0.96780193225771217	0.000852113322768418477	0.0299557053510287436	0.000956008094431180737	0.913805412956935099	0.00134994123921351355	0.920701815072939886	0.0146390144144101278	0.191223878240441445	0.140364949575560016	0.253542403711361239	0.134989778479473506	0.134187091397988099	0.293037814870110386	0.25900067819360945
T:	0.345001086066083997	0.242821688859804884	0.260993434463932508	0.0604441595928743916	0.0236170910224795035	0.307124694040134569	0.317279927950489549	0.00187377002454244814	0.000926187104677068275	0.00173521623437549956	0.0846683694478970507	0.000570209500736669611	0.966959137175382243	0.0775198844996146275	0.0156852833033352543	0.36444880939557246	0.471685889266481669	0.383424017981612263	0.24452224663401998	0.295358139757940456	0.141638484114548403	0.38378836153489181



2	G..CACGTGC	0.498967741935483871


A:	0.0379128105030790092	0.0969191689893734268	0.189211323274293389	0.145281692975873468	0.947382492665371131	0.579332180070365083	0.370518648903025306	0.305855959607499964	0.0156852833033352543	0.0170025148866035871	0.989525078513538377	0.000884715752550784388	0.0203084406398254317	0.00267889147570513379	0.00138290537287495684	0.0113136440673876236	0.0290068631077681432	0.162727144051323117	0.466709197586256866	0.0135717496714590432	0.592498246683403543	0.478882325671630031	0.102308336911759438
C:	0.404638020657189776	0.413052030929911765	0.27019286584006413	0.545662666626280844	0.00113259149773607856	0.0426228310970686472	0.0564413385480069449	0.12865750403926641	0.0146390144144101278	0.981036859380517942	0.00164015117513992088	0.975302549197983489	0.00102726442790363423	0.0104040500350594111	0.00101774807599745385	0.868054553819796955	0.0392489203497222875	0.192966738677085852	0.0773394712269213228	0.0299883903703403489	0.170011882926985471	0.0708085126071436089	0.398462279816683027
G:	0.106167025803307002	0.144898431534655188	0.394254302829514526	0.29221705556763415	0.0223085352602026733	0.102699065389800964	0.490244393624483197	0.484573422637860683	0.96780193225771217	0.000389970269385795409	0.00775585540861351405	0.000468750442899533512	0.978118827996457258	0.000468810556826859993	0.988675027820473268	0.0848277949679874622	0.234160269454390475	0.167959136320233419	0.280869972532731384	0.0338163763829795888	0.0266742883375575695	0.154905845612588028	0.127136155546335167
T:	0.451282143036424214	0.34513036854605962	0.146341508056127956	0.0168385848302115384	0.0291763805766901167	0.275345923442765305	0.0827956189244845525	0.0809131137153729435	0.00187377002454244814	0.00157065546349267553	0.00107891490270818806	0.023343984606566193	0.000545466935813675613	0.986448247932408595	0.0089243187306543213	0.0358040071448279596	0.697583947088119095	0.476346980951357612	0.175081358654090428	0.922623483575221019	0.210815582052053416	0.295403316108638333	0.372093227725222368



3	C..GCACGTG	0.498946416096929719


A:	0.139175630075215678	0.265268891830036305	0.372093227725222368	0.295403316108638333	0.210815582052053416	0.922623483575221019	0.175081358654090428	0.476346980951357612	0.697583947088119095	0.120455111467505812	0.0136503223050860832	0.985524667452682598	0.000534662211168382694	0.0457068369317231632	0.00210322218888818754	0.000909798901276503443	0.00187377002454244814	0.0809131137153729435	0.0827956189244845525	0.275345923442765305	0.0291763805766901167	0.0168385848302115384	0.146341508056127956
C:	0.527237367066913469	0.183757690668801814	0.127136155546335167	0.154905845612588028	0.0266742883375575695	0.0338163763829795888	0.280869972532731384	0.167959136320233419	0.234160269454390475	0.0588271285199599964	0.984337578240935972	0.000661673084811486604	0.970994601355929148	0.00087370417158811886	0.00922741782838536748	0.00116264152151159535	0.96780193225771217	0.484573422637860683	0.490244393624483197	0.102699065389800964	0.0223085352602026733	0.29221705556763415	0.394254302829514526
G:	0.198479145932941785	0.187092776759912457	0.398462279816683027	0.0708085126071436089	0.170011882926985472	0.0299883903703403489	0.0773394712269213228	0.192966738677085852	0.0392489203497222875	0.792748634208433372	0.000787398892962617641	0.00969582915394596137	0.00142019014508032497	0.952824686685737426	0.00116494056462134844	0.982921213654905641	0.0146390144144101278	0.12865750403926641	0.0564413385480069449	0.0426228310970686472	0.00113259149773607856	0.545662666626280844	0.27019286584006413
T:	0.135107856924929068	0.363880640741249424	0.102308336911759438	0.478882325671630031	0.592498246683403543	0.0135717496714590432	0.466709197586256866	0.162727144051323117	0.0290068631077681432	0.0279691258041008198	0.00122470056101532712	0.00411783030855995403	0.027050546287822144	0.000594772210951291761	0.987504419418105097	0.0150063459223062606	0.0156852833033352543	0.305855959607499964	0.370518648903025306	0.579332180070365083	0.947382492665371131	0.145281692975873468	0.189211323274293389



4	A.GCACGTG	0.498923643853292967


A:	0.139175630075215678	0.265268891830036305	0.372093227725222368	0.295403316108638333	0.210815582052053416	0.922623483575221019	0.175081358654090428	0.476346980951357612	0.697583947088119095	0.0759972091493333129	0.0122389602891707244	0.986056397550874041	0.000652100619746643693	0.028053701316586123	0.00325905216094380034	0.00137110443853028211	0.00187377002454244814	0.0809131137153729435	0.0827956189244845525	0.275345923442765305	0.0291763805766901167	0.0168385848302115384	0.146341508056127956
C:	0.527237367066913469	0.183757690668801814	0.127136155546335167	0.154905845612588028	0.0266742883375575695	0.0338163763829795888	0.280869972532731384	0.167959136320233419	0.234160269454390475	0.193083676945522913	0.985535699891733834	0.000551150462514939202	0.978656764782622632	0.000655359730672612974	0.00339875984070826161	0.00047867339166407283	0.96780193225771217	0.484573422637860683	0.490244393624483197	0.102699065389800964	0.0223085352602026733	0.29221705556763415	0.394254302829514526
G:	0.198479145932941785	0.187092776759912457	0.398462279816683027	0.0708085126071436089	0.170011882926985472	0.0299883903703403489	0.0773394712269213228	0.192966738677085852	0.0392489203497222875	0.696686230786365321	0.00067813200767575725	0.011244326489986941	0.000866310170750363889	0.970627672417921718	0.00213549009495502332	0.982967789281297002	0.0146390144144101278	0.12865750403926641	0.0564413385480069449	0.0426228310970686472	0.00113259149773607856	0.545662666626280844	0.27019286584006413
T:	0.135107856924929068	0.363880640741249424	0.102308336911759438	0.478882325671630031	0.592498246683403543	0.0135717496714590432	0.466709197586256866	0.162727144051323117	0.0290068631077681432	0.0342328831187784535	0.00154720781141968396	0.00214812549662407917	0.0198248244268803603	0.000663266534819545792	0.991206697903392915	0.0151824328885086427	0.0156852833033352543	0.305855959607499964	0.370518648903025306	0.579332180070365083	0.947382492665371131	0.145281692975873468	0.189211323274293389



5	AGCACGTG	0.498920541962380267


A:	0.265268891830036305	0.372093227725222368	0.295403316108638333	0.210815582052053416	0.922623483575221019	0.175081358654090428	0.476346980951357612	0.697583947088119095	0.0237859589868929201	0.0166228504472074425	0.988662675877980969	0.00087662954770441695	0.0219821630214296311	0.00192823593173610996	0.00114797486938687283	0.00187377002454244814	0.0809131137153729435	0.0827956189244845525	0.275345923442765305	0.0291763805766901167	0.0168385848302115384	0.146341508056127956
C:	0.183757690668801814	0.127136155546335167	0.154905845612588028	0.0266742883375575695	0.0338163763829795888	0.280869972532731384	0.167959136320233419	0.234160269454390475	0.0710886889232787906	0.981588112359029871	0.000750153568813934081	0.985720734259572126	0.000682011599946803846	0.00357287082083319843	0.000484096988444327678	0.96780193225771217	0.484573422637860683	0.490244393624483197	0.102699065389800964	0.0223085352602026733	0.29221705556763415	0.394254302829514526
G:	0.187092776759912457	0.398462279816683027	0.0708085126071436089	0.170011882926985472	0.0299883903703403489	0.0773394712269213228	0.192966738677085852	0.0392489203497222875	0.899423087504600595	0.000599057494624356873	0.0085147556327445022	0.000991411362160572316	0.976467590106613354	0.00162323074347032562	0.979314002579239942	0.0146390144144101278	0.12865750403926641	0.0564413385480069449	0.0426228310970686472	0.00113259149773607856	0.545662666626280844	0.27019286584006413
T:	0.363880640741249424	0.102308336911759438	0.478882325671630031	0.592498246683403543	0.0135717496714590432	0.466709197586256866	0.162727144051323117	0.0290068631077681432	0.00570226458522769449	0.00118997969913832909	0.0020724149204605944	0.0124112248305628844	0.000868235272010211142	0.992875662503960366	0.0190539255629288571	0.0156852833033352543	0.305855959607499964	0.370518648903025306	0.579332180070365083	0.947382492665371131	0.145281692975873468	0.189211323274293389



