1	CACGTGGG	0.499766434268764087


A:	0.144751603136106196	0.120864483780803551	0.00687555646503769724	0.18494459349595472	0.140173017521895815	0.23544436201519317	0.00732787395485704786	0.00387861066037357425	0.978733597551939994	0.00110941112616532528	0.0109347689973910578	0.00305640623320627413	0.00336466356155375313	0.00485602496494430006	0.0480014974899513335	0.213036620463917867	0.459107966663070016	0.206931394076052149	0.0499538215712893695	0.317689592904975729	0.402412195297499605	0.183495008710797825
C:	0.328746546350762263	0.0967554880235162159	0.617925788450173809	0.195878999290353135	0.0610341954121322912	0.245138313810820006	0.791837784331801418	0.987238102012975235	0.000328561031993777196	0.983675598091172472	0.00117295496475818284	0.00895706759659502781	0.00445426287809621032	0.214758273452185529	0.117749932951993777	0.384968946090944581	0.268888463703582885	0.179367662733531768	0.0521756333636846369	0.0980898756742184926	0.186513068418481199	0.186723944419953233
G:	0.287633105647711306	0.154425115861035165	0.122825267370943673	0.412080941407005169	0.321416065503600478	0.337288394062579163	0.180692457570685071	0.00460976925544749737	0.0149803585058198715	0.00165773742002903754	0.986242164488887985	0.000838598163449971257	0.990587649460620996	0.7766142282256355	0.793648646858306663	0.236532472712471385	0.15228128617719956	0.450629427549309476	0.874557468490270856	0.448827823472091587	0.225405882735494089	0.235618894499555024
T:	0.238868744865420234	0.627954912334645067	0.252373387713844821	0.207095465806686976	0.477376721562371415	0.18212893011140766	0.0201418841426564634	0.00427351807120369372	0.00595748291024635719	0.0135572533626331654	0.0016501115489627748	0.987147928006748727	0.00159342409972904063	0.00377147335723467055	0.0405999226997482263	0.165461960732666167	0.119722283456147539	0.163071515641106607	0.0233130765747551373	0.135392707948714191	0.185668853548525107	0.394162152369693918



2	CCACGTGG	0.499398471994840502


A:	0.461160452514876841	0.144751603136106196	0.120864483780803551	0.00687555646503769724	0.18494459349595472	0.140173017521895815	0.23544436201519317	0.00732787395485704786	0.00395098165552832512	0.97137277493142626	0.00129297346846544233	0.0393200720265090476	0.0115701318507748168	0.00440756972856163892	0.0201418841426564634	0.0480014974899513335	0.213036620463917867	0.459107966663070016	0.206931394076052149	0.0499538215712893695	0.317689592904975729	0.402412195297499605
C:	0.211623090298025813	0.328746546350762263	0.0967554880235162159	0.617925788450173809	0.195878999290353135	0.0610341954121322912	0.245138313810820006	0.791837784331801418	0.987334054975353533	0.000385538350561516501	0.958118144566432754	0.00126880993859275585	0.0166715548672374069	0.00430739364055650292	0.180692457570685071	0.117749932951993777	0.384968946090944581	0.268888463703582885	0.179367662733531768	0.0521756333636846369	0.0980898756742184926	0.186513068418481199
G:	0.135597283065516408	0.287633105647711306	0.154425115861035165	0.122825267370943673	0.412080941407005169	0.321416065503600478	0.337288394062579163	0.180692457570685071	0.00430739364055650292	0.0166715548672374069	0.00126880993859275585	0.958118144566432754	0.000385538350561516501	0.987334054975353533	0.791837784331801418	0.793648646858306663	0.236532472712471385	0.15228128617719956	0.450629427549309476	0.874557468490270856	0.448827823472091587	0.225405882735494089
T:	0.191619174121580938	0.238868744865420234	0.627954912334645067	0.252373387713844821	0.207095465806686976	0.477376721562371415	0.18212893011140766	0.0201418841426564634	0.00440756972856163892	0.0115701318507748168	0.0393200720265090476	0.00129297346846544233	0.97137277493142626	0.00395098165552832512	0.00732787395485704786	0.0405999226997482263	0.165461960732666167	0.119722283456147539	0.163071515641106607	0.0233130765747551373	0.135392707948714191	0.185668853548525107



3	CCACGTG..C	0.499142148174406239


A:	0.185668853548525107	0.135392707948714191	0.0233130765747551373	0.163071515641106607	0.119722283456147539	0.165461960732666167	0.0405999226997482263	0.0066945326515881628	0.00288756096061381364	0.98399400867205314	0.00196899068568428583	0.021480882661736799	0.00508504466814211463	0.00497277133910327306	0.0201418841426564634	0.18212893011140766	0.477376721562371415	0.207095465806686976	0.252373387713844821	0.627954912334645067	0.238868744865420234	0.191619174121580938	0.18095145901415582
C:	0.225405882735494089	0.448827823472091587	0.874557468490270856	0.450629427549309476	0.15228128617719956	0.236532472712471385	0.793648646858306663	0.636275012620063151	0.990886750209579248	0.000731256191099933705	0.983746163553622749	0.00103906348801034248	0.0111220000493760394	0.00393538061840829458	0.180692457570685071	0.337288394062579163	0.321416065503600478	0.412080941407005169	0.122825267370943673	0.154425115861035165	0.287633105647711306	0.135597283065516408	0.2740595355961575
G:	0.186513068418481199	0.0980898756742184926	0.0521756333636846369	0.179367662733531768	0.268888463703582885	0.384968946090944581	0.117749932951993777	0.332759544024396292	0.0025477300655836452	0.00845939412307129651	0.00134836563983286004	0.975374779249366758	0.000570941028685321052	0.988163757752138244	0.791837784331801418	0.245138313810820006	0.0610341954121322912	0.195878999290353135	0.617925788450173809	0.0967554880235162159	0.328746546350762263	0.211623090298025813	0.298974065955101365
T:	0.402412195297499605	0.317689592904975729	0.0499538215712893694	0.206931394076052149	0.459107966663070016	0.213036620463917867	0.0480014974899513335	0.0242709107039523941	0.00367795876422329365	0.00681534101377562953	0.0129364801208601055	0.00210527460088610048	0.983222014253796525	0.00292809029035018792	0.00732787395485704786	0.23544436201519317	0.140173017521895815	0.18494459349595472	0.00687555646503769724	0.120864483780803551	0.144751603136106196	0.461160452514876841	0.246014939434585316



4	CCACGTG..A	0.498880217380515162


A:	0.185668853548525107	0.135392707948714191	0.0233130765747551373	0.163071515641106607	0.119722283456147539	0.165461960732666167	0.0405999226997482263	0.0128496644377711405	0.00146053221311413157	0.990174446559741506	0.00140953715235150794	0.00540306396019967144	0.00406413314837263417	0.00496648983492820848	0.0201418841426564634	0.18212893011140766	0.477376721562371415	0.207095465806686976	0.252373387713844821	0.627954912334645067	0.238868744865420234	0.191619174121580938	0.18095145901415582
C:	0.225405882735494089	0.448827823472091587	0.874557468490270856	0.450629427549309476	0.15228128617719956	0.236532472712471385	0.793648646858306663	0.829228834263793527	0.990379617710252917	0.00088031164220813318	0.985125182658050469	0.000984150975314035315	0.00753696613466060931	0.00532874067896163397	0.180692457570685071	0.337288394062579163	0.321416065503600478	0.412080941407005169	0.122825267370943673	0.154425115861035165	0.287633105647711306	0.135597283065516408	0.2740595355961575
G:	0.186513068418481199	0.0980898756742184926	0.0521756333636846369	0.179367662733531768	0.268888463703582885	0.384968946090944581	0.117749932951993777	0.128205868008788238	0.00458146980631774395	0.00456311322708347622	0.00116581521482249845	0.991016690534289483	0.0004815432292067446	0.987654456510202999	0.791837784331801418	0.245138313810820006	0.0610341954121322912	0.195878999290353135	0.617925788450173809	0.0967554880235162159	0.328746546350762263	0.211623090298025813	0.298974065955101365
T:	0.402412195297499605	0.317689592904975729	0.0499538215712893694	0.206931394076052149	0.459107966663070016	0.213036620463917867	0.0480014974899513335	0.0297156332896470951	0.00357838027031520779	0.00438212857096688428	0.0122994649747755242	0.00259609453019680997	0.987917357487760012	0.00205031297590715853	0.00732787395485704786	0.23544436201519317	0.140173017521895815	0.18494459349595472	0.00687555646503769724	0.120864483780803551	0.144751603136106196	0.461160452514876841	0.246014939434585316



5	CCACGTG.C	0.498875047562327328


A:	0.185668853548525107	0.135392707948714191	0.0233130765747551373	0.163071515641106607	0.119722283456147539	0.165461960732666167	0.0405999226997482263	0.00617302589136796998	0.00152262271028479548	0.990500175179829665	0.00150196432260920486	0.0193873340261515757	0.00617655465396824403	0.00269843167460311047	0.0201418841426564634	0.18212893011140766	0.477376721562371415	0.207095465806686976	0.252373387713844821	0.627954912334645067	0.238868744865420234	0.191619174121580938	0.18095145901415582
C:	0.225405882735494089	0.448827823472091587	0.874557468490270856	0.450629427549309476	0.15228128617719956	0.236532472712471385	0.793648646858306663	0.402637912367028291	0.990740034725557481	0.00202850745418810606	0.988253691247075704	0.00132833926846735549	0.00751374990564565145	0.00254748377132350413	0.180692457570685071	0.337288394062579163	0.321416065503600478	0.412080941407005169	0.122825267370943673	0.154425115861035165	0.287633105647711306	0.135597283065516408	0.2740595355961575
G:	0.186513068418481199	0.0980898756742184926	0.0521756333636846369	0.179367662733531768	0.268888463703582885	0.384968946090944581	0.117749932951993777	0.574691504507088112	0.00474180146982859357	0.00299094761212903616	0.00159096130380718354	0.978456694766945273	0.000479046875740336932	0.989498934633431244	0.791837784331801418	0.245138313810820006	0.0610341954121322912	0.195878999290353135	0.617925788450173809	0.0967554880235162159	0.328746546350762263	0.211623090298025813	0.298974065955101365
T:	0.402412195297499605	0.317689592904975729	0.0499538215712893694	0.206931394076052149	0.459107966663070016	0.213036620463917867	0.0480014974899513335	0.0164975572345156265	0.00299554109432913025	0.00448036975385319282	0.00865338312650790758	0.000827631938435795389	0.985830648564645768	0.00525514992064214091	0.00732787395485704786	0.23544436201519317	0.140173017521895815	0.18494459349595472	0.00687555646503769724	0.120864483780803551	0.144751603136106196	0.461160452514876841	0.246014939434585316



