1	GCACGTGC	0.499812364210942129


A:	0.528991742217626267	0.330703774652539131	0.273822233301655361	0.422251705035678714	0.196172307316929526	0.168650762344916469	0.266662295198065223	0.0177648661940624255	0.0182870581407978809	0.984246739268901152	0.000828382979160117476	0.0739199620570727031	0.00246145560816503274	0.00173878984478806746	0.0274533362737084955	0.271693332335093161	0.172878481477565792	0.0778508781790512409	0.123812205916572874	0.607640404857797005	0.402531620042475011	0.128813420654735591
C:	0.33081956687519796	0.216252749495206791	0.107630571132045298	0.0598898570133047385	0.448487100081599259	0.21062372827390055	0.0980477886891014183	0.00751150485297787364	0.978579943425939341	0.00136886051664836594	0.924461545333702246	0.000790109630064933043	0.0119229446062854489	0.00139420858847471016	0.947270292679251205	0.179749303302897984	0.28903379538939571	0.0437591891194588977	0.521502228698884453	0.137766237524694956	0.116408684006951309	0.171589789139675757
G:	0.0649121854997835972	0.35508238146650519	0.200062832859719242	0.405715887190430355	0.108641203340964461	0.4715942980443419	0.18174910259012611	0.947270292679251205	0.00139420858847471016	0.0119229446062854489	0.000790109630064933043	0.924461545333702246	0.00136886051664836594	0.978579943425939341	0.00751150485297787364	0.320728685258092702	0.277466315120978362	0.408976765924444112	0.0758638018901391643	0.0686317117215958606	0.205491900685712323	0.533022108191636606
T:	0.0752765054073921755	0.097961094385748888	0.418484362706580099	0.112142550760586193	0.246699389260506754	0.149131211336841081	0.453540813522707249	0.0274533362737084955	0.00173878984478806746	0.00246145560816503274	0.0739199620570727031	0.000828382979160117476	0.984246739268901152	0.0182870581407978809	0.0177648661940624255	0.227828679103916154	0.260621408012060136	0.46941316677704575	0.278821763494403509	0.185961645895912178	0.275567795264861356	0.166574682013952046



2	G.CACGTGC	0.499654269768360745


A:	0.138947082138811096	0.220755855675022873	0.417581192171795881	0.208062219138298199	0.361162189581644491	0.254863858279656958	0.234230770933541933	0.0713466124085979915	0.0177648661940624255	0.0139029701721987035	0.9898730772742394	0.000935697860570721769	0.0327708732850444581	0.00285274295582454722	0.00334106132388590545	0.00935898461902702306	0.273654587899264223	0.224649021615014266	0.180248339679112353	0.290212574055055413	0.175027312584542463	0.153430108677296021	0.453456273534425957
C:	0.669859008671374687	0.0430623795673455701	0.25880202355786782	0.161573345111186809	0.158118042182127375	0.085425977922151986	0.143542865001959691	0.0522193171734619149	0.00751150485297787364	0.982396917570183073	0.000876055961496773229	0.953265112028425418	0.000642086114095683743	0.00338023467250039806	0.000712577024634144662	0.957603250867529083	0.186537012969268321	0.234832123178846852	0.22791394463078749	0.136311211205630402	0.0926627667532184395	0.546822009711246625	0.175455663212386269
G:	0.020629947435446529	0.22211551676354103	0.10335226585554137	0.0960845359829568586	0.374473837263547846	0.0941698739172998612	0.37513656928384278	0.814409566872877759	0.947270292679251205	0.00206764517393120953	0.00201986419277948033	0.000650383561984397808	0.965575550355378985	0.00155634095818116551	0.989537525273900647	0.0195211699303545261	0.363477478993282811	0.351811252730602695	0.290795304876521549	0.0634959145706832864	0.265586307394251672	0.179005818666588484	0.188599240551429982
T:	0.170563961754367688	0.514066247994090527	0.220264518414794929	0.534279899767558133	0.106245930972680287	0.565540289880891195	0.247089794780655595	0.0620245035450623343	0.0274533362737084955	0.00163246708368701418	0.00723100257148434627	0.0451488065490194627	0.00101149024548087273	0.992210681413493889	0.00640883637757930275	0.0135165945830893675	0.176330920138184646	0.188707602475536187	0.301042410813578608	0.509980300168630899	0.466723613267987425	0.12074206294486887	0.182488822701757792



3	C.GCACGTG	0.49924676479304554


A:	0.725098102189637107	0.697123078799242458	0.182488822701757792	0.12074206294486887	0.466723613267987425	0.509980300168630899	0.301042410813578608	0.188707602475536187	0.176330920138184646	0.0194585302767394657	0.00512772224067935498	0.990526008693513113	0.00172219631137191716	0.0487532436971711951	0.00396890071694327491	0.00287858533646595122	0.0274533362737084955	0.0620245035450623343	0.247089794780655595	0.565540289880891195	0.106245930972680287	0.534279899767558133	0.220264518414794929
C:	0.148870351300544526	0.125372321086075161	0.188599240551429982	0.179005818666588484	0.265586307394251672	0.0634959145706832864	0.290795304876521549	0.351811252730602695	0.363477478993282811	0.05843068223518041	0.991174569530548759	0.00110036618350248249	0.964790312000280254	0.000730776824489740867	0.00199981500515324848	0.00244295875957824237	0.947270292679251205	0.814409566872877759	0.37513656928384278	0.0941698739172998612	0.374473837263547846	0.0960845359829568586	0.10335226585554137
G:	0.0480357896810879404	0.070705244375333619	0.175455663212386269	0.546822009711246625	0.0926627667532184395	0.136311211205630402	0.22791394463078749	0.234832123178846852	0.186537012969268321	0.875763801089474038	0.00221428628739610272	0.00615428055194518187	0.000675652727578578729	0.948502770156981748	0.00178657293498026811	0.987764301843339237	0.00751150485297787364	0.0522193171734619149	0.143542865001959691	0.085425977922151986	0.158118042182127375	0.161573345111186809	0.25880202355786782
T:	0.0779957568287304266	0.106799355739348761	0.453456273534425957	0.153430108677296021	0.175027312584542463	0.290212574055055413	0.180248339679112353	0.224649021615014266	0.273654587899264223	0.0463469863986060866	0.00148342194137578338	0.00221934457103922259	0.03281183896076925	0.0020132093213573156	0.992244711342923209	0.00691415406061656933	0.0177648661940624255	0.0713466124085979915	0.234230770933541933	0.254863858279656958	0.361162189581644491	0.208062219138298199	0.417581192171795881



4	A..GCACGTG	0.4991511088062429


A:	0.725098102189637107	0.697123078799242458	0.182488822701757792	0.12074206294486887	0.466723613267987425	0.509980300168630899	0.301042410813578608	0.188707602475536187	0.176330920138184646	0.0431477129348912614	0.0053272354750670587	0.991328703014418835	0.00217819986805081142	0.0457752028691713958	0.00345905626183760812	0.00232273655413318335	0.0274533362737084955	0.0620245035450623343	0.247089794780655595	0.565540289880891195	0.106245930972680287	0.534279899767558133	0.220264518414794929
C:	0.148870351300544526	0.125372321086075161	0.188599240551429982	0.179005818666588484	0.265586307394251672	0.0634959145706832864	0.290795304876521549	0.351811252730602695	0.363477478993282811	0.0398451093635155637	0.991038282119233387	0.000962048236028287955	0.976547723809084827	0.000506214699656434056	0.00204796577616806994	0.00165617014405971544	0.947270292679251205	0.814409566872877759	0.37513656928384278	0.0941698739172998612	0.374473837263547846	0.0960845359829568586	0.10335226585554137
G:	0.0480357896810879404	0.070705244375333619	0.175455663212386269	0.546822009711246625	0.0926627667532184395	0.136311211205630402	0.22791394463078749	0.234832123178846852	0.186537012969268321	0.896170679715146563	0.000827549017817138699	0.00344018869447173746	0.000539069499113868207	0.951840364215981961	0.00167930128689942434	0.992371925844209872	0.00751150485297787364	0.0522193171734619149	0.143542865001959691	0.085425977922151986	0.158118042182127375	0.161573345111186809	0.25880202355786782
T:	0.0779957568287304266	0.106799355739348761	0.453456273534425957	0.153430108677296021	0.175027312584542463	0.290212574055055413	0.180248339679112353	0.224649021615014266	0.273654587899264223	0.0208364979864466121	0.00280693338788241513	0.00426906005508113942	0.020735006823750493	0.00187821821519020867	0.992813676675094898	0.00364916745759722939	0.0177648661940624255	0.0713466124085979915	0.234230770933541933	0.254863858279656958	0.361162189581644491	0.208062219138298199	0.417581192171795881



5	G..CACGTGC	0.499117153158492616


A:	0.138947082138811096	0.220755855675022873	0.417581192171795881	0.208062219138298199	0.361162189581644491	0.254863858279656958	0.234230770933541933	0.0713466124085979915	0.0177648661940624255	0.0138118667010752365	0.991145664812437991	0.00205325304008311552	0.0296032486883609429	0.00555946009919277318	0.00278496438952491214	0.0121434529573652672	0.273654587899264223	0.224649021615014266	0.180248339679112353	0.290212574055055413	0.175027312584542463	0.153430108677296021	0.453456273534425957
C:	0.669859008671374687	0.0430623795673455701	0.25880202355786782	0.161573345111186809	0.158118042182127375	0.085425977922151986	0.143542865001959691	0.0522193171734619149	0.00751150485297787364	0.982773126857913922	0.00128471014774631138	0.942232712815853985	0.000728277378682723629	0.00189121754600978103	0.00219999530700657361	0.863731745280054559	0.186537012969268321	0.234832123178846852	0.22791394463078749	0.136311211205630402	0.0926627667532184395	0.546822009711246625	0.175455663212386269
G:	0.020629947435446529	0.22211551676354103	0.10335226585554137	0.0960845359829568586	0.374473837263547846	0.0941698739172998612	0.37513656928384278	0.814409566872877759	0.947270292679251205	0.0011206557826577747	0.00331567425679944272	0.000804033262596543546	0.968204358032726289	0.00183465612556102683	0.991622758444864205	0.0717931812549358352	0.363477478993282811	0.351811252730602695	0.290795304876521549	0.0634959145706832864	0.265586307394251672	0.179005818666588484	0.188599240551429982
T:	0.170563961754367688	0.514066247994090527	0.220264518414794929	0.534279899767558133	0.106245930972680287	0.565540289880891195	0.247089794780655595	0.0620245035450623343	0.0274533362737084955	0.00229435065835306659	0.00425395078301625497	0.0549100008814663562	0.00146411590023004464	0.990714666229236419	0.00339228185860430932	0.0523316205076443388	0.176330920138184646	0.188707602475536187	0.301042410813578608	0.509980300168630899	0.466723613267987425	0.12074206294486887	0.182488822701757792



