1	CACGTGAC	0.49958014324524574


A:	0.447403595086402183	0.259169788914121373	0.555360491892543603	0.10762571197290632	0.268762282315119729	0.281903701697431989	0.0299193033102774641	0.00957768231549927887	0.990217559237433086	0.000443853536358581861	0.0154699913124568401	0.00226537463664379302	0.000968212050213524923	0.824667990662754735	0.00302737054480787744	0.350705264344071394	0.181394862007009346	0.317136894755509358	0.257435602940133144	0.135989933185511399	0.391841610433615605	0.105424584881781955
C:	0.270913421964149825	0.0690748774093794285	0.177135082821900892	0.175325860788725902	0.193224342379192076	0.141683830867232572	0.0302321858549885885	0.988326903350479975	0.000410841939376491535	0.973828264110171506	0.00181697232335565818	0.00250644728792325407	0.00352463834035324158	0.164319294821311396	0.895443380311258922	0.211931987438597563	0.424531774460665276	0.122472058305394248	0.413777851327288296	0.229103165780096029	0.077502822747660054	0.176287826350836518
G:	0.25157019818393627	0.299739811505020323	0.0815473772738149006	0.390523261357589948	0.187798727304086931	0.546913483152388225	0.516640493825780904	0.00121513027014910046	0.00523483431387853176	0.000710658575106776557	0.982333281052574304	0.00157677322782498451	0.992792764728753308	0.00559297583739255997	0.0450465050279473596	0.221719736595317068	0.123034289584990401	0.150913880330141025	0.186086739432923538	0.249818820353264732	0.248745466136942514	0.573126568534729624
T:	0.0301127847655117223	0.372015522171478875	0.185957048011740604	0.32652516588077783	0.350214648001601264	0.0294989842829472145	0.423208017008953043	0.000880284063871645628	0.00413676450931189029	0.025017223778363136	0.000379755311613197634	0.993651404847607968	0.00271438488067992502	0.00541973867854130873	0.056482744115985841	0.215643011622013975	0.271039073947334977	0.409477166608955369	0.142699806299655021	0.38508808068112784	0.281910100681781827	0.145161020232651903



2	GCACGTGC	0.499032194351175193


A:	0.136856614499904631	0.37541102348660043	0.161760195578257007	0.383688791506239259	0.15662012531604807	0.255954315139982665	0.144985914183590054	0.0607233093916674898	0.00757998634187288663	0.970660307384372097	0.000311714024860362696	0.0359420555450356927	0.00262352648274003812	0.00349461936493580607	0.215347077441413825	0.0423589070087466376	0.0980299719270636417	0.396388321562680426	0.352565347216459394	0.54707313760425695	0.258935707745357937	0.271029461578181566
C:	0.0479774359397971643	0.185563720833444918	0.282742601117330159	0.351640415396075274	0.170464237979043331	0.306015117625977484	0.323169000411663495	0.0114049905082896907	0.987667928993636305	0.000452713871145961576	0.960727354009806388	0.0030188764202975567	0.0262634522617419036	0.00125746529955500218	0.712524622658628994	0.67802517692151775	0.39586355332818209	0.131882636062977173	0.172277855777251113	0.145695945971993484	0.157025672525467861	0.444744515561706755
G:	0.304086975140485198	0.197378345694751816	0.184666810622069738	0.0976196742853839934	0.552393862630697426	0.185654134088321225	0.487461822367605669	0.712524622658628994	0.00125746529955500218	0.0262634522617419036	0.0030188764202975567	0.960727354009806388	0.000452713871145961576	0.987667928993636305	0.0114049905082896907	0.141019974809520064	0.39586355332818209	0.136528759795867222	0.206850834027531483	0.136211001691418109	0.260532372584526144	0.1842005527456857
T:	0.511078974419813007	0.241646909985202836	0.370830392682343096	0.167051118812301473	0.120521774074211173	0.252376433145718626	0.0443832630371407823	0.215347077441413825	0.00349461936493580607	0.00262352648274003812	0.0359420555450356927	0.000311714024860362696	0.970660307384372097	0.00757998634187288663	0.0607233093916674899	0.138595941260215548	0.110242921416572178	0.335200282578475179	0.26830596297875801	0.171019914732331457	0.323506247144648059	0.100025470114425978



3	G.CACGTGA	0.498999851829900726


A:	0.497699242563777998	0.309889028672723999	0.343738761853534772	0.138471741453474504	0.106378414455523589	0.0670248592534244147	0.224178846147770292	0.128249955827193492	0.0332593542776013157	0.00571481782043299536	0.99256374944172343	0.000599273399925099436	0.0102077963786473509	0.003139899844770421	0.00194151964129779926	0.423208017008953043	0.00302737054480787744	0.222063474676078675	0.215953865027512875	0.282138767461942725	0.385235136993496458	0.189141895945583708	0.253453868058220483
C:	0.360408114968621513	0.109134934207087161	0.309058107210621322	0.196610030536665944	0.400546967732050444	0.154592295783414488	0.23905233811410489	0.261565845059438953	0.0684547598726616238	0.991662960942619717	0.00102589616161321326	0.97693255994147307	0.00139010172304690565	0.00279340911124313662	0.00330073408867540124	0.516640493825780904	0.895443380311258922	0.333898548654517904	0.175648372707188767	0.330773684942245402	0.411539163605951994	0.196574385187276636	0.245942789140663896
G:	0.105601831689949095	0.343647113910043466	0.286605784138601268	0.241104629102107387	0.299264845849981052	0.729584571701711758	0.390505925384950126	0.569349118744266918	0.313105193014432659	0.00168085696897040851	0.00385348927381485671	0.000780204290647174718	0.987663675866833937	0.00114317761562000369	0.991916516400198868	0.0302321858549885885	0.0450465050279473596	0.342024753595561114	0.264253355057955934	0.169731490671205252	0.124408184595424059	0.37104372814126423	0.262715284435419051
T:	0.0362908107776513944	0.237328923210145373	0.0605973467972426382	0.423813598907752165	0.193809771962444915	0.0487982732614493399	0.146262890353174692	0.0408350803691006368	0.585180692835304402	0.000941364267976878834	0.0025568651228485005	0.0216879623679546562	0.000738426031471806109	0.992923513428366439	0.00284122986982793134	0.0299193033102774641	0.056482744115985841	0.102013223073842307	0.344144407207342424	0.217356056924606621	0.0788175148051274887	0.243239990725875425	0.237888058365696569



4	TCACGTGA	0.498968054115439688


A:	0.309889028672723999	0.343738761853534772	0.138471741453474504	0.106378414455523589	0.0670248592534244147	0.224178846147770292	0.128249955827193492	0.0332593542776013157	0.0134093881232830429	0.987551261670862721	0.000503558104984476201	0.0361284195444763049	0.00486065475979148053	0.00188793956798655507	0.585180692835304402	0.00302737054480787744	0.222063474676078675	0.215953865027512875	0.282138767461942725	0.385235136993496458	0.189141895945583708	0.253453868058220483
C:	0.109134934207087161	0.309058107210621322	0.196610030536665944	0.400546967732050444	0.154592295783414488	0.23905233811410489	0.261565845059438953	0.0684547598726616238	0.983170031195652519	0.00201725692956287236	0.960669818048374853	0.00269820430216436597	0.00557082663978292627	0.00153264111307788335	0.313105193014432659	0.895443380311258922	0.333898548654517904	0.175648372707188767	0.330773684942245402	0.411539163605951994	0.196574385187276636	0.245942789140663896
G:	0.343647113910043466	0.286605784138601268	0.241104629102107387	0.299264845849981052	0.729584571701711758	0.390505925384950126	0.569349118744266918	0.313105193014432659	0.00153264111307788335	0.00557082663978292627	0.00269820430216436597	0.960669818048374853	0.00201725692956287236	0.983170031195652519	0.0684547598726616238	0.0450465050279473596	0.342024753595561114	0.264253355057955934	0.169731490671205252	0.124408184595424059	0.37104372814126423	0.262715284435419051
T:	0.237328923210145373	0.0605973467972426382	0.423813598907752165	0.193809771962444915	0.0487982732614493399	0.146262890353174692	0.0408350803691006368	0.585180692835304402	0.00188793956798655507	0.00486065475979148053	0.0361284195444763049	0.000503558104984476201	0.987551261670862721	0.0134093881232830429	0.0332593542776013157	0.056482744115985841	0.102013223073842307	0.344144407207342424	0.217356056924606621	0.0788175148051274887	0.243239990725875425	0.237888058365696569



5	G.CACGTG.C	0.498923616254382067


A:	0.145161020232651903	0.281910100681781827	0.38508808068112784	0.142699806299655021	0.409477166608955369	0.271039073947334977	0.215643011622013975	0.281903701697431989	0.00541973867854130873	0.0117847045924350518	0.98774904698255382	0.000491098473824027289	0.0373457565927112993	0.00361618888863315154	0.00198543734687465314	0.423208017008953043	0.0294989842829472145	0.350214648001601264	0.32652516588077783	0.185957048011740604	0.372015522171478875	0.0301127847655117224	0.257123438298897353
C:	0.573126568534729624	0.248745466136942514	0.249818820353264732	0.186086739432923538	0.150913880330141025	0.123034289584990401	0.221719736595317068	0.141683830867232572	0.00559297583739255997	0.984209695550184549	0.00137505254807696722	0.960169379755163447	0.00199376517830122687	0.00725971158073606078	0.00202016251050574591	0.516640493825780904	0.546913483152388225	0.187798727304086931	0.390523261357589948	0.0815473772738149006	0.299739811505020323	0.25157019818393627	0.488705073581325111
G:	0.176287826350836518	0.077502822747660054	0.229103165780096029	0.413777851327288296	0.122472058305394248	0.424531774460665276	0.211931987438597563	0.546913483152388225	0.164319294821311396	0.00202016251050574591	0.00725971158073606078	0.00199376517830122687	0.960169379755163447	0.00137505254807696722	0.984209695550184549	0.0302321858549885885	0.141683830867232572	0.193224342379192076	0.175325860788725902	0.177135082821900892	0.0690748774093794285	0.270913421964149825	0.164478361636204526
T:	0.105424584881781955	0.391841610433615605	0.135989933185511399	0.257435602940133144	0.317136894755509358	0.181394862007009346	0.350705264344071394	0.0294989842829472145	0.824667990662754735	0.00198543734687465314	0.00361618888863315154	0.0373457565927112993	0.000491098473824027289	0.98774904698255382	0.0117847045924350518	0.0299193033102774641	0.281903701697431989	0.268762282315119729	0.10762571197290632	0.555360491892543603	0.259169788914121373	0.447403595086402183	0.0896931264835730105



