1	G.CACGTGC	0.483532681522656211


A:	0.0751123459808728989	0.669244476097457059	0.146285085292812211	0.0143842441038060207	0.512314057283798946	0.692897149104474832	0.120434846109918034	0.195781397962165042	0.0461186487038776243	0.0481542132742733435	0.937656282400783957	0.0353609488518694012	0.0474184439803259454	0.0149774458188039903	0.0225246458367552575	0.0180633054527100594	0.341726150159484741	0.484269581546702254	0.157860955228842231	0.0307095651293665721	0.280938043410191683	0.684251536039975083	0.41796584710722734
C:	0.423374613052653665	0.0598280138020442873	0.342604780736739616	0.88418381470706045	0.00304036432732939849	0.124065688261776647	0.135873333726584133	0.165724789318646135	0.0655869975646787572	0.916561771684297904	0.014756676059909546	0.902931158759929486	0.00984130205908780747	0.041567580507601357	0.00605590770566577974	0.633867289967344144	0.137075988888681633	0.133285912081368489	0.338002480709589572	0.0986594420602641568	0.227877508551737956	0.0794640971970439694	0.134282402555996895
G:	0.177700223704653541	0.0560049139122654681	0.325088342397371974	0.0288765004545380073	0.457632294783156493	0.124901352465504189	0.391506828750914155	0.484353515125695758	0.869302025292899942	0.00885335698357826484	0.0374320715958818976	0.00414794647059118643	0.922984930689524029	0.00551020681303380728	0.932333586354048714	0.325142700230515531	0.250107840842807499	0.100391266330871843	0.216022108280496446	0.0812981539462342427	0.0534195280035572374	0.108983931721445835	0.0763721497921751043
T:	0.323812817261819894	0.214922596188233186	0.186021791573076199	0.0725554407345955221	0.0270132836057151627	0.058135810168244332	0.352184991412583678	0.154140297593493064	0.0189923284385436763	0.0264306580578504875	0.010154969943424599	0.0575599459176099264	0.0197553232710622186	0.937944766860560845	0.0390858601035302489	0.022926704349430266	0.271090020109026127	0.282053240041057414	0.288114455781071751	0.789332838864135028	0.437764920034513124	0.127300435041535113	0.37137960054460066



2	GCACGTGC	0.482889710259972217


A:	0.669244476097457059	0.146285085292812211	0.0143842441038060207	0.512314057283798946	0.692897149104474832	0.120434846109918034	0.195781397962165042	0.0461186487038776243	0.0215460638810474969	0.96905881895823325	0.00368322625367937819	0.0382643783970218522	0.00553717491004639884	0.00270387085497565725	0.0189923284385436763	0.341726150159484741	0.484269581546702254	0.157860955228842231	0.0307095651293665721	0.280938043410191683	0.684251536039975083	0.41796584710722734
C:	0.0598280138020442873	0.342604780736739616	0.88418381470706045	0.00304036432732939849	0.124065688261776647	0.135873333726584133	0.165724789318646135	0.0655869975646787572	0.972912594612280648	0.00233019111635978013	0.955155446165975724	0.00289694918332304587	0.0230738150153605713	0.00283747065169619764	0.869302025292899942	0.137075988888681633	0.133285912081368489	0.338002480709589572	0.0986594420602641568	0.227877508551737956	0.0794640971970439694	0.134282402555996895
G:	0.0560049139122654681	0.325088342397371974	0.0288765004545380073	0.457632294783156493	0.124901352465504189	0.391506828750914155	0.484353515125695758	0.869302025292899942	0.00283747065169619764	0.0230738150153605713	0.00289694918332304587	0.955155446165975724	0.00233019111635978013	0.972912594612280648	0.0655869975646787572	0.250107840842807499	0.100391266330871843	0.216022108280496446	0.0812981539462342427	0.0534195280035572374	0.108983931721445835	0.0763721497921751043
T:	0.214922596188233186	0.186021791573076199	0.0725554407345955221	0.0270132836057151627	0.058135810168244332	0.352184991412583678	0.154140297593493064	0.0189923284385436763	0.00270387085497565725	0.00553717491004639884	0.0382643783970218522	0.00368322625367937819	0.96905881895823325	0.0215460638810474969	0.0461186487038776243	0.271090020109026127	0.282053240041057414	0.288114455781071751	0.789332838864135028	0.437764920034513124	0.127300435041535113	0.37137960054460066



3	GCACGTG..A	0.472375044310528181


A:	0.37137960054460066	0.127300435041535113	0.437764920034513124	0.789332838864135028	0.288114455781071751	0.282053240041057414	0.271090020109026127	0.102362288931511286	0.0592738423937960435	0.923123640348991583	0.0412723294183680148	0.0592275786546223839	0.0370592362910878477	0.0896622569988325234	0.0189923284385436763	0.154140297593493064	0.352184991412583678	0.058135810168244332	0.0270132836057151627	0.0725554407345955221	0.186021791573076199	0.214922596188233186	0.323812817261819894
C:	0.0763721497921751043	0.108983931721445835	0.0534195280035572374	0.0812981539462342427	0.216022108280496446	0.100391266330871843	0.250107840842807499	0.248891207006031879	0.895131326141571561	0.010550512655763923	0.879410220880593536	0.015790755889446672	0.063345934950024861	0.01535423761330362	0.869302025292899942	0.484353515125695758	0.391506828750914155	0.124901352465504189	0.457632294783156493	0.0288765004545380073	0.325088342397371974	0.0560049139122654681	0.177700223704653541
G:	0.134282402555996895	0.0794640971970439694	0.227877508551737956	0.0986594420602641568	0.338002480709589572	0.133285912081368489	0.137075988888681633	0.585751849952882513	0.00483301777503449897	0.0270559212898978454	0.0241934174596823825	0.913735456360365314	0.0145700714872631754	0.859380419071193663	0.0655869975646787572	0.165724789318646135	0.135873333726584133	0.124065688261776647	0.00304036432732939849	0.88418381470706045	0.342604780736739616	0.0598280138020442873	0.423374613052653665
T:	0.41796584710722734	0.684251536039975083	0.280938043410191683	0.0307095651293665721	0.157860955228842231	0.484269581546702254	0.341726150159484741	0.0629946541095743221	0.0407618136895978964	0.039269925705346649	0.0551240322413560665	0.0112462090955656304	0.885024757271624116	0.0356030863166701937	0.0461186487038776243	0.195781397962165042	0.120434846109918034	0.692897149104474832	0.512314057283798946	0.0143842441038060207	0.146285085292812211	0.669244476097457059	0.0751123459808728989



4	G..CACGTGC	0.450160463192721257


A:	0.0751123459808728989	0.669244476097457059	0.146285085292812211	0.0143842441038060207	0.512314057283798946	0.692897149104474832	0.120434846109918034	0.195781397962165042	0.0461186487038776243	0.00968607012296341657	0.947263101524536581	0.033315232270245255	0.0204715868974589061	0.00571506886739282652	0.0162681460000062836	0.0136983507644787621	0.341726150159484741	0.484269581546702254	0.157860955228842231	0.0307095651293665721	0.280938043410191683	0.684251536039975083	0.41796584710722734
C:	0.423374613052653665	0.0598280138020442873	0.342604780736739616	0.88418381470706045	0.00304036432732939849	0.124065688261776647	0.135873333726584133	0.165724789318646135	0.0655869975646787572	0.968607012296341657	0.00331808097480320557	0.923588684145373836	0.00659367298329522975	0.016490602444416997	0.0111064992547667492	0.84545790348580741	0.137075988888681633	0.133285912081368489	0.338002480709589572	0.0986594420602641568	0.227877508551737956	0.0794640971970439694	0.134282402555996895
G:	0.177700223704653541	0.0560049139122654681	0.325088342397371974	0.0288765004545380073	0.457632294783156493	0.124901352465504189	0.391506828750914155	0.484353515125695758	0.869302025292899942	0.00434380975247903193	0.0359899104140731901	0.00310480660844375856	0.965087595418016063	0.00334418856801142427	0.951467652734472292	0.116373944050383662	0.250107840842807499	0.100391266330871843	0.216022108280496446	0.0812981539462342427	0.0534195280035572374	0.108983931721445835	0.0763721497921751043
T:	0.323812817261819894	0.214922596188233186	0.186021791573076199	0.0725554407345955221	0.0270132836057151627	0.058135810168244332	0.352184991412583678	0.154140297593493064	0.0189923284385436763	0.0173631078282158943	0.013428907086587023	0.03999127697593715	0.00784714470122980129	0.974450140120178752	0.0211577020107546753	0.024469801699330166	0.271090020109026127	0.282053240041057414	0.288114455781071751	0.789332838864135028	0.437764920034513124	0.127300435041535113	0.37137960054460066



5	C.CACGTG.C	0.448460634936390557


A:	0.807432742860551825	0.411390301754231101	0.398077233272266029	0.670619857468014461	0.244421115905819054	0.269604425404620802	0.125890423393682972	0.022926704349430266	0.0799698957205062684	0.924925386590979871	0.0240346259202200169	0.116835302782791492	0.0311791361902859897	0.066114267952435004	0.233243299491620036	0.128792040274716961	0.404657555910783528	0.110027881787688144	0.12596444520868434	0.530302653536944606	0.237311208080792281	0.74343839147538177	0.150555647043758861
C:	0.0325996346555074353	0.367945542010844255	0.111805606246942692	0.123550804597430011	0.240419817838506428	0.047615306404194935	0.452714036051785087	0.325142700230515531	0.874934951144584374	0.017793294440753656	0.888735085237325383	0.0186187413857161231	0.0689322963031623729	0.0350210042464771393	0.443222312306032779	0.474888555651585766	0.358606798174466106	0.265767589739508629	0.18142372205720107	0.1095717548157882	0.564573340442737243	0.0294983854476792352	0.133250954330016459
G:	0.0689447079098544932	0.13314143113990873	0.357140058478340902	0.121342888476035649	0.248567679860220146	0.158146778619640393	0.213255815258722721	0.633867289967344144	0.0181183374558481422	0.0465607459901221123	0.0293140658231137972	0.844025271663829189	0.00846260800668874445	0.773011289168700788	0.185424287410200913	0.195827511528354832	0.0617952426759635763	0.352371679938790716	0.0365587432570058999	0.294604412578179684	0.0645842365388063082	0.0634277735859609163	0.378061616427889739
T:	0.091022914574086247	0.0875227250950159137	0.132977102002450377	0.0844864494585198787	0.266591386395454371	0.52463348957154387	0.20813972529580922	0.0180633054527100594	0.026976815679061215	0.0107205729781443607	0.0579162230193408029	0.0205206841676631959	0.891425959499862893	0.125853438632387069	0.138110100792146272	0.20049189254534244	0.174940403238786789	0.27183284853401251	0.656053089477108689	0.0655211790690875103	0.133531214937664168	0.163635449490978079	0.33813178219833494



