1	GCACGTGC	0.499900773963087914


A:	0.383730411931151953	0.283994521659490579	0.427944372703344276	0.262069295589779182	0.754439892517376231	0.328774573235602597	0.23712933628333149	0.0177972815446516635	0.10953104540015381	0.975370382333202174	0.000769342908532149797	0.19351844455767279	0.00713379126774963644	0.00153779080964779894	0.00603391802226693851	0.324518870281577867	0.218593953731589504	0.221749941469920656	0.140875525709176504	0.217336106541334994	0.222536494872466433	0.305023822787512132
C:	0.147565590798613634	0.191926574407870578	0.23306454874777048	0.123351210024710352	0.220171953761976731	0.244839383611986286	0.303434776066187091	0.0415214299499930648	0.888494778309133305	0.000608770819283866567	0.805097222322975349	0.000614990210819710718	0.0168870555797643235	0.000436385481065086832	0.934647370483088333	0.180435741034147264	0.21184358974432621	0.15986678851305737	0.394393219138056923	0.249447067744477502	0.223905458676014983	0.213303201612695186
G:	0.152380062415880816	0.28095691834559803	0.161398646301476541	0.488477499163818443	0.00281643739533418712	0.231333523306071202	0.181571062649151503	0.934647370483088333	0.000436385481065086832	0.0168870555797643235	0.000614990210819710718	0.805097222322975349	0.000608770819283866567	0.888494778309133305	0.0415214299499930648	0.295343412285918886	0.170080921231091248	0.2369727572132472	0.140875525709176504	0.155249047181481739	0.416751915015205614	0.227214399613869534
T:	0.316323934854353597	0.243121985587040813	0.177592432247408703	0.126101995221692024	0.0225717163253128507	0.195052519846339916	0.277864825001329916	0.00603391802226693851	0.00153779080964779894	0.00713379126774963644	0.19351844455767279	0.000769342908532149797	0.975370382333202173	0.10953104540015381	0.0177972815446516635	0.199701976398355983	0.399481535292993038	0.381410512803774774	0.323855729443590068	0.377967778532705766	0.13680613143631297	0.254458575985923148



2	CACGTGC..A	0.499533475606729863


A:	0.153310133478358805	0.191650774506132565	0.954026560263754478	0.362573473047231138	0.228437425162096526	0.159327240561105112	0.0177972815446516635	0.0238604914086877157	0.987317343022314632	0.000779934731451790404	0.0562000661485042169	0.00868959005719008646	0.00351802255564312749	0.0156585788526063464	0.0868866717489237279	0.284227569186766093	0.575939422764631828	0.0113456696640098641	0.367116605290445061	0.501484215403273732	0.114339456835675009	0.338825309677734721	0.168593330743754766
C:	0.16632222918842442	0.4222573222042408	0.00170478863115256112	0.128444441179140477	0.0699972933780137208	0.0791757450542786943	0.0415214299499930648	0.973698607255659537	0.000540581228091196408	0.948457729076840036	0.000620701050453623996	0.00399014369351980768	0.000432642162114588718	0.915198232192430095	0.0795517005841164371	0.152642303629470174	0.0926463725385214034	0.0751552015630223659	0.184545189961440836	0.058517236544103482	0.316609664180144192	0.177063566836302006	0.204014976627693136
G:	0.500705977119284126	0.330304328159653764	0.0269395308533694551	0.146408612726397246	0.62981931364619034	0.708921998452819398	0.934647370483088333	0.000561972250781806191	0.00253340095566456689	0.000656088574841980393	0.942330153416812528	0.000379737213725120325	0.986979718397020991	0.0637007898449296289	0.394561292623525814	0.304602080866662425	0.198094931984013782	0.0448044718976539338	0.0286700269831355865	0.225532413406020964	0.100465517303263542	0.168985727260075842	0.375084660094122818
T:	0.179661660213932648	0.0557875751299728715	0.0173291202517235061	0.362573473047231138	0.0717459678136994141	0.0525750159317967952	0.00603391802226693851	0.00187892908487094144	0.00960867479392960438	0.0501062476168661932	0.000849079384229630698	0.986940529035564986	0.00906961688522129249	0.00544239911003393018	0.439000335043434021	0.258528046317101308	0.133319272712832987	0.868694656875313836	0.419668177764978517	0.214466134646601823	0.468585361680917257	0.315125396225887431	0.252307032534429281



3	G.CACGTGC	0.499374658791999603


A:	0.115674169543474256	0.189234497206775922	0.153310133478358805	0.191650774506132565	0.954026560263754478	0.362573473047231138	0.228437425162096526	0.159327240561105112	0.0177972815446516635	0.026953672321308361	0.988124468763856176	0.00115078667464341362	0.0478138360213563857	0.00421954828823824503	0.00190955194915770286	0.00267021526902382068	0.0868866717489237279	0.284227569186766093	0.575939422764631828	0.0113456696640098641	0.367116605290445061	0.501484215403273732	0.114339456835675009
C:	0.423804372150252131	0.273352174378000203	0.16632222918842442	0.4222573222042408	0.00170478863115256112	0.128444441179140477	0.0699972933780137208	0.0791757450542786943	0.0415214299499930648	0.970254419539654251	0.000492124874913510464	0.933969481026231277	0.000303518499640751082	0.00330950995368405686	0.000325322766278554102	0.914102089997585084	0.0795517005841164371	0.152642303629470174	0.0926463725385214034	0.0751552015630223659	0.184545189961440836	0.058517236544103482	0.316609664180144192
G:	0.152540584673457015	0.112131487484056279	0.500705977119284126	0.330304328159653764	0.0269395308533694551	0.146408612726397246	0.62981931364619034	0.708921998452819398	0.934647370483088333	0.00061822172144339172	0.00320556881634831927	0.000384409558283690579	0.950598834881898275	0.000709696090599733949	0.974535732324750008	0.0794443108906683186	0.394561292623525814	0.304602080866662425	0.198094931984013782	0.0448044718976539338	0.0286700269831355865	0.225532413406020964	0.100465517303263542
T:	0.307980873632816598	0.425281840931167595	0.179661660213932648	0.0557875751299728715	0.0173291202517235061	0.362573473047231138	0.0717459678136994141	0.0525750159317967952	0.00603391802226693851	0.00217368641759399594	0.00817783754488199399	0.0644953227408416192	0.00128381059710458784	0.991761245667477964	0.0232293929598137349	0.0037833838427227765	0.439000335043434021	0.258528046317101308	0.133319272712832987	0.868694656875313836	0.419668177764978517	0.214466134646601823	0.468585361680917257



4	C..GCACGTG	0.499351053393036421


A:	0.252307032534429281	0.315125396225887431	0.468585361680917257	0.214466134646601823	0.419668177764978517	0.868694656875313836	0.133319272712832986	0.258528046317101308	0.439000335043434021	0.0453861720909171109	0.0200129774147530364	0.987564243680675298	0.00140233599540482195	0.147204789147142151	0.00433676614105317458	0.00179850581515242814	0.00603391802226693851	0.0525750159317967952	0.071745967813699414	0.362573473047231138	0.0173291202517235061	0.0557875751299728715	0.179661660213932648
C:	0.375084660094122818	0.168985727260075842	0.100465517303263542	0.225532413406020964	0.0286700269831355865	0.0448044718976539338	0.198094931984013782	0.304602080866662425	0.394561292623525814	0.130118842303816257	0.977631818981712614	0.00100652015934322552	0.864733486136931645	0.000709898914341302065	0.00595795252175968222	0.000544584210040245191	0.934647370483088333	0.708921998452819398	0.62981931364619034	0.146408612726397246	0.0269395308533694551	0.330304328159653764	0.500705977119284126
G:	0.204014976627693136	0.177063566836302006	0.316609664180144192	0.058517236544103482	0.184545189961440836	0.0751552015630223659	0.0926463725385214034	0.152642303629470174	0.0795517005841164371	0.807056746544436392	0.000409383883559037211	0.0088379092118557243	0.000655081366538682753	0.850833495334077462	0.000877124905898935143	0.958993673118937521	0.0415214299499930648	0.0791757450542786943	0.0699972933780137208	0.128444441179140477	0.00170478863115256112	0.4222573222042408	0.16632222918842442
T:	0.168593330743754766	0.338825309677734721	0.114339456835675009	0.501484215403273732	0.367116605290445061	0.0113456696640098641	0.575939422764631828	0.284227569186766093	0.0868866717489237278	0.0174382390608302401	0.00194581971997531252	0.00259132694812575182	0.13320909650112485	0.00125181660443908462	0.988828156431288208	0.038663236855869806	0.0177972815446516635	0.159327240561105112	0.228437425162096526	0.362573473047231138	0.954026560263754478	0.191650774506132565	0.153310133478358805



5	G..CACGTGC	0.499318444995864351


A:	0.115674169543474256	0.189234497206775922	0.153310133478358805	0.191650774506132565	0.954026560263754478	0.362573473047231138	0.228437425162096526	0.159327240561105112	0.0177972815446516635	0.01549588412963617	0.989261781891127218	0.000971598215651134326	0.0466680628081745951	0.00441478866902106994	0.00160274727419247806	0.00331748210739117027	0.0868866717489237279	0.284227569186766093	0.575939422764631828	0.0113456696640098641	0.367116605290445061	0.501484215403273732	0.114339456835675009
C:	0.423804372150252131	0.273352174378000203	0.16632222918842442	0.4222573222042408	0.00170478863115256112	0.128444441179140477	0.0699972933780137208	0.0791757450542786943	0.0415214299499930648	0.982684627978645707	0.000565614943997819224	0.94302602953335334	0.000503896440907691899	0.00368177184783802647	0.000542945641649702757	0.964116128287155667	0.0795517005841164371	0.152642303629470174	0.0926463725385214034	0.0751552015630223659	0.184545189961440836	0.058517236544103482	0.316609664180144192
G:	0.152540584673457015	0.112131487484056279	0.500705977119284126	0.330304328159653764	0.0269395308533694551	0.146408612726397246	0.62981931364619034	0.708921998452819398	0.934647370483088333	0.000525804264136230739	0.00662823942872655875	0.000346416279602655769	0.951931605781305405	0.000768263462350529102	0.983262664697580145	0.0246973049069238318	0.394561292623525814	0.304602080866662425	0.198094931984013782	0.0448044718976539338	0.0286700269831355865	0.225532413406020964	0.100465517303263542
T:	0.307980873632816598	0.425281840931167595	0.179661660213932648	0.0557875751299728715	0.0173291202517235061	0.362573473047231138	0.0717459678136994141	0.0525750159317967952	0.00603391802226693851	0.00129368362758189204	0.00354436373614840351	0.0556559559713928696	0.000896434969612308381	0.991135176020790374	0.0145916423865776742	0.00786908469852933056	0.439000335043434021	0.258528046317101308	0.133319272712832987	0.868694656875313836	0.419668177764978517	0.214466134646601823	0.468585361680917257



