1	CCACGTGG	0.499340132512164904


A:	0.125756353132601127	0.18121599651139042	0.354856859930452304	0.203219954675686964	0.32052002928352058	0.144968674835501714	0.168165214326834489	0.0273561273570406252	0.0124835024218019138	0.985758366132742642	0.0024925235459603026	0.012545150553135778	0.00266493868966629304	0.000901671974071677125	0.0767366828966359112	0.0393711127111658727	0.133617337724944575	0.269975730500117918	0.125764597417021618	0.32549597769245031	0.0872956779429849438	0.229347945582438321
C:	0.256850912389617022	0.103244979544508512	0.173676779518825067	0.29438807086391184	0.11458160606207119	0.0890987034723344893	0.172728528059638818	0.6605574578851959	0.982131822826051921	0.00145359977264865769	0.983817130353028263	0.0011451955478756568	0.0101230954049424074	0.00448300277807448818	0.235349731861127563	0.212075656639298044	0.512910173518624409	0.313875715615002313	0.487877237891651193	0.25004431632274896	0.163315038232805091	0.310207410561251219
G:	0.149212482721242174	0.298819989628835035	0.112724393468111808	0.230474628210448667	0.291705133803982821	0.411699777867218241	0.593883530181217294	0.235349731861127563	0.00448300277807448818	0.0101230954049424074	0.0011451955478756568	0.983817130353028263	0.00145359977264865769	0.982131822826051921	0.6605574578851959	0.719590176534109379	0.173686656128759209	0.156582841892966476	0.174334660487874039	0.270696657439942284	0.466591295786748451	0.189046466110421146
T:	0.468180251756539677	0.416719034315266033	0.358741967082610821	0.271917346249952529	0.273193230850425408	0.354232843824945556	0.0652227274323093993	0.0767366828966359112	0.000901671974071677125	0.00266493868966629304	0.0125451505531357781	0.0024925235459603026	0.985758366132742642	0.0124835024218019138	0.0273561273570406252	0.0289630541154267039	0.179785832627671807	0.259565711991913293	0.21202350420345315	0.153763048544858446	0.282797988037461515	0.271398177745889314



2	CACGTGGG	0.499181977576924977


A:	0.18121599651139042	0.354856859930452304	0.203219954675686964	0.32052002928352058	0.144968674835501714	0.168165214326834489	0.0273561273570406252	0.00297221530268007636	0.98674304671362612	0.000914239098452052093	0.0157805285454594015	0.0012329287683266843	0.000812621361021773645	0.0034730628334562607	0.0393711127111658727	0.133617337724944575	0.269975730500117918	0.125764597417021618	0.32549597769245031	0.0872956779429849438	0.229347945582438321	0.037594065090682792
C:	0.103244979544508512	0.173676779518825067	0.29438807086391184	0.11458160606207119	0.0890987034723344893	0.172728528059638818	0.6605574578851959	0.992118000151016665	0.000770021688524098449	0.988065167980952051	0.00085604490181802138	0.0109796661967426738	0.0028566065887791459	0.193585718205144853	0.212075656639298044	0.512910173518624409	0.313875715615002313	0.487877237891651193	0.25004431632274896	0.163315038232805091	0.310207410561251219	0.0832689880045450384
G:	0.298819989628835035	0.112724393468111808	0.230474628210448667	0.291705133803982821	0.411699777867218241	0.593883530181217294	0.235349731861127563	0.00316068982470727614	0.0112820655441010365	0.00147150964772915229	0.982635338264547129	0.00105955918203798348	0.991353263098781738	0.786837304554332115	0.719590176534109379	0.173686656128759209	0.156582841892966476	0.174334660487874039	0.270696657439942284	0.466591295786748451	0.189046466110421146	0.519792985339194196
T:	0.416719034315266033	0.358741967082610821	0.271917346249952529	0.273193230850425408	0.354232843824945556	0.0652227274323093993	0.0767366828966359112	0.00174909472159598232	0.00120486605374874483	0.00954908327286674481	0.000728088288175448338	0.986727845852892658	0.00497750895141734264	0.0161039144070667713	0.0289630541154267039	0.179785832627671807	0.259565711991913293	0.21202350420345315	0.153763048544858446	0.282797988037461515	0.271398177745889314	0.359343961565577974



3	G.CACGTGC	0.499058296702392124


A:	0.0977672516705382243	0.170379177263771189	0.152386023104238414	0.17820735462472183	0.350736578580177612	0.249337409391587819	0.12983555754746998	0.0971254082621816149	0.0308123564527137503	0.00465650152858281498	0.992075798479559458	0.000820447887439786434	0.00763408981290663043	0.00110035023116127263	0.00166197360940013429	0.0311606406476627491	0.0578515435563105589	0.35617097314085744	0.171996623328959534	0.114432434385437133	0.306697188218713786	0.151840270818466153	0.657578323494331546
C:	0.262470782941597032	0.265157520014907812	0.554676518363793958	0.206124249138874996	0.233282891940011888	0.322414605702412381	0.396993373445953922	0.21192797042779032	0.307176519285217222	0.991128410530940852	0.00104749324743621359	0.991124011704123482	0.0013452713604439162	0.00925829338607262148	0.00165193343884550121	0.345828777699902917	0.388966426577368476	0.314585531051888845	0.374006549826758089	0.0697493499253098761	0.242919873376153256	0.176463262649220243	0.127697614026979695
G:	0.478373496269029656	0.328662269696496934	0.0925840337303448797	0.205938753525342672	0.122866589484400861	0.171927252117070841	0.303319366846094603	0.604268064788923414	0.640273615911939882	0.00314056016861427376	0.00275380339221605414	0.00290416332624761905	0.989799669838106951	0.00135208695660975	0.991556323965945681	0.598051946311861941	0.374230091497035211	0.173768163487886517	0.25018101668495828	0.40885586846549917	0.242357218073561425	0.0824611641784405179	0.0854423095047967007
T:	0.161388469118835088	0.235801033024824065	0.200353424801622748	0.409729642711060502	0.29311393999540964	0.25632073278892896	0.169851702160481495	0.0866785565211046502	0.0217375083501291463	0.00107452777186205958	0.00412290488078827399	0.0051513770821891125	0.00122096898854250249	0.988289269426156356	0.0051297689858086836	0.0249586353405723922	0.178951938369285754	0.155475332319367198	0.203815810159324097	0.406962347223753821	0.208025720331571533	0.589235302353873087	0.129281752973892059



4	CCACGTG.C	0.499039981231787425


A:	0.271398177745889314	0.282797988037461515	0.153763048544858446	0.21202350420345315	0.259565711991913293	0.179785832627671807	0.0289630541154267039	0.0249586353405723922	0.00726825149665208705	0.990266727770110523	0.0012439976368487876	0.00833905234932475314	0.00218077083538484315	0.000945889137961823546	0.0767366828966359112	0.0652227274323093993	0.354232843824945556	0.273193230850425408	0.271917346249952529	0.358741967082610821	0.416719034315266033	0.468180251756539677	0.0821211679492896638
C:	0.189046466110421146	0.466591295786748451	0.270696657439942284	0.174334660487874039	0.156582841892966476	0.173686656128759209	0.719590176534109379	0.598051946311861941	0.990012031834289705	0.000593056318532956549	0.981646159923218415	0.00115970055991416427	0.00903228287537447013	0.00289412524568273725	0.235349731861127563	0.593883530181217294	0.411699777867218241	0.291705133803982821	0.230474628210448667	0.112724393468111808	0.298819989628835035	0.149212482721242174	0.215868042515875575
G:	0.310207410561251219	0.163315038232805091	0.25004431632274896	0.487877237891651193	0.313875715615002313	0.512910173518624409	0.212075656639298044	0.345828777699902917	0.0017445888973822186	0.0054694000128626432	0.000570529215671914898	0.989316950578807508	0.000552402790538494005	0.989399048369112163	0.6605574578851959	0.172728528059638818	0.0890987034723344893	0.11458160606207119	0.29438807086391184	0.173676779518825067	0.103244979544508512	0.256850912389617022	0.201857297886371173
T:	0.229347945582438321	0.0872956779429849438	0.32549597769245031	0.125764597417021618	0.269975730500117918	0.133617337724944575	0.0393711127111658727	0.0311606406476627491	0.000975127771675989658	0.00367081589849387718	0.0165393132242608826	0.00118429651195357436	0.988234543498702193	0.00676093724724327613	0.0273561273570406252	0.168165214326834489	0.144968674835501714	0.32052002928352058	0.203219954675686964	0.354856859930452304	0.18121599651139042	0.125756353132601127	0.500153491648463588



5	C.CACGTG.C	0.498956635550945819


A:	0.0649369933306449403	0.351827844079473017	0.164783859893001022	0.477107421173940038	0.155444799037791064	0.086444559507789382	0.104040652083589008	0.0249586353405723922	0.00714398843505479556	0.986176091805393293	0.00193456367736264571	0.00859367909380887689	0.00349554795676346877	0.00140993406195537791	0.125019320537057601	0.0784151084470822756	0.216458773052852878	0.352706078827321746	0.211184159104987147	0.187551949893593581	0.171433601052451638	0.284118863082266241	0.0642666793817389461
C:	0.158517224303046194	0.252418512334642671	0.0751144557150708467	0.265408799231169665	0.190545536445091307	0.066720639150204912	0.326703874545037212	0.598051946311861941	0.987939196730557275	0.000730711826210380878	0.981350854710476556	0.0020602983871299143	0.00497096604550432412	0.00773787220795116966	0.348232049226339357	0.512003777477026773	0.583728385510459768	0.367551405109725094	0.0853174669480631268	0.275464809376063666	0.442274469007718952	0.264402325875095195	0.183460011471439444
G:	0.498636389120659103	0.310770041856621152	0.327217506651598149	0.150232647243717834	0.356694913631761871	0.349330035968589983	0.534105807323289077	0.345828777699902917	0.00369061410792620115	0.00862441287719248179	0.00078164499289232596	0.987786310637966181	0.00151586545108774775	0.987708770380041399	0.501779285868812066	0.366513141665589224	0.0658322597178307476	0.132732648982726147	0.0714174543483058663	0.237111923618133388	0.0724780333887752444	0.14246389012516911	0.482274725761250371
T:	0.277909393245649762	0.0849836017292631597	0.432884177740329982	0.107251132351172463	0.297314750885355757	0.497504765373415723	0.0351496660480847029	0.0311606406476627491	0.00122620072646172792	0.00446878349120384409	0.0159329366192684723	0.00155971188109502819	0.990017620546644459	0.00314342335005205344	0.024969344367790976	0.0430679724103017266	0.133980581718856606	0.147009867080227014	0.63208091959864386	0.299871317112209366	0.313813896551054166	0.309014920917469455	0.269998583385571239



