1	GCACGTGC	0.499782943044254812


A:	0.12147882124368178	0.278991869735864951	0.186185915616250267	0.932061137066171746	0.243277378765399853	0.302343173005856891	0.223212122700919308	0.0329833378246067973	0.0186371179180231771	0.957338522961989133	0.0100076832008472254	0.0174905484796061119	0.00612372953432025182	0.00988124754207804036	0.0711240164030258235	0.0827265350044233646	0.218081251390357884	0.64031257440050716	0.00462260416333500613	0.285427590211289572	0.439665009507166669	0.123749637563884439
C:	0.500310220759512453	0.134230135839302921	0.427472261225526841	0.0308777983772057919	0.114382459434467617	0.205267539876721278	0.272435566589729797	0.0171072351602873514	0.968204258123557688	0.00189535392757636586	0.969516369361747643	0.00298539895779902005	0.0346423935761142492	0.00327737641634109485	0.878785410612080028	0.19486680184390865	0.239979250458835074	0.0956281114297769932	0.0977883602468506667	0.272907475099499892	0.0609908490037562497	0.416416627585858863
G:	0.217746657092370037	0.363829963396552252	0.285214349638006116	0.0182135510097501397	0.138965673122857199	0.426126583506962089	0.450805511816001214	0.878785410612080028	0.00327737641634109485	0.0346423935761142492	0.00298539895779902005	0.969516369361747643	0.00189535392757636586	0.968204258123557688	0.0171072351602873514	0.253718384465124968	0.323858246760449157	0.197605324012105628	0.041617182122240907	0.0370037521632958846	0.318850439677031012	0.194389983044501183
T:	0.16046430090443573	0.222948031028279876	0.101127473520216775	0.018847513546872322	0.503374488677275331	0.0662627036104597421	0.0535467988933496809	0.0711240164030258235	0.00988124754207804036	0.00612372953432025182	0.0174905484796061119	0.0100076832008472254	0.957338522961989133	0.0186371179180231771	0.0329833378246067973	0.468688278686543017	0.218081251390357884	0.0664539901576102192	0.85597185346757342	0.404661182525914651	0.18049370181204607	0.265443751805755516



2	CACGTGC..A	0.49875262626763942


A:	0.278991869735864951	0.186185915616250267	0.932061137066171746	0.243277378765399853	0.302343173005856891	0.223212122700919308	0.0329833378246067973	0.00450199659971313188	0.985862956372717012	0.00494624669786598711	0.0130685835724254217	0.011477974777248019	0.00886040765973664546	0.104891790700697922	0.0827265350044233646	0.218081251390357884	0.64031257440050716	0.00462260416333500613	0.285427590211289572	0.439665009507166669	0.123749637563884439	0.379674507260145235	0.159053861862143294
C:	0.134230135839302921	0.427472261225526841	0.0308777983772057919	0.114382459434467617	0.205267539876721278	0.272435566589729797	0.0171072351602873514	0.975734863828064956	0.00196372511373662486	0.978111075418328832	0.00324548439901106138	0.00697403936653577246	0.00295169265461890769	0.853851478585499755	0.19486680184390865	0.239979250458835074	0.0956281114297769932	0.0977883602468506667	0.272907475099499892	0.0609908490037562497	0.416416627585858863	0.194137720158038439	0.279315245315424791
G:	0.363829963396552252	0.285214349638006116	0.0182135510097501397	0.138965673122857199	0.426126583506962089	0.450805511816001214	0.878785410612080028	0.0032717480455420804	0.0071731484464799453	0.00227567910755891796	0.979908815190489855	0.00136928908791547757	0.981961630436461547	0.0324609782909840448	0.253718384465124968	0.323858246760449157	0.197605324012105628	0.041617182122240907	0.0370037521632958846	0.318850439677031012	0.194389983044501183	0.24852761272106394	0.335402875301092638
T:	0.222948031028279876	0.101127473520216775	0.018847513546872322	0.503374488677275331	0.0662627036104597421	0.0535467988933496809	0.0711240164030258235	0.0164913915266798319	0.00500017006706641747	0.014666998776246263	0.00377711683807366173	0.980178696768300731	0.00622626924918289962	0.00879575242281827877	0.468688278686543017	0.218081251390357884	0.0664539901576102192	0.85597185346757342	0.404661182525914651	0.18049370181204607	0.265443751805755516	0.177660159860752386	0.226228017521339277



3	AGCACGTG	0.498160578688768673


A:	0.177660159860752386	0.265443751805755516	0.18049370181204607	0.404661182525914651	0.85597185346757342	0.0664539901576102192	0.218081251390357884	0.468688278686543017	0.0194749742049790387	0.00794800540288336531	0.977039577387283774	0.0125062399105181905	0.0108361534694596663	0.00321661342893078312	0.0224858407639626595	0.0711240164030258235	0.0535467988933496809	0.0662627036104597421	0.503374488677275331	0.018847513546872322	0.101127473520216775	0.222948031028279876
C:	0.24852761272106394	0.194389983044501183	0.318850439677031012	0.0370037521632958846	0.041617182122240907	0.197605324012105628	0.323858246760449157	0.253718384465124968	0.0357471668571053424	0.966524220289219267	0.00377265290003995313	0.964007433530653322	0.00442839746636486224	0.00637665246806732016	0.00323192455481645815	0.878785410612080028	0.450805511816001214	0.426126583506962089	0.138965673122857199	0.0182135510097501397	0.285214349638006116	0.363829963396552252
G:	0.194137720158038439	0.416416627585858863	0.0609908490037562497	0.272907475099499892	0.0977883602468506667	0.0956281114297769932	0.239979250458835074	0.19486680184390865	0.804607687029339475	0.00381967548237691051	0.0114859059936953607	0.00263985688355713725	0.977780687084604176	0.00556088570275201728	0.965431869023850388	0.0171072351602873514	0.272435566589729797	0.205267539876721278	0.114382459434467617	0.0308777983772057919	0.427472261225526841	0.134230135839302921
T:	0.379674507260145235	0.123749637563884439	0.439665009507166669	0.285427590211289572	0.00462260416333500613	0.64031257440050716	0.218081251390357884	0.0827265350044233646	0.140170171908576144	0.0217080988255204573	0.00770186371898091242	0.0208464696752713501	0.00695476197957129561	0.984845848400249879	0.00885036565737049402	0.0329833378246067973	0.223212122700919308	0.302343173005856891	0.243277378765399853	0.932061137066171746	0.186185915616250267	0.278991869735864951



4	G..CACGTGC	0.49775682382133995


A:	0.290216577612943936	0.12147882124368178	0.278991869735864951	0.186185915616250267	0.932061137066171746	0.243277378765399853	0.302343173005856891	0.223212122700919308	0.0329833378246067973	0.00598063402673375886	0.975234924719503284	0.00918931845287916205	0.0142174995594128265	0.00491818196955216928	0.0132916346967085802	0.0805155055590837708	0.0827265350044233646	0.218081251390357884	0.64031257440050716	0.00462260416333500613	0.285427590211289572	0.439665009507166669	0.123749637563884439
C:	0.286019958632710365	0.500310220759512453	0.134230135839302921	0.427472261225526841	0.0308777983772057919	0.114382459434467617	0.205267539876721278	0.272435566589729797	0.0171072351602873514	0.943081933525875815	0.00226643268718242483	0.977565099188073094	0.00342454387143275471	0.0140513668311105256	0.00576509751446463199	0.874045855398034016	0.19486680184390865	0.239979250458835074	0.0956281114297769932	0.0977883602468506667	0.272907475099499892	0.0609908490037562497	0.416416627585858863
G:	0.147048553308756195	0.217746657092370037	0.363829963396552252	0.285214349638006116	0.0182135510097501397	0.138965673122857199	0.426126583506962089	0.450805511816001214	0.878785410612080028	0.0056614266831604616	0.0201187965689049278	0.00343195920261743354	0.976053919801864319	0.00351695424816912265	0.963924999995596261	0.0182841328138119273	0.253718384465124968	0.323858246760449157	0.197605324012105628	0.041617182122240907	0.0370037521632958846	0.318850439677031012	0.194389983044501183
T:	0.276714910445589504	0.16046430090443573	0.222948031028279876	0.101127473520216775	0.018847513546872322	0.503374488677275331	0.0662627036104597421	0.0535467988933496809	0.0711240164030258235	0.0452760057642299644	0.0023798460244093638	0.00981362315643030992	0.00630403676729010014	0.977513496951168182	0.0170182677932305267	0.0271545062290702863	0.468688278686543017	0.218081251390357884	0.0664539901576102192	0.85597185346757342	0.404661182525914651	0.18049370181204607	0.265443751805755516



5	G.CACGTGC	0.497144606018495542


A:	0.290216577612943936	0.12147882124368178	0.278991869735864951	0.186185915616250267	0.932061137066171746	0.243277378765399853	0.302343173005856891	0.223212122700919308	0.0329833378246067973	0.00443276865353204466	0.988327304063835126	0.00420984265345078187	0.00753356354512095604	0.0043708258121718988	0.00515170909164654977	0.0868390534861992979	0.0827265350044233646	0.218081251390357884	0.64031257440050716	0.00462260416333500613	0.285427590211289572	0.439665009507166669	0.123749637563884439
C:	0.286019958632710365	0.500310220759512453	0.134230135839302921	0.427472261225526841	0.0308777983772057919	0.114382459434467617	0.205267539876721278	0.272435566589729797	0.0171072351602873514	0.979557433667365441	0.00163433738056995826	0.980998268678685516	0.0018866210092425027	0.00859026208484158876	0.0015370407218887519	0.850267117414632565	0.19486680184390865	0.239979250458835074	0.0956281114297769932	0.0977883602468506667	0.272907475099499892	0.0609908490037562497	0.416416627585858863
G:	0.147048553308756195	0.217746657092370037	0.363829963396552252	0.285214349638006116	0.0182135510097501397	0.138965673122857199	0.426126583506962089	0.450805511816001214	0.878785410612080028	0.00403539073315298181	0.00624868342226453461	0.00156098271172595958	0.986037643048331545	0.00151332501975300205	0.985474568942943473	0.0506460323005056547	0.253718384465124968	0.323858246760449157	0.197605324012105628	0.041617182122240907	0.0370037521632958846	0.318850439677031012	0.194389983044501183
T:	0.276714910445589504	0.16046430090443573	0.222948031028279876	0.101127473520216775	0.018847513546872322	0.503374488677275331	0.0662627036104597421	0.0535467988933496809	0.0711240164030258235	0.0119744069459495326	0.00378967513333038127	0.0132309059561377429	0.00454217239730499598	0.98552558708323351	0.00783668124352122515	0.0122477967986624828	0.468688278686543017	0.218081251390357884	0.0664539901576102192	0.85597185346757342	0.404661182525914651	0.18049370181204607	0.265443751805755516



