1	CCACGTG.C	0.498927986500570748


A:	0.220087838367979786	0.209231063796629565	0.221846263352638494	0.273895027942692642	0.162008044092456271	0.257342082176879652	0.156952743086023513	0.159749018944592087	0.0106681329506557347	0.986435523947827658	0.00117453808828689584	0.0304261535929950399	0.0126304274752107622	0.00251734398164410776	0.0399152919032209481	0.122248977620709121	0.268630747530787939	0.128425298694272054	0.430318822246207464	0.223644273467599519	0.0759412703968449906	0.252132479520504259	0.103689799569467767
C:	0.44093662360489637	0.284156664876723103	0.515040750046403094	0.0821761028623957087	0.584634242982593791	0.209125016746336638	0.106828880857050322	0.404077698897346068	0.985337118181977022	0.00406294429658600775	0.980490121524515041	0.000897350732035692278	0.00430968959018406163	0.00043826020477197436	0.378208632993278798	0.655896088005936837	0.123365225705525663	0.178113893885951175	0.130743899120029362	0.257785384588901346	0.231077830420180398	0.388026986384198436	0.230651718059013583
G:	0.204244838172063056	0.372832477773185597	0.128161055889234503	0.160747341175164693	0.16755155046333446	0.217358924854119671	0.560934308710425823	0.42693301949072135	0.00107336639406541748	0.00201705228910202753	0.000708158158120966732	0.968053597202228166	0.00113065203700304407	0.9732791361613436	0.274699771529791423	0.060894346779813695	0.205211275281702048	0.357159286607039186	0.176026545561313438	0.505858820465531551	0.276972406540949792	0.231802245431307942	0.585719227581958184
T:	0.134730699855060788	0.133779793553461735	0.134951930711723909	0.483181528019746956	0.0858061624616154785	0.316173976222664039	0.175284067346500342	0.00924026266734049532	0.00292138247330182585	0.00748447946648430669	0.0176271822290770963	0.000622898472741101943	0.981929230897602132	0.0237652596522403179	0.307176303573708831	0.160960587593540346	0.40279275148198435	0.336301520812737585	0.262910733072449735	0.0127115214779675834	0.41600849264202482	0.128038288663989363	0.0799392547895604659



2	GCACGTGC	0.498815489184361977


A:	0.320507780609999493	0.207091516938496767	0.166000971404494315	0.35671161160886156	0.45648910848947224	0.348853459800963478	0.244918428249226877	0.100097921555590482	0.0782291901371139548	0.966818453329884232	0.000970412190371620195	0.0804694332014530222	0.00796107632882453539	0.00419221896460622263	0.0129158314549862456	0.110337693444585064	0.177233143749554543	0.117550749133891131	0.514919592749999444	0.220799639988159766	0.191652077760905718	0.429736682123587017
C:	0.317386895598997773	0.193849676513422627	0.507903261022841922	0.00287197814460035831	0.1463342489906637	0.264777259637303228	0.074897271308953593	0.192128909226199395	0.917247382952923788	0.00355549483295301511	0.917711517109287734	0.000848637498887623411	0.0216649755083382176	0.000331207945356034329	0.694857337763223877	0.386530301349937032	0.129608129405248051	0.21138010575372524	0.0930341822180470381	0.0335595819930021798	0.120739086171161023	0.244174204186449325
G:	0.143671894899285462	0.506476264860780507	0.077478268301912897	0.570874276739840236	0.188224186629445131	0.202231201784213229	0.561523126891398602	0.694857337763223877	0.000331207945356034328	0.0216649755083382176	0.000848637498887623411	0.917711517109287734	0.00355549483295301511	0.917247382952923788	0.192128909226199395	0.106437803285609716	0.285942168726432968	0.360036448020157773	0.154501393046970037	0.658199750815408185	0.0566234774347766065	0.180173455881884223
T:	0.218433428891717272	0.0925825416873000991	0.248617499270750866	0.0695421335066978455	0.20895245589041893	0.184138078777520065	0.118661173550420928	0.0129158314549862456	0.00419221896460622263	0.00796107632882453539	0.0804694332014530222	0.000970412190371620195	0.966818453329884232	0.0782291901371139548	0.100097921555590482	0.396694201919868188	0.407216558118764438	0.311032697092225856	0.237544831984983481	0.0874410272034298692	0.630985358633156652	0.145915657808079436



3	G.CACGTG.C	0.498629508359378876


A:	0.220087838367979786	0.209231063796629565	0.221846263352638494	0.273895027942692642	0.162008044092456271	0.257342082176879652	0.156952743086023513	0.159749018944592087	0.0517699052885696465	0.979709545899614993	0.000735994415560831509	0.099974062349855113	0.0108492523630521674	0.00327144086500991206	0.0399152919032209481	0.175284067346500342	0.268630747530787939	0.128425298694272054	0.430318822246207464	0.223644273467599519	0.0759412703968449906	0.252132479520504259	0.103689799569467767
C:	0.44093662360489637	0.284156664876723103	0.515040750046403094	0.0821761028623957087	0.584634242982593791	0.209125016746336638	0.106828880857050322	0.404077698897346068	0.944140964128540817	0.00526331436968432353	0.898564732435250468	0.000725210799333587908	0.00417788736764851621	0.000817689717879624465	0.378208632993278798	0.560934308710425823	0.123365225705525663	0.178113893885951175	0.130743899120029362	0.257785384588901346	0.231077830420180398	0.388026986384198436	0.230651718059013583
G:	0.204244838172063056	0.372832477773185597	0.128161055889234503	0.160747341175164693	0.16755155046333446	0.217358924854119671	0.560934308710425823	0.42693301949072135	0.000817689717879624465	0.00417788736764851621	0.000725210799333587908	0.898564732435250468	0.00526331436968432353	0.944140964128540817	0.274699771529791423	0.106828880857050322	0.205211275281702048	0.357159286607039186	0.176026545561313438	0.505858820465531551	0.276972406540949792	0.231802245431307942	0.585719227581958184
T:	0.134730699855060788	0.133779793553461735	0.134951930711723909	0.483181528019746956	0.0858061624616154785	0.316173976222664039	0.175284067346500342	0.00924026266734049532	0.00327144086500991206	0.0108492523630521674	0.099974062349855113	0.000735994415560831509	0.979709545899614993	0.0517699052885696465	0.307176303573708831	0.156952743086023513	0.40279275148198435	0.336301520812737585	0.262910733072449735	0.0127115214779675834	0.41600849264202482	0.128038288663989363	0.0799392547895604659



4	A.CACGTGC	0.498312571343490992


A:	0.0209812791575317571	0.320507780609999493	0.207091516938496767	0.166000971404494315	0.35671161160886156	0.45648910848947224	0.348853459800963478	0.244918428249226877	0.100097921555590482	0.0175336306530844092	0.983547713965641164	0.000607453365127586112	0.0227286142104678644	0.00587241674458753146	0.00399678657560297802	0.0201053134453413762	0.110337693444585064	0.177233143749554543	0.117550749133891131	0.514919592749999444	0.220799639988159766	0.191652077760905718	0.429736682123587017
C:	0.332580335304717487	0.317386895598997773	0.193849676513422627	0.507903261022841922	0.00287197814460035831	0.1463342489906637	0.264777259637303228	0.074897271308953593	0.192128909226199395	0.978500738532472338	0.0064116824316324952	0.964539370682257106	0.000858076227853318576	0.0211736133235446026	0.000532980055834923078	0.583010584784477915	0.386530301349937032	0.129608129405248051	0.21138010575372524	0.0930341822180470381	0.0335595819930021798	0.120739086171161023	0.244174204186449325
G:	0.155702910136419	0.143671894899285462	0.506476264860780507	0.077478268301912897	0.570874276739840236	0.188224186629445131	0.202231201784213229	0.561523126891398602	0.694857337763223877	0.000780829233266437619	0.00482267275050543292	0.000946982947221274496	0.975372664886886953	0.00263276813542233445	0.964199936044359684	0.279948581686999943	0.106437803285609716	0.285942168726432968	0.360036448020157773	0.154501393046970037	0.658199750815408185	0.0566234774347766065	0.180173455881884223
T:	0.490735475401331756	0.218433428891717272	0.0925825416873000991	0.248617499270750866	0.0695421335066978455	0.20895245589041893	0.184138078777520065	0.118661173550420928	0.0129158314549862456	0.00318480158117681472	0.00521793085222090804	0.0339061930053940331	0.00104064467479186432	0.970321201796445532	0.0312702973242024147	0.116935520083180767	0.396694201919868188	0.407216558118764438	0.311032697092225856	0.237544831984983481	0.0874410272034298692	0.630985358633156652	0.145915657808079436



5	C..GCACGTG	0.498308921488912556


A:	0.219084659313745072	0.225193771880155129	0.145915657808079436	0.630985358633156652	0.0874410272034298692	0.237544831984983481	0.311032697092225856	0.407216558118764438	0.396694201919868188	0.164584192477169216	0.0400319744908978021	0.943975073356468874	0.00111719061217620419	0.0300384379668991278	0.00826164709475861376	0.00291332119872763409	0.0129158314549862456	0.118661173550420928	0.184138078777520065	0.20895245589041893	0.0695421335066978455	0.248617499270750866	0.0925825416873000991
C:	0.336599445492827566	0.152403588419881501	0.180173455881884223	0.0566234774347766065	0.658199750815408185	0.154501393046970037	0.360036448020157773	0.285942168726432967	0.106437803285609716	0.205892580824848256	0.954307607100860438	0.0079177627743930517	0.942422425780667408	0.00128054858863379541	0.0208446548266432683	0.00105618043071207519	0.694857337763223877	0.561523126891398602	0.202231201784213229	0.188224186629445131	0.570874276739840236	0.077478268301912897	0.506476264860780507
G:	0.132921224856856279	0.103767574928841962	0.244174204186449325	0.120739086171161023	0.0335595819930021798	0.0930341822180470381	0.21138010575372524	0.129608129405248051	0.386530301349937032	0.597174452395429464	0.000775849507165803283	0.0384693891537133532	0.00154863602016407344	0.96676383436018212	0.00684690847448334536	0.936594787702431759	0.192128909226199395	0.074897271308953593	0.264777259637303228	0.1463342489906637	0.00287197814460035831	0.507903261022841922	0.193849676513422627
T:	0.311394670336571083	0.518635064771121408	0.429736682123587017	0.191652077760905718	0.220799639988159766	0.514919592749999444	0.117550749133891131	0.177233143749554543	0.110337693444585064	0.0323487743025530643	0.00488456890107595705	0.00963777471542472107	0.0549117475869923142	0.00191717908428495678	0.964046789604114773	0.0594357106681285314	0.100097921555590482	0.244918428249226877	0.348853459800963478	0.45648910848947224	0.35671161160886156	0.166000971404494315	0.207091516938496767



