1	GCACGTGC	0.499871617618013036


A:	0.394141384694386345	0.351022902424658916	0.0517119386010927492	0.504073563822580373	0.238763014264617053	0.23312562644152096	0.342334772844110067	0.0604807753986662815	0.0569463131695000786	0.97833635688101529	0.000290406572164163928	0.0785006976318673984	0.0030256283023862323	0.00083818017711450462	0.00791590306408841605	0.166852294972286666	0.274560233349278938	0.323568009340760154	0.388949997166874192	0.767411498464697621	0.530893662934138746	0.550669033240166739
C:	0.0357170911191512832	0.254963502134608367	0.0707708734007911008	0.155139298219160221	0.0430789088435592357	0.156274715689446883	0.151018213480712439	0.010438364535634683	0.941578247346518033	0.000688932864821919248	0.919723873341700436	0.00148502245426800206	0.017949081951776559	0.000637259306867383457	0.921164957001610619	0.0862091499408912003	0.248531442448420537	0.237157845899379836	0.0923182047250602171	0.0581786672059647566	0.20743992463425081	0.168895334595835396
G:	0.272679216852451358	0.100171846370146544	0.0603227203148827679	0.22224371241261574	0.0685187066828008952	0.177453072232557761	0.432366473682450491	0.921164957001610619	0.000637259306867383457	0.017949081951776559	0.00148502245426800206	0.919723873341700436	0.000688932864821919248	0.941578247346518033	0.010438364535634683	0.498571328166148954	0.331809424687073015	0.133129183786277407	0.126070586710165665	0.093800147657823212	0.0380297994319045161	0.0490188085663719442
T:	0.297462307334011014	0.293841749070586172	0.817194467683233382	0.118543425545643666	0.649639370209022817	0.433146585636474397	0.0742805399927270033	0.00791590306408841605	0.00083818017711450462	0.0030256283023862323	0.0785006976318673984	0.000290406572164163928	0.978336356881015289	0.0569463131695000786	0.0604807753986662815	0.24836722692067318	0.14509889951522751	0.306144960973582603	0.392661211397899926	0.0806096866715144102	0.223636612999705928	0.23141682359762592



2	GCACGTG..A	0.499114315817200053


A:	0.23141682359762592	0.223636612999705928	0.0806096866715144102	0.392661211397899926	0.306144960973582603	0.14509889951522751	0.24836722692067318	0.119872232988468888	0.018927605544594928	0.986555068272165214	0.000432938824702030939	0.0448284688001368225	0.00274291030366276631	0.000613766996098045823	0.00791590306408841605	0.0742805399927270033	0.433146585636474397	0.649639370209022817	0.118543425545643666	0.817194467683233382	0.293841749070586172	0.297462307334011014	0.101457446997920182
C:	0.0490188085663719442	0.0380297994319045161	0.093800147657823212	0.126070586710165665	0.133129183786277407	0.331809424687073015	0.498571328166148954	0.0549105881485226494	0.979431327274892574	0.000557354942257228965	0.972248868462116837	0.000771530960786359379	0.00395822154374009307	0.00188284981935507794	0.921164957001610619	0.432366473682450491	0.177453072232557761	0.0685187066828008952	0.22224371241261574	0.0603227203148827679	0.100171846370146544	0.272679216852451358	0.0297369805999945997
G:	0.168895334595835396	0.20743992463425081	0.0581786672059647566	0.0923182047250602171	0.237157845899379836	0.248531442448420537	0.0862091499408912003	0.80418749385503148	0.00059053641994584784	0.0100664823239103698	0.00118811566649125684	0.953867803509541619	0.00128105107315844995	0.981647326543861789	0.010438364535634683	0.151018213480712439	0.156274715689446883	0.0430789088435592357	0.155139298219160221	0.0707708734007911008	0.254963502134608367	0.0357170911191512832	0.776979510891815293
T:	0.550669033240166739	0.530893662934138746	0.767411498464697621	0.388949997166874192	0.323568009340760154	0.274560233349278938	0.166852294972286666	0.0210296850079769828	0.00105053076056664989	0.00282109446166718765	0.0261300770466898752	0.000532196729535199393	0.992017817079438691	0.0158560566406850874	0.0604807753986662815	0.342334772844110067	0.23312562644152096	0.238763014264617053	0.504073563822580373	0.0517119386010927492	0.351022902424658916	0.394141384694386345	0.091826061510269925



3	A..GCACGTG	0.499055415617128463


A:	0.394724914496393949	0.515595430987439478	0.23141682359762592	0.223636612999705928	0.0806096866715144102	0.392661211397899926	0.306144960973582603	0.14509889951522751	0.24836722692067318	0.158488721217131163	0.0208998699264522607	0.987689116017104524	0.000544757970809389408	0.0327207881345405067	0.0031555087973400826	0.000890389771506311467	0.00791590306408841605	0.0742805399927270033	0.433146585636474397	0.649639370209022817	0.118543425545643666	0.817194467683233382	0.293841749070586172
C:	0.325225211824142203	0.21904563290973298	0.0490188085663719442	0.0380297994319045161	0.093800147657823212	0.126070586710165665	0.133129183786277407	0.331809424687073015	0.498571328166148954	0.038966831631220389	0.97763549573336834	0.000518408783616365878	0.965770212594259182	0.000683328467326673407	0.00518773500464623211	0.000470430784704630673	0.921164957001610619	0.432366473682450491	0.177453072232557761	0.0685187066828008952	0.22224371241261574	0.0603227203148827679	0.100171846370146544
G:	0.174393342239453591	0.128091275462107641	0.168895334595835396	0.20743992463425081	0.0581786672059647566	0.0923182047250602171	0.237157845899379836	0.248531442448420537	0.0862091499408912003	0.794850986523924126	0.00041883705120030227	0.00919115876496087195	0.000682860446140920105	0.966090369543546341	0.000823829590178844253	0.970896326566339413	0.010438364535634683	0.151018213480712439	0.156274715689446883	0.0430789088435592357	0.155139298219160221	0.0707708734007911008	0.254963502134608367
T:	0.105656531440010258	0.137267660640719901	0.550669033240166739	0.530893662934138746	0.767411498464697621	0.388949997166874192	0.323568009340760154	0.274560233349278938	0.166852294972286666	0.00769346062772432279	0.00104579728897909745	0.00260131643431823776	0.0330021689887905081	0.000505513854586478727	0.990832926607834841	0.0277428528774496446	0.0604807753986662815	0.342334772844110067	0.23312562644152096	0.238763014264617053	0.504073563822580373	0.0517119386010927492	0.351022902424658916



4	C.GCACGTG	0.499052281932233528


A:	0.394724914496393949	0.515595430987439478	0.23141682359762592	0.223636612999705928	0.0806096866715144102	0.392661211397899926	0.306144960973582603	0.14509889951522751	0.24836722692067318	0.0483744148440864898	0.0200649701072524055	0.987073271078574476	0.000449157642599822718	0.0428954852752600957	0.00418530297296121857	0.00118691027596249741	0.00791590306408841605	0.0742805399927270033	0.433146585636474397	0.649639370209022817	0.118543425545643666	0.817194467683233382	0.293841749070586172
C:	0.325225211824142203	0.21904563290973298	0.0490188085663719442	0.0380297994319045161	0.093800147657823212	0.126070586710165665	0.133129183786277407	0.331809424687073015	0.498571328166148954	0.0418704520299788267	0.978608267571714341	0.000649493516976863549	0.967053560434635739	0.000714111047880051517	0.00392081532014325413	0.000364784343526816472	0.921164957001610619	0.432366473682450491	0.177453072232557761	0.0685187066828008952	0.22224371241261574	0.0603227203148827679	0.100171846370146544
G:	0.174393342239453591	0.128091275462107641	0.168895334595835396	0.20743992463425081	0.0581786672059647566	0.0923182047250602171	0.237157845899379836	0.248531442448420537	0.0862091499408912003	0.89475724639692427	0.000764934209731644351	0.0104390143456023781	0.000870497102122756872	0.955903885483512504	0.000739860058269610636	0.978481092866414449	0.010438364535634683	0.151018213480712439	0.156274715689446883	0.0430789088435592357	0.155139298219160221	0.0707708734007911008	0.254963502134608367
T:	0.105656531440010258	0.137267660640719901	0.550669033240166739	0.530893662934138746	0.767411498464697621	0.388949997166874192	0.323568009340760154	0.274560233349278938	0.166852294972286666	0.0149978867290104131	0.000561828111301609065	0.0018382210588462826	0.0316267848206416809	0.000486518193347349156	0.991154021648625917	0.0199672125140962366	0.0604807753986662815	0.342334772844110067	0.23312562644152096	0.238763014264617053	0.504073563822580373	0.0517119386010927492	0.351022902424658916



5	CACGTGCG	0.498972069936286857


A:	0.351022902424658916	0.0517119386010927492	0.504073563822580373	0.238763014264617053	0.23312562644152096	0.342334772844110067	0.0604807753986662815	0.0381625763143560109	0.990512523437616461	0.000367158081970088069	0.0248668264550871905	0.00309891911743797326	0.00140904492116635627	0.00323885319297558409	0.166852294972286666	0.274560233349278938	0.323568009340760154	0.388949997166874192	0.767411498464697621	0.530893662934138746	0.550669033240166739	0.137267660640719901
C:	0.254963502134608367	0.0707708734007911008	0.155139298219160221	0.0430789088435592357	0.156274715689446883	0.151018213480712439	0.010438364535634683	0.960245229617551223	0.00116402144361627078	0.940587084052080204	0.00123620245368702158	0.0105855979679595988	0.000439073623846235288	0.840200668505449037	0.0862091499408912003	0.248531442448420537	0.237157845899379836	0.0923182047250602171	0.0581786672059647566	0.20743992463425081	0.168895334595835396	0.128091275462107641
G:	0.100171846370146544	0.0603227203148827679	0.22224371241261574	0.0685187066828008952	0.177453072232557761	0.432366473682450491	0.921164957001610619	0.000601718660901357817	0.00524475876090394	0.00104962838175185984	0.973508171471914987	0.000518327167327448576	0.976914221782650641	0.0857243010863107324	0.498571328166148954	0.331809424687073015	0.133129183786277407	0.126070586710165665	0.093800147657823212	0.0380297994319045161	0.0490188085663719442	0.21904563290973298
T:	0.293841749070586172	0.817194467683233382	0.118543425545643666	0.649639370209022817	0.433146585636474397	0.0742805399927270033	0.00791590306408841605	0.000990475407191408094	0.00307869635786332878	0.0579961294841978477	0.000388799619310801228	0.985797155747274979	0.0212376596723367677	0.070836177215264647	0.24836722692067318	0.14509889951522751	0.306144960973582603	0.392661211397899926	0.0806096866715144102	0.223636612999705928	0.23141682359762592	0.515595430987439478



