1	CACGTGAC	0.499831257134349099


A:	0.342285838919503064	0.420468415804085888	0.00656234108881776334	0.118161782273458514	0.687499392471187225	0.290978200017920542	0.0110348092558333952	0.00581404396302485243	0.990548214175800427	0.000491650811479775379	0.0193678933744467274	0.00284999078713301917	0.00181663032731565188	0.921862088514722249	0.00157454801408461027	0.0866871965110481681	0.391249856958600504	0.0378406453081643215	0.0878501126639606224	0.0989936823835183031	0.336913607226277154	0.0670051184585730661
C:	0.0710299935180864606	0.114521488156435938	0.0118341415173988262	0.0205075440308985711	0.154079874667042669	0.267437105805675571	0.0139414530447621063	0.991050895834253135	0.000872349785783658295	0.970235149207670065	0.00172002988923414649	0.00279865084034771596	0.00241557861890486164	0.0681805760944768512	0.86389697540973993	0.27695998828437382	0.19189744371317367	0.842818061538936825	0.0539625221434804046	0.796639634793737417	0.114602148522245613	0.761430672471988231
G:	0.495341295481121613	0.156129317355007073	0.505647153337826678	0.306825497713005833	0.094704379532169476	0.403307815259492193	0.309746099715193775	0.00109392642997236743	0.00635222265121571647	0.000847331739466479883	0.978540149249750022	0.00135256842735207244	0.991656776522243214	0.00394852865796987831	0.039704576604612362	0.147139613913335379	0.371077178742110478	0.0508992642967836612	0.00330669262815374054	0.0871490854754489572	0.127842515289457849	0.0772016985452016293
T:	0.0913428720812888625	0.308880778684471101	0.475956364055956733	0.554505175982637082	0.0637163533296006305	0.0382768789169116944	0.665277637984210724	0.00204113377274964541	0.00222721338720019775	0.0284258682413836801	0.00037192748656910431	0.992998789945167192	0.00411101453153627235	0.0060088067328310217	0.0948238999715630978	0.489213201291242633	0.0457755205861153472	0.0684420288561151925	0.854880672564405232	0.0172175973472953225	0.420641728962019384	0.0943625105242370741



2	TCACGTGA	0.499658927419754924


A:	0.420641728962019384	0.0172175973472953225	0.854880672564405232	0.0684420288561151925	0.0457755205861153472	0.489213201291242633	0.0948238999715630978	0.0110348092558333952	0.00802279050644697385	0.979572926838649223	0.00114611503422204138	0.0213806683693679275	0.00304476501273602455	0.00372173474996926064	0.665277637984210724	0.0382768789169116944	0.0637163533296006305	0.554505175982637082	0.475956364055956733	0.308880778684471101	0.0913428720812888625	0.352507366630656782
C:	0.127842515289457849	0.0871490854754489572	0.00330669262815374054	0.0508992642967836612	0.371077178742110478	0.147139613913335379	0.039704576604612362	0.0139414530447621063	0.986035501055157827	0.00149523771568494463	0.974618674270272576	0.00285454232613745525	0.0158870704329298082	0.00221997368842593884	0.309746099715193775	0.403307815259492193	0.094704379532169476	0.306825497713005833	0.505647153337826678	0.156129317355007073	0.495341295481121613	0.219402495756411889
G:	0.114602148522245613	0.796639634793737417	0.0539625221434804046	0.842818061538936825	0.19189744371317367	0.27695998828437382	0.86389697540973993	0.309746099715193775	0.00221997368842593884	0.0158870704329298082	0.00285454232613745525	0.974618674270272576	0.00149523771568494463	0.986035501055157827	0.0139414530447621063	0.267437105805675571	0.154079874667042669	0.0205075440308985711	0.0118341415173988262	0.114521488156435938	0.0710299935180864606	0.135101527934778444
T:	0.336913607226277154	0.0989936823835183031	0.0878501126639606224	0.0378406453081643215	0.391249856958600504	0.0866871965110481681	0.00157454801408461027	0.665277637984210724	0.00372173474996926064	0.00304476501273602455	0.0213806683693679275	0.00114611503422204138	0.979572926838649223	0.00802279050644697385	0.0110348092558333952	0.290978200017920542	0.687499392471187225	0.118161782273458514	0.00656234108881776334	0.420468415804085888	0.342285838919503064	0.292988609678152886



3	G.CACGTGC	0.499368041424719175


A:	0.081869778837511146	0.177101437741964497	0.174577763468312522	0.267353532756177099	0.69245545730977992	0.513165178270969405	0.381065206388474838	0.1694883076061033	0.0270133157380196943	0.00682433486920026105	0.991312689439629276	0.000531560606782893898	0.0187922631435236594	0.00209245054290697603	0.00321030074569867579	0.249946917612555495	0.0441065358262247123	0.114853676939994456	0.573964496041454863	0.0122873608888933492	0.256920810142423671	0.453611769192590451	0.124013670902684167
C:	0.393003420058955115	0.330990484540168378	0.0682031631873359907	0.3216216579734319	0.161327349822381097	0.161905809750044009	0.16126097115328479	0.118831193517807926	0.0126320661113421761	0.990415765993714518	0.000769398336002505798	0.972817929130173448	0.00106965134853092572	0.0106049612669330868	0.00040638656012590786	0.718834888494114303	0.168228006281987195	0.182436936172761275	0.161165516992233177	0.487538973558406873	0.40536965081490807	0.268439106802678335	0.403309893132440999
G:	0.311912774938074328	0.144670333204567475	0.723511673876971495	0.159699974070370632	0.134423842919786474	0.170266152445371767	0.389136403673046951	0.698881130940797307	0.515774952447074992	0.000853942739770836538	0.00404478948784072181	0.000795387069280331346	0.979616410372154953	0.00043454317512705734	0.987592162100260642	0.0207873915083640545	0.632443772114859737	0.368853116481176213	0.209771066061623469	0.097601976842948325	0.2065086883271497	0.0693333072545001885	0.165090185745772127
T:	0.213214026165459411	0.347237744513299649	0.0337073994673799928	0.251324835200020369	0.0117933499480525087	0.154662859533614819	0.0685374187851934209	0.0127993679352914666	0.444579665703563138	0.00190595639731438413	0.00387312273652749661	0.025855123193763327	0.000521675135790462307	0.98686804501503288	0.0087911505939147741	0.0104308023849661474	0.155221685776928356	0.333856270406068056	0.0550989209046884908	0.402571688709751453	0.131200850715518559	0.208615816750231026	0.307586250219102708



4	A..CACGTGA	0.499344236726996888


A:	0.216853838356053677	0.292988609678152886	0.342285838919503064	0.420468415804085888	0.00656234108881776334	0.118161782273458514	0.687499392471187225	0.290978200017920542	0.0110348092558333952	0.00699822135563000895	0.984603191457006861	0.000948237476621533697	0.02533002316601518	0.00301858226235501273	0.00304413773947869373	0.683570498834514554	0.00157454801408461027	0.0866871965110481681	0.391249856958600504	0.0378406453081643215	0.0878501126639606224	0.0989936823835183031	0.336913607226277154
C:	0.0764783776044702658	0.135101527934778444	0.0710299935180864606	0.114521488156435938	0.0118341415173988262	0.0205075440308985711	0.154079874667042669	0.267437105805675571	0.0139414530447621063	0.989164619491959302	0.000701540159062197249	0.963284799954624515	0.000794441987167873371	0.00446820084199970814	0.0021072271798454484	0.301101366952208756	0.86389697540973993	0.27695998828437382	0.19189744371317367	0.842818061538936825	0.0539625221434804046	0.796639634793737417	0.114602148522245613
G:	0.452997693861876836	0.219402495756411889	0.495341295481121613	0.156129317355007073	0.505647153337826678	0.306825497713005833	0.094704379532169476	0.403307815259492193	0.309746099715193775	0.000585369036304584783	0.012814118832228801	0.000413117679028922758	0.973255667178579916	0.00102734024669927595	0.992632024605211678	0.00971480357068311491	0.039704576604612362	0.147139613913335379	0.371077178742110478	0.0508992642967836612	0.00330669262815374054	0.0871490854754489572	0.127842515289457849
T:	0.253670090177599221	0.352507366630656782	0.0913428720812888625	0.308880778684471101	0.475956364055956733	0.554505175982637082	0.0637163533296006305	0.0382768789169116944	0.665277637984210724	0.00325179011610610455	0.00188114955170214032	0.0353538448897250287	0.000619867668237030168	0.991485876648946003	0.00221661047546418004	0.0056133306425935754	0.0948238999715630978	0.489213201291242633	0.0457755205861153472	0.0684420288561151925	0.854880672564405232	0.0172175973472953225	0.420641728962019384



5	GCACGTGA	0.499280325590629343


A:	0.307586250219102708	0.208615816750231026	0.131200850715518559	0.402571688709751453	0.0550989209046884908	0.333856270406068056	0.155221685776928356	0.0110348092558333952	0.00218270782167689479	0.983459800138350093	0.000542338734118991622	0.0163593561940509724	0.00223150733370982575	0.00117221449052395917	0.444579665703563138	0.0127993679352914666	0.0685374187851934209	0.154662859533614819	0.0117933499480525087	0.251324835200020369	0.0337073994673799928	0.347237744513299649
C:	0.165090185745772127	0.0693333072545001885	0.2065086883271497	0.097601976842948325	0.209771066061623469	0.368853116481176213	0.632443772114859737	0.0139414530447621063	0.993125796220665496	0.000809155170108702988	0.975726828537148827	0.00255610625690182154	0.00365720674625359779	0.00176016539078856798	0.515774952447074992	0.698881130940797307	0.389136403673046951	0.170266152445371767	0.134423842919786474	0.159699974070370632	0.723511673876971495	0.144670333204567475
G:	0.403309893132440999	0.268439106802678335	0.40536965081490807	0.487538973558406873	0.161165516992233177	0.182436936172761275	0.168228006281987195	0.309746099715193775	0.00129752084353035127	0.0145323232605485969	0.000994437842960241327	0.980717638369117129	0.00122499976902599746	0.9927551238216909	0.0126320661113421761	0.118831193517807926	0.16126097115328479	0.161905809750044009	0.161327349822381097	0.3216216579734319	0.0682031631873359907	0.330990484540168378
T:	0.124013670902684167	0.453611769192590451	0.256920810142423671	0.0122873608888933492	0.573964496041454863	0.114853676939994456	0.0441065358262247123	0.665277637984210724	0.00339397511412725787	0.00119872143099260755	0.0227363948857719398	0.000366899179930076603	0.992886286151010579	0.00431249629699657233	0.0270133157380196943	0.1694883076061033	0.381065206388474838	0.513165178270969405	0.69245545730977992	0.267353532756177099	0.174577763468312522	0.177101437741964497



