1	G.CACGTGC	0.49642745427306103


A:	0.246580105132414148	0.223737729157845559	0.252588893802952036	0.0833677869038745999	0.196025131804271164	0.410578560261871346	0.24029416959235653	0.107589609850646902	0.057721824089221329	0.0390688131641189007	0.983358669590231284	0.00474537537659690991	0.0325753891358629464	0.00644994219376970487	0.00937334377884949053	0.0226076950504336338	0.146302283790388103	0.392384246267459209	0.205513315896100935	0.318703228958986484	0.382683752804219956	0.364694029615377884	0.319761294856309768
C:	0.475987362518141564	0.246697901573953995	0.420048197126687957	0.187749602143434471	0.193035288566327713	0.0876793546491438668	0.221324222712818139	0.0885998493112254066	0.0216435165158096259	0.943217324490792468	0.0058672602167769125	0.970126786143793935	0.00287701578006422035	0.00650883392923979831	0.00514479683981898726	0.938254616704598634	0.195748037587083841	0.160327221978829915	0.104974534699050529	0.218538337504078235	0.42677740309438044	0.250402398044232141	0.215443145514119775
G:	0.170095026885992616	0.267345303511444556	0.112318760178062977	0.113793921995807139	0.244612583560845402	0.0794161223886827678	0.13262529113374831	0.733280660105752905	0.837444835359224865	0.00738152351937416499	0.00692955483739150985	0.00417622946744056399	0.961975671662537013	0.0053941652068006749	0.97616514103243746	0.0257920108081678529	0.417400579209233933	0.358715814606977006	0.390077878377401523	0.25659356578908172	0.0605451530503346047	0.207539327265846719	0.0335343230674002137
T:	0.107337505463451672	0.26221906575675589	0.21504414889229703	0.61508868895688379	0.366326996068555721	0.42232596270030202	0.405756316561077021	0.070529880732374787	0.0831898240357441802	0.0103323388257144663	0.00384451535560029353	0.0209516090121685908	0.00257192342153582041	0.981647058670189822	0.00931671834889406211	0.0133456774367998795	0.240549099413294123	0.0885727171467338698	0.299434271027447014	0.206164867747853562	0.129993691051064999	0.177364245074543256	0.431261236562170244



2	GCACGTGC	0.49508690499703733


A:	0.223737729157845559	0.252588893802952036	0.0833677869038745999	0.196025131804271164	0.410578560261871346	0.24029416959235653	0.107589609850646902	0.057721824089221329	0.00766728104304142501	0.982297020679131703	0.00396296408469719871	0.0112363846914039641	0.00866396946338956149	0.00492635025984624217	0.0831898240357441802	0.146302283790388103	0.392384246267459209	0.205513315896100935	0.318703228958986484	0.382683752804219956	0.364694029615377884	0.319761294856309768
C:	0.246697901573953995	0.420048197126687957	0.187749602143434471	0.193035288566327713	0.0876793546491438668	0.221324222712818139	0.0885998493112254066	0.0216435165158096259	0.983847532089757131	0.00292657747125805895	0.983252743537933819	0.00154790768596501832	0.00611243238622067657	0.00355883660735520187	0.837444835359224865	0.195748037587083841	0.160327221978829915	0.104974534699050529	0.218538337504078235	0.42677740309438044	0.250402398044232141	0.215443145514119775
G:	0.267345303511444556	0.112318760178062977	0.113793921995807139	0.244612583560845402	0.0794161223886827678	0.13262529113374831	0.733280660105752905	0.837444835359224865	0.00355883660735520187	0.00611243238622067657	0.00154790768596501832	0.983252743537933819	0.00292657747125805895	0.983847532089757131	0.0216435165158096259	0.417400579209233933	0.358715814606977006	0.390077878377401523	0.25659356578908172	0.0605451530503346047	0.207539327265846719	0.0335343230674002137
T:	0.26221906575675589	0.21504414889229703	0.61508868895688379	0.366326996068555721	0.42232596270030202	0.405756316561077021	0.070529880732374787	0.0831898240357441802	0.00492635025984624217	0.00866396946338956149	0.0112363846914039641	0.00396296408469719871	0.982297020679131703	0.00766728104304142501	0.057721824089221329	0.240549099413294123	0.0885727171467338698	0.299434271027447014	0.206164867747853562	0.129993691051064999	0.177364245074543256	0.431261236562170244



3	CACGTGCG	0.490896799525855682


A:	0.252588893802952036	0.0833677869038745999	0.196025131804271164	0.410578560261871346	0.24029416959235653	0.107589609850646902	0.057721824089221329	0.0168898854496013899	0.960332992534781543	0.0118393371352349849	0.021233689212831432	0.0271814732084065277	0.00809198500152152791	0.0260521872638520378	0.146302283790388103	0.392384246267459209	0.205513315896100935	0.318703228958986484	0.382683752804219956	0.364694029615377884	0.319761294856309768	0.160950034765140755
C:	0.420048197126687957	0.187749602143434471	0.193035288566327713	0.0876793546491438668	0.221324222712818139	0.0885998493112254066	0.0216435165158096259	0.933041985351814642	0.00764329844963902446	0.931081401747424485	0.00636716609196891689	0.019380535592409342	0.0114926016080550748	0.816354237723208207	0.195748037587083841	0.160327221978829915	0.104974534699050529	0.218538337504078235	0.42677740309438044	0.250402398044232141	0.215443145514119775	0.110968672736777649
G:	0.112318760178062977	0.113793921995807139	0.244612583560845402	0.0794161223886827678	0.13262529113374831	0.733280660105752905	0.837444835359224865	0.0396899672454885355	0.0118081062635708452	0.0231762984238970026	0.963709585916116645	0.0110680065923129664	0.946916959244093491	0.129991074986259317	0.417400579209233933	0.358715814606977006	0.390077878377401523	0.25659356578908172	0.0605451530503346047	0.207539327265846719	0.0335343230674002137	0.18131442972692946
T:	0.21504414889229703	0.61508868895688379	0.366326996068555721	0.42232596270030202	0.405756316561077021	0.070529880732374787	0.0831898240357441802	0.0103781619530954326	0.0202156027520085872	0.0339029626934435274	0.00868955877908300575	0.942369984606871164	0.0334984541463299063	0.0276025000266804373	0.240549099413294123	0.0885727171467338698	0.299434271027447014	0.206164867747853562	0.129993691051064999	0.177364245074543256	0.431261236562170244	0.546766862771152137



4	C..GCACGTG	0.486390248863190621


A:	0.581241670973464923	0.546766862771152137	0.431261236562170244	0.177364245074543256	0.129993691051064999	0.206164867747853562	0.299434271027447014	0.0885727171467338698	0.240549099413294123	0.0227864212987455795	0.0252860711124447826	0.959527137484164993	0.00985267514834850497	0.0282373088647347547	0.0190692217005064612	0.0171014771441509687	0.0831898240357441802	0.070529880732374787	0.405756316561077021	0.42232596270030202	0.366326996068555721	0.61508868895688379	0.21504414889229703
C:	0.269845276984178558	0.18131442972692946	0.0335343230674002137	0.207539327265846719	0.0605451530503346047	0.25659356578908172	0.390077878377401523	0.358715814606977006	0.417400579209233933	0.0393443598202790501	0.95261908027043597	0.00329207702122954373	0.97531422841942508	0.0109624869204829038	0.0111696306982911451	0.0184046480025315647	0.837444835359224865	0.733280660105752905	0.13262529113374831	0.0794161223886827678	0.244612583560845402	0.113793921995807139	0.112318760178062977
G:	0.0647754313025020478	0.110968672736777649	0.215443145514119775	0.250402398044232141	0.42677740309438044	0.218538337504078235	0.104974534699050529	0.160327221978829915	0.195748037587083841	0.865335969745528647	0.00564592812100950926	0.0134582311030347819	0.00415483865947625244	0.956703188313969622	0.00748312444993985203	0.949486687717405244	0.0216435165158096259	0.0885998493112254066	0.221324222712818139	0.0876793546491438668	0.193035288566327713	0.187749602143434471	0.420048197126687957
T:	0.0841376207398544714	0.160950034765140755	0.319761294856309768	0.364694029615377884	0.382683752804219956	0.318703228958986484	0.205513315896100935	0.392384246267459209	0.146302283790388103	0.0725332491354467234	0.0164489204961097387	0.023722554391570681	0.0106782577727501631	0.00409701590081271937	0.962278023151262542	0.0150071871359122225	0.057721824089221329	0.107589609850646902	0.24029416959235653	0.410578560261871346	0.196025131804271164	0.0833677869038745999	0.252588893802952036



5	A..GCACGTG	0.486105966315997432


A:	0.581241670973464923	0.546766862771152137	0.431261236562170244	0.177364245074543256	0.129993691051064999	0.206164867747853562	0.299434271027447014	0.0885727171467338698	0.240549099413294123	0.102524829280166989	0.0187024702869283932	0.943609898075163824	0.047340928760565325	0.0311963832055381792	0.019039175766164	0.0142975363197282033	0.0831898240357441802	0.070529880732374787	0.405756316561077021	0.42232596270030202	0.366326996068555721	0.61508868895688379	0.21504414889229703
C:	0.269845276984178558	0.18131442972692946	0.0335343230674002137	0.207539327265846719	0.0605451530503346047	0.25659356578908172	0.390077878377401523	0.358715814606977006	0.417400579209233933	0.120240804271044067	0.933998461567029779	0.022043577126734919	0.922848458085332027	0.0137255966482013227	0.0292410967827766394	0.010938089890221663	0.837444835359224865	0.733280660105752905	0.13262529113374831	0.0794161223886827678	0.244612583560845402	0.113793921995807139	0.112318760178062977
G:	0.0647754313025020478	0.110968672736777649	0.215443145514119775	0.250402398044232141	0.42677740309438044	0.218538337504078235	0.104974534699050529	0.160327221978829915	0.195748037587083841	0.735813500886908767	0.0380396288384996193	0.0253793203591955099	0.00461169586667478122	0.93094460841291906	0.00684586269468487705	0.900641774940858653	0.0216435165158096259	0.0885998493112254066	0.221324222712818139	0.0876793546491438668	0.193035288566327713	0.187749602143434471	0.420048197126687957
T:	0.0841376207398544714	0.160950034765140755	0.319761294856309768	0.364694029615377884	0.382683752804219956	0.318703228958986484	0.205513315896100935	0.392384246267459209	0.146302283790388103	0.0414208655618801767	0.00925943930754220854	0.00896720443890574694	0.0251989172874278664	0.0241334117333414385	0.944873864756374483	0.0741225988491914812	0.057721824089221329	0.107589609850646902	0.24029416959235653	0.410578560261871346	0.196025131804271164	0.0833677869038745999	0.252588893802952036



