1	CCACTTGC	0.499121208936224877


A:	0.444916756867906421	0.0531642099850074628	0.150427332531782156	0.219782758517870795	0.392251747105732811	0.226476310623908096	0.0643214553325051632	0.0165005327805659704	0.22372035396712714	0.992800890958530386	0.00745852680650275048	0.00523476805052946923	0.0292451371746669046	0.00720614458848282573	0.0276235702122039632	0.201609731975588067	0.131518949853226263	0.217971489517131734	0.112479018521574048	0.0551504690909475955	0.293965236391950737	0.185589951458176004
C:	0.362197484297722834	0.0863037017061279386	0.535978640376179037	0.075559646293986952	0.409643331415046063	0.0870278387285106295	0.41873027550649666	0.98087940120010417	0.765284901045574264	0.0020448970227934814	0.982748795621978541	0.000524970702310048634	0.000660901150703672457	0.00074808848833203174	0.726303826060530448	0.26099061714304564	0.376424659565666798	0.0677917083108743544	0.690216760645218803	0.0764007004621410901	0.208264809903200899	0.522666843525025248
G:	0.112003651315101876	0.694194888152212125	0.116079356807962663	0.227090081104910499	0.0965466579184665383	0.485011401826312502	0.147330232069634382	0.00174467144691144651	0.000366288382840564359	0.00305473582547532644	0.00900997865304031217	0.00552131864273337067	0.00133677035535387666	0.989777565266566055	0.0774812243878111179	0.0868545243242976087	0.132813475987313582	0.239761254512677061	0.0848160866601368761	0.50873103814431921	0.342042054495531735	0.106001305722465885
T:	0.0808821075192688691	0.166337200156652473	0.197514670284076144	0.477567514083231755	0.101558263560754588	0.201484448821268773	0.369618037091363795	0.000875394572418413522	0.0106284566044580322	0.00209947619320080614	0.00078269891847839631	0.988718942604427111	0.968757191319275546	0.00226820165661908755	0.168591379339454471	0.450545126557068684	0.359242914593793358	0.474475547659316851	0.112488134173070273	0.359717792302592104	0.155727899209316629	0.185741899294332863



2	A..CCACTTG	0.498392059553349876


A:	0.32725458973057197	0.614387653224397503	0.444916756867906421	0.0531642099850074628	0.150427332531782156	0.219782758517870795	0.392251747105732811	0.226476310623908096	0.0643214553325051632	0.00453169760931825015	0.240191594580270287	0.992803239745739426	0.00502065517216947142	0.00431702805326589765	0.0361882730227599786	0.00232964723345537697	0.0276235702122039632	0.201609731975588067	0.131518949853226263	0.217971489517131734	0.112479018521574048	0.0551504690909475955	0.293965236391950737
C:	0.0635459422738779108	0.0824419218305599591	0.362197484297722834	0.0863037017061279386	0.535978640376179037	0.075559646293986952	0.409643331415046063	0.0870278387285106295	0.41873027550649666	0.991987916585150905	0.754148146059338881	0.00124276970588438061	0.988469544258252009	0.000505056823327997506	0.000367745343804820929	0.00206746569039256154	0.726303826060530448	0.26099061714304564	0.376424659565666798	0.0677917083108743544	0.690216760645218803	0.0764007004621410901	0.208264809903200899
G:	0.328890847444802447	0.0608293919345578279	0.112003651315101876	0.694194888152212125	0.116079356807962663	0.227090081104910499	0.0965466579184665383	0.485011401826312502	0.147330232069634382	0.00209170080190342683	0.000446347371812511966	0.00302506111746448319	0.00578037047349502905	0.00589158843281702425	0.00225168301651591423	0.992932652456295783	0.0774812243878111179	0.0868545243242976087	0.132813475987313582	0.239761254512677061	0.0848160866601368761	0.50873103814431921	0.342042054495531735
T:	0.280308620550747672	0.24234103301048471	0.0808821075192688691	0.166337200156652473	0.197514670284076144	0.477567514083231755	0.101558263560754588	0.201484448821268773	0.369618037091363795	0.00138868500362741779	0.00521391198857832022	0.00292892943091171049	0.000729430096083490218	0.989286326690589081	0.961192298616919286	0.00267023461985627848	0.168591379339454471	0.450545126557068684	0.359242914593793358	0.474475547659316851	0.112488134173070273	0.359717792302592104	0.155727899209316629



3	C..CCACTTG	0.498390641616448068


A:	0.32725458973057197	0.614387653224397503	0.444916756867906421	0.0531642099850074628	0.150427332531782156	0.219782758517870795	0.392251747105732811	0.226476310623908096	0.0643214553325051632	0.0179262181973220333	0.271716091242742315	0.990209603823383866	0.00285246819163156947	0.00635500586386347892	0.0399791614824561497	0.00595409942573325115	0.0276235702122039632	0.201609731975588067	0.131518949853226263	0.217971489517131734	0.112479018521574048	0.0551504690909475955	0.293965236391950737
C:	0.0635459422738779108	0.0824419218305599591	0.362197484297722834	0.0863037017061279386	0.535978640376179037	0.075559646293986952	0.409643331415046063	0.0870278387285106295	0.41873027550649666	0.979212001641715496	0.719475690961446278	0.000605246777430537621	0.987270446917956322	0.000505958038594193598	0.000336595578118896976	0.000751353107230384557	0.726303826060530448	0.26099061714304564	0.376424659565666798	0.0677917083108743544	0.690216760645218803	0.0764007004621410901	0.208264809903200899
G:	0.328890847444802447	0.0608293919345578279	0.112003651315101876	0.694194888152212125	0.116079356807962663	0.227090081104910499	0.0965466579184665383	0.485011401826312502	0.147330232069634382	0.00186000262899847375	0.000339766424727540546	0.00412349829286314361	0.00870806900531324915	0.00567809836959429966	0.00196682541973309872	0.989953818437689133	0.0774812243878111179	0.0868545243242976087	0.132813475987313582	0.239761254512677061	0.0848160866601368761	0.50873103814431921	0.342042054495531735
T:	0.280308620550747672	0.24234103301048471	0.0808821075192688691	0.166337200156652473	0.197514670284076144	0.477567514083231755	0.101558263560754588	0.201484448821268773	0.369618037091363795	0.00100177753196399652	0.00846845137108386665	0.00506165110632245256	0.00116901588509885975	0.987460937727948028	0.957717417519691855	0.00334072902934723113	0.168591379339454471	0.450545126557068684	0.359242914593793358	0.474475547659316851	0.112488134173070273	0.359717792302592104	0.155727899209316629



4	CAAGTGGA	0.498163589438157634


A:	0.155727899209316629	0.359717792302592104	0.112488134173070273	0.474475547659316851	0.359242914593793358	0.450545126557068684	0.168591379339454471	0.00285992391591784535	0.940947988007628158	0.988718079166893757	0.00160730327512010248	0.0027959698994560744	0.00638218795146912123	0.00108622126020684457	0.369618037091363795	0.201484448821268773	0.101558263560754588	0.477567514083231755	0.197514670284076144	0.166337200156652473	0.0808821075192688691	0.24234103301048471
C:	0.342042054495531735	0.50873103814431921	0.0848160866601368761	0.239761254512677061	0.132813475987313582	0.0868545243242976087	0.0774812243878111179	0.992732080941514247	0.00489475413051568864	0.00802788767045075942	0.00739485780033049241	0.00368197569231485919	0.000329541994763013648	0.00292156947958848084	0.147330232069634382	0.485011401826312502	0.0965466579184665383	0.227090081104910499	0.116079356807962663	0.694194888152212125	0.112003651315101876	0.0608293919345578279
G:	0.208264809903200899	0.0764007004621410901	0.690216760645218803	0.0677917083108743544	0.376424659565666798	0.26099061714304564	0.726303826060530448	0.0016405156770628382	0.000449600919931914052	0.000872672492977665657	0.984119876983150177	0.000999342322641476565	0.661094748653292201	0.986425635673455567	0.41873027550649666	0.0870278387285106295	0.409643331415046063	0.075559646293986952	0.535978640376179037	0.0863037017061279386	0.362197484297722834	0.0824419218305599591
T:	0.293965236391950737	0.0551504690909475955	0.112479018521574048	0.217971489517131734	0.131518949853226263	0.201609731975588067	0.0276235702122039632	0.00276747946550506895	0.0537076569419242397	0.00238136066967781784	0.00687796194139922786	0.99252271208558759	0.332193521400475664	0.0095665735867491077	0.0643214553325051632	0.226476310623908096	0.392251747105732811	0.219782758517870795	0.150427332531782156	0.0531642099850074628	0.444916756867906421	0.614387653224397503



5	CAAGTGGG	0.498131381405493155


A:	0.155727899209316629	0.359717792302592104	0.112488134173070273	0.474475547659316851	0.359242914593793358	0.450545126557068684	0.168591379339454471	0.00211036339296786276	0.924596715349229067	0.98488172594216396	0.00079135886728649862	0.00243638694613706063	0.00597277390849144386	0.000877442898788489894	0.369618037091363795	0.201484448821268773	0.101558263560754588	0.477567514083231755	0.197514670284076144	0.166337200156652473	0.0808821075192688691	0.24234103301048471
C:	0.342042054495531735	0.50873103814431921	0.0848160866601368761	0.239761254512677061	0.132813475987313582	0.0868545243242976087	0.0774812243878111179	0.992300291697790848	0.00236175726209500997	0.0026598893475363152	0.0160030074413261637	0.00530651997434453069	0.000353140969970857393	0.00172439375196861799	0.147330232069634382	0.485011401826312502	0.0965466579184665383	0.227090081104910499	0.116079356807962663	0.694194888152212125	0.112003651315101876	0.0608293919345578279
G:	0.208264809903200899	0.0764007004621410901	0.690216760645218803	0.0677917083108743544	0.376424659565666798	0.26099061714304564	0.726303826060530448	0.00163892629456911389	0.000349940261918743905	0.000470875420979329809	0.97952335175041153	0.00068740891703636575	0.819577103043580669	0.986523926957357721	0.41873027550649666	0.0870278387285106295	0.409643331415046063	0.075559646293986952	0.535978640376179037	0.0863037017061279386	0.362197484297722834	0.0824419218305599591
T:	0.293965236391950737	0.0551504690909475955	0.112479018521574048	0.217971489517131734	0.131518949853226263	0.201609731975588067	0.0276235702122039632	0.00395041861467217493	0.0726915871267571788	0.0119875092893203953	0.00368228194097580749	0.991569684162482043	0.17409698207795703	0.010874236391885171	0.0643214553325051632	0.226476310623908096	0.392251747105732811	0.219782758517870795	0.150427332531782156	0.0531642099850074628	0.444916756867906421	0.614387653224397503



