1	TGACGTCA	0.498627296069523998


A:	0.250843230919456476	0.138316021903685392	0.0826739882905726953	0.1088071280654086	0.405508524454519075	0.143654293935595916	0.457448109395433245	0.0138830288136480929	0.0115784567211694163	0.954438689381385146	0.0362048822753773608	0.0144679294110090429	0.0142908134510755802	0.197485722592403927	0.935606887403130779	0.0233063188410418946	0.282043860061395735	0.368345652693841028	0.163959451431757087	0.211138758418250597	0.30431566406811734	0.16141931813849995
C:	0.632319219695644842	0.0826253979214004842	0.338149858693437241	0.463881923786345115	0.156727387716875414	0.197606604294191384	0.228283041398017601	0.0383487156647932888	0.00968949440174055322	0.00772918504303272246	0.944370052700651309	0.00495713561296228755	0.0235413121245065512	0.781246326284686103	0.0121613681184278394	0.528306764015557192	0.486682988041861466	0.0313640236740214557	0.130045530597325579	0.324864657453288033	0.132064930040426021	0.118787213534495136
G:	0.061025802203447626	0.184287460422165679	0.182164286196540109	0.244703704074916224	0.178706972188966119	0.542922658173855687	0.261443565640539276	0.0121613681184278394	0.781246326284686103	0.0235413121245065512	0.00495713561296228755	0.944370052700651309	0.00772918504303272246	0.00968949440174055322	0.0383487156647932888	0.069368847494263339	0.146381108691099683	0.131801567381477244	0.520383788084509711	0.25856456801729116	0.0785977169716071527	0.43613222772419969
T:	0.055811747181451056	0.594771119752748445	0.397011866819449955	0.182607244073330062	0.259057115639639392	0.115816443596357013	0.0528252835660098783	0.935606887403130779	0.197485722592403927	0.0142908134510755802	0.0144679294110090429	0.0362048822753773608	0.954438689381385146	0.0115784567211694163	0.0138830288136480929	0.379018069649137574	0.0848920432056431155	0.468488756250660273	0.185611229886407623	0.205432016111170209	0.485021688919849487	0.283661240602805225



2	GTGACGT.A	0.492887835234849607


A:	0.344184491721016033	0.283661240602805225	0.485021688919849487	0.205432016111170209	0.185611229886407623	0.468488756250660273	0.0848920432056431155	0.379018069649137574	0.0239237696352453083	0.00934863057982632997	0.953252594849458696	0.026052957823462199	0.0338189002260325497	0.01415932581681112	0.197485722592403927	0.80367151632061266	0.0528252835660098783	0.115816443596357013	0.259057115639639392	0.182607244073330062	0.397011866819449955	0.594771119752748445	0.055811747181451056
C:	0.429149084520650157	0.43613222772419969	0.0785977169716071527	0.25856456801729116	0.520383788084509711	0.131801567381477244	0.146381108691099683	0.069368847494263339	0.00798021180895105959	0.0210478335753007327	0.0123279778368009567	0.950503697437212739	0.0069240053873691684	0.0417291807844125454	0.781246326284686103	0.0453294719259114877	0.261443565640539276	0.542922658173855687	0.178706972188966119	0.244703704074916224	0.182164286196540109	0.184287460422165679	0.061025802203447626
G:	0.10699430210424217	0.118787213534495136	0.132064930040426021	0.324864657453288033	0.130045530597325579	0.0313640236740214557	0.486682988041861466	0.528306764015557192	0.00747294005009034272	0.93119521243640662	0.017618160962661104	0.00323245701200116905	0.945745021462181741	0.00634392974485302188	0.00968949440174055322	0.109444302977861981	0.228283041398017601	0.197606604294191384	0.156727387716875414	0.463881923786345115	0.338149858693437241	0.0826253979214004842	0.632319219695644842
T:	0.11967212165409164	0.16141931813849995	0.30431566406811734	0.211138758418250597	0.163959451431757087	0.368345652693841028	0.282043860061395735	0.0233063188410418946	0.960623078505713289	0.0384083234084663175	0.016801266351079243	0.0202108877273238929	0.0135120729244165408	0.937767563653923313	0.0115784567211694163	0.0415547087756138717	0.457448109395433245	0.143654293935595916	0.405508524454519075	0.1088071280654086	0.0826739882905726953	0.138316021903685392	0.250843230919456476



3	G.T.ACGTCA	0.492482836963500766


A:	0.146743511849065245	0.250843230919456476	0.138316021903685392	0.0826739882905726953	0.1088071280654086	0.405508524454519075	0.143654293935595916	0.457448109395433245	0.0506711447307290441	0.0115784567211694163	0.929717627601916259	0.0238834488224487419	0.0119455111755308663	0.0312665245414961203	0.141589870294184826	0.919254798757963861	0.0233063188410418946	0.282043860061395735	0.368345652693841028	0.163959451431757087	0.211138758418250597	0.30431566406811734	0.16141931813849995
C:	0.422267307037054694	0.632319219695644842	0.0826253979214004842	0.338149858693437241	0.463881923786345115	0.156727387716875414	0.197606604294191384	0.228283041398017601	0.043171336952107114	0.00968949440174055322	0.013292759768004131	0.943967471533509229	0.00526804144946237668	0.0453856511190711403	0.833152701809386642	0.0151555197406253763	0.528306764015557192	0.486682988041861466	0.0313640236740214557	0.130045530597325579	0.324864657453288033	0.132064930040426021	0.118787213534495136
G:	0.0919477496574602893	0.061025802203447626	0.184287460422165679	0.182164286196540109	0.244703704074916224	0.178706972188966119	0.542922658173855687	0.261443565640539276	0.018157169814524024	0.781246326284686103	0.0374092840248545121	0.0113890736368708451	0.92337217203767433	0.0148355414477218702	0.0119291014946788458	0.0355646292067600551	0.069368847494263339	0.146381108691099683	0.131801567381477244	0.520383788084509711	0.25856456801729116	0.0785977169716071527	0.43613222772419969
T:	0.339041431456419772	0.055811747181451056	0.594771119752748445	0.397011866819449955	0.182607244073330062	0.259057115639639392	0.115816443596357013	0.0528252835660098783	0.888000348502639818	0.197485722592403927	0.0195803286052250978	0.0207600060071711842	0.059414275337332427	0.908512282891710869	0.0133283264017496866	0.030025052294650708	0.379018069649137574	0.0848920432056431155	0.468488756250660273	0.185611229886407623	0.205432016111170209	0.485021688919849487	0.283661240602805225



4	ACGTCA.CA	0.492420276254918424


A:	0.461403646231555079	0.241534797179134227	0.27322357756949023	0.570464643144913163	0.526224061106061453	0.185649031441451444	0.112104173074300242	0.839986248471782776	0.0481817212496127824	0.0394040220952970573	0.0375477055519873376	0.0304475267268389031	0.949817502105308981	0.00912919787084179073	0.0566115324731113544	0.502283876039719638	0.472531430742726549	0.258577787555531948	0.165447254779089515	0.248403472959831084	0.272075099620509483	0.35228955564614266	0.403736233209864418
C:	0.361133859461516634	0.333642150578248503	0.075407935346952949	0.140575939500058656	0.25429778570818158	0.189586439796100204	0.0640418409913764981	0.0714469265602664471	0.91125549146055871	0.0130887210680689182	0.0298836185480523187	0.90057474191747768	0.0185325189161411928	0.167383253454448667	0.771847153123638774	0.164667545606539744	0.18747034294345047	0.144339592078975168	0.360304173187859588	0.105722305151232173	0.230702970299118228	0.135575480742916109	0.123030223540775829
G:	0.145310128726803547	0.289670387495871474	0.339301695201692136	0.101245742238447229	0.0852114279905882679	0.0446892539418708101	0.505265535982355921	0.0356495924859943293	0.00965533825433418242	0.907267519496284817	0.0174727099463649508	0.0138895503625249022	0.0186451564149347648	0.428409754521054627	0.0693170844915711472	0.0780529393103626567	0.224979119542177817	0.370575362416789398	0.118468537735299101	0.125977030951204349	0.213581365234192617	0.272431180988743388	0.441440808584064266
T:	0.03215236558012474	0.135152664746745796	0.312066791881864685	0.187713675116580951	0.134266725195168699	0.580075274820577542	0.318588449951967339	0.0529172324819564471	0.0309074490354943253	0.0402397373403492078	0.915095965953595393	0.0550881809931585142	0.0130048225636150614	0.395077794153654916	0.102224229911678725	0.254995639043377961	0.115019106771645164	0.226507257948703486	0.355780034297751796	0.519897190937732394	0.283640564846179673	0.239703782622197843	0.0317927346652954862



5	G.TGACGT.A	0.492326023608435818


A:	0.344184491721016033	0.283661240602805225	0.485021688919849487	0.205432016111170209	0.185611229886407623	0.468488756250660273	0.0848920432056431155	0.379018069649137574	0.0330677803373690428	0.0110635020592168333	0.939252122485134812	0.0229479824736679312	0.0517035842302521226	0.0501990205504491454	0.197485722592403927	0.580075274820577542	0.0528252835660098783	0.115816443596357013	0.259057115639639392	0.182607244073330062	0.397011866819449955	0.594771119752748445	0.055811747181451056
C:	0.429149084520650157	0.43613222772419969	0.0785977169716071527	0.25856456801729116	0.520383788084509711	0.131801567381477244	0.146381108691099683	0.069368847494263339	0.0153898646999987714	0.0254022316206771341	0.0168401630781220576	0.929207640978142275	0.0208894767150893757	0.0469157564428930337	0.781246326284686103	0.0446892539418708101	0.261443565640539276	0.542922658173855687	0.178706972188966119	0.244703704074916224	0.182164286196540109	0.184287460422165679	0.061025802203447626
G:	0.10699430210424217	0.118787213534495136	0.132064930040426021	0.324864657453288033	0.130045530597325579	0.0313640236740214557	0.486682988041861466	0.528306764015557192	0.02582264178147216	0.838562423837972567	0.0154339870013402056	0.0165849006702724856	0.894442785601175547	0.0288622186246707267	0.00968949440174055322	0.189586439796100204	0.228283041398017601	0.197606604294191384	0.156727387716875414	0.463881923786345115	0.338149858693437241	0.0826253979214004842	0.632319219695644842
T:	0.11967212165409164	0.16141931813849995	0.30431566406811734	0.211138758418250597	0.163959451431757087	0.368345652693841028	0.282043860061395735	0.0233063188410418946	0.925719713181160026	0.124971842482133466	0.0284737274354029247	0.0312594758779173078	0.0329641534534829549	0.874023004381987094	0.0115784567211694163	0.185649031441451444	0.457448109395433245	0.143654293935595916	0.405508524454519075	0.1088071280654086	0.0826739882905726953	0.138316021903685392	0.250843230919456476



