1	GCACGTGC	0.497525550704504862


A:	0.102112921511362406	0.318801938236377966	0.172109381633112282	0.605544111355100882	0.24994983369841654	0.45809991497633834	0.183447635273463745	0.128184229560135329	0.0440716523061297375	0.972213240911245533	0.00660721676066048375	0.135445800023985112	0.00606152703693499727	0.00808694373839938719	0.0507428818795008968	0.10723893857344477	0.522257303745530456	0.277175503081027817	0.0959312953133790073	0.264614544574684509	0.263041550064394956	0.113885389020708834
C:	0.600430793436091846	0.0637194551925444424	0.416038753714826214	0.0102118460957637081	0.158655088869300658	0.0432875857558778407	0.331133462139309828	0.121876295728709261	0.946712598607137769	0.00209911800103269551	0.856444390529539698	0.00150259268581470674	0.019626114050786774	0.00112880534833310609	0.699196592831654513	0.0390146773602287178	0.0931933054432676644	0.0680890735635952768	0.0771164783924918548	0.240107606957991361	0.0814832987526229165	0.315352335674394309
G:	0.112830783433079535	0.157142929786385296	0.261271892529042458	0.0976194673698259183	0.188910351432550981	0.410517812500844061	0.224714816659815625	0.699196592831654513	0.00112880534833310609	0.019626114050786774	0.00150259268581470674	0.856444390529539698	0.00209911800103269551	0.946712598607137769	0.121876295728709261	0.351734752002437245	0.17707242500579804	0.243848247853257096	0.11979854313421643	0.037326516862109014	0.342384831497186914	0.119690360442522776
T:	0.184625501619466213	0.460335676784692295	0.150579972123019045	0.286624575179309491	0.402484725999731821	0.0880946867669397583	0.260704085927410802	0.0507428818795008968	0.00808694373839938719	0.00606152703693499727	0.135445800023985112	0.00660721676066048375	0.972213240911245533	0.0440716523061297375	0.128184229560135329	0.502011632063889267	0.207476965805403839	0.410887175502119811	0.707153683159912708	0.457951331605215116	0.313090319685795214	0.451071914862374082



2	CACGTG.T.A	0.494620080401012457


A:	0.253851564058660418	0.200709473303859686	0.0624893714295012362	0.285572413324229915	0.260338017248188352	0.535042442894890331	0.0665411596324099964	0.0185209033720760151	0.971485001108540089	0.00693724691984984187	0.0621488105971503679	0.0166074525702877059	0.0459778442890326874	0.062639103939397796	0.0992085328980877195	0.236366247376120911	0.626816722033841276	0.111850452418072426	0.09938361139849319	0.0987129650854098114	0.186569075559760425	0.44919676284017374	0.676214203807801183
C:	0.0939793040349543651	0.409235464599011037	0.332656973786141769	0.130438238689718289	0.339119980054472479	0.0926900087107138284	0.473522330864645196	0.960599815556036257	0.00327706235902472099	0.885781469965155393	0.0070723940371451727	0.00519448824667718998	0.008013720686128706	0.715947621691942921	0.0733170178443193131	0.275448972364966105	0.199835564359186499	0.0924121177154583893	0.0340961674025399297	0.0449062801254412395	0.37852011855606537	0.0772763652939652361	0.0647942290340934448
G:	0.29882241887454309	0.136639008975435441	0.195076032977901582	0.0297622524022735103	0.195432382196199	0.0776915046603168144	0.298279645907151506	0.00741761623932365348	0.0120572823104322775	0.0129341728836543692	0.922299023209637223	0.00475150309955014841	0.935840764829971767	0.178734706490215856	0.145756945602854175	0.200426056789733346	0.0933932409424547679	0.409736204771770604	0.0892715812620826228	0.0211030474962813844	0.097865139482977666	0.180873477901982599	0.121679886366103035
T:	0.353346713031842127	0.253416053121693836	0.409777621806455412	0.554227095583778285	0.205109620501140169	0.294576043734079026	0.161656863595793302	0.0134616648325640741	0.0131806542220029126	0.0943471102313403957	0.00847977215606723606	0.973446556083484956	0.0101676701948668397	0.0426785678784434263	0.681717503654738792	0.287758723469179638	0.0799544726645174574	0.386001225094698581	0.777248639936884257	0.835277707292867565	0.337045666401196539	0.292653393963878425	0.137311680792002337



3	AGCACGTG	0.494354558538885304


A:	0.21462191805234678	0.451071914862374082	0.313090319685795214	0.457951331605215116	0.707153683159912708	0.410887175502119811	0.207476965805403839	0.502011632063889267	0.0426785678784434263	0.0152342179918943481	0.98475951389800223	0.00633911904915918959	0.0398772272289908213	0.00319939307554141701	0.00689344439048420943	0.0507428818795008968	0.260704085927410802	0.0880946867669397583	0.402484725999731821	0.286624575179309491	0.150579972123019045	0.460335676784692295
C:	0.190496677516062861	0.119690360442522776	0.342384831497186914	0.037326516862109014	0.11979854313421643	0.243848247853257096	0.17707242500579804	0.351734752002437245	0.178734706490215856	0.97096671781586119	0.0018901377265960067	0.944067325268946589	0.00370294710577757776	0.00639864489280716799	0.00134928267238564811	0.699196592831654513	0.224714816659815625	0.410517812500844061	0.188910351432550981	0.0976194673698259183	0.261271892529042458	0.157142929786385296
G:	0.169043612656495211	0.315352335674394309	0.0814832987526229165	0.240107606957991361	0.0771164783924918548	0.0680890735635952768	0.0931933054432676644	0.0390146773602287178	0.715947621691942921	0.00215175380189362835	0.00706720277147537749	0.00144961597616539985	0.953730269187665215	0.00215948063160145723	0.95579193104341893	0.121876295728709261	0.331133462139309828	0.0432875857558778407	0.158655088869300658	0.0102118460957637081	0.416038753714826214	0.0637194551925444424
T:	0.425837791775095148	0.113885389020708834	0.263041550064394956	0.264614544574684509	0.0959312953133790073	0.277175503081027817	0.522257303745530456	0.10723893857344477	0.062639103939397796	0.0116473103903508335	0.00628314560392638548	0.0481439397057288213	0.00268955647756638555	0.988242481400049958	0.0359653418937112123	0.128184229560135329	0.183447635273463745	0.45809991497633834	0.24994983369841654	0.605544111355100882	0.172109381633112282	0.318801938236377966



4	A..CACGTGC	0.494090897811305772


A:	0.194353301627713668	0.102112921511362406	0.318801938236377966	0.172109381633112282	0.605544111355100882	0.24994983369841654	0.45809991497633834	0.183447635273463745	0.128184229560135329	0.00855447103213548696	0.990478658469640248	0.00504524211494389743	0.0572958402014984357	0.00699960721595078919	0.0125471748655203499	0.0599798146467464399	0.10723893857344477	0.522257303745530456	0.277175503081027817	0.0959312953133790073	0.264614544574684509	0.263041550064394956	0.113885389020708834
C:	0.152299836011136087	0.600430793436091846	0.0637194551925444424	0.416038753714826214	0.0102118460957637081	0.158655088869300658	0.0432875857558778407	0.331133462139309828	0.121876295728709261	0.97808635083918506	0.00173549373331416329	0.955399587945630657	0.00107616110544556111	0.00810733960468893147	0.00138423505215315763	0.784345024033998652	0.0390146773602287178	0.0931933054432676644	0.0680890735635952768	0.0771164783924918548	0.240107606957991361	0.0814832987526229165	0.315352335674394309
G:	0.028119178358388339	0.112830783433079535	0.157142929786385296	0.261271892529042458	0.0976194673698259183	0.188910351432550981	0.410517812500844061	0.224714816659815625	0.699196592831654513	0.000979663502299792299	0.00435836284181679254	0.00122808655440773623	0.934774978589570235	0.000978156603033854237	0.959865548349706621	0.11287320660219154	0.351734752002437245	0.17707242500579804	0.243848247853257096	0.11979854313421643	0.037326516862109014	0.342384831497186914	0.119690360442522776
T:	0.625227684002761907	0.184625501619466213	0.460335676784692295	0.150579972123019045	0.286624575179309491	0.402484725999731821	0.0880946867669397583	0.260704085927410802	0.0507428818795008968	0.0123795146263796603	0.00342748495522879658	0.0383270833850177089	0.0068530201034857678	0.983914896576326425	0.0262030417326198718	0.0428019547170633681	0.502011632063889267	0.207476965805403839	0.410887175502119811	0.707153683159912708	0.457951331605215116	0.313090319685795214	0.451071914862374082



5	G..CACGTGC	0.493631100082712986


A:	0.194353301627713668	0.102112921511362406	0.318801938236377966	0.172109381633112282	0.605544111355100882	0.24994983369841654	0.45809991497633834	0.183447635273463745	0.128184229560135329	0.018633646635853477	0.985414352292324099	0.00258517853511033069	0.0210101988845890484	0.00347428452734954368	0.00316889263606409853	0.0161758865003278105	0.10723893857344477	0.522257303745530456	0.277175503081027817	0.0959312953133790073	0.264614544574684509	0.263041550064394956	0.113885389020708834
C:	0.152299836011136087	0.600430793436091846	0.0637194551925444424	0.416038753714826214	0.0102118460957637081	0.158655088869300658	0.0432875857558778407	0.331133462139309828	0.121876295728709261	0.971659212335598512	0.00172786654311973045	0.959560696603678763	0.00133129248807481599	0.00910968531680107067	0.00317882207992157824	0.916897120041434483	0.0390146773602287178	0.0931933054432676644	0.0680890735635952768	0.0771164783924918548	0.240107606957991361	0.0814832987526229165	0.315352335674394309
G:	0.028119178358388339	0.112830783433079535	0.157142929786385296	0.261271892529042458	0.0976194673698259183	0.188910351432550981	0.410517812500844061	0.224714816659815625	0.699196592831654513	0.0019563598778932981	0.0101207590674907827	0.00108228723609158309	0.973318104537694229	0.00119332538542253051	0.978220807239009701	0.0412526057137544071	0.351734752002437245	0.17707242500579804	0.243848247853257096	0.11979854313421643	0.037326516862109014	0.342384831497186914	0.119690360442522776
T:	0.625227684002761907	0.184625501619466213	0.460335676784692295	0.150579972123019045	0.286624575179309491	0.402484725999731821	0.0880946867669397583	0.260704085927410802	0.0507428818795008968	0.00775078115065471326	0.00273702209706538785	0.0367718376251193231	0.0043404040896419064	0.986222704770426855	0.0154314780450046221	0.025674387744483299	0.502011632063889267	0.207476965805403839	0.410887175502119811	0.707153683159912708	0.457951331605215116	0.313090319685795214	0.451071914862374082



