1	ACACGTGT	0.487020637991764648


A:	0.569282882531698619	0.220562905740631703	0.324405205902439414	0.0102704411331792134	0.112097941509005229	0.185400542678731474	0.138550289336441519	0.727874394233779292	0.0111728523837711541	0.958645043158077413	0.0068860645346869878	0.00909510464139982403	0.0231117967311673636	0.108455499488177105	0.01309980331366938	0.342975961869489257	0.368261139268461579	0.193025631065379687	0.731064801929293846	0.719116931890517376	0.448296545434386355	0.327119573614370854
C:	0.189910662433987328	0.0965604809496615912	0.178635990538574335	0.0120871235558047882	0.358412271896800652	0.364629254749177894	0.0497923922941388079	0.242355162378429962	0.875139447324489868	0.00392475627921353951	0.975379980749250173	0.00863885007466301515	0.0143184038315416839	0.00523220080356187248	0.016670640074121366	0.486109681819700889	0.116974726867137517	0.447525821394991525	0.100257169739140134	0.165329953168485047	0.0766284419473643548	0.270090984342632267
G:	0.112597022482278733	0.0463576056987345074	0.372340851829207044	0.813848735036572564	0.366230650151168822	0.113397272642343052	0.463128410522474728	0.016670640074121366	0.00523220080356187248	0.0143184038315416839	0.00863885007466301515	0.975379980749250173	0.00392475627921353951	0.875139447324489868	0.242355162378429962	0.0559512078404663114	0.211155282358749974	0.189964661984128266	0.10621310301982273	0.0765837053825799483	0.0779001694706784947	0.131222469000744647
T:	0.12820943255203532	0.636519007610972199	0.124617951729779207	0.163793700274443434	0.163259136443025297	0.33657292992974758	0.348528907846944945	0.01309980331366938	0.108455499488177105	0.0231117967311673636	0.00909510464139982403	0.0068860645346869878	0.958645043158077413	0.0111728523837711541	0.727874394233779292	0.114963148470343543	0.30360885150565093	0.169483885555500522	0.0624649253117432895	0.0389694095584176281	0.397174843147570795	0.271566973042252232



2	CCACGTGG	0.473979262787121099


A:	0.303134158339440076	0.832301313967937596	0.349822756110551141	0.0777570296945956848	0.126109168677123426	0.379578660283455163	0.129774522619993751	0.416519972688488453	0.0221859798008895247	0.92662785052274507	0.0206033338897416475	0.0361214072077153623	0.0354182237893054334	0.0967299386208557827	0.0337291209157727106	0.0589580321490317775	0.238966650403999168	0.733347131357071306	0.12650616196379758	0.49293421292242101	0.539710608353894505	0.376947155510136464
C:	0.221627155434402468	0.0155340868329733832	0.0355667325644505825	0.178278931543352047	0.0611708375680745264	0.153502541741916771	0.0330913128973198052	0.532418917752725627	0.864499781337912137	0.00503748761139856691	0.932349982073851236	0.010925276828691754	0.0329164380765509293	0.0165843002403425555	0.0173319886430132094	0.581526170250465078	0.133041468015674013	0.123611779557015569	0.00415328756089851852	0.0710904917774870786	0.0797607374857703706	0.111207553875516551
G:	0.19998075118042188	0.0695036117847745217	0.565602136923418177	0.00563337318620222892	0.378877559080843504	0.311829340614368503	0.716098361323930006	0.0173319886430132094	0.0165843002403425555	0.0329164380765509293	0.010925276828691754	0.932349982073851236	0.00503748761139856691	0.864499781337912137	0.532418917752725627	0.132129856842301471	0.360967540126825017	0.10751122198152359	0.795685483544892275	0.21886247538554321	0.285252080508216017	0.12911948117613035
T:	0.275257935045735576	0.0826609874143144987	0.0490083744015800995	0.738330665575850039	0.433842434673958544	0.155089457360259563	0.121035803158756438	0.0337291209157727106	0.0967299386208557827	0.0354182237893054334	0.0361214072077153623	0.0206033338897416475	0.92662785052274507	0.0221859798008895247	0.416519972688488453	0.227385940758201673	0.267024341453501802	0.0355298671043895343	0.0736550669304116258	0.217112819914548702	0.0952765736521191074	0.382725809438216635



3	CACGTGT..C	0.463218716767103864


A:	0.220562905740631703	0.324405205902439414	0.0102704411331792134	0.112097941509005229	0.185400542678731474	0.138550289336441519	0.727874394233779292	0.0260215554289524158	0.930302722384890591	0.0367946808763701824	0.0502158735330602939	0.0225984841693332004	0.115742087259958104	0.0479915750139759877	0.342975961869489257	0.368261139268461579	0.193025631065379687	0.731064801929293846	0.719116931890517376	0.448296545434386355	0.327119573614370854	0.14852762701083955	0.511997010646998204
C:	0.0965604809496615912	0.178635990538574335	0.0120871235558047882	0.358412271896800652	0.364629254749177894	0.0497923922941388079	0.242355162378429962	0.555089010871709493	0.0114686488199468363	0.908989744280373489	0.0155221155465550451	0.112896652740632037	0.0220457115591442436	0.0309690902086944045	0.486109681819700889	0.116974726867137517	0.447525821394991525	0.100257169739140134	0.165329953168485047	0.0766284419473643548	0.270090984342632267	0.260664295307444662	0.212902385342790192
G:	0.0463576056987345074	0.372340851829207044	0.813848735036572564	0.366230650151168822	0.113397272642343052	0.463128410522474728	0.016670640074121366	0.0652399043096824962	0.0175669934615016801	0.017934824386061662	0.926884270383417377	0.00336187966818292731	0.836422061608183444	0.432163917624411768	0.0559512078404663114	0.211155282358749974	0.189964661984128266	0.10621310301982273	0.0765837053825799483	0.0779001694706784947	0.131222469000744647	0.0858433600579970227	0.149741374497087463
T:	0.636519007610972199	0.124617951729779207	0.163793700274443434	0.163259136443025297	0.33657292992974758	0.348528907846944945	0.01309980331366938	0.353649529389655595	0.0406616353336608931	0.036280750457194667	0.00737774053696728399	0.861142983421851835	0.0257901395727142082	0.48887541715291784	0.114963148470343543	0.30360885150565093	0.169483885555500522	0.0624649253117432895	0.0389694095584176281	0.397174843147570795	0.271566973042252232	0.504964717623718765	0.125359229513124141



4	ACACGTG.C	0.462615183549224941


A:	0.271566973042252232	0.397174843147570795	0.0389694095584176281	0.0624649253117432895	0.169483885555500522	0.30360885150565093	0.114963148470343543	0.455049387984448653	0.0290660830506407001	0.910793610317073229	0.022159477636392697	0.04627506358743221	0.0782529359562711101	0.153911473938724265	0.01309980331366938	0.348528907846944945	0.33657292992974758	0.163259136443025297	0.163793700274443434	0.124617951729779207	0.636519007610972199	0.12820943255203532	0.272411069903299362
C:	0.131222469000744647	0.0779001694706784947	0.0765837053825799483	0.10621310301982273	0.189964661984128266	0.211155282358749974	0.0559512078404663114	0.46347198592678779	0.854715758226063014	0.00596321370091844124	0.904777705042466667	0.0138148770523243483	0.0303150672131104111	0.0577748840217561797	0.016670640074121366	0.463128410522474728	0.113397272642343052	0.366230650151168822	0.813848735036572564	0.372340851829207044	0.0463576056987345074	0.112597022482278733	0.355445726304251983
G:	0.270090984342632267	0.0766284419473643548	0.165329953168485048	0.100257169739140134	0.447525821394991525	0.116974726867137517	0.486109681819700889	0.0396935211136997935	0.0121461640265364715	0.0515390898353145009	0.0179434531106756327	0.89487975120912061	0.0116730635865772587	0.768710567616080383	0.242355162378429962	0.0497923922941388079	0.364629254749177894	0.358412271896800652	0.0120871235558047882	0.178635990538574335	0.0965604809496615912	0.189910662433987328	0.0601261541296886017
T:	0.327119573614370854	0.448296545434386355	0.719116931890517376	0.731064801929293846	0.193025631065379687	0.368261139268461579	0.342975961869489257	0.041785104975063763	0.104071994696759814	0.0317040861466938288	0.0551193642104650036	0.0450303081511228317	0.87975893324404122	0.0196030744234391723	0.727874394233779292	0.138550289336441519	0.185400542678731474	0.112097941509005229	0.0102704411331792134	0.324405205902439414	0.220562905740631703	0.569282882531698619	0.312017049662760054



5	G.CACGTG.C	0.462407600337351788


A:	0.125989348736048423	0.352835319294372513	0.0867078353211354915	0.0440521446348715735	0.198468296601835392	0.359403626736360749	0.352813672979002686	0.243813734746872926	0.362537883883710099	0.0526984829128653358	0.800313050835965153	0.111782435007116838	0.345746809503726829	0.0559634528362932775	0.257021915493311778	0.041785104975063763	0.324434959867348117	0.36849388269384299	0.0707895425037981948	0.677002571385399312	0.195650956763873888	0.410523957112887472	0.409044713762119649
C:	0.0750932455779068169	0.0967672644728559915	0.0820668933464776162	0.0135860614111442849	0.176936018632723144	0.116740045508858493	0.15732072536031841	0.0923043012003277752	0.58439479159590409	0.627008910325758666	0.0910363235249327147	0.518359505846525996	0.0241112496426303367	0.0526871728028088552	0.0632706912680642203	0.0396935211136997935	0.339447004185451182	0.204008888228112629	0.701719009747946436	0.0235839353990431002	0.431379523724948573	0.129108629478308119	0.102152957148866549
G:	0.179257711304338686	0.195891908105435213	0.0875357240260611578	0.52619019877818858	0.067766377758166959	0.184014287604786835	0.317138604751019883	0.339447004185451182	0.0116521249162522138	0.0632706912680642203	0.0526871728028088552	0.0241112496426303367	0.518359505846525996	0.0910363235249327147	0.627008910325758666	0.46347198592678779	0.0923043012003277752	0.113940766847148086	0.0806964735177087821	0.115888354291217549	0.0509485950779075472	0.255185675999825959	0.174129820226445078
T:	0.619659694381706074	0.354505508127336283	0.743689547306325735	0.416171595175795562	0.556829307007274505	0.339842040149993923	0.172726996909659021	0.324434959867348117	0.0414151996041335972	0.257021915493311778	0.0559634528362932775	0.345746809503726829	0.111782435007116838	0.800313050835965153	0.0526984829128653358	0.455049387984448653	0.243813734746872926	0.313556462230896294	0.146794974230546587	0.183525138924340038	0.322020924433269993	0.205181737408978451	0.314672508862568724



