1	GCACGTGC	0.499935808809006518


A:	0.298346466751742731	0.385468552325315345	0.214889770395455124	0.328742621757497369	0.268243286955599147	0.297605913674483481	0.387641715034186915	0.00977904806083137068	0.0199064883127888113	0.985322632138853335	0.000791185018842154017	0.0521290880297231326	0.00343709942132293477	0.00165108057586588985	0.00441996912508393725	0.224599418557092111	0.246655725197055361	0.118854655991061564	0.209810429497039916	0.567310192113486396	0.309784278152395912	0.235202494704685622
C:	0.445489346874452599	0.147850116090114946	0.0834227626113511736	0.0846664357723420173	0.407940886772985059	0.163141934355133928	0.207066135254550076	0.004233964588604655	0.977432121642373429	0.000942803899675128325	0.946309707643899262	0.000770019307535451669	0.0102974645401486023	0.00101030946897186932	0.981567018225480037	0.0752330428715691061	0.256065673132366437	0.0576909758896345024	0.430738955072801622	0.165428988257242227	0.140083875765778037	0.199796769407927376
G:	0.180166868426868332	0.368247178346913236	0.293963300465196688	0.397875851107862315	0.147421042889470108	0.394121496818190613	0.0992706529889492108	0.981567018225480037	0.00101030946897186932	0.0102974645401486023	0.000770019307535451669	0.946309707643899262	0.000942803899675128325	0.97743212164237343	0.004233964588604655	0.37198572550464481	0.205243108699102699	0.464723240232584293	0.0982362353695398383	0.116690490591021072	0.140510581069847939	0.276948014315102298
T:	0.0759973179469363384	0.0984341532376564734	0.407724166527997015	0.188715091362298299	0.176394783381945685	0.145130655152191977	0.306021496722313799	0.00441996912508393725	0.00165108057586588985	0.00343709942132293477	0.0521290880297231326	0.000791185018842154017	0.985322632138853335	0.0199064883127888113	0.00977904806083137068	0.328181813066693973	0.292035492971475503	0.358731127886719641	0.261214380060618624	0.150570329038250305	0.409621265011978113	0.288052721572284704



2	G.CACGTGC	0.499400734265158624


A:	0.336834374951366518	0.632960714402102128	0.434889606721940594	0.0924552445394159456	0.266154436062257237	0.292931013346657496	0.318932536754651076	0.166354937798965804	0.00977904806083137068	0.0162697196829806147	0.990968472672491137	0.000815053125209191124	0.0183351718895645704	0.00186307592242818829	0.00220026769128363055	0.00792279212799155927	0.160247141535185687	0.27610598166459875	0.526889862415622259	0.319224413139901572	0.700267708447261597	0.273630423639326322	0.619065481163368672
C:	0.478090052540798142	0.0509939709548213299	0.267119096952631981	0.148363188076001939	0.267974944373698802	0.0376258051823974215	0.0942926948728532584	0.0961798042921730526	0.004233964588604655	0.980877859576043443	0.000809037233573332127	0.9542745599615804	0.000819002044233606435	0.00533101004208550779	0.000597979158850203799	0.962658829025654681	0.0799813708904759394	0.293084311250711928	0.123295193007833361	0.136774066524872918	0.0819434996913962401	0.409118180298979798	0.148999411265263007
G:	0.0289619848419709886	0.12285045116540758	0.0589338427562703163	0.0740634985494575447	0.251915194174216954	0.0748691395499340685	0.240061327771488849	0.610877820282035822	0.981567018225480037	0.00140676701159043444	0.00484135705712394986	0.000594621227251397045	0.97971665778542418	0.00117908833474610069	0.988281642154149561	0.0188531657411021462	0.363781000230700174	0.195435595021713761	0.105254334383331813	0.123407672544114792	0.107060073534835712	0.0787994708655615829	0.0242632659354354616
T:	0.156113587665864351	0.193194863477668962	0.239057453569157109	0.685118068835124571	0.213955425389827007	0.594574041921011014	0.346713440601006817	0.126587437626825321	0.00441996912508393725	0.0014456537293855075	0.0033811330368115815	0.044315765685959012	0.00112916828077764351	0.991626825700740203	0.00892011099571660513	0.0105652131052516137	0.3959904873436382	0.235374112062975561	0.244560610193212567	0.420593847791110719	0.110728718326506451	0.238451925196132297	0.207671841635932859



3	CACGTGC.C	0.499328843460727173


A:	0.434889606721940594	0.0924552445394159456	0.266154436062257237	0.292931013346657496	0.318932536754651076	0.166354937798965804	0.00977904806083137068	0.00501659749257589548	0.992149938652013682	0.00111104423968150074	0.0211662931701569149	0.00255101023883003421	0.00328544641887595559	0.0113028648187155883	0.160247141535185687	0.27610598166459875	0.526889862415622259	0.319224413139901572	0.700267708447261597	0.273630423639326322	0.619065481163368672	0.144703812397285101	0.127097945024601649
C:	0.267119096952631981	0.148363188076001939	0.267974944373698802	0.0376258051823974215	0.0942926948728532584	0.0961798042921730526	0.004233964588604655	0.989689094361176535	0.000960443159197251126	0.955530975261314374	0.000916482969244693205	0.00457085563417697586	0.000734656262008361605	0.939093061766206616	0.0799813708904759394	0.293084311250711928	0.123295193007833361	0.136774066524872918	0.0819434996913962401	0.409118180298979798	0.148999411265263007	0.0890273969578520737	0.113018719515193595
G:	0.0589338427562703163	0.0740634985494575447	0.251915194174216954	0.0748691395499340685	0.240061327771488849	0.610877820282035822	0.981567018225480037	0.00111114332455607898	0.00416072320855838621	0.00116394744753655618	0.976754596001127568	0.000866329105764847383	0.991428172256959733	0.0348519713595138172	0.363781000230700174	0.195435595021713761	0.105254334383331813	0.123407672544114792	0.107060073534835712	0.0787994708655615829	0.0242632659354354616	0.0943950763485242963	0.171992216141588455
T:	0.239057453569157109	0.685118068835124571	0.213955425389827007	0.594574041921011014	0.346713440601006817	0.126587437626825321	0.00441996912508393725	0.00418316482169149046	0.00272889498023068057	0.0421940330514675691	0.00116262785947082429	0.992011805021228142	0.00455172506215594997	0.0147521020555639786	0.3959904873436382	0.235374112062975561	0.244560610193212567	0.420593847791110719	0.110728718326506451	0.238451925196132297	0.207671841635932859	0.671873714296338529	0.587891119318616302



4	A..GCACGTG	0.499323973922062528


A:	0.587891119318616302	0.671873714296338529	0.207671841635932859	0.238451925196132297	0.110728718326506451	0.420593847791110719	0.244560610193212567	0.235374112062975561	0.3959904873436382	0.0270520794577233313	0.00727499831186500858	0.988162511349721339	0.00263156974126188581	0.0533980102138769918	0.00411660390502837797	0.00152253291979093933	0.00441996912508393725	0.126587437626825321	0.346713440601006817	0.594574041921011014	0.213955425389827007	0.685118068835124571	0.239057453569157109
C:	0.171992216141588455	0.0943950763485242963	0.0242632659354354616	0.0787994708655615829	0.107060073534835712	0.123407672544114792	0.105254334383331813	0.195435595021713761	0.363781000230700174	0.0667123688714619866	0.988883660133854109	0.000617165002182942994	0.969849275671604555	0.000750391353582506372	0.00369307953238761396	0.00126955397283328181	0.981567018225480037	0.610877820282035822	0.240061327771488849	0.0748691395499340685	0.251915194174216954	0.0740634985494575447	0.0589338427562703163
G:	0.113018719515193595	0.0890273969578520737	0.148999411265263007	0.409118180298979798	0.0819434996913962401	0.136774066524872918	0.123295193007833361	0.293084311250711928	0.0799813708904759394	0.895225522270419124	0.000538776862790972768	0.00879117901544097818	0.000443105553809534252	0.94453216610859622	0.000842507696831134503	0.986593365827922952	0.004233964588604655	0.0961798042921730526	0.0942926948728532584	0.0376258051823974215	0.267974944373698802	0.148363188076001939	0.267119096952631981
T:	0.127097945024601649	0.144703812397285101	0.619065481163368672	0.273630423639326322	0.700267708447261597	0.319224413139901572	0.526889862415622259	0.27610598166459875	0.160247141535185687	0.0110100294003955576	0.00330256469148991002	0.00242914463265473972	0.027076049033324025	0.00131943232394428194	0.991347808865752874	0.0106145472794528272	0.00977904806083137068	0.166354937798965804	0.318932536754651076	0.292931013346657496	0.266154436062257238	0.0924552445394159456	0.434889606721940594



5	CACGTGC..A	0.499283844520175829


A:	0.434889606721940594	0.0924552445394159456	0.266154436062257237	0.292931013346657496	0.318932536754651076	0.166354937798965804	0.00977904806083137068	0.00850896749323973742	0.991098441763154123	0.00171517739200620704	0.0259563407878209946	0.0016260899159385146	0.0011091181461891607	0.0115448994645975653	0.160247141535185687	0.27610598166459875	0.526889862415622259	0.319224413139901572	0.700267708447261597	0.273630423639326322	0.619065481163368672	0.144703812397285101	0.127097945024601649
C:	0.267119096952631981	0.148363188076001939	0.267974944373698802	0.0376258051823974215	0.0942926948728532584	0.0961798042921730526	0.004233964588604655	0.988077560930856584	0.000655334758415773122	0.952896837625483386	0.000911681629489630418	0.00423013430325076643	0.00168866977107562805	0.954379436418890541	0.0799813708904759394	0.293084311250711928	0.123295193007833361	0.136774066524872918	0.0819434996913962401	0.409118180298979798	0.148999411265263007	0.0890273969578520737	0.113018719515193595
G:	0.0589338427562703163	0.0740634985494575447	0.251915194174216954	0.0748691395499340685	0.240061327771488849	0.610877820282035822	0.981567018225480037	0.00148844890397820563	0.00450469409285011085	0.000709491854300488191	0.972229368219770713	0.00137688909064892371	0.990287698833416813	0.0117027498372440123	0.363781000230700174	0.195435595021713761	0.105254334383331813	0.123407672544114792	0.107060073534835712	0.0787994708655615829	0.0242632659354354616	0.0943950763485242963	0.171992216141588455
T:	0.239057453569157109	0.685118068835124571	0.213955425389827007	0.594574041921011014	0.346713440601006817	0.126587437626825321	0.00441996912508393725	0.00192502267192547243	0.00374152938557999247	0.0446784931282099184	0.000902609362918661835	0.992766886690161795	0.00691451324931839804	0.0223729142792678814	0.3959904873436382	0.235374112062975561	0.244560610193212567	0.420593847791110719	0.110728718326506451	0.238451925196132297	0.207671841635932859	0.671873714296338529	0.587891119318616302



