1	CCACGTGG	0.483919978171354864


A:	0.343422975196064521	0.0611718162742435349	0.243626431432617862	0.139395391027071241	0.0695714134163197703	0.39356513593263678	0.201590467328180627	0.533240032804592785	0.0220282011589293289	0.940220594084131987	0.0212832043565769459	0.0504704311834101574	0.0230133456016560283	0.117006332504151049	0.0256544181561306271	0.118579696013408884	0.127101927077393851	0.277863310552549459	0.783334526852270887	0.0573190738422124004	0.0921953245657049286	0.304228596220844534
C:	0.138980864364446799	0.259119855742095402	0.204960389447579495	0.764227950182571398	0.125786817031381033	0.30986098101476186	0.126520283072291261	0.42808894189654385	0.844622229042259521	0.00798650455397681623	0.914966827912401921	0.0132795365476109756	0.0287795557602351688	0.0163432372946601012	0.0130166071427327375	0.685133240381132354	0.361682430315140671	0.481640713217788341	0.00688267830104523217	0.509160947705430458	0.111341256903318386	0.200388156468226334
G:	0.164907021309961423	0.124004343473256714	0.0962416498255115069	0.00495108057905648554	0.109402958655509255	0.115281642500205008	0.617066824442825795	0.0130166071427327375	0.0163432372946601012	0.0287795557602351688	0.0132795365476109756	0.914966827912401921	0.00798650455397681623	0.844622229042259521	0.42808894189654385	0.0456077535653865428	0.183318598927998367	0.0677821359885582692	0.133319586525278155	0.0279979382374279077	0.0349668303111725088	0.242769771560119341
T:	0.352689139129527257	0.555703984510404349	0.455171529294291136	0.0914255782113008751	0.695238810896789942	0.181292240552396353	0.0548224251567023171	0.0256544181561306271	0.117006332504151049	0.0230133456016560283	0.0504704311834101574	0.0212832043565769459	0.940220594084131987	0.0220282011589293289	0.533240032804592785	0.150679310040072219	0.327897043679467112	0.17271384024110393	0.0764632083214057252	0.405522040214929234	0.761496588219804177	0.252613475750809791



2	ACACGTGT	0.482605298407501116


A:	0.566134656729161306	0.265234032732395312	0.286283387678920796	0.00990334454288107362	0.0987379776702241938	0.20651028797591594	0.138410470631361878	0.676408586389315313	0.0110128833374655939	0.958800984211616017	0.0062762588797235076	0.00932865348711344241	0.0231299870345128475	0.098428428406858438	0.00773646286499829488	0.349240933546087736	0.297352210671977792	0.136058210534427277	0.797995884853158019	0.74040872136021888	0.305549375187864124	0.423123124164675509
C:	0.158603617634387778	0.116497086768838012	0.206907364389141288	0.00763146130551221582	0.486910964982659427	0.299582525470656459	0.0521715070150654452	0.303593483417222392	0.886113338458029991	0.00357105795570309892	0.973729031151764871	0.0106660564813981792	0.0144979707981680366	0.00444534979764597671	0.012261467328464	0.485034018262167995	0.145934391720817605	0.306552896379961737	0.0393111068126955672	0.183134254839852518	0.131012553268646485	0.254666373158285418
G:	0.0983056262737287737	0.0422381560739820906	0.372706469045368707	0.689893156074355922	0.257218290041802181	0.180609697904158739	0.481710187422046885	0.012261467328464	0.00444534979764597671	0.0144979707981680366	0.0106660564813981792	0.973729031151764871	0.00357105795570309892	0.886113338458029991	0.303593483417222392	0.056195198605134017	0.207256897654363679	0.315388356007088411	0.0835604272256880168	0.0406959218653994965	0.0695183147302168362	0.0823625032506323445
T:	0.176956099362722142	0.576030724424784586	0.134102778886569208	0.292572038077250789	0.157132767305314199	0.313297488649268862	0.327707834931525792	0.00773646286499829488	0.098428428406858438	0.0231299870345128475	0.00932865348711344241	0.0062762588797235076	0.958800984211616017	0.0110128833374655939	0.676408586389315313	0.109529849586610252	0.349456499952840924	0.242000537078522575	0.0791325811084583968	0.0357611019345291059	0.493919756813272555	0.239847999426406729



3	ACACGTG.C	0.460206461859149337


A:	0.239847999426406729	0.493919756813272555	0.0357611019345291059	0.0791325811084583968	0.242000537078522575	0.349456499952840924	0.109529849586610252	0.408435707879428413	0.0449409694963194314	0.892806710084348857	0.0231339229054168207	0.0392460498793380651	0.0974085485035583721	0.143799821975764404	0.00773646286499829488	0.327707834931525792	0.313297488649268862	0.157132767305314199	0.292572038077250789	0.134102778886569208	0.576030724424784586	0.176956099362722142	0.344203251072836422
C:	0.0823625032506323445	0.0695183147302168362	0.0406959218653994965	0.0835604272256880168	0.315388356007088411	0.207256897654363679	0.056195198605134017	0.531886593942503323	0.802698504873974356	0.00791763485253913393	0.8986978347107764	0.0241696096095983875	0.0398509957200393439	0.0556575782850788545	0.012261467328464	0.481710187422046885	0.180609697904158739	0.25721829004180218	0.689893156074355922	0.372706469045368707	0.0422381560739820906	0.0983056262737287737	0.365497037424508106
G:	0.254666373158285418	0.131012553268646485	0.183134254839852518	0.0393111068126955672	0.306552896379961737	0.145934391720817605	0.485034018262167995	0.0277626819443586765	0.0225921845247516808	0.0529358505934594404	0.0179573843909241001	0.914977790600893868	0.0108633930469945459	0.777569701163277123	0.303593483417222392	0.0521715070150654452	0.299582525470656459	0.486910964982659427	0.00763146130551221582	0.206907364389141289	0.116497086768838012	0.158603617634387778	0.0916659837490513635
T:	0.423123124164675509	0.305549375187864124	0.74040872136021888	0.797995884853158019	0.136058210534427277	0.297352210671977792	0.349240933546087736	0.0319150162337095884	0.129768341104954531	0.0463398044696525687	0.0602108579928826793	0.021606549910169679	0.851877062729407738	0.022972898575879619	0.676408586389315313	0.138410470631361878	0.20651028797591594	0.0987379776702241938	0.00990334454288107362	0.286283387678920796	0.265234032732395312	0.566134656729161306	0.198633727753604109



4	ACACGTGG	0.459920467516998362


A:	0.343422975196064521	0.0611718162742435349	0.243626431432617862	0.139395391027071241	0.0695714134163197703	0.39356513593263678	0.201590467328180627	0.533240032804592785	0.0134908002730120829	0.899991282555188757	0.0178599780786974212	0.00472410957823989015	0.013325255760854184	0.0688485147487706987	0.00773646286499829488	0.118579696013408884	0.127101927077393851	0.277863310552549459	0.783334526852270887	0.0573190738422124004	0.0921953245657049286	0.304228596220844534
C:	0.138980864364446799	0.259119855742095402	0.204960389447579495	0.764227950182571398	0.125786817031381033	0.30986098101476186	0.126520283072291261	0.42808894189654385	0.931801546765289242	0.00411449121732057836	0.952819312368824715	0.0202916141611546675	0.0138729904224793305	0.0545094987759113472	0.012261467328464	0.685133240381132354	0.361682430315140671	0.481640713217788341	0.00688267830104523217	0.509160947705430458	0.111341256903318386	0.200388156468226334
G:	0.164907021309961423	0.124004343473256714	0.0962416498255115069	0.00495108057905648554	0.109402958655509255	0.115281642500205008	0.617066824442825795	0.0130166071427327375	0.00700000670295513457	0.0775506383780280315	0.0130817283708414623	0.964014369025434652	0.00938286708063791323	0.863630334948966106	0.303593483417222392	0.0456077535653865428	0.183318598927998367	0.0677821359885582692	0.133319586525278155	0.0279979382374279077	0.0349668303111725088	0.242769771560119341
T:	0.352689139129527257	0.555703984510404349	0.455171529294291136	0.0914255782113008751	0.695238810896789942	0.181292240552396353	0.0548224251567023171	0.0256544181561306271	0.0477076462587435409	0.0183435878494626328	0.0162389811816364017	0.0109699072351707905	0.963418886736028572	0.0130116515263518477	0.676408586389315313	0.150679310040072219	0.327897043679467112	0.17271384024110393	0.0764632083214057252	0.405522040214929234	0.761496588219804177	0.252613475750809791



5	CCACGTG.C	0.459379290949095902


A:	0.252613475750809791	0.761496588219804177	0.405522040214929234	0.0764632083214057252	0.17271384024110393	0.327897043679467112	0.150679310040072219	0.408435707879428413	0.0110963568767136958	0.95990126783764632	0.0418105551018399131	0.0599100817855999658	0.0270451786045263224	0.0589265439492945009	0.0256544181561306271	0.0548224251567023171	0.181292240552396353	0.695238810896789942	0.0914255782113008751	0.455171529294291136	0.555703984510404349	0.352689139129527257	0.210492376388800635
C:	0.242769771560119341	0.0349668303111725088	0.0279979382374279077	0.133319586525278155	0.0677821359885582692	0.183318598927998367	0.0456077535653865428	0.531886593942503323	0.865925029511491712	0.0191326847697168835	0.935625405650311901	0.0145967822054405295	0.0225451474675866256	0.0220130080019400282	0.0130166071427327375	0.617066824442825795	0.115281642500205008	0.109402958655509255	0.00495108057905648554	0.0962416498255115069	0.124004343473256714	0.164907021309961423	0.0547351955758457526
G:	0.200388156468226334	0.111341256903318386	0.509160947705430458	0.00688267830104523217	0.481640713217788341	0.361682430315140671	0.685133240381132354	0.0277626819443586765	0.0223718393734263825	0.0132786404214060857	0.0116066526121117066	0.908834139060737822	0.00329569260408289105	0.887009765238691879	0.42808894189654385	0.126520283072291261	0.30986098101476186	0.125786817031381033	0.764227950182571398	0.204960389447579495	0.259119855742095402	0.138980864364446799	0.574964635288506012
T:	0.304228596220844534	0.0921953245657049286	0.0573190738422124004	0.783334526852270887	0.277863310552549459	0.127101927077393851	0.118579696013408884	0.0319150162337095884	0.10060677423836821	0.00768740697123071103	0.0109573866357364793	0.0166589969482216832	0.947113981323804161	0.0320506828100735921	0.533240032804592785	0.201590467328180627	0.39356513593263678	0.0695714134163197703	0.139395391027071241	0.243626431432617862	0.0611718162742435349	0.343422975196064521	0.159807792746847601



