1	GCACGTGC	0.499269207979458819


A:	0.432095236732461761	0.248473169359495534	0.0860249460679079805	0.320435757358435036	0.308582550296034985	0.124795938168594145	0.127917421466345526	0.194877422302831314	0.019959330239983276	0.983545568363300259	0.00142856151820644662	0.0445038371751582325	0.0107320030989030215	0.00412150356970075967	0.0595127489646757304	0.233843771158083924	0.393013111302944433	0.209007047676315	0.282636583861933875	0.44794237300057306	0.232104410044100305	0.276252423971071353
C:	0.119356819705361667	0.314353307391878193	0.23273346810625967	0.135770129508450937	0.171966033523991943	0.358090383363098122	0.119346370080402315	0.0335244159816692001	0.975104877978282301	0.000857760508130427591	0.953330706115389085	0.000736895191246235676	0.00486466802966629184	0.00081428821203366292	0.712085412750823756	0.1937737015482274	0.271436556365968454	0.371596478035310296	0.13357379919643951	0.274447344724976247	0.0841099754533320906	0.402676395871306182
G:	0.251717153616325911	0.0932386098467512841	0.221259691827879541	0.218678419430154911	0.198490512052481126	0.212982199326880456	0.595723252722656594	0.712085412750823756	0.00081428821203366292	0.00486466802966629184	0.000736895191246235676	0.953330706115389085	0.000857760508130427591	0.975104877978282301	0.0335244159816692001	0.345921549327625184	0.134821940744381732	0.245603296004761144	0.213030175891133008	0.157604736348992721	0.121090026467156443	0.0714456481830345397
T:	0.196830789945850661	0.343934913401874989	0.459981893997952809	0.325115693702959115	0.320960904127491946	0.304131479141427276	0.157012955730595565	0.0595127489646757304	0.00412150356970075967	0.0107320030989030215	0.0445038371751582325	0.00142856151820644662	0.983545568363300259	0.019959330239983276	0.194877422302831314	0.226460977966063491	0.200728391586705381	0.17379317828361356	0.370759441050493607	0.120005545925457972	0.562695588035411162	0.249625531974587926



2	G.CACGTGC	0.498804761199190003


A:	0.11573940132114289	0.432095236732461761	0.248473169359495534	0.0860249460679079805	0.320435757358435036	0.308582550296034985	0.124795938168594145	0.127917421466345526	0.194877422302831314	0.0173063477537655184	0.99082387395294645	0.00130424229652429884	0.0125703546746695944	0.00668541336610341671	0.00163983649695014744	0.0243841472386340711	0.233843771158083924	0.393013111302944433	0.209007047676315	0.282636583861933875	0.44794237300057306	0.232104410044100305	0.276252423971071353
C:	0.389820821158359622	0.119356819705361667	0.314353307391878193	0.23273346810625967	0.135770129508450937	0.171966033523991943	0.358090383363098122	0.119346370080402315	0.0335244159816692001	0.97896296809536265	0.00100920138805789556	0.984550974917277507	0.000571797521301528892	0.00231527162633096783	0.000775890703022946204	0.852436375857381047	0.1937737015482274	0.271436556365968454	0.371596478035310296	0.13357379919643951	0.274447344724976247	0.0841099754533320906	0.402676395871306182
G:	0.304596444643243412	0.251717153616325911	0.0932386098467512841	0.221259691827879541	0.218678419430154911	0.198490512052481126	0.212982199326880456	0.595723252722656594	0.712085412750823756	0.00208194179659948481	0.00188274384417332651	0.000941636680903022867	0.984865580848958319	0.000851905502151097082	0.982565216222537387	0.0707061140864216109	0.345921549327625184	0.134821940744381732	0.245603296004761144	0.213030175891133008	0.157604736348992721	0.121090026467156443	0.0714456481830345397
T:	0.189843332877254077	0.196830789945850661	0.343934913401874989	0.459981893997952809	0.325115693702959115	0.320960904127491946	0.304131479141427276	0.157012955730595565	0.0595127489646757304	0.00164874235427234703	0.00628418081482232811	0.0132031461052951718	0.0019922669550705575	0.990147409505414518	0.0150190565774895192	0.052473362817563271	0.226460977966063491	0.200728391586705381	0.17379317828361356	0.370759441050493607	0.120005545925457972	0.562695588035411162	0.249625531974587926



3	CACGTGCG	0.498789944189262607


A:	0.248473169359495534	0.0860249460679079805	0.320435757358435036	0.308582550296034985	0.124795938168594145	0.127917421466345526	0.194877422302831314	0.0144318978540681818	0.990872813892457174	0.00154411779651927285	0.017891149928808321	0.0141974826055936936	0.00349600125466804411	0.00906255314394702448	0.233843771158083924	0.393013111302944433	0.209007047676315	0.282636583861933875	0.44794237300057306	0.232104410044100305	0.276252423971071353	0.318441244125477029
C:	0.314353307391878193	0.23273346810625967	0.135770129508450937	0.171966033523991943	0.358090383363098122	0.119346370080402315	0.0335244159816692001	0.979379370207312838	0.00153085333590725765	0.971750959718556835	0.000785199899875679936	0.00262400055516694307	0.000752014834973289177	0.802025288720332942	0.1937737015482274	0.271436556365968454	0.371596478035310296	0.13357379919643951	0.274447344724976247	0.0841099754533320906	0.402676395871306182	0.313919382837104209
G:	0.0932386098467512841	0.221259691827879541	0.218678419430154911	0.198490512052481126	0.212982199326880456	0.595723252722656594	0.712085412750823756	0.00201193195926147966	0.00250873210468555017	0.000997710535042517327	0.98000938690041735	0.000486267217683507905	0.981360120307944414	0.128567122145354565	0.345921549327625184	0.134821940744381732	0.245603296004761144	0.213030175891133008	0.157604736348992721	0.121090026467156443	0.0714456481830345397	0.0748170435620224743
T:	0.343934913401874989	0.459981893997952809	0.325115693702959115	0.320960904127491946	0.304131479141427276	0.157012955730595565	0.0595127489646757304	0.00417679997935750017	0.00508760066695001845	0.0257072119498813745	0.00131426327089864896	0.982692249621555855	0.0143918636024142524	0.0603450359903654691	0.226460977966063491	0.200728391586705381	0.17379317828361356	0.370759441050493607	0.120005545925457972	0.562695588035411162	0.249625531974587926	0.292822329475396288



4	CACGTGC.A	0.498697273535513188


A:	0.248473169359495534	0.0860249460679079805	0.320435757358435036	0.308582550296034985	0.124795938168594145	0.127917421466345526	0.194877422302831314	0.0143025159975481783	0.993132564098554026	0.00140894968181902318	0.0075284111131795123	0.00672522998659851717	0.00191465735477321314	0.100918269397706227	0.233843771158083924	0.393013111302944433	0.209007047676315	0.282636583861933875	0.44794237300057306	0.232104410044100305	0.276252423971071353	0.318441244125477029	0.103194421014810596
C:	0.314353307391878193	0.23273346810625967	0.135770129508450937	0.171966033523991943	0.358090383363098122	0.119346370080402315	0.0335244159816692001	0.982696236346678436	0.00135021533492750834	0.982219514438400365	0.000788126892276268969	0.00237349080247075074	0.00142280457625603889	0.787990758696328289	0.1937737015482274	0.271436556365968454	0.371596478035310296	0.13357379919643951	0.274447344724976247	0.0841099754533320906	0.402676395871306182	0.313919382837104209	0.0881721493075595041
G:	0.0932386098467512841	0.221259691827879541	0.218678419430154911	0.198490512052481126	0.212982199326880456	0.595723252722656594	0.712085412750823756	0.00135929200822464659	0.00211828920078706233	0.000802460180495704966	0.98929363215206913	0.000690724847017080783	0.989634672596376456	0.0598320000427410049	0.345921549327625184	0.134821940744381732	0.245603296004761144	0.213030175891133008	0.157604736348992721	0.121090026467156443	0.0714456481830345397	0.0748170435620224743	0.682191384213895473
T:	0.343934913401874989	0.459981893997952809	0.325115693702959115	0.320960904127491946	0.304131479141427276	0.157012955730595565	0.0595127489646757304	0.00164195564754873933	0.00339893136573140366	0.0155690756992849069	0.00238982984247508898	0.990210554363913651	0.00702786547259429243	0.0512589718632244792	0.226460977966063491	0.200728391586705381	0.17379317828361356	0.370759441050493607	0.120005545925457972	0.562695588035411162	0.249625531974587926	0.292822329475396288	0.126442045463734427



5	GCACGTG..A	0.498676412485183722


A:	0.249625531974587926	0.562695588035411162	0.120005545925457972	0.370759441050493607	0.17379317828361356	0.200728391586705381	0.226460977966063491	0.120546315118388333	0.0174814959278730207	0.990901351081780741	0.00244555426058360435	0.0288539717041202491	0.00397712072149087814	0.00262783951129353274	0.0595127489646757304	0.157012955730595565	0.304131479141427276	0.320960904127491946	0.325115693702959115	0.459981893997952809	0.343934913401874989	0.196830789945850661	0.189843332877254077
C:	0.0714456481830345397	0.121090026467156443	0.157604736348992721	0.213030175891133008	0.245603296004761144	0.134821940744381732	0.345921549327625184	0.134769444826093543	0.979711568862209886	0.000951899129378259534	0.988069714681111721	0.000611009971972780001	0.00248302860496653963	0.00700676937666408298	0.712085412750823756	0.595723252722656594	0.212982199326880456	0.198490512052481126	0.218678419430154911	0.221259691827879541	0.0932386098467512841	0.251717153616325911	0.304596444643243412
G:	0.402676395871306182	0.0841099754533320906	0.274447344724976247	0.13357379919643951	0.371596478035310296	0.271436556365968454	0.1937737015482274	0.715742130330057868	0.000922608485957808537	0.00379169740165318991	0.00122264966818180973	0.968385545105514771	0.00196389000955678995	0.976716825208545948	0.0335244159816692001	0.119346370080402315	0.358090383363098122	0.171966033523991943	0.135770129508450937	0.23273346810625967	0.314353307391878193	0.119356819705361667	0.389820821158359622
T:	0.276252423971071353	0.232104410044100305	0.44794237300057306	0.282636583861933875	0.209007047676315	0.393013111302944433	0.233843771158083924	0.028942109725460256	0.00188432672395928497	0.00435505238718780978	0.00826208139012286461	0.00214947321839219937	0.991575960663985792	0.0136485659034964362	0.194877422302831314	0.127917421466345526	0.124795938168594145	0.308582550296034985	0.320435757358435036	0.0860249460679079805	0.248473169359495534	0.432095236732461761	0.11573940132114289



