1	ACACGTGT	0.499264855138059108


A:	0.214049070221014995	0.222936601093196657	0.163949088551963729	0.3127015946767614	0.113909778747533358	0.237909515516825691	0.0915046751019165556	0.855544451244265848	0.00755949588340694146	0.974498990007708222	0.00719618941718267735	0.00377972748279098378	0.00484503777361824006	0.0564294947928130576	0.00414615640382881206	0.150946047426457591	0.373827706009329777	0.510546864834469505	0.0597537049144046005	0.194825925403219223	0.0942445379720397833	0.327832875235385986
C:	0.239366734235763799	0.188997536027094762	0.423373841071877618	0.136000344662824696	0.117165625297827887	0.0652603533257270208	0.0867833697847646582	0.124118396708618899	0.932001668849409645	0.00350043548155595568	0.974519479554343306	0.014504603545683033	0.0171555367371175818	0.00400934047437035581	0.0161909956432864408	0.773151798042072056	0.397585625414813328	0.352865341780101741	0.456029292332025202	0.340320261860615718	0.52735018194950701	0.165646366686369565
G:	0.185718469731297719	0.156162739727587449	0.0931887649116706349	0.236736653830191422	0.323115490785315455	0.400871375503627295	0.599388413557980182	0.0161909956432864408	0.00400934047437035581	0.0171555367371175818	0.014504603545683033	0.974519479554343306	0.00350043548155595568	0.932001668849409645	0.124118396708618899	0.0273853951690790407	0.0919866656502445632	0.0160765741649948717	0.184865220942487953	0.159094128823918329	0.140995093581782972	0.0322595379903599195
T:	0.360865725811923486	0.431903123152121132	0.319488305464488018	0.314561406830222482	0.4458091051693233	0.295958755653819993	0.222323541555338605	0.00414615640382881206	0.0564294947928130576	0.00484503777361824006	0.00377972748279098378	0.00719618941718267735	0.974498990007708222	0.00755949588340694146	0.855544451244265848	0.048516759362391312	0.136600002925612332	0.120511219220433882	0.299351781811082244	0.305759683912246731	0.237410186496670235	0.47426122008788453



2	CCACGTGG	0.497091196380155495


A:	0.262569036496494232	0.16116584305971792	0.286428022518994308	0.266808360629835749	0.176521233891533736	0.124066264195718325	0.210058838622404217	0.355859407284436457	0.0418516994622047462	0.969880025318848583	0.0101995827472016627	0.0128151349993433534	0.00378609101327932401	0.0275115192468409618	0.0145406880825174525	0.291462725240180885	0.213806934915635643	0.526818401575985341	0.0957002166642895116	0.368399865802326338	0.0657231948954221919	0.436986834381862581
C:	0.0479846438867867967	0.221423616906686855	0.153065550413266917	0.291749554204026219	0.0903495734431270197	0.131970826023265606	0.0664264372696543596	0.620230046907004107	0.909842973356739037	0.00887185601155212021	0.959049079030654878	0.0179362032228001056	0.017462027656319973	0.0207938079342152546	0.00936985772604198304	0.63612733832109763	0.212479608521930622	0.179002231047419133	0.374143811719326824	0.0445241073272423688	0.105603172638636134	0.256137460517069331
G:	0.533257536856847452	0.34613077712398419	0.0596832169159226855	0.315816425526258093	0.167604159220224234	0.353084145032850061	0.484967966350780557	0.00936985772604198304	0.0207938079342152546	0.017462027656319973	0.0179362032228001056	0.959049079030654878	0.00887185601155212021	0.909842973356739037	0.620230046907004107	0.0349988319776340775	0.0692456721030990425	0.164835046092317295	0.240199997195948854	0.244413262254957312	0.0582176548879819644	0.143917385292067259
T:	0.156188782759871519	0.271279762909611035	0.500823210151816089	0.125625659639879939	0.56552503344511501	0.390878764748166008	0.238546757757160867	0.0145406880825174525	0.0275115192468409618	0.00378609101327932401	0.0128151349993433534	0.0101995827472016627	0.969880025318848583	0.0418516994622047462	0.355859407284436457	0.0374111044610874072	0.504467784459334693	0.129344321284278231	0.28995597442043481	0.342662764615473982	0.77045597757795971	0.162958319809000829



3	CACGTGTC	0.495714264960120872


A:	0.417959371107923895	0.195402433274278675	0.369175740968335482	0.117240250242521946	0.169756739600981993	0.278576384798931077	0.556199833870039834	0.0247934803116192028	0.964633796693666182	0.00522006486722616585	0.0105336978011598834	0.00642894348811498614	0.0238879549630087226	0.0054589203375016072	0.150946047426457591	0.311734295340877002	0.497676723270341011	0.16005697509828473	0.337361629432698916	0.0657213635082351117	0.521367548234238422	0.422501165459661632
C:	0.23055402891247919	0.146403485727090077	0.088749226243766161	0.126018223444241013	0.0945923131416269094	0.247530380025286117	0.194061267098120221	0.702098451250148166	0.00230045909362973734	0.965872424143433437	0.0197668404217277634	0.0218423120060289658	0.009003673917483191	0.020248037521402981	0.773151798042072056	0.312927386560771045	0.0894259399229088934	0.334255247047296895	0.374883015806124269	0.449318757454801041	0.217196849162468534	0.049336650368528384
G:	0.230111965176149265	0.119055617792974475	0.315981589645677767	0.153138128580572338	0.39494155940784966	0.255277639700356388	0.0376105770496328215	0.0568370608288516921	0.0276108146770885414	0.00979309335115670504	0.963203837852930653	0.00271306246521172221	0.947294076395214249	0.264559740011621362	0.0273853951690790407	0.259758323471159039	0.140808367045849262	0.362326830542158328	0.0939113806328419236	0.119269691107458736	0.030399450201019372	0.045089866267520101
T:	0.12137463480344765	0.539138463205656773	0.22609344314222059	0.603603397732664703	0.340709387849541437	0.218615595475426418	0.212128321982207124	0.216271007609380939	0.00545492953561553882	0.0191144176381836921	0.00649562392418170059	0.969015682040644326	0.0198142947242938377	0.70973330212947405	0.048516759362391312	0.115579994627192914	0.272088969760900834	0.143360947312260047	0.193843974128334892	0.365690187929505112	0.231036152402273672	0.483072317904289883



4	CACGTGT..C	0.495481035163966812


A:	0.222936601093196657	0.163949088551963729	0.3127015946767614	0.113909778747533358	0.237909515516825691	0.0915046751019165556	0.855544451244265848	0.0338683707005165681	0.945357743934319633	0.0176305809382260671	0.0448309578355647368	0.023537094434768768	0.0706381230551801728	0.0126867676898129647	0.150946047426457591	0.373827706009329777	0.510546864834469505	0.0597537049144046005	0.194825925403219223	0.0942445379720397833	0.327832875235385986	0.343595479822274165	0.356263443030019232
C:	0.188997536027094762	0.423373841071877618	0.136000344662824696	0.117165625297827887	0.0652603533257270208	0.0867833697847646582	0.124118396708618899	0.862482749416520713	0.00882637134523368553	0.941049032014317051	0.0201457517022110775	0.0188964916885831232	0.0135092910234955906	0.0329598429617149165	0.773151798042072056	0.397585625414813328	0.352865341780101741	0.456029292332025202	0.340320261860615718	0.52735018194950701	0.165646366686369565	0.124737715404542107	0.0635681389882806231
G:	0.156162739727587449	0.0931887649116706349	0.236736653830191422	0.323115490785315455	0.400871375503627295	0.599388413557980182	0.0161909956432864408	0.0266104894351852976	0.0243490868260988669	0.0092628567916254674	0.928639631351601027	0.00849308808212093643	0.880784157587417813	0.162519334672194041	0.0273853951690790407	0.0919866656502445632	0.0160765741649948717	0.184865220942487953	0.159094128823918329	0.140995093581782972	0.0322595379903599195	0.334633344628564185	0.192656499140870403
T:	0.431903123152121132	0.319488305464488018	0.314561406830222482	0.4458091051693233	0.295958755653819993	0.222323541555338605	0.00414615640382881206	0.0770383904477774208	0.0214667978943478147	0.0320575302558314149	0.00638365911062315875	0.949073325794527172	0.0350684283339064238	0.791834054676278078	0.048516759362391312	0.136600002925612332	0.120511219220433882	0.299351781811082244	0.305759683912246731	0.237410186496670235	0.47426122008788453	0.197033460144619543	0.387511918840829741



5	ACGTGGCA	0.493748765188185321


A:	0.133222446979919101	0.413461794036107987	0.212763165089386429	0.253088536403729696	0.194616699498185514	0.360570257482645319	0.0543977779517785565	0.949496666852997498	0.00827933110551947034	0.0245578136938823747	0.0128858085815332359	0.0170447430627282573	0.00861290635297217943	0.0449696314839579069	0.72999900428256123	0.388748971553012577	0.098744349021538294	0.18553495428506259	0.264762263210082194	0.309820478309492618	0.287651848509756443	0.127063820784433989
C:	0.53758120076755475	0.195519669400387609	0.0967846068273440952	0.0458992123372441925	0.0944031321719860311	0.258376166007241993	0.619843699154322875	0.00516945498631350923	0.95560018281477251	0.00728759507829780875	0.0127727715625266545	0.0048147179522532764	0.033716330433434647	0.911695941929697716	0.0222149363606128487	0.243349928253503704	0.35048688287390847	0.260745807723686914	0.174861487021322763	0.325462620330860365	0.124629056145716034	0.304131181691404896
G:	0.109762114440967156	0.291800971444416718	0.13483149826560259	0.321831915854937256	0.219775737188798343	0.119318126913401027	0.0837798802715423543	0.0250927176121841908	0.0195336738629718434	0.961428458115766593	0.00268110741874594801	0.942409845996199343	0.720326184071638512	0.0229765411052290543	0.227214067011023886	0.119626431518879163	0.171717613779753154	0.265354904875360328	0.228946365862346897	0.0829519152705122766	0.0502336718818958154	0.243140698009913003
T:	0.219434237811558993	0.0992175651190876862	0.555620729817666886	0.379180335404088856	0.491204431141030112	0.261735449596711661	0.241978642622356214	0.0202411605485048017	0.0165868122167361763	0.00672613311205322368	0.971660312437194162	0.0357306929888191237	0.237344579141954661	0.0203578854811153227	0.0205719923458020355	0.248274668674604556	0.379051154324800082	0.288364333115890168	0.331429883906248147	0.28176498608913474	0.537485423462631708	0.325664299514248112



