1	CCACGTGG	0.498918176431508448


A:	0.101320840383749662	0.555747634080479613	0.253362716851274172	0.20885419950037581	0.178867647769463645	0.263336544933132408	0.00546599479745358368	0.578426050549093426	0.0266396834581579754	0.979551871271554277	0.00405066638457026179	0.0103905231290203768	0.00309356673586820639	0.0455226594511203617	0.0051405600378531234	0.161635386425983248	0.300128497207719715	0.514411992933251579	0.125908562927067304	0.440237477457555317	0.302859397509429736	0.145128777479824215
C:	0.259845412801785195	0.105612081295345942	0.343445243605998301	0.0641093892395534011	0.156563221537742107	0.105319588159403105	0.0263833535737655255	0.409231966792032239	0.90128698178145112	0.00835449423009114674	0.966005634150225602	0.019553176336183759	0.00900006776248637001	0.026550675309270543	0.00720142262102121153	0.563232372692642213	0.504052280321883609	0.133972047136238849	0.448216255276531361	0.106597055053976403	0.306433550549356535	0.357267043718789721
G:	0.332367495298194153	0.248023865694538444	0.0725234978917698361	0.672833066395904297	0.213146226652862268	0.488536064220495828	0.806574862861959126	0.00720142262102121153	0.026550675309270543	0.00900006776248637001	0.019553176336183759	0.966005634150225602	0.00835449423009114674	0.90128698178145112	0.409231966792032239	0.198243627786849385	0.0651774415060407962	0.112355034211251362	0.199214270926968735	0.203758044048382284	0.269173282227189709	0.0730811704742227062
T:	0.306466251516270991	0.090616418929636001	0.330668541650957691	0.0542033448641664924	0.45142290403993198	0.14280780268696866	0.161575788766821765	0.0051405600378531234	0.0455226594511203617	0.00309356673586820639	0.0103905231290203768	0.00405066638457026179	0.979551871271554277	0.0266396834581579754	0.578426050549093426	0.0768886130945251538	0.13064178096435588	0.23926092571925821	0.2266609108694326	0.249407423440085996	0.121533769714024021	0.424523008327163358



2	CACGTGGC	0.498433890721020441


A:	0.121533769714024021	0.249407423440085996	0.2266609108694326	0.23926092571925821	0.13064178096435588	0.0768886130945251538	0.578426050549093426	0.0148032994145384649	0.986310082584398316	0.00273682831754208569	0.00985441061881684605	0.00116475187911374142	0.00524713186059600144	0.00286263313009869247	0.161575788766821765	0.14280780268696866	0.45142290403993198	0.0542033448641664925	0.330668541650957691	0.090616418929636001	0.306466251516270991	0.0717761059655266259
C:	0.269173282227189709	0.203758044048382284	0.199214270926968735	0.112355034211251362	0.0651774415060407962	0.198243627786849385	0.409231966792032239	0.866861528976326171	0.00286481725591273075	0.987197415257492355	0.00618296554332344197	0.00401894634017004012	0.00377939233700113892	0.00249729310532531108	0.806574862861959126	0.488536064220495828	0.213146226652862268	0.672833066395904297	0.0725234978917698361	0.248023865694538444	0.332367495298194153	0.0360870041227783237
G:	0.306433550549356535	0.106597055053976403	0.448216255276531361	0.133972047136238849	0.504052280321883609	0.563232372692642213	0.00720142262102121153	0.056747891477517038	0.00662622838720475905	0.00534241157822789833	0.982048702034383983	0.00374808280778664689	0.986851657931408923	0.837503111054148661	0.0263833535737655255	0.105319588159403105	0.156563221537742107	0.0641093892395534011	0.343445243605998301	0.105612081295345942	0.259845412801785195	0.401174355424889807
T:	0.302859397509429736	0.440237477457555317	0.125908562927067304	0.514411992933251579	0.300128497207719715	0.161635386425983248	0.0051405600378531234	0.0615872801316183262	0.00419887177248419388	0.00472334484673766093	0.00191392180347572937	0.991068218972929572	0.00412181787099393648	0.157136962710427335	0.00546599479745358368	0.263336544933132408	0.178867647769463645	0.20885419950037581	0.253362716851274172	0.555747634080479613	0.101320840383749662	0.490962534486805243



3	CCACGTCA	0.497998152140437327


A:	0.480933106659201039	0.161054725033355616	0.323951816815342399	0.228620019153372396	0.109983328412304472	0.304456756824952122	0.0524260073872860062	0.246296495374251223	0.00362661876354640548	0.985506325804336239	0.00560905445379280858	0.0268919665425153351	0.00952841023323946024	0.0272269646530729973	0.939434503338636128	0.0513900019487807012	0.117634526721394605	0.471385428134709554	0.260473967394092639	0.239275097475612757	0.217257331759829698	0.195462424182337498
C:	0.169521159701765622	0.369998498599560876	0.235285734802532941	0.387982678109099952	0.508040774681299273	0.216698230959353669	0.0540216217453096769	0.74339658438584695	0.987034467716599889	0.00598152851444968702	0.972628856986078738	0.0051969050022806506	0.00233839773970257843	0.950039663321375967	0.0077681479280112957	0.172455366733272211	0.742147547103528453	0.330651052629297133	0.120885615440689221	0.277668740279269781	0.214883939154742394	0.201785725776858092
G:	0.292831645264436167	0.175110783948184685	0.221109623572946419	0.25305879293840514	0.173937514851809039	0.21928313624773283	0.580520576261228934	0.00904287894395651398	0.00192396799434615239	0.00260709901054800164	0.0133398910468443713	0.966729629143323429	0.00321118974701800288	0.0184269246997141224	0.048490942393131048	0.431580416999405428	0.0630909224000863938	0.0551001491819156437	0.463329164863230219	0.305470268699008859	0.202969816977640444	0.257564060878828758
T:	0.0567140883745971721	0.293835992418898823	0.21965282480917824	0.130338509799122511	0.208038382054587217	0.259561875967961378	0.313031794606175383	0.00126404129594531277	0.00741494552550755313	0.00590504667066607196	0.0084221975132840826	0.00118149931188058483	0.984922002280039958	0.00430644732583691364	0.00430640634022152816	0.34457421431854166	0.0771270037749905482	0.14286337005407767	0.155311252301987921	0.177585893546108603	0.364888912107787463	0.345187789161975653



4	C.ACGTGGC	0.497922325941291714


A:	0.3769184323411009	0.22917949650638776	0.0694292952175514691	0.0874432036698575619	0.176773445498831084	0.113631759906046232	0.162206437614735338	0.188204334248072247	0.0148032994145384649	0.956034859001677579	0.00266884272816198257	0.0142124970033713389	0.00254040235607488071	0.0166006241751984327	0.00282614151243713051	0.320018577962326174	0.766826553677046422	0.374079355048551522	0.300318900079968077	0.42841778740927828	0.366030695022782401	0.558546270658482003	0.218447291101166731
C:	0.390345198255792544	0.0568286191584205402	0.174191434770083739	0.386568411603311297	0.103748835493759609	0.0356050113876696475	0.267910190608727104	0.580807965168793374	0.866861528976326171	0.0105677981817424195	0.959974813176541795	0.0184552463965733836	0.00738006864834062495	0.00156390289453343494	0.0036896347677046955	0.647397734551535754	0.0494957830117443323	0.201671654452633595	0.327606095869350142	0.225093162035345599	0.18285216494091016	0.278530513166177372	0.227843344229383437
G:	0.116301375259645171	0.509303972892373037	0.239070943963835173	0.414261879143657046	0.085440900568597356	0.560191514204143152	0.430628292149929719	0.031026649809727937	0.056747891477517038	0.0220747250004107538	0.0178116960089904191	0.965062581998110838	0.00349188877218451825	0.978013734100712355	0.657596675461482798	0.0244905602629041266	0.156370693325260659	0.359705389101725381	0.0888281069128853486	0.175378660939347379	0.132311719828401098	0.055865085845519358	0.125504211773593393
T:	0.116434994143461385	0.204687911442818663	0.517308326048529618	0.111726505583174095	0.63403681843881195	0.290571714502140969	0.139255079626607839	0.199961050773406442	0.0615872801316183262	0.0113226178161692473	0.0195446480863058029	0.00226967460194443924	0.986587640223399976	0.00382173882955577713	0.335887548258375376	0.00809312722323394556	0.0273069699859485866	0.0645436013970895019	0.283246897137796432	0.171110389616028742	0.318805420207906341	0.107058130329821267	0.428205152895856438



5	ACACGTGT	0.497832968503980206


A:	0.149556321458919652	0.281841845765506636	0.292856970454001946	0.299913298190789185	0.125073984722608777	0.0821320192663298623	0.0533856260154894681	0.315649259017912157	0.0021702905949364795	0.978637218610668372	0.00349307228688614416	0.00889276410956369605	0.0063418356566864591	0.0438860116268401838	0.00157771659351788845	0.170822952588542181	0.186743284631302357	0.434995730358679621	0.0774081351347293588	0.0804577920846759933	0.187019105336347385	0.427133505890807381
C:	0.183408085530210949	0.137477806325172339	0.25104097245321401	0.169502667062006658	0.175441331114917368	0.145591369674028809	0.146110891068938033	0.679137270183892091	0.946261521000968932	0.00346962479954565797	0.965541712793266076	0.0220724508102840837	0.0115513209330995105	0.00768217677725440475	0.00363575420467786308	0.716373624396718261	0.544015590481530713	0.404867619689461897	0.523951937270510739	0.37396747896695641	0.445870371865046985	0.188481844312330055
G:	0.256188117999081198	0.282249110661484519	0.195773829941092041	0.326373607178695665	0.338031451039312841	0.609106817232631568	0.568241271557150764	0.00363575420467786308	0.00768217677725440475	0.0115513209330995105	0.0220724508102840837	0.965541712793266076	0.00346962479954565797	0.946261521000968932	0.679137270183892091	0.0626581112695039162	0.125338594446963919	0.0473693448428437504	0.14216763917632823	0.172389944906357838	0.176442567750853318	0.0605371737578402252
T:	0.410847475011788201	0.298431237247836506	0.260328227151692002	0.204210427568508492	0.361453233123161014	0.163169793827009761	0.232262211358421735	0.00157771659351788845	0.0438860116268401838	0.0063418356566864591	0.00889276410956369605	0.00349307228688614416	0.978637218610668372	0.0021702905949364795	0.315649259017912157	0.0501453117452356415	0.143902530440203012	0.112767305109014731	0.256472288418431672	0.373184784042009759	0.190667955047752312	0.323847476039022339



