1	ACACGTGT	0.496006078660500228


A:	0.407567648163892654	0.262881560506967217	0.159214897196476638	0.230062943265118769	0.0821175424404246108	0.154660417688815301	0.0589421582837349777	0.839386314049813495	0.0127777742175232772	0.947067407452875151	0.00775150687394551548	0.0171570585712058045	0.0250718076772787591	0.0707810463472660412	0.0129526351426998551	0.224393482524086022	0.420581925330013545	0.397792216474406629	0.106284335902320593	0.17460635015972351	0.156296331183347729	0.356693292699604775
C:	0.167705224341508927	0.194941835846861793	0.271278404656899142	0.118652563388189763	0.159833930608648796	0.0605098492476906462	0.175805246245511823	0.129970930287077627	0.906018335915591941	0.0107209325244099437	0.927704046840718126	0.0473873877141305544	0.0171398523454361457	0.0104228435196187403	0.0176901205204090235	0.655989244384741438	0.354560981483826881	0.460167062494295277	0.278452990647844379	0.316593013294484173	0.381900847448919518	0.132344746861480588
G:	0.136746176344621388	0.184539584333741347	0.0795162001878783841	0.429024974325122855	0.455209033982806771	0.466999307077335779	0.502514879674384426	0.0176901205204090235	0.0104228435196187403	0.0171398523454361457	0.0473873877141305544	0.927704046840718126	0.0107209325244099437	0.906018335915591941	0.129970930287077627	0.0730602349759235209	0.128867110599176218	0.0267461983040199519	0.375274701136510629	0.143112197093608638	0.114030134137613556	0.0574115422681700351
T:	0.287980951149977031	0.357637019312429643	0.489990497958745835	0.222259519021568612	0.302839492968119822	0.317830425986158273	0.262737715796368773	0.0129526351426998551	0.0707810463472660412	0.0250718076772787591	0.0171570585712058045	0.00775150687394551548	0.947067407452875152	0.0127777742175232772	0.839386314049813495	0.0465570381152490192	0.0959899825869833555	0.115294522727278143	0.239987972313324398	0.365688439452183679	0.347772687230119196	0.453550418170744603



2	CACGTGT..A	0.464855803034441081


A:	0.262881560506967217	0.159214897196476638	0.230062943265118769	0.0821175424404246108	0.154660417688815301	0.0589421582837349777	0.839386314049813495	0.0957955459198801888	0.886359697468379426	0.0520255153635053114	0.0987098913588188142	0.0312875707328601536	0.158264629970847416	0.0295297942343762245	0.224393482524086022	0.420581925330013545	0.397792216474406629	0.106284335902320593	0.17460635015972351	0.156296331183347729	0.356693292699604775	0.37095396214741389	0.48542561961709245
C:	0.194941835846861793	0.271278404656899142	0.118652563388189763	0.159833930608648796	0.0605098492476906462	0.175805246245511823	0.129970930287077627	0.619701823985636486	0.032746486045165081	0.767402480921781929	0.0287124565727537593	0.110520891918005736	0.0128045256126375513	0.0916448884366987711	0.655989244384741438	0.354560981483826881	0.460167062494295277	0.278452990647844379	0.316593013294484173	0.381900847448919518	0.132344746861480588	0.147074534649067257	0.0386060043700326827
G:	0.184539584333741347	0.0795162001878783841	0.429024974325122855	0.455209033982806771	0.466999307077335779	0.502514879674384426	0.0176901205204090235	0.01594199394823588	0.0546017282230959577	0.0228005840763927325	0.829120156752629257	0.0140723923261378692	0.764803915621397181	0.233713518792483167	0.0730602349759235209	0.128867110599176218	0.0267461983040199519	0.375274701136510629	0.143112197093608638	0.114030134137613556	0.0574115422681700351	0.320036727253165622	0.124829928295527573
T:	0.357637019312429643	0.489990497958745835	0.222259519021568612	0.302839492968119822	0.317830425986158273	0.262737715796368773	0.0129526351426998551	0.268560636146247445	0.0262920882633595356	0.157771419638320028	0.0434574953157981695	0.844119145022996241	0.0641269287951178513	0.645111798536441837	0.0465570381152490192	0.0959899825869833555	0.115294522727278143	0.239987972313324398	0.365688439452183679	0.347772687230119196	0.453550418170744603	0.161934775950353231	0.351138447717347294



3	ACACGTG.C	0.464463871190793698


A:	0.453550418170744603	0.347772687230119196	0.365688439452183679	0.239987972313324398	0.115294522727278143	0.0959899825869833555	0.0465570381152490192	0.632641309760501321	0.0570448984664701077	0.834279111582379797	0.0457519667988731486	0.0474465449433834737	0.0437784533217112611	0.0891226513355012509	0.0129526351426998551	0.262737715796368773	0.317830425986158273	0.302839492968119822	0.222259519021568613	0.489990497958745835	0.357637019312429643	0.287980951149977031	0.533135769009954604
C:	0.0574115422681700351	0.114030134137613556	0.143112197093608638	0.375274701136510629	0.0267461983040199519	0.128867110599176218	0.0730602349759235209	0.255908821957206383	0.767507787718031528	0.0270678475207400448	0.843089510404622752	0.0391086196836199267	0.0471859276381524521	0.106368005194422401	0.0176901205204090235	0.502514879674384426	0.466999307077335779	0.455209033982806771	0.429024974325122855	0.0795162001878783841	0.184539584333741347	0.136746176344621388	0.134605487403610242
G:	0.132344746861480588	0.381900847448919518	0.316593013294484173	0.278452990647844379	0.460167062494295277	0.354560981483826881	0.655989244384741438	0.0609528214459233276	0.0266091648731461852	0.106142195064160092	0.029490906273924877	0.850944732026315182	0.0207511258374240714	0.758011157016581624	0.129970930287077627	0.175805246245511823	0.0605098492476906462	0.159833930608648796	0.118652563388189763	0.271278404656899142	0.194941835846861793	0.167705224341508927	0.123165761123905198
T:	0.356693292699604775	0.156296331183347729	0.17460635015972351	0.106284335902320593	0.397792216474406629	0.420581925330013545	0.224393482524086022	0.0504970468363689692	0.148838148942352179	0.0325108458327200666	0.0816676165225792229	0.0625001033466814178	0.888284493202712215	0.0464981864534947247	0.839386314049813495	0.0589421582837349777	0.154660417688815301	0.0821175424404246108	0.230062943265118769	0.159214897196476638	0.262881560506967217	0.407567648163892654	0.209092982462529956



4	CACGTGTC	0.464235177894323943


A:	0.262881560506967217	0.159214897196476638	0.230062943265118769	0.0821175424404246108	0.154660417688815301	0.0589421582837349777	0.839386314049813495	0.0242612376425515835	0.925701701056005327	0.0151868326940220599	0.0256799867899373603	0.0213874685840343704	0.0483417936010410096	0.0366097917821220117	0.224393482524086022	0.420581925330013545	0.397792216474406629	0.106284335902320593	0.17460635015972351	0.156296331183347729	0.356693292699604775	0.37095396214741389
C:	0.194941835846861793	0.271278404656899142	0.118652563388189763	0.159833930608648796	0.0605098492476906462	0.175805246245511823	0.129970930287077627	0.700415282940795327	0.0133425351802183724	0.891271002746507768	0.0376430462575133865	0.0410403654359261961	0.0251380596936339636	0.0283960330007263098	0.655989244384741438	0.354560981483826881	0.460167062494295277	0.278452990647844379	0.316593013294484173	0.381900847448919518	0.132344746861480588	0.147074534649067257
G:	0.184539584333741347	0.0795162001878783841	0.429024974325122855	0.455209033982806771	0.466999307077335779	0.502514879674384426	0.0176901205204090235	0.0429004622235552509	0.0450626562516764244	0.02340192400689036	0.911137211742051155	0.0095902078748287346	0.849267734215476437	0.208690744627510995	0.0730602349759235209	0.128867110599176218	0.0267461983040199519	0.375274701136510629	0.143112197093608638	0.114030134137613556	0.0574115422681700351	0.320036727253165622
T:	0.357637019312429643	0.489990497958745835	0.222259519021568612	0.302839492968119822	0.317830425986158273	0.262737715796368773	0.0129526351426998551	0.232423017193097839	0.0158931075120998758	0.0701402405525798117	0.0255397552104980978	0.927981958105210699	0.0772524124898485894	0.726303430589640683	0.0465570381152490192	0.0959899825869833555	0.115294522727278143	0.239987972313324398	0.365688439452183679	0.347772687230119196	0.453550418170744603	0.161934775950353231



5	ACACGTG..C	0.454722510330748588


A:	0.453550418170744603	0.347772687230119196	0.365688439452183679	0.239987972313324398	0.115294522727278143	0.0959899825869833555	0.0465570381152490192	0.718215276967078686	0.0557978112213899406	0.833056760854531481	0.0799949105388853859	0.0812125070554681319	0.0615717747556035651	0.23455420181951064	0.0129526351426998551	0.262737715796368773	0.317830425986158273	0.302839492968119822	0.222259519021568613	0.489990497958745835	0.357637019312429643	0.287980951149977031	0.533135769009954604
C:	0.0574115422681700351	0.114030134137613556	0.143112197093608638	0.375274701136510629	0.0267461983040199519	0.128867110599176218	0.0730602349759235209	0.142892828532011931	0.895245824343548182	0.0133311079525249473	0.814989127469556621	0.0141490982031477736	0.0296194385357149249	0.12568269231951831	0.0176901205204090235	0.502514879674384426	0.466999307077335779	0.455209033982806771	0.429024974325122855	0.0795162001878783841	0.184539584333741347	0.136746176344621388	0.134605487403610242
G:	0.132344746861480588	0.381900847448919518	0.316593013294484173	0.278452990647844379	0.460167062494295277	0.354560981483826881	0.655989244384741438	0.0327030632759875872	0.0215429072271787215	0.121904304070184443	0.0244513224332258103	0.881684696317566164	0.0119946978718000043	0.592183209441090285	0.129970930287077627	0.175805246245511823	0.0605098492476906462	0.159833930608648796	0.118652563388189763	0.271278404656899142	0.194941835846861793	0.167705224341508927	0.123165761123905198
T:	0.356693292699604775	0.156296331183347729	0.17460635015972351	0.106284335902320593	0.397792216474406629	0.420581925330013545	0.224393482524086022	0.106188831224921796	0.0274134572078831557	0.0317078271227591284	0.0805646395583321826	0.0229536984238179303	0.896814088836881506	0.0475798964198807653	0.839386314049813495	0.0589421582837349777	0.154660417688815301	0.0821175424404246108	0.230062943265118769	0.159214897196476638	0.262881560506967217	0.407567648163892654	0.209092982462529956



