1	CCACGTCA	0.498089140361326186


A:	0.21809258444537737	0.0464616482915063247	0.259504845221748032	0.518622505182723142	0.232249503025074804	0.162384125603011629	0.105915175722186547	0.179485300036700135	0.0148214596214463026	0.975987301305106763	0.00997510667420332799	0.0201586478227660243	0.0148056519806233077	0.0482104388484486505	0.94844086641350995	0.0421938028660077945	0.270673884606801381	0.387997231420287253	0.107139432080702079	0.30814655572985514	0.284316604082880966	0.139277504134174987
C:	0.334623464985360085	0.486567303943326291	0.255364242701748063	0.373991325542460299	0.12657655189862454	0.118535152545773397	0.111725952891350047	0.801014644406649411	0.97091959527096203	0.0125730800487350612	0.941417298932153121	0.0145699996851935246	0.00640206633964198866	0.935125408912792536	0.014920171408187029	0.253822153620358369	0.312096185794930652	0.0159706054359917263	0.0883190133805634479	0.311916138640567453	0.206310444316305486	0.0950356364347491253
G:	0.0905042696411968516	0.0905866140015163314	0.369861416337053828	0.0129696683035520416	0.40403966426483327	0.638980374942558033	0.522705608693478864	0.016169945694442944	0.00609067582660352318	0.0060274633216951636	0.0228272518952941805	0.961342669299502568	0.00304247947258584517	0.0137465957557936704	0.0338755187385491502	0.396176703043485812	0.261801826172594849	0.571199995400825976	0.775745839242872376	0.0464162517618194644	0.232731262590463728	0.192713271292484421
T:	0.356779680928065693	0.376384433763651053	0.115269495739450078	0.094416500971264517	0.237134280811467385	0.0801003469086569408	0.259653262692984542	0.00333010986220750976	0.00816826928098814471	0.00541215532446301253	0.0257803424983493707	0.00392868319253788269	0.975749802207148859	0.00291755648296514323	0.00276344343975387064	0.307807340470148025	0.155428103425673119	0.0248321677428950447	0.0287957152958620972	0.333521053867757943	0.27664168901034982	0.572973588138591467



2	CACGTGGC	0.497313762469601469


A:	0.0566453484159801927	0.412840164206122571	0.387161736298853312	0.111257479922024074	0.258257792574758533	0.101121449951280345	0.410595049159558382	0.0266679089907149501	0.978065140517974889	0.00544849669078486421	0.00849046744196139389	0.00357380378676579804	0.0157840237375036803	0.0189913304436415644	0.274655826108822242	0.418956520777660491	0.111964163092338187	0.881549826672249008	0.43302456236091668	0.428224078075514208	0.13352194030788854	0.399866025033689439
C:	0.327051762663354241	0.108844354281852197	0.55770630089294536	0.113708147492579751	0.209562076872873636	0.122371085334600997	0.572486241327084949	0.714840111183037222	0.00525252079379491714	0.954626294419092951	0.021832015414309794	0.0112291730144856021	0.00642163082705150076	0.00459552433609719606	0.662432691542604559	0.287097564980227689	0.354378310970711026	0.014759934850544134	0.529049664188520132	0.158671715422102914	0.246704668791291484	0.104371319054797838
G:	0.0690945374308257285	0.161769206174133232	0.0146528530767971112	0.0608322430187430994	0.144919987348063204	0.546536378539645645	0.0129208702552972108	0.0497396795471226308	0.0104394256099224921	0.0176435498892299078	0.963605075296544465	0.00197073079638385774	0.965704416463865361	0.621915302892800295	0.0157087546649481041	0.173015703983708373	0.155620513158810974	0.0393007343898184383	0.00910383123890546002	0.198714320968463653	0.166868976261532833	0.411661989047434462
T:	0.547208351489839837	0.316546275337892	0.0404791097314042166	0.714202129566653075	0.387260143204304627	0.229971086174473013	0.00399783925805945868	0.208752300279125198	0.00624291307830770212	0.0222816590008922772	0.00607244184718434738	0.983226292402364742	0.012089928971579458	0.354497842327460945	0.0472027276836250948	0.120930210258403447	0.378037012778139814	0.0643895040873884196	0.0288219422116577272	0.214389885533919225	0.452904414639287142	0.0841006668640782618



3	CCACGTGG	0.497209406161631195


A:	0.27916028173780443	0.0566453484159801927	0.412840164206122571	0.387161736298853312	0.111257479922024074	0.258257792574758533	0.101121449951280345	0.410595049159558382	0.00937533499011760745	0.978674401729755081	0.0034921159938826094	0.0129578546832970917	0.00844945515343612392	0.0551564523918964647	0.00399783925805945868	0.274655826108822242	0.418956520777660491	0.111964163092338187	0.881549826672249008	0.43302456236091668	0.428224078075514208	0.13352194030788854
C:	0.0916775732395648954	0.327051762663354241	0.108844354281852197	0.55770630089294536	0.113708147492579751	0.209562076872873636	0.122371085334600997	0.572486241327084949	0.918826036251987392	0.00260036416557506553	0.969213486350752322	0.0143365429720679771	0.0102757789512337292	0.0166421763659985362	0.0129208702552972108	0.662432691542604559	0.287097564980227689	0.354378310970711026	0.014759934850544134	0.529049664188520132	0.158671715422102914	0.246704668791291484
G:	0.117567936083980692	0.0690945374308257285	0.161769206174133232	0.0146528530767971112	0.0608322430187430994	0.144919987348063204	0.546536378539645645	0.0129208702552972108	0.0166421763659985362	0.0102757789512337292	0.0143365429720679771	0.969213486350752322	0.00260036416557506553	0.918826036251987392	0.572486241327084949	0.0157087546649481041	0.173015703983708373	0.155620513158810974	0.0393007343898184383	0.00910383123890546002	0.198714320968463653	0.166868976261532833
T:	0.511594208938649983	0.547208351489839837	0.316546275337892	0.0404791097314042166	0.714202129566653075	0.387260143204304627	0.229971086174473013	0.00399783925805945868	0.0551564523918964647	0.00844945515343612392	0.0129578546832970917	0.0034921159938826094	0.978674401729755081	0.00937533499011760745	0.410595049159558382	0.0472027276836250948	0.120930210258403447	0.378037012778139814	0.0643895040873884196	0.0288219422116577272	0.214389885533919225	0.452904414639287142



4	ACACGTGG	0.496780237232617003


A:	0.27916028173780443	0.0566453484159801927	0.412840164206122571	0.387161736298853312	0.111257479922024074	0.258257792574758533	0.101121449951280345	0.410595049159558382	0.00881172900938150887	0.975143489555829035	0.00342287177301588861	0.00271298765583501772	0.00282993644594904118	0.099059658834536476	0.0062455690785695043	0.274655826108822242	0.418956520777660491	0.111964163092338187	0.881549826672249008	0.43302456236091668	0.428224078075514208	0.13352194030788854
C:	0.0916775732395648954	0.327051762663354241	0.108844354281852197	0.55770630089294536	0.113708147492579751	0.209562076872873636	0.122371085334600997	0.572486241327084949	0.91546715066586432	0.00219505045452295142	0.965416471000974597	0.0208287694091489977	0.0121360983658284669	0.0227217117277091839	0.00904710261398544783	0.662432691542604559	0.287097564980227689	0.354378310970711026	0.014759934850544134	0.529049664188520132	0.158671715422102914	0.246704668791291484
G:	0.117567936083980692	0.0690945374308257285	0.161769206174133232	0.0146528530767971112	0.0608322430187430994	0.144919987348063204	0.546536378539645645	0.0129208702552972108	0.00338657911979348183	0.0203630971809850737	0.0193882062155687218	0.971427852113818699	0.00281912708361356343	0.869736829074435852	0.606836949024380195	0.0157087546649481041	0.173015703983708373	0.155620513158810974	0.0393007343898184383	0.00910383123890546002	0.198714320968463653	0.166868976261532833
T:	0.511594208938649983	0.547208351489839837	0.316546275337892	0.0404791097314042166	0.714202129566653075	0.387260143204304627	0.229971086174473013	0.00399783925805945868	0.0723345412049606888	0.00229836280866293954	0.011772451010440793	0.00503039082119728586	0.982214838104608928	0.00848180036331848859	0.377870379283064853	0.0472027276836250948	0.120930210258403447	0.378037012778139814	0.0643895040873884196	0.0288219422116577272	0.214389885533919225	0.452904414639287142



5	ACGTGGC..A	0.496389398977616755


A:	0.693081581834604106	0.458618522361072072	0.150239649074390787	0.609269728381734641	0.154095887533232975	0.176442748779084109	0.0266679089907149501	0.970441209792195891	0.00561041820477731464	0.00600102264448862789	0.00457685340131838422	0.0184476443052217605	0.0111808503185673866	0.330321703256361638	0.647692577119476341	0.17376934961217962	0.650374732866904093	0.265400104267688409	0.178757978975760437	0.125125634630631985	0.137685015903837948	0.218398179583171239	0.240095616013782965
C:	0.0776610284096599879	0.10035390821874982	0.0762091025685970573	0.115200231495161353	0.184535433616306231	0.554084605914137651	0.714840111183037222	0.00735712752413615113	0.937176353404951022	0.0137453990892758846	0.00602903566647550091	0.00411047179059538499	0.00790282963506039232	0.637679132487628474	0.12122263357161979	0.344845403499575225	0.063375998324335686	0.495880379775418512	0.719566567774459509	0.239428512365407131	0.261375035084843425	0.118689002785775053	0.578828115618225964
G:	0.105939016996777849	0.0872448743363211936	0.62450827966682326	0.174933955732563517	0.290466977648453674	0.054625231267686685	0.0497396795471226308	0.0168238280546555348	0.012727776890422941	0.965342426822703782	0.00233400865943927334	0.974236372825765969	0.873248557600496721	0.00936422136143798541	0.126782143112397228	0.15229354953074501	0.0439231538327355384	0.191160620043889448	0.0427176469753519014	0.450999299314996591	0.431650352914053669	0.156604619845478028	0.0728829093290105608
T:	0.123318372758958057	0.353782695083856915	0.149042968690188896	0.100596084390540489	0.370901701202007119	0.214847414039091555	0.208752300279125198	0.00537783462901242351	0.0444854514998487228	0.0149111514435317051	0.987060102272766842	0.00320551107841688579	0.1076677624458755	0.0226349428945719019	0.10430264619650664	0.329091697357500145	0.242326114976024683	0.0475588959130036303	0.0589578062744281526	0.184446553688964293	0.169289596097264957	0.50630819778557568	0.10819335903898051



