1	CCACGTGG	0.498321153466324314


A:	0.385744617461233179	0.14269664156351285	0.217419314615489234	0.269961042721396924	0.211862139893326975	0.152375491675885024	0.0770291492130385926	0.597214559782576591	0.0245490695779317809	0.978817686321971436	0.00244144024482135437	0.00852466268741289256	0.0042997033585548661	0.0646243682032247479	0.00613206467988910115	0.203967065402112508	0.141382610749699179	0.386105527457180416	0.0585669242793782947	0.270055840604393342	0.0623413032325864018	0.248931084783219064
C:	0.104095283699103158	0.287953176678700475	0.25324676923073831	0.168251096979145383	0.121369058996832728	0.0594096399110381841	0.232437536497244641	0.38766487590014548	0.866434790483099394	0.00729951544559183067	0.965832471367135771	0.0232014257006299822	0.00958309487388186705	0.0443917717357440767	0.00898849963738882811	0.761992365082960936	0.494318136150685081	0.303098747217490504	0.625185215718746609	0.0973086466956974312	0.243099621040661032	0.355508545915749311
G:	0.367395564706725502	0.316756275155929019	0.107164221932579213	0.450423272160414778	0.156087707371238972	0.558056753468604543	0.524208354667638189	0.00898849963738882811	0.0443917717357440767	0.00958309487388186705	0.0232014257006299822	0.965832471367135771	0.00729951544559183067	0.866434790483099394	0.38766487590014548	0.0284350317016199215	0.0977379722622700499	0.154601836695323101	0.0705647308459980104	0.348837598802670798	0.0868416636537556628	0.270397574874090606
T:	0.142764534132938161	0.252593906601857657	0.422169694221193243	0.111364588139042915	0.510681093738601325	0.230158114944472249	0.166324959622078577	0.00613206467988910115	0.0646243682032247479	0.0042997033585548661	0.00852466268741289256	0.00244144024482135437	0.978817686321971436	0.0245490695779317809	0.597214559782576591	0.00560553781330663459	0.26656128083734569	0.156193888630005978	0.245683129155877086	0.283797913897238429	0.607717412072996903	0.125162794426941019



2	CACGTGGC	0.497942847180858019


A:	0.324874247076503651	0.0547426981399434682	0.0939354540477020856	0.188076798882630187	0.143765011706617948	0.196123694314318442	0.193123939440301231	0.0185965026223311923	0.982332109628263695	0.0021377226332192152	0.00558382694443540938	0.00101920719457684099	0.00845228346102297428	0.00341950807115543493	0.203967065402112508	0.710815615302649035	0.274791988999524164	0.290414017465329245	0.384926011217587631	0.196434576115778553	0.458754020541771899	0.170887373767597765
C:	0.058281823080489072	0.213399407338094125	0.437769480558242564	0.108436725531108511	0.0359332171471953716	0.346038999269312401	0.510728842532941356	0.73970254666399357	0.00190525374456802734	0.986765492383106279	0.00664609035117562851	0.00981405164970551644	0.00411598755901471382	0.0032919869596957901	0.761992365082960936	0.0724973282978026256	0.30872974874981745	0.235421542699051861	0.308052766234282346	0.216917539273832935	0.444154989414932876	0.196678815798548853
G:	0.34632082342925046	0.313969899623960379	0.331933472221513616	0.163811405669807147	0.630870974145672531	0.359739429198369184	0.0515408885365143341	0.13128042410448946	0.0120849978561781364	0.00714756199945613471	0.985738689858669483	0.00318575208220511412	0.981855757437246256	0.814023984392568146	0.0284350317016199215	0.187869701622961323	0.359736685992931068	0.0836595997732322695	0.124148898797779694	0.211867457246385905	0.032818648425636337	0.139590080765908059
T:	0.270523106413756818	0.417887994898002028	0.136361593172541735	0.539675069916454155	0.189430797000514149	0.0980978772179999736	0.244606329490243079	0.110420526609185777	0.00367763877099014089	0.00394922298421837145	0.00203139284571947908	0.985980989073512528	0.0055759715427160559	0.179264520576580629	0.00560553781330663459	0.0288173547765870162	0.0567415762577273188	0.390504840062386625	0.182872323750350329	0.374780427364002606	0.0642723416176588874	0.492843729667945324



3	CCACGTCA	0.497794771370960713


A:	0.402360088465272195	0.195936626829127456	0.32545280945164366	0.239327244443633776	0.146363075411756827	0.269080223400149005	0.0583717765901466491	0.259353822100921536	0.0032137357157660501	0.985503579485026898	0.00567156820987735201	0.0186999882979585741	0.00568617636516701892	0.02525905539016892	0.944464783393042826	0.0508739989291097429	0.108933878971474595	0.472130459336299026	0.310525136561665646	0.187447712063119892	0.256016871929510871	0.176011329935913865
C:	0.19861360203175194	0.29715436988375929	0.21538194836274437	0.394828103604614766	0.519170635204384523	0.207309942334573964	0.0722188931934809331	0.731969139889582132	0.986407079340199015	0.00710579849873316903	0.972655392078004512	0.00614736288150808161	0.00357070582535346859	0.958851847314826439	0.0118472387718346695	0.207620366773765071	0.775620203699988427	0.335432817989462816	0.110013259364788893	0.293758820325737833	0.249495717639084828	0.247705520827978248
G:	0.35586195608252437	0.261131107654492563	0.297805142495640927	0.282174382649307065	0.147513064842201182	0.218981785089865774	0.614240330238482407	0.00730448534813997942	0.0021598166239916599	0.00344566377504355941	0.0100563535477612185	0.974035151078794926	0.00199335505672675657	0.0121085197648336839	0.0407738618672576763	0.476083815658733845	0.047114982167702725	0.0520549108198511843	0.425082687223503226	0.353671703260072397	0.205849654710263484	0.245770403976242374
T:	0.0431643534204514957	0.245777895632620692	0.161360099689971043	0.083670269302444393	0.186953224541657468	0.304628049175411257	0.255168999977890011	0.00137255266135635282	0.008219368320043275	0.0039449582411963735	0.0116166861643569174	0.00111749774173841796	0.988749762752752756	0.00378057753017095672	0.00291411596786482771	0.265421818638391342	0.0683309351608342528	0.140381811854386973	0.154378916850042235	0.165121764351069878	0.288637755721140817	0.330512745259865513



4	C.ACGTGGC	0.497774155842017747


A:	0.406689386281221397	0.324874247076503651	0.0547426981399434682	0.0939354540477020856	0.188076798882630187	0.143765011706617948	0.196123694314318442	0.193123939440301231	0.0185965026223311923	0.951748581933089853	0.00160460476515880062	0.00801990191792469488	0.00215790608927319033	0.0173008616188221085	0.00262953614870694525	0.349820569287971363	0.710815615302649035	0.274791988999524164	0.290414017465329245	0.384926011217587631	0.196434576115778553	0.458754020541771899	0.170887373767597765
C:	0.393197568698651934	0.058281823080489072	0.213399407338094125	0.437769480558242564	0.108436725531108511	0.0359332171471953716	0.346038999269312401	0.510728842532941356	0.73970254666399357	0.00807827208823351392	0.957049299162319436	0.0216021514991630633	0.0117370473416419358	0.00131111535363826967	0.00401873779983843466	0.622454925468920469	0.0724973282978026256	0.30872974874981745	0.235421542699051861	0.308052766234282346	0.216917539273832935	0.444154989414932876	0.196678815798548853
G:	0.093207138211425729	0.34632082342925046	0.313969899623960379	0.331933472221513616	0.163811405669807147	0.630870974145672531	0.359739429198369184	0.0515408885365143341	0.13128042410448946	0.0308014434993754298	0.0212167564173575709	0.96742732391724042	0.00311345839650418983	0.976887402317887098	0.559856410580064264	0.0209081655634076951	0.187869701622961323	0.359736685992931068	0.0836595997732322695	0.124148898797779694	0.211867457246385905	0.032818648425636337	0.139590080765908059
T:	0.10690590680870094	0.270523106413756818	0.417887994898002028	0.136361593172541735	0.539675069916454155	0.189430797000514149	0.0980978772179999736	0.244606329490243079	0.110420526609185777	0.00937170247930120279	0.0201293396551641926	0.00295062266567182209	0.982991588172580684	0.00450062070965252327	0.433495315471390357	0.00681633967970047232	0.0288173547765870162	0.0567415762577273188	0.390504840062386625	0.182872323750350329	0.374780427364002606	0.0642723416176588874	0.492843729667945324



5	ACACGTGG	0.497444065787524078


A:	0.385744617461233179	0.14269664156351285	0.217419314615489234	0.269961042721396924	0.211862139893326975	0.152375491675885024	0.0770291492130385926	0.597214559782576591	0.00240292025024038122	0.9815392070932471	0.00144764942036818753	0.00358473573310445686	0.00183335676446077229	0.0114554630909284168	0.00159044099625571476	0.203967065402112508	0.141382610749699179	0.386105527457180416	0.0585669242793782947	0.270055840604393342	0.0623413032325864018	0.248931084783219064
C:	0.104095283699103158	0.287953176678700475	0.25324676923073831	0.168251096979145383	0.121369058996832728	0.0594096399110381841	0.232437536497244641	0.38766487590014548	0.948395222082965676	0.00126941760634658494	0.9891436342435307	0.00963484551879952501	0.00398941598003689138	0.0151737912946509076	0.00478577641529681574	0.761992365082960936	0.494318136150685081	0.303098747217490504	0.625185215718746609	0.0973086466956974312	0.243099621040661032	0.355508545915749311
G:	0.367395564706725502	0.316756275155929019	0.107164221932579213	0.450423272160414778	0.156087707371238972	0.558056753468604543	0.524208354667638189	0.00898849963738882811	0.00328318165865822408	0.0160629451999887512	0.00609274582348497809	0.985702245353734622	0.00385537851114652534	0.969269157515266411	0.71091091282027264	0.0284350317016199215	0.0977379722622700499	0.154601836695323101	0.0705647308459980104	0.348837598802670798	0.0868416636537556628	0.270397574874090606
T:	0.142764534132938161	0.252593906601857657	0.422169694221193243	0.111364588139042915	0.510681093738601325	0.230158114944472249	0.166324959622078577	0.00613206467988910115	0.0459186760081357187	0.00112843010041756383	0.00331597051261613409	0.00107817339436139591	0.990321848744355811	0.00410158809915426506	0.28271286976817483	0.00560553781330663459	0.26656128083734569	0.156193888630005978	0.245683129155877086	0.283797913897238429	0.607717412072996903	0.125162794426941019



