1	ACACGTGG	0.496888427915246703


A:	0.290322235888466554	0.16002939799285486	0.314584318287346603	0.299799847142521535	0.293727958746806195	0.127273201824788686	0.114743547587561758	0.685223317129139825	0.00227086201538843861	0.98383785788402323	0.00109896372925534079	0.00299833901916679949	0.00185817696370607298	0.0147225351430192041	0.00133218677810052926	0.325252421628867088	0.218411998206109605	0.385483882664016223	0.0643431232863277451	0.287450936706203517	0.0550969764358360237	0.327229647985722769
C:	0.0936617733783369785	0.265447112368803311	0.163136779460133945	0.209668812909093523	0.116778735976401019	0.0656429592481360554	0.193407120515765006	0.303546980913731086	0.949381459125034952	0.00117122964307713518	0.989757527763241072	0.0124241075125081992	0.003418021301557842	0.0119567787359811967	0.00341420269982859469	0.63439540529015378	0.34411784028138825	0.24271577744310193	0.612259980256498872	0.070312658789470765	0.220002056293101514	0.312316517026903383
G:	0.438416251393061299	0.263883895291373215	0.0990616523739818276	0.342519592807021752	0.137230274212340602	0.536434607002762652	0.487119202255787789	0.00607121083323778586	0.00342757559760684892	0.0139218428133612305	0.00603391102945670657	0.983512881428369556	0.00277641321749912819	0.969910083790247399	0.659941736484153081	0.0325050200652568063	0.127105049211416535	0.19826157435623421	0.0848692995725012617	0.32064855862285532	0.0683863276318772392	0.24444770593317451
T:	0.177599739340135169	0.310639594346968614	0.423217249878537625	0.14801174714136319	0.452263031064452185	0.270649231924312607	0.204730129640885447	0.00515849112389130358	0.0449201032619697607	0.00106906965953840438	0.0031095974780468806	0.00106467203995544583	0.991947388517236957	0.0034106023307521997	0.335311874037917795	0.00784715301572232512	0.310365112301085611	0.173538765536647636	0.238527596884672121	0.321587845881470399	0.656514639639185223	0.116006129054199338



2	ACGTGGCA	0.496635137804998518


A:	0.0725534791052887211	0.0860726066142459395	0.24494054833287472	0.107818290314069946	0.191818708190698913	0.244930964273190297	0.0284371306155014168	0.971939857977413919	0.00100539045409530237	0.00574147496598273565	0.00364222311844826396	0.00695888456417031815	0.00219818192699073551	0.0384317588407261094	0.777342312860931757	0.390251589870868943	0.292258386941704317	0.466066809515340184	0.320431832239729322	0.460122132215266947	0.260155427495316664	0.169348933713077932
C:	0.185988704936267028	0.421822296330079941	0.158129778934703946	0.0314403162386693432	0.239303091702708267	0.553086406698429881	0.690231343748184372	0.00229147586880305332	0.974150917041375332	0.00920027183021759924	0.00897321718302462203	0.00113063895900166132	0.00292140349186153011	0.950669573666039057	0.0160515088930418924	0.240982707348923221	0.303710111522559849	0.227828408108827134	0.154487389055004024	0.367220366369618127	0.163356626806890453	0.126732851870996632
G:	0.358417468251728925	0.268491039742322737	0.119286660391797063	0.520463436078645428	0.418243771632839934	0.0511423328460587602	0.133262808777865352	0.0219834616651335163	0.0113584112119812599	0.981184656659626956	0.00156556789693781743	0.987779624505436454	0.75940038101479778	0.00667027877945035232	0.187200952226459777	0.310930240329620396	0.0945027403811451257	0.129262995731671007	0.170465905204663634	0.0582668765331748258	0.0841318703673280868	0.413830345511976601
T:	0.383040347706715326	0.223614057313351383	0.477643012340624272	0.340277957368615284	0.150634428473752887	0.150840296182321062	0.148068716858448859	0.00378520448864951182	0.0134852812925481058	0.00387359654417270926	0.985818991801589297	0.00413085197139156653	0.235480033566349954	0.00422838871378448158	0.0194052260195665738	0.0578354624505874407	0.309528761154590708	0.176841786644161675	0.354614873500603019	0.1143906248819401	0.492356075330464796	0.290087868903948834



3	ACACGTGT	0.496450457271076439


A:	0.184394692303653728	0.263395769954621264	0.207365323625450809	0.365800563197852054	0.131216493394597679	0.163721784801475076	0.0854456302410712194	0.335311874037917795	0.00219639489336322639	0.980001473256127145	0.00201803501557773779	0.00586407380295230638	0.00379238233296363059	0.0422334595586282658	0.00133218677810052926	0.208764683159131833	0.245184407071690184	0.425804662383787132	0.0870632514875015868	0.124638248985980616	0.222002454730953949	0.310811527384516664
C:	0.200415841245009989	0.136371727196382028	0.270172235030625833	0.153437318796651038	0.155297460169692221	0.151726564332484754	0.20221486529471442	0.659941736484153081	0.942672546406162578	0.00192362010327246639	0.967596216762979564	0.0245216744184903921	0.0142825243076367584	0.0128975991418459294	0.00341420269982859469	0.673154624789871278	0.449652161465850247	0.437443004599546133	0.349132410976555485	0.276945704865426807	0.475557374580701903	0.248900935727860382
G:	0.27715743310280924	0.326645763957435784	0.149383581705985584	0.301221722306824756	0.291332668813272968	0.454832566459868936	0.490598258266319109	0.00341420269982859469	0.0128975991418459294	0.0142825243076367584	0.0245216744184903921	0.967596216762979564	0.00192362010327246639	0.942672546406162578	0.659941736484153081	0.0590758328521726465	0.11045172442989409	0.024101453233717336	0.144492200230978139	0.12874488992559234	0.155951540912034845	0.0399875686140391612
T:	0.338032033348527043	0.273586738891560923	0.373078859637937774	0.179540395698672152	0.422153377622437133	0.229719084406171234	0.221741246197895252	0.00133218677810052926	0.0422334595586282658	0.00379238233296363059	0.00586407380295230638	0.00201803501557773779	0.980001473256127145	0.00219639489336322639	0.335311874037917795	0.0590048591988242423	0.194711707032565478	0.112650879782949399	0.419312137304964789	0.469671156223000236	0.146488629776309303	0.400299968273583793



4	CCACGTCA	0.496388538622008124


A:	0.47418611415630155	0.190275692962178657	0.338668617173092341	0.320671638177120276	0.185131001268095051	0.281795680345916975	0.0622472179394458423	0.32254699286756722	0.00228906918619180236	0.988421564271924974	0.00561124303102813557	0.0209504023221045576	0.00628502812172350691	0.0303826745607160211	0.917377045522213868	0.0607983696470838749	0.141798187387224491	0.516459562238827862	0.378498416549763015	0.176414095921643364	0.270164266922484742	0.189957715210388803
C:	0.161423109835882944	0.247647159876475086	0.183835436834575268	0.28143875034574068	0.479459346780722116	0.271746351679283466	0.0527843724504839166	0.668716191225734369	0.985155894047150724	0.00406836587553850944	0.968546361640588023	0.00585090715939542843	0.00242562002865273695	0.951401454109531804	0.00888035284457966734	0.243443780784381379	0.72775643985629485	0.321880498160064863	0.0995106595922203039	0.257982697230942397	0.259451418389741743	0.241396523559575029
G:	0.324849472203701293	0.21218646961507077	0.334711161808265637	0.274956602059409461	0.152265029649112775	0.178795523175612422	0.562145984307522939	0.00768356366720564716	0.00135929536418662031	0.0025928946022392651	0.0140620610157319989	0.972005375311667227	0.00185178854334621149	0.0145737248828988791	0.0692766829169629542	0.387134353078129439	0.0520128583736069317	0.0383869968621062954	0.357303453700870148	0.42197320887696835	0.158517281237784562	0.281077393461609544
T:	0.039541303804114213	0.349890677546275487	0.142784784184066754	0.122933009417729583	0.183144622302070057	0.267662444799187138	0.322822425302547302	0.00105325223949276367	0.011195741402470853	0.00491717525029725119	0.0117803343126518428	0.00119331520683278692	0.989437563306277545	0.00364214644685329527	0.00446591871624351036	0.308623496490405308	0.0784325143828737273	0.123272942739000979	0.164687470157146533	0.143629997970445888	0.311867033449988952	0.287568367768426624



5	CCACGTGG	0.496287684269118202


A:	0.290322235888466554	0.16002939799285486	0.314584318287346603	0.299799847142521535	0.293727958746806195	0.127273201824788686	0.114743547587561758	0.685223317129139825	0.0295782156271534395	0.983010108139053423	0.00253513928223881519	0.00796329297087727174	0.00320793586837301807	0.0862174044843821148	0.00515849112389130358	0.325252421628867088	0.218411998206109605	0.385483882664016223	0.0643431232863277451	0.287450936706203517	0.0550969764358360237	0.327229647985722769
C:	0.0936617733783369785	0.265447112368803311	0.163136779460133945	0.209668812909093523	0.116778735976401019	0.0656429592481360554	0.193407120515765006	0.303546980913731086	0.826824099204802249	0.00410021600798124451	0.947663581516115532	0.0418379862307683811	0.00968173998459231438	0.0573802806836621969	0.00607121083323778586	0.63439540529015378	0.34411784028138825	0.24271577744310193	0.612259980256498872	0.070312658789470765	0.220002056293101514	0.312316517026903383
G:	0.438416251393061299	0.263883895291373215	0.0990616523739818276	0.342519592807021752	0.137230274212340602	0.536434607002762652	0.487119202255787789	0.00607121083323778586	0.0573802806836621969	0.00968173998459231439	0.0418379862307683811	0.947663581516115532	0.00410021600798124451	0.826824099204802249	0.303546980913731086	0.0325050200652568063	0.127105049211416535	0.19826157435623421	0.0848692995725012617	0.32064855862285532	0.0683863276318772392	0.24444770593317451
T:	0.177599739340135169	0.310639594346968614	0.423217249878537625	0.14801174714136319	0.452263031064452185	0.270649231924312607	0.204730129640885447	0.00515849112389130358	0.0862174044843821148	0.00320793586837301807	0.00796329297087727174	0.00253513928223881519	0.983010108139053423	0.0295782156271534395	0.685223317129139825	0.00784715301572232512	0.310365112301085611	0.173538765536647636	0.238527596884672121	0.321587845881470399	0.656514639639185223	0.116006129054199338



