1	TGACGTCA	0.499663717302020453


A:	0.267342695538916383	0.0296296136954424526	0.0304753840049017207	0.070680465022732067	0.429296460925154491	0.383558908522140561	0.276947320867079797	0.00637880049950795824	0.00318212746592878761	0.974711689356344831	0.000956432864950530469	0.0834523729397783523	0.0100716099221504066	0.263387845176663208	0.970750507067133744	0.00951441064270024135	0.0787888441085256137	0.248184437277350111	0.0459101564959558871	0.171988807657627993	0.528404306896453724	0.127258934393531982
C:	0.27436619141489219	0.493439638054269333	0.649115186333872467	0.89904259180667204	0.174246873869612158	0.141706965924521627	0.487392785013440152	0.0185072007054962688	0.00485941624680977078	0.000858183539890941931	0.913063454125097374	0.00252774007017374291	0.0143585171816138202	0.728570611110598234	0.00436349172786202944	0.306782394144590922	0.736220333418695346	0.174094997402116599	0.0708005492851646459	0.3344286115760113	0.290330785241417995	0.212350305196022738
G:	0.290886587102241994	0.049473438209744006	0.0246802795127821953	0.0226026341038154292	0.269379717054230777	0.428264902914541223	0.136833705904774608	0.00436349172786202944	0.728570611110598234	0.0143585171816138202	0.00252774007017374291	0.913063454125097374	0.000858183539890941931	0.00485941624680977078	0.0185072007054962688	0.131053819743743889	0.0724099191280336915	0.171238882056414036	0.873934060243083659	0.438720829426504587	0.0673445498201869469	0.042511210971964793
T:	0.167404525943949433	0.427457310040544208	0.295729150148443617	0.00767430906678046405	0.127076948151002573	0.0464692226387965893	0.0988261882147054424	0.970750507067133744	0.263387845176663208	0.0100716099221504066	0.0834523729397783523	0.000956432864950530469	0.974711689356344831	0.00318212746592878761	0.00637880049950795824	0.552649375468964948	0.112580903344745349	0.406481683264119254	0.00935523397579580836	0.0548617513398561192	0.113920358041941333	0.617879549438480487



2	ACGTCA.C.G	0.49919933829611249


A:	0.051064947737564293	0.382231884664621024	0.241951060612560197	0.188209138622608062	0.0891535447601838073	0.125680020149520221	0.0321389781870069389	0.922520627118149682	0.0049256442961559099	0.0289984546322856419	0.00803454298478380254	0.0246880025362518045	0.982459845347039384	0.003623185372810534	0.101960697274059835	0.531312813933181498	0.15587748305233971	0.293748378187286568	0.311477008865334533	0.090645967947958239	0.762681842962510675	0.0833082896172349899	0.236204873355983552
C:	0.612224592120168596	0.255189452898617297	0.171601539999447734	0.137528199837408463	0.447579592241194757	0.160457282091445818	0.045535263529901063	0.00450610150374546058	0.943919074437234966	0.00383088193374220706	0.01396332760389561	0.96336375167582706	0.00516567372661259473	0.0559793858376996807	0.72466005242211311	0.315525526909823122	0.0435298461538610249	0.24862894968949494	0.0180442738915695609	0.220665356539107494	0.02662895425422081	0.179348183170542033	0.155546116376971005
G:	0.0386801341055992838	0.0902105466929053132	0.455089984856705059	0.661057921442656731	0.21734861197396227	0.0178706939391055166	0.143854484849521184	0.0556340583839273061	0.00416605947160966515	0.962180095343404828	0.0029850601822576407	0.00267344202176330743	0.00673220144980343505	0.507501529820962623	0.035226757711190091	0.0862733388497605531	0.65689249557527319	0.233530555382984983	0.127568907446929893	0.02850002673184742	0.190737678571631129	0.0878027411666820116	0.427017383046970029
T:	0.298030326036667827	0.272368115743856366	0.131357414531287011	0.0132047400973267431	0.245918251024659166	0.695992003819928444	0.778471273433570814	0.0173392129941775518	0.0469892217949994589	0.00499056809056732346	0.975017069229062947	0.00927480376615782852	0.00564227947654458662	0.432895898968527162	0.138152492592636964	0.066888320307234826	0.143700175218526075	0.224092116740233509	0.542909809796166014	0.660188648781086847	0.0199515242116373855	0.649540786045540965	0.181231627220075413



3	G.T.ACGTCA	0.499169561621174524


A:	0.103596076091802676	0.267342695538916383	0.0296296136954424526	0.0304753840049017207	0.070680465022732067	0.429296460925154491	0.383558908522140561	0.276947320867079797	0.145593737059992999	0.00318212746592878761	0.954127069641486737	0.00241075344223896481	0.0451282301692255449	0.00919687351413950838	0.0946848564713694817	0.950640624994749432	0.00951441064270024135	0.0787888441085256137	0.248184437277350111	0.0459101564959558871	0.171988807657627993	0.528404306896453724	0.127258934393531982
C:	0.0212281703722561042	0.27436619141489219	0.493439638054269333	0.649115186333872467	0.89904259180667204	0.174246873869612158	0.141706965924521627	0.487392785013440152	0.149264907487792531	0.00485941624680977078	0.00359490848875521799	0.951850113789648239	0.00648598773635313353	0.015002232367148653	0.869011699158598007	0.00920719795833872139	0.306782394144590922	0.736220333418695346	0.174094997402116599	0.0708005492851646459	0.3344286115760113	0.290330785241417995	0.212350305196022738
G:	0.0280954906543250539	0.290886587102241994	0.049473438209744006	0.0246802795127821953	0.0226026341038154292	0.269379717054230777	0.428264902914541223	0.136833705904774608	0.0236569472125471893	0.728570611110598234	0.028713165294835153	0.00680886078370215612	0.942862366848534664	0.00677802759497547874	0.0222263812976237012	0.0276395766230796657	0.131053819743743889	0.0724099191280336915	0.171238882056414036	0.873934060243083659	0.438720829426504587	0.0673445498201869469	0.042511210971964793
T:	0.847080262881616166	0.167404525943949433	0.427457310040544208	0.295729150148443617	0.00767430906678046405	0.127076948151002573	0.0464692226387965893	0.0988261882147054424	0.681484408239667281	0.263387845176663208	0.0135648565749228922	0.0389302719844106401	0.00552341524588665705	0.96902286652373636	0.0140770630724088103	0.0125126004238321812	0.552649375468964948	0.112580903344745349	0.406481683264119254	0.00935523397579580836	0.0548617513398561192	0.113920358041941333	0.617879549438480487



4	G.TGACGT.A	0.499156285671745496


A:	0.649540786045540965	0.0199515242116373855	0.660188648781086847	0.542909809796166014	0.224092116740233509	0.143700175218526075	0.066888320307234826	0.112580903344745349	0.432895898968527162	0.00397879183064465245	0.00400593295483045209	0.984238407980231937	0.00166815231990427051	0.0139395087065797993	0.00889205340482153862	0.778471273433570814	0.695992003819928444	0.245918251024659166	0.0132047400973267431	0.131357414531287011	0.272368115743856366	0.298030326036667827	0.0716344290823194001
C:	0.0878027411666820116	0.190737678571631129	0.0285000267318474199	0.127568907446929893	0.233530555382984983	0.65689249557527319	0.0862733388497605531	0.0724099191280336915	0.507501529820962623	0.00959142610656892384	0.00760562746163536422	0.0029989641643984388	0.972778816918453468	0.00538696608889538862	0.0359182303147745322	0.143854484849521184	0.0178706939391055166	0.21734861197396227	0.661057921442656731	0.455089984856705059	0.0902105466929053132	0.0386801341055992838	0.315876177439215735
G:	0.179348183170542033	0.02662895425422081	0.220665356539107494	0.0180442738915695609	0.24862894968949494	0.0435298461538610249	0.315525526909823122	0.736220333418695346	0.0559793858376996807	0.00553990574391727153	0.925120590760102228	0.00885441428051409405	0.00338853458953966083	0.977449742311178729	0.00276183476411563319	0.045535263529901063	0.160457282091445818	0.447579592241194757	0.137528199837408463	0.171601539999447734	0.255189452898617297	0.612224592120168596	0.0553769655786858919
T:	0.0833082896172349899	0.762681842962510675	0.090645967947958239	0.311477008865334533	0.293748378187286568	0.15587748305233971	0.531312813933181498	0.0787888441085256137	0.003623185372810534	0.980889876318869152	0.063267848823431956	0.00390821357485552991	0.0221644961721026006	0.00322378289334608314	0.952427881516288296	0.0321389781870069389	0.125680020149520221	0.0891535447601838073	0.188209138622608062	0.241951060612560197	0.382231884664621024	0.051064947737564293	0.557112427899778973



5	G.TGACGTA	0.499119062980793091


A:	0.649540786045540965	0.0199515242116373855	0.660188648781086847	0.542909809796166014	0.224092116740233509	0.143700175218526075	0.066888320307234826	0.0775346690941902898	0.432895898968527162	0.00269706862942240156	0.00301905253303520177	0.987223891454567326	0.00175586565635853584	0.01551373024765362	0.00525095380714817364	0.778471273433570814	0.695992003819928444	0.245918251024659166	0.0132047400973267431	0.131357414531287011	0.272368115743856366	0.298030326036667827	0.0716344290823194001
C:	0.0878027411666820116	0.190737678571631129	0.0285000267318474199	0.127568907446929893	0.233530555382984983	0.65689249557527319	0.0862733388497605531	0.0160881551934376955	0.507501529820962623	0.00287233934788912703	0.00193073084061893485	0.000963826782925541928	0.987395820052881132	0.00165715094568350302	0.0304269927584770107	0.143854484849521184	0.0178706939391055166	0.21734861197396227	0.661057921442656731	0.455089984856705059	0.0902105466929053132	0.0386801341055992838	0.315876177439215735
G:	0.179348183170542033	0.02662895425422081	0.220665356539107494	0.0180442738915695609	0.24862894968949494	0.0435298461538610249	0.315525526909823122	0.865319219925608573	0.0559793858376996807	0.00360739817269315683	0.954708238009197661	0.00341568770945522086	0.00212740031810514288	0.980612637094584367	0.00213605877200578194	0.045535263529901063	0.160457282091445818	0.447579592241194757	0.137528199837408463	0.171601539999447734	0.255189452898617297	0.612224592120168596	0.0553769655786858919
T:	0.0833082896172349899	0.762681842962510675	0.090645967947958239	0.311477008865334533	0.293748378187286568	0.15587748305233971	0.531312813933181498	0.0410579557867634421	0.003623185372810534	0.990823193849995315	0.0403419786171482024	0.00839659405305191111	0.00872091397265518961	0.0022164817120785102	0.962185994662369034	0.0321389781870069389	0.125680020149520221	0.0891535447601838073	0.188209138622608062	0.241951060612560197	0.382231884664621024	0.051064947737564293	0.557112427899778973



