1	CCACGTGG	0.498586099121893139


A:	0.242957654553622734	0.48748698077621766	0.0650105816059758785	0.0574671579745896452	0.187274314340203622	0.106165860331893642	0.0283483832387030875	0.427645861062103503	0.0167741681387232787	0.952287699625548949	0.00323462397274480752	0.041187181400970528	0.00429236600014952689	0.0893982994389145624	0.00570021375472381814	0.159575845190445452	0.455028476068291908	0.622498644877635598	0.0275815377441560721	0.213620761284247633	0.367884461143396511	0.25084235626138573
C:	0.164057040211565975	0.128818622096816704	0.126883797934907801	0.08701615716070252	0.134844550094818601	0.172595013379410109	0.0284313094259274529	0.550781562736866874	0.850791347997819449	0.0057210571694146451	0.932644757808690932	0.0229334368175937324	0.0376988772048868787	0.0430361844245427101	0.0158723624463058041	0.563580557597735466	0.223289763186480373	0.151248211774486735	0.0079900417526544889	0.317971224502090187	0.0398849477524878487	0.245361603472087977
G:	0.419487960025345294	0.246704042441533662	0.667621863833305108	0.00665875113319393517	0.599899846353961255	0.563943520335068222	0.654028997076622438	0.0158723624463058041	0.0430361844245427101	0.0376988772048868787	0.0229334368175937324	0.932644757808690932	0.0057210571694146451	0.850791347997819449	0.550781562736866874	0.184116960242983946	0.20730583684151084	0.137284818047822675	0.904969044203764051	0.334766750471267471	0.52159347936228093	0.24308762760233326
T:	0.173497345209465997	0.136990354685431974	0.140483756625811212	0.8488579337315139	0.0779812892110165219	0.157295605953628026	0.289191310258747021	0.00570021375472381814	0.0893982994389145624	0.00429236600014952689	0.041187181400970528	0.00323462397274480752	0.952287699625548949	0.0167741681387232787	0.427645861062103503	0.092726636968835136	0.114375923903716879	0.0889683253000549914	0.0594593762994253883	0.13364126374239471	0.07063711174183471	0.260708412664193033



2	ACACGTGT	0.497116386367018902


A:	0.234797461262762556	0.102879676313250498	0.301066524053799481	0.00659232088214206318	0.0609015194439831611	0.0830348114427758784	0.0764902861629843525	0.575338511024745456	0.00266923227007064053	0.974793939321107413	0.00487120162946961459	0.00362461500647414884	0.00769818139712494376	0.0183158998641532042	0.00236868210147353455	0.257911752116150579	0.212519909783850727	0.0721517540252185169	0.882104073163568975	0.575842168810259094	0.246145425690558447	0.157558152793898373
C:	0.418523788418499206	0.42069675034320289	0.286316262655595894	0.0156288785695909534	0.273325618154387208	0.221022041473833688	0.177174488699565063	0.416695949002709682	0.972418848234425417	0.00195035334960611785	0.977823085333320052	0.0136810980307361841	0.0155575259321615251	0.00659601963135073784	0.00559685787107132768	0.652247327493877539	0.523260848577004243	0.676486702655039824	0.048906070339182567	0.255605255401480938	0.377039292814942241	0.556038582010488011
G:	0.258045990240147862	0.0358571882638495664	0.316699606734875651	0.885259901363416201	0.546580004933120172	0.292279461743816712	0.530524505673056639	0.00559685787107132768	0.00659601963135073784	0.0155575259321615251	0.0136810980307361841	0.977823085333320052	0.00195035334960611785	0.972418848234425417	0.416695949002709682	0.0555790016930040788	0.0762676688175712335	0.0575076132312243186	0.0510201874256681706	0.105460557086902997	0.190972536641243725	0.129369696258205689
T:	0.0886327600785903766	0.440566385079697046	0.0959176065557289738	0.0925188991848507826	0.119192857468509459	0.403663685339573722	0.215810719464393945	0.00236868210147353455	0.0183158998641532042	0.00769818139712494376	0.00362461500647414884	0.00487120162946961459	0.974793939321107413	0.00266923227007064053	0.575338511024745456	0.0342619186969678031	0.187951572821573797	0.19385393008851734	0.0179696690715802873	0.0630920187013569704	0.185842744853255587	0.157033568937407927



3	CC.ACGTGG	0.496863367909077374


A:	0.273924046472842596	0.142281537106032551	0.441640223113134723	0.0334566605023611296	0.0284391290023537952	0.66783371689305166	0.0592016437042358554	0.015060476516144586	0.0246249115816402898	0.0167741681387232787	0.951126316839984266	0.00120826274308475514	0.00708522358139169029	0.00286437190707522754	0.00638032773373227775	0.00258547584963077235	0.0997394597678285383	0.346686904801593128	0.114541373169894161	0.545506503122567933	0.284558404483509094	0.225267678834860982	0.234710018600816385
C:	0.383325712464783414	0.355197562571783733	0.310564706943710779	0.252006209591866628	0.332634981302766433	0.0258181584670120691	0.128109344179356026	0.709008871857378998	0.658861354303626717	0.850791347997819449	0.0155532281014419643	0.974825036975130102	0.0174238062473292861	0.00710830817035916107	0.00495366484106131852	0.00956173377903832844	0.855775096188875605	0.477757065548765828	0.0743964829130312318	0.132652495735352131	0.0778665755687072366	0.435994676691861202	0.316126302833869625
G:	0.0964197020420290521	0.41445561723882702	0.0732740408218043555	0.0985534378912108683	0.0502059012067560918	0.0759624998977706709	0.292222772012453138	0.124684641203953449	0.0256141496736344647	0.0430361844245427101	0.0239145738676427908	0.00670397732166261322	0.97123203599587493	0.00194950405329054298	0.978197211092229898	0.714149468222637249	0.0338014019643043668	0.0839168581512217757	0.113076038912234728	0.130749764540449195	0.321322269552356699	0.0447844533302386977	0.0419397308056433147
T:	0.246330539020344937	0.0880652830833566953	0.174521029121350142	0.615983692014561374	0.58871998848812368	0.2303856247421656	0.52046624010395498	0.151246010422522967	0.290899584441098529	0.0893982994389145624	0.00940588119093097877	0.0172627229601225292	0.00425893417540409332	0.988077815869275068	0.010468796332976506	0.27370332214869365	0.01068404207899149	0.0916391714984192684	0.697986105004839879	0.191091236601630741	0.316252750395426971	0.293953191143039119	0.407223947759670676



4	C.ACGTGGC	0.496767416083511175


A:	0.0617124455542172341	0.191870463485301521	0.553217753854204735	0.676090211317511905	0.489180984032761089	0.374518416200024431	0.0595116394491103095	0.0623688580387989429	0.0108561799676354793	0.946500714224095394	0.00277182273077517257	0.0108022781123862269	0.00295336227568899319	0.00456095521141705772	0.0025770056765163897	0.0997394597678285383	0.757266723156557408	0.218792490050142652	0.429571744646561545	0.137514345366712109	0.0853269354507446936	0.231253732376527032	0.385368739136524774
C:	0.677171695923843457	0.392182100693913939	0.154324356384379726	0.0377244829063069074	0.078637922458989463	0.155144447475011599	0.279046081775938371	0.645665241585350517	0.455502424939320844	0.0203192466472821321	0.964662787200699834	0.0335444455169609363	0.00790584512217677459	0.00172549313122894494	0.0085578007225400611	0.855775096188875605	0.0871130170097309093	0.557471413738447897	0.322451700247828492	0.652312602306356266	0.829813282044957193	0.205428256120156306	0.244416918448964549
G:	0.155040381781767502	0.0510015704543899908	0.164787590232139989	0.152454108488759477	0.423628496731725764	0.220114577448909349	0.477272552759182506	0.0444221292325519855	0.0763877994452823804	0.0248698725428770009	0.0209120703332207148	0.950320708312488395	0.00224851438613068295	0.983529495123425478	0.75451669835368914	0.0338014019643043668	0.105298051034842258	0.145965816499087088	0.0755793061336859486	0.167545662183643039	0.0150794785029494085	0.428847651986728917	0.215887814777895329
T:	0.106075476740171808	0.364945865366394549	0.12767029952927555	0.13373119728742171	0.00855259677652368488	0.250222558876054621	0.184169726015768814	0.247543771143298555	0.457253595647761297	0.0083101665857454726	0.011653319735304279	0.00533256805816444223	0.986892278216003549	0.0101840565339285198	0.23434849524725441	0.01068404207899149	0.0503222087988694248	0.0777702797123223621	0.172397248971924015	0.0426273901432885862	0.0697803040013487053	0.134470359516587745	0.154326527636615349



5	CACGTGG..C	0.496575682382133995


A:	0.07063711174183471	0.13364126374239471	0.0594593762994253883	0.0889683253000549914	0.114375923903716879	0.092726636968835136	0.427645861062103503	0.0148206092657488403	0.946648121416586491	0.00334659996262712256	0.0480489011089713311	0.00167954543129911838	0.0487715607630932706	0.0104559710469793916	0.289191310258747021	0.157295605953628026	0.0779812892110165219	0.8488579337315139	0.140483756625811212	0.136990354685431974	0.173497345209465997	0.309581915061764009	0.29289074853199237
C:	0.52159347936228093	0.334766750471267471	0.904969044203764051	0.137284818047822675	0.20730583684151084	0.184116960242983946	0.550781562736866874	0.808923466286969219	0.0034048863378143099	0.911505130501035621	0.0109555365289863498	0.0359330425959503404	0.00598763657386679021	0.0151997362698464521	0.654028997076622438	0.563943520335068222	0.599899846353961255	0.00665875113319393517	0.667621863833305108	0.246704042441533662	0.419487960025345294	0.20969286974077179	0.258786855229408154
G:	0.0398849477524878487	0.317971224502090187	0.0079900417526544889	0.151248211774486735	0.223289763186480373	0.563580557597735466	0.0158723624463058041	0.0468998936728144487	0.0442304385293191584	0.0330429990050385097	0.937995383794352643	0.00233107208317406504	0.934688882684133018	0.523510381176394285	0.0284313094259274529	0.172595013379410109	0.134844550094818601	0.08701615716070252	0.126883797934907801	0.128818622096816704	0.164057040211565975	0.402172106675378681	0.205729560029064809
T:	0.367884461143396511	0.213620761284247633	0.0275815377441560721	0.622498644877635598	0.455028476068291908	0.159575845190445452	0.00570021375472381814	0.129356030774467492	0.00571655371628004108	0.0521052705312987464	0.00300017856768967647	0.960056339889576476	0.0105519199789069214	0.450833911506779872	0.0283483832387030875	0.106165860331893642	0.187274314340203622	0.0574671579745896452	0.0650105816059758785	0.48748698077621766	0.242957654553622734	0.0785531085220855198	0.242592836209534667



