1	CCACGTCA	0.494639464004509242


A:	0.14038151337017369	0.0910397642795504653	0.196985684335108533	0.166312110230732032	0.0886307714365687408	0.365748598215916376	0.0602775257356631824	0.126213680545331495	0.00647940688724415909	0.981414851176773475	0.00484628494736640379	0.0110347614438459047	0.0071465506877210714	0.0169252416495086545	0.902852343180797383	0.0252337017726936711	0.233395752953415943	0.384126910827584921	0.323029554068818193	0.160768404431564955	0.410092711270081215	0.17128883466196912
C:	0.12511397466131599	0.284965104824058101	0.232779914795208615	0.265164711273815969	0.66046721445743954	0.278090565047660069	0.10880925425986454	0.830356295272976107	0.956221975207807228	0.00272847986276389503	0.987202592769848812	0.00401935566891031075	0.00339201086812389299	0.967659047293206716	0.00963065765741450237	0.310620411638323942	0.529197879500723241	0.296545814846575653	0.140338377369411466	0.348741171874969216	0.193151428085551925	0.272944742782529709
G:	0.621884768469438355	0.49996214739446409	0.248806182356404634	0.240750207910806191	0.173361597318759159	0.0967144896021605562	0.58497133321984559	0.0386515609387642235	0.0152642341075196207	0.0119451657196809355	0.00335983567151410801	0.982892345144549181	0.00372918251605953264	0.00885693022771824601	0.0836337240256365141	0.0739205212241059371	0.081877574444561661	0.117013239013280303	0.262908348725238015	0.340759637705940765	0.20030350948498493	0.37513978208073644
T:	0.112619743499071965	0.124032983501927344	0.321428218513278218	0.327772970584645808	0.0775404167872325605	0.259446347134262999	0.245941886784626687	0.00477846324292817485	0.0220343837974289921	0.00391150324078169461	0.00459128661127067662	0.00205353774269460374	0.985732255928095503	0.0065587808295663835	0.00388327513615160096	0.59022536536487645	0.155528793101299155	0.202314035312559124	0.273723719836532326	0.149730785987525063	0.19645235115938193	0.180626640474764731



2	TGACGTCA	0.493837645664625716


A:	0.355237813116899013	0.163197236454509624	0.147899059310356399	0.175107700863916565	0.257717991954015983	0.295361176156381757	0.28600246435583545	0.0101394596639461166	0.0175191045513094297	0.933655723703620098	0.0143133411891189368	0.0260895195174508016	0.0117415137998176097	0.073058444677348761	0.873504524297685715	0.0432851559037795214	0.140539784728868357	0.165849454883303731	0.248048551626606634	0.228408732977544994	0.1564348431347666	0.140830200044612612
C:	0.283732050189902574	0.105137293221698578	0.306236791378640397	0.234276353277002211	0.351373479636378763	0.270766240723490895	0.201277725133002097	0.103239509396430717	0.0226433607461396427	0.0387008649830736592	0.952407673200078969	0.00718946609335129284	0.0159018975134886329	0.886779090025202167	0.0131165066419374509	0.369079496228838074	0.33433632053139748	0.129712461339011262	0.202636036864369153	0.261318591082756096	0.590055965982444738	0.0675191407006929283
G:	0.109206226713220546	0.518549356607030487	0.324638076610149313	0.314777603880501854	0.182034068314953048	0.315361515006227865	0.265470846159551005	0.0131165066419374509	0.886779090025202167	0.0159018975134886329	0.00718946609335129284	0.952407673200078969	0.0387008649830736592	0.0226433607461396427	0.103239509396430717	0.0484666620572022791	0.272682977742744167	0.253688251274404052	0.481656170486661855	0.271891830211120085	0.158082105433911851	0.470868423720265857
T:	0.251823909979977867	0.213116113716761311	0.221226072700853892	0.27583834197857937	0.208874460094652206	0.118511068113899483	0.247248964351611448	0.873504524297685715	0.073058444677348761	0.0117415137998176097	0.0260895195174508016	0.0143133411891189368	0.933655723703620098	0.0175191045513094297	0.0101394596639461166	0.539168685810180125	0.252440916996989995	0.450749832503280955	0.0676592410223623575	0.238380845728578824	0.0954270854488768109	0.320782235534428603



3	ACACGTGT	0.490503464507315789


A:	0.124897879662639586	0.287421733800206926	0.109088695518962956	0.321019020212188012	0.0977872865634414562	0.0870021354216690038	0.0805604153503197084	0.694124422441595775	0.00433754319575610306	0.972602142931670843	0.00711398348122082663	0.0124763846594793601	0.0084907318307923972	0.0364890056907169625	0.00479242244806209616	0.286186901677007593	0.255664299397282533	0.465479151227505562	0.041963766142861273	0.116042402908171254	0.208024046252637321	0.454396356509266594
C:	0.131713037296387708	0.167493923872056577	0.326320479777648758	0.116888419395007359	0.221107191289778532	0.200920025511620632	0.168582423616432258	0.295619899623311371	0.95157849154033093	0.00910218108250835897	0.975519876672294612	0.00488975518700520165	0.00980494415502840124	0.00759495957319600402	0.00546325548703075764	0.491210609057918596	0.402808058262938594	0.396446070113294156	0.473917718207198327	0.524997859306176213	0.409716414066696638	0.130694818454626835
G:	0.281024133756436764	0.165713610350251513	0.145656528916207679	0.27466344062355859	0.250844135907913251	0.358751300644711067	0.548217660511193705	0.00546325548703075764	0.00759495957319600402	0.00980494415502840124	0.00488975518700520165	0.975519876672294612	0.00910218108250835897	0.95157849154033093	0.295619899623311371	0.0690114249358822757	0.133303577600306401	0.0339602132879680253	0.314855152249789967	0.154250147378955009	0.132715484319510621	0.0779460708656590052
T:	0.462364949284535943	0.379370731977484985	0.418934295787180607	0.28742911976924604	0.43026138623886676	0.353326538421999297	0.202639500522054329	0.00479242244806209616	0.0364890056907169625	0.0084907318307923972	0.0124763846594793601	0.00711398348122082663	0.972602142931670843	0.00433754319575610306	0.694124422441595775	0.153591064329191535	0.208224064739472472	0.104114565371232256	0.169263363400150433	0.204709590406697523	0.24954405536115542	0.336962754170447566



4	ATGACGTG	0.490424034377160921


A:	0.468599538583294497	0.180626640474764731	0.19645235115938193	0.149730785987525063	0.273723719836532326	0.202314035312559124	0.155528793101299155	0.59022536536487645	0.0123601260946415334	0.0151426118005564533	0.965832183790150833	0.00344361486081009506	0.0175688980581666239	0.0114900377608218602	0.137680347167451706	0.00477846324292817485	0.245941886784626687	0.259446347134262999	0.0775404167872325605	0.327772970584645808	0.321428218513278218	0.124032983501927344
C:	0.290687276320475634	0.37513978208073644	0.20030350948498493	0.340759637705940765	0.262908348725238015	0.117013239013280303	0.081877574444561661	0.0739205212241059371	0.0150163731415770115	0.0218831285946512746	0.0139628146906827765	0.959700135275859355	0.0049021887086348269	0.0995333255660037505	0.0895611961292370818	0.0386515609387642235	0.58497133321984559	0.0967144896021605562	0.173361597318759159	0.240750207910806191	0.248806182356404634	0.49996214739446409
G:	0.131929547578498867	0.272944742782529709	0.193151428085551925	0.348741171874969216	0.140338377369411466	0.296545814846575653	0.529197879500723241	0.310620411638323942	0.0146810780778320341	0.938421871696052321	0.00263407262946213191	0.00699872593547043376	0.971282832359072943	0.0080305503632983247	0.757408425471094666	0.830356295272976107	0.10880925425986454	0.278090565047660069	0.66046721445743954	0.265164711273815969	0.232779914795208615	0.284965104824058101
T:	0.108783637517731002	0.17128883466196912	0.410092711270081215	0.160768404431564955	0.323029554068818193	0.384126910827584921	0.233395752953415943	0.0252337017726936711	0.957942422685949421	0.024552387908739951	0.0175709288897042586	0.0298575239278601159	0.00624608087412560663	0.880946086309876065	0.0153500312322165468	0.126213680545331495	0.0602775257356631824	0.365748598215916376	0.0886307714365687408	0.166312110230732032	0.196985684335108533	0.0910397642795504653



5	G.CACGTCA	0.490162122783622265


A:	0.674139788665277379	0.14038151337017369	0.0910397642795504653	0.196985684335108533	0.166312110230732032	0.0886307714365687408	0.365748598215916376	0.0602775257356631824	0.126213680545331495	0.0269311952734621163	0.913593391289795556	0.0176865198161736184	0.0132494401477827099	0.0100543529845700137	0.057694484445891237	0.851894954312167013	0.0252337017726936711	0.233395752953415943	0.384126910827584921	0.323029554068818193	0.160768404431564955	0.410092711270081215	0.17128883466196912
C:	0.0199490637293198815	0.12511397466131599	0.284965104824058101	0.232779914795208615	0.265164711273815969	0.66046721445743954	0.278090565047660069	0.10880925425986454	0.830356295272976107	0.883171615288303735	0.005199496409805992	0.947522984028326156	0.00705495093138494328	0.0103914713574394817	0.896479879769002443	0.0315360357019972844	0.310620411638323942	0.529197879500723241	0.296545814846575653	0.140338377369411466	0.348741171874969216	0.193151428085551925	0.272944742782529709
G:	0.149152000063371996	0.621884768469438355	0.49996214739446409	0.248806182356404634	0.240750207910806191	0.173361597318759159	0.0967144896021605562	0.58497133321984559	0.0386515609387642235	0.0527668163453578105	0.0660888126373840949	0.00352892464721615367	0.972006692652200902	0.0212115731099843856	0.029299719559122979	0.102482380276266535	0.0739205212241059371	0.081877574444561661	0.117013239013280303	0.262908348725238015	0.340759637705940765	0.20030350948498493	0.37513978208073644
T:	0.156759147542030743	0.112619743499071965	0.124032983501927344	0.321428218513278218	0.327772970584645808	0.0775404167872325605	0.259446347134262999	0.245941886784626687	0.00477846324292817485	0.0371303730928763381	0.0151182996630143567	0.0312615715082840719	0.00768891626863144461	0.958342602548006119	0.0165259162259833406	0.0140866297095691669	0.59022536536487645	0.155528793101299155	0.202314035312559124	0.273723719836532326	0.149730785987525063	0.19645235115938193	0.180626640474764731



