1	TGACGTCA	0.499787675291329251


A:	0.403603359209788879	0.0564118886798807818	0.239750013432951635	0.0695122025510836949	0.283006198524366952	0.115908066632919277	0.278234143253148974	0.0464637422767459032	0.0249628056682156329	0.92729177752801686	0.0111584552039794603	0.0534672410708483031	0.0161621397934102575	0.16550869037633731	0.884371532080540149	0.0275161332423943329	0.209842539191376473	0.390698416364547233	0.198403855235180843	0.197879568917219845	0.312363372865231465	0.176284344512037755
C:	0.308028007200616895	0.0990820637244430026	0.185671920128270722	0.292415615792557664	0.192220531451736368	0.22478735735614088	0.25748953672864277	0.0482455645957634956	0.0196959535277848429	0.024048966843182136	0.922113509217591647	0.0132607945075805891	0.0324971158353907466	0.789832550427662215	0.0209191610469504522	0.589605885003636024	0.519249033856329856	0.0412126190631712947	0.463056278925603319	0.476943827239745807	0.153893078458846355	0.133687503083609119
G:	0.223327902849184887	0.506392171071850141	0.143026296855799833	0.393108021432985655	0.149835172150534512	0.461438324515577182	0.346945954673908076	0.0209191610469504522	0.789832550427662215	0.0324971158353907466	0.0132607945075805891	0.922113509217591647	0.024048966843182136	0.0196959535277848429	0.0482455645957634956	0.114315854980792444	0.165175546921432442	0.278186146494454105	0.201558244089897294	0.188990200906716114	0.0831543534626843193	0.42216745591426137
T:	0.0650407307404093397	0.338113876523826074	0.43155176958297781	0.244964160223372987	0.374938097873362169	0.197866251495362661	0.117330365344300181	0.884371532080540149	0.16550869037633731	0.0161621397934102575	0.0534672410708483031	0.0111584552039794603	0.92729177752801686	0.0249628056682156329	0.0464637422767459032	0.2685621267731772	0.105732880030861229	0.289902818077827367	0.136981621749318543	0.136186402936318234	0.45058919521323786	0.267860696490091757



2	GTGACGT.A	0.495740109645873463


A:	0.324369434002830954	0.267860696490091757	0.45058919521323786	0.136186402936318234	0.136981621749318543	0.289902818077827367	0.105732880030861229	0.2685621267731772	0.0156730399935686218	0.0518460340543364974	0.929197271930782368	0.00450716401889990126	0.0320892558588513472	0.02409446708723745	0.16550869037633731	0.712725218025230933	0.117330365344300181	0.197866251495362661	0.374938097873362169	0.244964160223372987	0.43155176958297781	0.338113876523826074	0.0650407307404093397
C:	0.302230010197277368	0.42216745591426137	0.0831543534626843193	0.188990200906716114	0.201558244089897294	0.278186146494454105	0.165175546921432442	0.114315854980792444	0.0236678281600792704	0.0181120562298729833	0.0207483362458372014	0.941815026047144317	0.00765532816752203297	0.0561150276733168322	0.789832550427662215	0.071486528713574612	0.346945954673908076	0.461438324515577182	0.149835172150534512	0.393108021432985655	0.143026296855799833	0.506392171071850141	0.223327902849184887
G:	0.0943922479201661709	0.133687503083609119	0.153893078458846355	0.476943827239745807	0.463056278925603319	0.0412126190631712947	0.519249033856329856	0.589605885003636024	0.014991883554774305	0.89842241414619534	0.0374781399982321496	0.01595559424188732	0.938653879335726981	0.0251384431461327827	0.0196959535277848429	0.149464037185214072	0.25748953672864277	0.22478735735614088	0.192220531451736368	0.292415615792557664	0.185671920128270722	0.0990820637244430026	0.308028007200616895
T:	0.279008307879725507	0.176284344512037755	0.312363372865231465	0.197879568917219845	0.198403855235180843	0.390698416364547233	0.209842539191376473	0.0275161332423943329	0.945667248291577803	0.0316194955695951795	0.0125762518251482806	0.0377222156920684622	0.0216015366378996393	0.894652062093312935	0.0249628056682156329	0.0663242160759803828	0.278234143253148974	0.115908066632919277	0.283006198524366952	0.0695122025510836949	0.239750013432951635	0.0564118886798807818	0.403603359209788879



3	G.TGACGTC	0.495391972851572714


A:	0.414548819639560492	0.318313811394428252	0.495358040514447567	0.200536951859158779	0.0449871746482989461	0.121635616222073651	0.133947133785677529	0.0612892580717600638	0.307087903107463758	0.0834780056901973655	0.0157393501843333105	0.933611247343270792	0.0170279477950066439	0.0725312581624647038	0.0433836166662893268	0.316563310625775245	0.466383346374867017	0.221803495612934265	0.200275689487155559	0.177330897862467663	0.14018481592746709	0.0584480125380428621	0.122973586014082596
C:	0.215604290558036459	0.130757801094744992	0.161477291621088077	0.250651633489261855	0.451411284582046559	0.253139531493523836	0.244720087435638584	0.114076670348743617	0.288072164020903166	0.0119720738268306857	0.0375437646273247226	0.0356859380692537682	0.926577175029491638	0.023342047904611462	0.0352179870614803299	0.545857476985043694	0.0388432849610193424	0.224475221122589902	0.0935604350363935994	0.431929799217759255	0.459883942891575193	0.156279204971468363	0.0722406612266738616
G:	0.111744797277725273	0.149391493586682803	0.237117207125620276	0.385495062974622913	0.403087308655775289	0.186042200831019836	0.172316104916225557	0.714175781086666978	0.395377284352818582	0.0139057962523944782	0.926925481648409887	0.01411624995223413	0.0185418091225622752	0.899065240902510364	0.00990248336251318443	0.0954898914145400862	0.244790814611890512	0.357716409275046783	0.30211044975288551	0.222289719869575516	0.217340669144237029	0.35781566774712944	0.474526755007938157
T:	0.258102092524677776	0.401536893924143953	0.10604746073884408	0.163316351676956454	0.100514232113879205	0.439182651453382676	0.449016673862458329	0.110458290492829341	0.00946264851881449346	0.89064412423057747	0.0197914035399320798	0.01658656463524131	0.0378530680529394434	0.00506145303041346985	0.911495912909717159	0.042089320974640974	0.249982554052223129	0.19600487398942905	0.404053425723565332	0.168449583050197566	0.182590572036720687	0.427457114743359335	0.330258997751305385



4	ACGTCAGC	0.493218369096218384


A:	0.427457114743359334	0.182590572036720687	0.168449583050197566	0.404053425723565332	0.19600487398942905	0.249982554052223129	0.042089320974640974	0.860790642533770917	0.0240853166667574591	0.0438276919668425851	0.0285175334719872181	0.0498344733960835399	0.914890681508465885	0.00946264851881449346	0.0982360995190992571	0.449016673862458329	0.439182651453382676	0.100514232113879205	0.163316351676956454	0.10604746073884408	0.401536893924143953	0.258102092524677776
C:	0.35781566774712944	0.217340669144237029	0.222289719869575516	0.30211044975288551	0.357716409275046783	0.244790814611890512	0.0954898914145400862	0.0120623573582725445	0.916069341349713249	0.0188294153708282874	0.00700386801318074506	0.905095686603345435	0.0257016963323781829	0.395377284352818582	0.821608040216698765	0.172316104916225557	0.186042200831019836	0.403087308655775289	0.385495062974622913	0.237117207125620276	0.149391493586682803	0.111744797277725273
G:	0.156279204971468363	0.459883942891575193	0.431929799217759255	0.0935604350363935994	0.224475221122589902	0.0388432849610193424	0.545857476985043694	0.0877846615339225702	0.0221079512577325172	0.927124374101722484	0.0480159677337529458	0.0292927835575535605	0.0199579618492869376	0.288072164020903166	0.0422736083761152384	0.244720087435638584	0.253139531493523836	0.451411284582046559	0.250651633489261855	0.161477291621088077	0.130757801094744992	0.215604290558036459
T:	0.0584480125380428621	0.14018481592746709	0.177330897862467663	0.200275689487155559	0.221803495612934265	0.466383346374867017	0.316563310625775245	0.0393623385740339681	0.0377373907257967751	0.0102185185606066433	0.916462630781079091	0.0157770564430174644	0.0394496603098689945	0.307087903107463758	0.0378822518880867393	0.133947133785677529	0.121635616222073651	0.0449871746482989461	0.200536951859158779	0.495358040514447567	0.318313811394428252	0.414548819639560492



5	G.TGACGT.A	0.491603694374475231


A:	0.324369434002830954	0.267860696490091757	0.45058919521323786	0.136186402936318234	0.136981621749318543	0.289902818077827367	0.105732880030861229	0.2685621267731772	0.0209309354891808995	0.0387496130836101543	0.922974353285023037	0.0199471978510491132	0.0662192194212247968	0.0489818383604693962	0.16550869037633731	0.466383346374867017	0.117330365344300181	0.197866251495362661	0.374938097873362169	0.244964160223372987	0.43155176958297781	0.338113876523826074	0.0650407307404093397
C:	0.302230010197277368	0.42216745591426137	0.0831543534626843193	0.188990200906716114	0.201558244089897294	0.278186146494454105	0.165175546921432442	0.114315854980792444	0.013695253406513415	0.0219560358181500644	0.044763094519972793	0.912093602669899073	0.0104438677668263249	0.14528947220711848	0.789832550427662215	0.0388432849610193424	0.346945954673908076	0.461438324515577182	0.149835172150534512	0.393108021432985655	0.143026296855799833	0.506392171071850141	0.223327902849184887
G:	0.0943922479201661709	0.133687503083609119	0.153893078458846355	0.476943827239745807	0.463056278925603319	0.0412126190631712947	0.519249033856329856	0.589605885003636024	0.0338233501242639764	0.854449396169388745	0.0173211964031162301	0.0163171711442150194	0.8857554726457462	0.0116090918865595755	0.0196959535277848429	0.244790814611890512	0.25748953672864277	0.22478735735614088	0.192220531451736368	0.292415615792557664	0.185671920128270722	0.0990820637244430026	0.308028007200616895
T:	0.279008307879725507	0.176284344512037755	0.312363372865231465	0.197879568917219845	0.198403855235180843	0.390698416364547233	0.209842539191376473	0.0275161332423943329	0.931550460980041709	0.0848449549288510357	0.0149413557918879404	0.0516420283348367946	0.0375814401662026785	0.794119597545852549	0.0249628056682156329	0.249982554052223129	0.278234143253148974	0.115908066632919277	0.283006198524366952	0.0695122025510836949	0.239750013432951635	0.0564118886798807818	0.403603359209788879



