1	ACACGTGT	0.473276935652879957


A:	0.151216936023048025	0.241761172595676304	0.12347711158899695	0.244224010682092654	0.0429780300177613351	0.114407733300285323	0.224601373081918605	0.849739923981073629	0.0134867956005529399	0.886564705059535038	0.027546132395878427	0.040601346065477648	0.0392431076936876643	0.0447757296349732522	0.0211969796616819429	0.293878019962571766	0.408092521731757412	0.300571183675633328	0.0536034912443483717	0.136057714678306629	0.176647594456661691	0.396857701141087966
C:	0.304348096931633412	0.112839048210505216	0.555613850397841459	0.21116633030777373	0.271110637324696175	0.0678988076079350726	0.246268461954924186	0.0947483383275176156	0.918712004057192239	0.0324525080834556661	0.915366540898213255	0.0164859806404306702	0.0417396791633216316	0.0230254707072815689	0.0343147580297268129	0.536024391902381872	0.289932653724346396	0.418351961640292681	0.263923708199148814	0.498963990181095424	0.523745041097145909	0.0642756647730455009
G:	0.205657335665982721	0.121060343813771723	0.0930253937384881731	0.284884281367654098	0.366907885981497733	0.261353307883708885	0.186246064996862809	0.0343147580297268129	0.0230254707072815689	0.0417396791633216316	0.0164859806404306702	0.915366540898213255	0.0324525080834556661	0.918712004057192239	0.0947483383275176156	0.0296848122531550836	0.207887962851602473	0.0385022439444850038	0.348707362590984306	0.188748363344964223	0.121950452492779143	0.0669139025425901668
T:	0.338777631379335842	0.524339435380046758	0.227883644274673418	0.259725377642479518	0.319003446676044757	0.556340151208070719	0.3428840999662944	0.0211969796616819429	0.0447757296349732522	0.0392431076936876643	0.040601346065477648	0.027546132395878427	0.886564705059535038	0.0134867956005529399	0.849739923981073629	0.140412775881891279	0.0940868616922937184	0.242574610739588986	0.333765437965518508	0.176229931795633724	0.177656911953413257	0.471952731543276366



2	ACCCACCC	0.463292131779116863


A:	0.0512784661124267137	0.219190978756050311	0.469681739105694305	0.133748888277290114	0.112882252645385652	0.435579494488551515	0.321715527679910037	0.681629549313405604	0.0895855058170651191	0.131690688402328348	0.080595478506820785	0.49459791894198133	0.216114536802366785	0.190812892608655963	0.204094092868949231	0.42926084849204804	0.324453196570972179	0.354616923583471697	0.448849679315126104	0.201710153098177001	0.111217628676582932	0.517793882856539077
C:	0.131355303287297927	0.413001560093500995	0.219625717605864494	0.262900342627941298	0.423846136381697221	0.182822703552135183	0.134451537451424163	0.015900094508561963	0.803144356067193249	0.728825413020267262	0.775070096009952408	0.00543586306080281705	0.53055690698845696	0.663297738352898101	0.639455968499832153	0.211264508110782784	0.103806821631522945	0.12388466870135358	0.26557713645329162	0.184930252742473168	0.371063148434875241	0.0592348738974144639
G:	0.465232743219021688	0.255476373353479545	0.0457182170792672054	0.35754965314141854	0.160175906286892718	0.220661682242750955	0.258475830492941632	0.121978118474818071	0.0408262443927042525	0.060594590631946348	0.0338552625492237248	0.454549552226103865	0.216961391785990462	0.0974597354462532974	0.117436366522777641	0.145982308477800575	0.43513556874355527	0.201042911956012718	0.149851319368443657	0.459495068417560542	0.287757466290951267	0.276580053586876175
T:	0.352133487381253671	0.112331087796969149	0.264974326209173996	0.245801115953350049	0.303095704686024409	0.160936119716562348	0.285357104375724168	0.180492237703214362	0.0664438937230373797	0.0788893079454580414	0.110479162934003082	0.045416665771111988	0.0363671644231857932	0.0484296335921926379	0.0390135721084409746	0.2134923349193686	0.136604413053949606	0.320455495759162005	0.135721864863138619	0.15386452574178929	0.22996175659759056	0.146391189659170284



3	CACGTGTC	0.44679005709470748


A:	0.304176908009348456	0.378101789015788749	0.261578154514843494	0.0972520681909189585	0.271278502287467871	0.339669274629348862	0.141520127164595437	0.109820873647855228	0.81573216913460957	0.0136799915194026263	0.0575897647500509128	0.0246561404260249303	0.0549205944406630716	0.0692419689769226264	0.293878019962571766	0.521169429914179214	0.119141398424264802	0.309881331045863279	0.297218194277124357	0.154815284713625117	0.545688729260968391	0.270787714841009115
C:	0.241936937521668569	0.155379160198845109	0.241960048317897577	0.0371864257376227634	0.353591821764496806	0.135414764842072738	0.56067317282498232	0.700124338353567624	0.0741695694007747392	0.689965746923920022	0.0675381960972357389	0.129009144055526582	0.0689841987654060116	0.14094168018607319	0.536024391902381872	0.202440792264660038	0.551608377465704669	0.227784401918721243	0.165087374604983401	0.511307213978239967	0.201363770074595388	0.197030617843512375
G:	0.258041765107167442	0.222387985050675528	0.33270762249319878	0.719708211797804842	0.198327471922948342	0.352282007089530193	0.182870518564977352	0.0468367611407926828	0.0742617147880890074	0.0441040609037240576	0.83052309603162795	0.0850556887773605076	0.758172472230691601	0.212239841626090013	0.0296848122531550836	0.10262272342880824	0.184878962408671834	0.233022919066680519	0.293334747130943293	0.136801932904676302	0.0479962281050391239	0.316254245763943855
T:	0.195844389361815533	0.244131065734690615	0.163754174674060149	0.145853294273653436	0.176802204025086981	0.172633953439048207	0.114936181445444891	0.143218026857784465	0.035836546676526683	0.252250200652953294	0.044348943121085398	0.76127902674108798	0.117922734563239316	0.577576509210914171	0.140412775881891279	0.173767054392352508	0.144371261701358694	0.229311347968734959	0.244359683986948949	0.197075568403458614	0.204951272559397097	0.215927421551534655



4	CCCACCCA	0.441135794434339971


A:	0.325505886916198247	0.371611103022286272	0.317956349532804777	0.396755725591555193	0.254144208104515392	0.464026314858270873	0.464459271813407068	0.338549159433327093	0.264727883590680862	0.137046563483808882	0.661294559594060179	0.120758021210314366	0.280071780736231139	0.0659383654007233388	0.699560206574923179	0.212489364239088108	0.45089521575595354	0.276914851160787732	0.265488227486765797	0.699622119866652082	0.319455873895061784	0.234625106887240843
C:	0.0980703728339532718	0.268409165091841449	0.185472590457704644	0.264383945464900337	0.0944659314228261922	0.0790297313546739427	0.2115693693896263	0.506226754833606583	0.535979241176591067	0.478052233661840981	0.014872550182661536	0.72473175755708501	0.57430622776911685	0.69747481894558453	0.00998966033370962774	0.292860037595705274	0.123301841616350849	0.437473671187259132	0.263841170665279277	0.0917298304727985143	0.250430125528635461	0.192167538628757742
G:	0.283190295655043652	0.212314257547438019	0.316724966062630855	0.139203642179422418	0.266482843371819678	0.278672644215475778	0.232642954691112737	0.0600188656325312171	0.0781277849875241264	0.306263238707142748	0.294199633575130178	0.0556136365098123752	0.101579211139281584	0.193143667440760046	0.111072209067195064	0.25436783707016706	0.246629391844591718	0.171286016481177453	0.308357508608169702	0.0424159366780149799	0.275567021613114041	0.363282982244438042
T:	0.293233444594804829	0.14766547433843426	0.179846093946859725	0.199656686764122051	0.384907017100838737	0.178271309571579406	0.0913284041058538953	0.0952052201005351062	0.121165090245203945	0.0786379641472073888	0.0296332566481481076	0.0988965847227882484	0.0440427803553704274	0.0434431482129320853	0.179377924024172129	0.240282761095039557	0.179173550783103892	0.114325461170775682	0.162313093239785224	0.166232112982534424	0.154546978963188713	0.209924372239563373



5	ACCC.CCCA	0.425955079764903442


A:	0.22166280386891186	0.343333898645700442	0.244962954533133936	0.329127491517645139	0.305826817060136539	0.203023157504826199	0.22069544957387694	0.568932726747974402	0.0278921824797670473	0.108190829039606062	0.150397348129716404	0.532019806645857226	0.0686093518791301885	0.0826661387127892921	0.0514321048064866048	0.485609496426259026	0.130060329080228887	0.325805039584767728	0.102302467581240118	0.0980487859922293042	0.349580941449356248	0.109278050609809074	0.253889940836639983
C:	0.439572266128409158	0.221502443153427697	0.168927394406389355	0.209439538932856261	0.348804057020735825	0.120078761595102888	0.225143399916444245	0.015119592388118745	0.743470511833480125	0.696280445783347722	0.525059993268657622	0.027508662033018193	0.554543220311337586	0.76009752626689765	0.692054899662459817	0.0143999717191065748	0.560411670451109881	0.218202025894816885	0.365563604774820736	0.275894759516662343	0.328468381623433889	0.512778066161437578	0.186162389122056127
G:	0.23831310809541637	0.142821572339126018	0.0691596706531049146	0.252895191398481044	0.143612663366323037	0.432821494223481078	0.119989435146985946	0.0964334230776018352	0.113804538290070908	0.0853740463162538382	0.279750858945176302	0.391845894618376357	0.311842569385201282	0.106981040891268689	0.210481274305115266	0.0785350938069745604	0.195713006820679546	0.253039920700120119	0.134797434090480326	0.214530892628398477	0.0517386994886418367	0.228231296485831923	0.333477507668595846
T:	0.100451821907262612	0.292342085861745843	0.516949980407371795	0.208537778151017556	0.2017564625528046	0.244076586676589835	0.434171715362692868	0.319514257786305018	0.11483276739668192	0.110154678860792378	0.0447917996564496721	0.0486256367027482238	0.0650048584243309436	0.0502552941290443694	0.0460317212259383122	0.421455438047659839	0.113814993647981686	0.202953013820295268	0.39733649355345882	0.411525561862709875	0.270211977438568027	0.149712586742921425	0.226470162372708044



