1	ACACGTCA	0.496665683695426848


A:	0.416212038433343492	0.0441100704335664212	0.174128910330089697	0.156841114729169117	0.185994945069447617	0.128363405628382142	0.0580285128577963911	0.51318819264673242	0.0184538632270017164	0.960002203900100889	0.0108773570018204497	0.0171487011203143888	0.024823154621918958	0.246889230730612439	0.902849839127683163	0.0248889634615246875	0.42974065012785317	0.461521845372888892	0.144114109731979503	0.349317248685575536	0.588143145816885718	0.213469040939071428
C:	0.201167094424240709	0.316322591258240813	0.347045171477417579	0.68112258333718113	0.0527684945759091997	0.0823556834995966264	0.119694564904324195	0.457384514349527161	0.944647454350220641	0.00264116371881313041	0.945211976792806233	0.0522780246779498327	0.00748177919982157512	0.719251249703430134	0.0196044886838780371	0.315655824394795332	0.30981409588679548	0.0110930188349301989	0.244298042091424554	0.303734383738387295	0.131656486112123967	0.160597928355071531
G:	0.0712611321471330774	0.0771825748747761995	0.177096434612502781	0.0461531886371764381	0.12614773012901822	0.704280620001034706	0.498792358215493209	0.0205388438394624372	0.0079722380559387935	0.0295593270249773034	0.0159546092689312597	0.913455998270739157	0.00895390924303251742	0.023146879873136362	0.0698024508027639422	0.146657352201134183	0.118217050817162597	0.508631689766982488	0.576773573564262886	0.055836698124254764	0.0507376672874495201	0.237969792418796578
T:	0.311359734995282722	0.562384763433416566	0.301729483579989943	0.115883113296473315	0.635088830225624963	0.085000290870986526	0.323484564022386205	0.00888844916427798136	0.0289264443668388493	0.00779730535610867724	0.0279560569364420579	0.0171172759309966212	0.958741156935226949	0.0107126396928210647	0.00774322138567485728	0.512797859942545797	0.142228203168188754	0.018753446025198421	0.0348142746123330574	0.291111669451782405	0.229462700783540794	0.387963238287060462



2	CCACGTGG	0.496316416133353178


A:	0.352111046964212885	0.0489520295856236655	0.480851117952993742	0.231775979680249993	0.0336583313712180189	0.16099023906590052	0.151886852862644443	0.704760932808418569	0.0166832507152900427	0.958531059356529916	0.00908038841304711179	0.0207075690020627855	0.00922316545282387372	0.143300755611123187	0.00808759640449148549	0.105142665652983675	0.228019909201774796	0.15669785267652549	0.867038907582721764	0.0856330589462593886	0.149518898097842405	0.250796444123377197
C:	0.124914618808464179	0.135678019048138749	0.248298212488437543	0.72951188932614877	0.0978922917314125627	0.309951993877154403	0.115357509276578518	0.274221246881426624	0.820648966899231185	0.00360962070496036389	0.949784844376760974	0.0204271982081291286	0.0286361544856858464	0.0193670267743555857	0.0129302239056633214	0.840853158456832071	0.260406933466635439	0.385865939103856721	0.00485424817765381452	0.804118903351427636	0.149456949350849067	0.261585399498419625
G:	0.0808413928793209606	0.0807159299688127148	0.0788302982649590041	0.00539811456617221831	0.0906226816344550578	0.192845345093702613	0.614397859027377739	0.0129302239056633214	0.0193670267743555857	0.0286361544856858464	0.0204271982081291286	0.949784844376760974	0.00360962070496036389	0.820648966899231185	0.274221246881426624	0.016052092033315064	0.181937833994541533	0.150006401562629286	0.0719848571847862228	0.037506257886084802	0.017915002840771013	0.138439945834649849
T:	0.442132941348001975	0.734654021397424871	0.19202037129360971	0.0333140164274290192	0.777826695262914361	0.336212421963242464	0.1183577788333993	0.00808759640449148549	0.143300755611123187	0.00922316545282387372	0.0207075690020627855	0.00908038841304711179	0.958531059356529916	0.0166832507152900427	0.704760932808418569	0.0379520838568691904	0.329635323337048232	0.307429806656988504	0.0561219870548381988	0.0727417798162281737	0.683109149710537515	0.349178210543553329



3	ACACGTGT	0.496055960708438756


A:	0.332803083450398569	0.0795444475160496492	0.43243357196329315	0.00879717893609104625	0.133250558793817312	0.162572008352431776	0.0793377187874953885	0.522173084033972032	0.00328843593036089299	0.977984761957097616	0.00290542208531547287	0.00600972051700906825	0.00598923058669848721	0.151296935256808155	0.00352778396511956182	0.289457509121840463	0.416266049195853618	0.122244757518324385	0.827989245514392932	0.599555733105155518	0.239638674161597231	0.248142667823130652
C:	0.343139216028881633	0.146997298646803328	0.148751268993335141	0.00580727072939692621	0.332903528089291788	0.170261205860753805	0.0368590912270564839	0.468748058447626776	0.842567842430125585	0.0017771572006926572	0.979836528115663045	0.0112483292820124136	0.0142488502555112394	0.00284678638270536614	0.00555107355328163061	0.474559534005212757	0.167524668777685061	0.51219760438840787	0.024437105207185561	0.19545963048206289	0.375116564710794717	0.482918594390456071
G:	0.171644423025879018	0.0582536221422622805	0.292389442727880482	0.752779461100350894	0.369703193950477119	0.212405827202585833	0.50390317233767552	0.00555107355328163061	0.00284678638270536614	0.0142488502555112394	0.0112483292820124136	0.979836528115663045	0.0017771572006926572	0.842567842430125585	0.468748058447626776	0.127843223144626688	0.102956179260722001	0.185861834288843136	0.0664460456690877684	0.0589296646053977198	0.0738744289565922266	0.124916305573285391
T:	0.15241327749484078	0.715204631694884742	0.126425716315491227	0.232616089234161134	0.164142719166413781	0.454760958584228586	0.379900017647772608	0.00352778396511956182	0.151296935256808155	0.00598923058669848721	0.00600972051700906825	0.00290542208531547287	0.977984761957097616	0.00328843593036089299	0.522173084033972031	0.108139733728320092	0.313253102765739321	0.17969580380442461	0.0811276036093337389	0.146054971807383872	0.311370332171015825	0.144022432213127886



4	CACGTGGC	0.495266514467219217


A:	0.198622509421796253	0.674469060590071784	0.718135194597409459	0.198143596238943056	0.585809501904748332	0.16396013975667506	0.140586332232803667	0.0116121758636789382	0.964348527139862386	0.00819673566916323925	0.00581194134896726472	0.00302034984894886315	0.020483672120247973	0.0119516258715246202	0.105142665652983675	0.736902260706716287	0.653213522358535892	0.657930130725698425	0.190116859214893244	0.0527215044050051189	0.226585904788819376	0.283193421410643156
C:	0.145307376628016835	0.127372269353624388	0.0198479724571788541	0.0269909082175124181	0.121129760658837239	0.139230261170759707	0.25581006841036711	0.599314731279673833	0.00774879232448105105	0.970721253255179717	0.0116940166657943607	0.00781930132214085397	0.00612885935279553266	0.00925025278140809987	0.840853158456832071	0.112209102235212799	0.186738083739908267	0.110280608463926035	0.494947182346782942	0.784736499249872263	0.0990111302243177977	0.251602112048158172
G:	0.0661463656076362133	0.0941934611774340623	0.0275971007325665377	0.737091034489292078	0.180272073783492269	0.330925979438103077	0.0489833365147252222	0.0320198558717068922	0.0237219774242971447	0.00890683494331606143	0.974070588342948583	0.00732352564289441195	0.964942938933378134	0.769220477035536089	0.016052092033315064	0.0988324999087761557	0.063013001462628558	0.021792771671091687	0.214878649011629214	0.0566258705696675615	0.611502594171577286	0.288619000720544396
T:	0.589923748342550698	0.103965208878869766	0.234419732212845149	0.0377744610542524478	0.112788663652922161	0.365883619634462156	0.554620262842104001	0.357053236984940336	0.00418070311135941784	0.0121751761323409817	0.00842345364228979193	0.981836823186015871	0.00844452959357836063	0.209577644311531191	0.0379520838568691904	0.0520561371492947582	0.097035392438927283	0.209996489139283853	0.100057309426694599	0.105916125775455056	0.0629003708152855401	0.176585465820654276



5	ACGTGGCA	0.495051080441110777


A:	0.674469060590071784	0.718135194597409459	0.198143596238943056	0.585809501904748332	0.16396013975667506	0.140586332232803667	0.0116121758636789382	0.900043836989803151	0.00734313010617864987	0.00806096878111759262	0.00614097816640563203	0.0182913756068246344	0.0106320458200399999	0.0470386876681578633	0.736902260706716287	0.653213522358535892	0.657930130725698425	0.190116859214893244	0.0527215044050051189	0.226585904788819376	0.283193421410643156	0.146237582944773331
C:	0.127372269353624388	0.0198479724571788541	0.0269909082175124181	0.121129760658837239	0.139230261170759707	0.25581006841036711	0.599314731279673833	0.00528863008437352122	0.956675078608125227	0.0185182251645072189	0.00742975419450929771	0.0047522137487005403	0.00918051611459791399	0.929473899711913482	0.112209102235212799	0.186738083739908267	0.110280608463926035	0.494947182346782942	0.784736499249872263	0.0990111302243177977	0.251602112048158172	0.122135902595724013
G:	0.0941934611774340623	0.0275971007325665377	0.737091034489292078	0.180272073783492269	0.330925979438103077	0.0489833365147252222	0.0320198558717068922	0.0749192103331656393	0.0145931333118127226	0.968818336762114012	0.00310855911707137854	0.960548580216715397	0.819993107241950397	0.0112189902115386284	0.0988324999087761557	0.063013001462628558	0.021792771671091687	0.214878649011629214	0.0566258705696675615	0.611502594171577286	0.288619000720544396	0.209225471803216164
T:	0.103965208878869766	0.234419732212845149	0.0377744610542524478	0.112788663652922161	0.365883619634462156	0.554620262842104001	0.357053236984940336	0.019748322592657689	0.0213886579738834005	0.0046024692922611768	0.983320708522013692	0.0164078304277594284	0.160194330823411689	0.0122684224083900263	0.0520561371492947582	0.097035392438927283	0.209996489139283853	0.100057309426694599	0.105916125775455056	0.0629003708152855401	0.176585465820654276	0.522401042656286492



