1	CACGTGGC	0.498104744652340067


A:	0.198581772518785186	0.738089639571391647	0.47093848800476958	0.166249710772444239	0.5636276750613602	0.110180347283985665	0.15036139294500155	0.0117104935828212045	0.980130882220394457	0.00310631067956027639	0.00469089420388197806	0.00121289836510124778	0.0124087151374999411	0.00839707991337991302	0.310874807959189515	0.724819273189116165	0.293530188790582173	0.633897416680847424	0.182866855325204922	0.0657987296840984178	0.20864195587618825	0.171637597264721492
C:	0.243800993994975221	0.0719152985692076924	0.0701789418212534524	0.0713060402273631346	0.129164369894992284	0.186289998197396185	0.55903514728475752	0.67069409383752664	0.00548004435039089935	0.95358254279678639	0.0344256060610625443	0.00929347536708737513	0.00652486644187437407	0.00390392251365516533	0.659259077222151825	0.0924008576468488013	0.307474796187354342	0.10003292800789964	0.587953313870392016	0.869659482608315135	0.225208409095964105	0.260458455397160208
G:	0.134310267172582923	0.0918721882855670803	0.126155930210477993	0.68856477502234653	0.186511481242674487	0.311578845480315938	0.036641938851060636	0.0575911732156061291	0.0104739887835893616	0.03115541564687202	0.956741446686582859	0.00280994379187263056	0.974991358214722969	0.738609221609688206	0.0141753269617004261	0.0886668629184635443	0.142511755726784132	0.0377882198400850175	0.181380316065049111	0.030213705695299036	0.419357681645903473	0.351460208654276322
T:	0.42330696631365667	0.09812287357383358	0.332726639963498975	0.0738794739778460971	0.120696473800973029	0.391950809038302212	0.253961520919180294	0.260004239364046027	0.00391508464562528171	0.0121557308767813133	0.00414205304847261891	0.986683682475938747	0.0060750602059027157	0.249089775963276716	0.0156907878569582336	0.094113006245571489	0.256483259295279353	0.228281435471167918	0.0477995147393539513	0.0343280820122874112	0.146791953381944172	0.216443738683841979



2	CCACGTCA	0.497657956124677387


A:	0.191445458971941056	0.0227492531398396087	0.183997518906780736	0.438122666989999042	0.239782569508599941	0.199438135935046418	0.0949909040278267508	0.179501566455723528	0.0078291386071417636	0.984176591315490186	0.00555326626326852148	0.023324194236749201	0.00592930333570537068	0.0424093452753665464	0.951902418065751507	0.0260001116482123166	0.291489298488876862	0.467705839139012928	0.0876350974901092309	0.302249540572433422	0.348412753769562492	0.14834229203695826
C:	0.357420661914884458	0.585420168083310176	0.350617421643271775	0.495276284844901579	0.14073430905591752	0.0891139049376891712	0.129331001141757974	0.813529392755021732	0.983473109290041467	0.00769797441023540989	0.959372616881566294	0.0136157138510834751	0.00612285480632360703	0.947101362239232574	0.00745688751371966872	0.223637899540689952	0.41298892409102757	0.0115377878834879119	0.0644680806874144095	0.325123841505302474	0.1821620084361597	0.241889705523845927
G:	0.113540678651725406	0.0441527560874351545	0.319895436963597862	0.0196867548212089479	0.359559434703638239	0.640471838904560095	0.468792861567316645	0.00470878053050539457	0.00298361920286724387	0.00436574482817662995	0.016160917860512901	0.961930495978671312	0.00172589461269040226	0.00730546801357722238	0.0381015339882924518	0.398895191626254263	0.178970111957656702	0.510160877022557398	0.82678143810137302	0.029640817676921625	0.187355304476716758	0.168333638143307574
T:	0.337593200461449081	0.347677822689415061	0.145489622486349627	0.0469142933438904314	0.259923686731844299	0.0709761202227043159	0.306885233263098631	0.00226026025874934493	0.00571413289994952587	0.00375968944609777423	0.0189131989946522831	0.00112959593349601197	0.98622194724528062	0.00318382447182365729	0.00253916043223637239	0.351466797184843468	0.116551665462438866	0.0105954959549417624	0.0211153837211033393	0.342985800245342479	0.28206993331756105	0.44143436429588824



3	ACGTGGC..A	0.497202094396744255


A:	0.738089639571391647	0.47093848800476958	0.166249710772444239	0.5636276750613602	0.110180347283985665	0.15036139294500155	0.0117104935828212045	0.971865381658246007	0.00335148014658037011	0.00359363771058212377	0.00210588516242049183	0.0254204037556406465	0.0056852108391868508	0.344922755943918875	0.724819273189116165	0.293530188790582173	0.633897416680847424	0.182866855325204922	0.0657987296840984178	0.20864195587618825	0.171637597264721492	0.145105696421430051	0.263408388586796587
C:	0.0719152985692076924	0.0701789418212534524	0.0713060402273631346	0.129164369894992284	0.186289998197396185	0.55903514728475752	0.67069409383752664	0.00792335845721530418	0.961871564146166758	0.00968488712774403755	0.00607492705713193861	0.00377686927551306777	0.00553342253483454539	0.632335044180214096	0.0924008576468488013	0.307474796187354342	0.10003292800789964	0.587953313870392016	0.869659482608315135	0.225208409095964105	0.260458455397160208	0.159848895494255048	0.541217533645390737
G:	0.0918721882855670803	0.126155930210477993	0.68856477502234653	0.186511481242674487	0.311578845480315938	0.036641938851060636	0.0575911732156061291	0.0149761015579932399	0.0194122535481616838	0.974862430173529507	0.00331790359243333937	0.969633185719591952	0.878223938823932759	0.0106494598917429139	0.0886668629184635443	0.142511755726784132	0.0377882198400850175	0.181380316065049111	0.030213705695299036	0.419357681645903473	0.351460208654276322	0.180817315597931935	0.073977283919452569
T:	0.09812287357383358	0.332726639963498975	0.0738794739778460971	0.120696473800973029	0.391950809038302212	0.253961520919180294	0.260004239364046027	0.00523515832654544929	0.0153647021590911886	0.0118590449881443313	0.98850128418801423	0.00116954124925433363	0.110557427802045845	0.0120927399841241149	0.094113006245571489	0.256483259295279353	0.228281435471167918	0.0477995147393539513	0.0343280820122874112	0.146791953381944172	0.216443738683841979	0.514228092486382965	0.121396793848360106



4	CCACGTG.C	0.497048654192929343


A:	0.445324718263448319	0.331929122789635513	0.0143393117801643995	0.0572324674440542029	0.477028399791542204	0.160671754927050994	0.0156907878569582336	0.384253385005175129	0.0219309204035597102	0.972704143731234292	0.00797793793591363382	0.0211157167519155136	0.0037116922909467828	0.071000301206596839	0.00271760616718248633	0.2584644415219282	0.537213301627709302	0.783234875223560485	0.0289422503175174414	0.311367150452754226	0.487649711551242207	0.53186133484824693	0.366826290174473046
C:	0.137863916301778251	0.158839089521768857	0.0171180137765108322	0.0435234737956912724	0.138192760530055457	0.16394886357483187	0.0141753269617004261	0.562715333439182365	0.868414185213745597	0.0107767834942659499	0.95618275777131698	0.0267061676690213653	0.0112650922967894731	0.0859320016246513657	0.00791068439363789886	0.513204067995174228	0.125937884039402038	0.0414089196271471743	0.00944767011135408887	0.166088843600817653	0.0589201579621968566	0.0848314740135781779	0.203830201821710236
G:	0.311152689320043862	0.26341003133368566	0.599370889521791583	0.00892326237171606227	0.301445140951292579	0.216464416362773412	0.659259077222151825	0.0428557578563015825	0.0377076267095667646	0.0100095798291610827	0.0270491617737564551	0.947015096855078907	0.00177775968048296145	0.829854831086908628	0.536721014396752351	0.152968889164636435	0.214985331862199321	0.0900220299275841592	0.633287087898049988	0.15944672141431467	0.377696727539782227	0.139140393797708356	0.257044356212093817
T:	0.105658676114729567	0.24582175635490997	0.369171784921533185	0.890320796388538462	0.0833336987271097594	0.458914965135343724	0.310874807959189515	0.0101755236993409238	0.0719472676731279281	0.00650949294533867519	0.00879014251901293071	0.00516301872398421435	0.983245455731780783	0.0132128660818431678	0.452650695042427263	0.0753626013182611378	0.121863482470689339	0.0853341752217081811	0.328322991673078482	0.363097284532113451	0.0757334029467787091	0.244166797340466536	0.1722991517917229



5	CCACGTGG	0.49699235997420251


A:	0.244166797340466536	0.0757334029467787091	0.363097284532113451	0.328322991673078482	0.0853341752217081811	0.121863482470689339	0.0753626013182611378	0.452650695042427263	0.00534849100991413227	0.980040492223759792	0.00122583887684877118	0.00716817664863670356	0.00496258896474414583	0.0624325269186030059	0.00271760616718248633	0.310874807959189515	0.458914965135343724	0.0833336987271097594	0.890320796388538462	0.369171784921533185	0.24582175635490997	0.105658676114729567
C:	0.139140393797708356	0.377696727539782227	0.15944672141431467	0.633287087898049988	0.0900220299275841592	0.214985331862199321	0.152968889164636435	0.536721014396752351	0.917962854327212573	0.00191632766498539541	0.971246081563855921	0.0203599029106586041	0.0130805911465106667	0.0142561277442702884	0.00791068439363789886	0.659259077222151825	0.216464416362773412	0.301445140951292579	0.00892326237171606227	0.599370889521791583	0.26341003133368566	0.311152689320043863
G:	0.0848314740135781779	0.0589201579621968566	0.166088843600817653	0.00944767011135408887	0.0414089196271471743	0.125937884039402038	0.513204067995174228	0.00791068439363789886	0.0142561277442702884	0.0130805911465106667	0.0203599029106586041	0.971246081563855921	0.00191632766498539541	0.917962854327212573	0.536721014396752351	0.0141753269617004261	0.16394886357483187	0.138192760530055457	0.0435234737956912724	0.0171180137765108322	0.158839089521768857	0.137863916301778251
T:	0.53186133484824693	0.487649711551242207	0.311367150452754226	0.0289422503175174414	0.783234875223560485	0.537213301627709302	0.2584644415219282	0.00271760616718248633	0.0624325269186030059	0.00496258896474414583	0.00716817664863670356	0.00122583887684877118	0.980040492223759792	0.00534849100991413227	0.452650695042427263	0.0156907878569582336	0.160671754927050994	0.477028399791542204	0.0572324674440542029	0.0143393117801643995	0.331929122789635513	0.445324718263448319



