1	ACACGTGT	0.498184082467892274


A:	0.123482407888828974	0.144439704720456692	0.225222120231785217	0.276653638886828078	0.0782717516611620271	0.0983592105682683484	0.0920577215391291206	0.581348633520066871	0.0026893140164494244	0.977495309761112515	0.0028372828655730236	0.0178291583543275934	0.00536003386294176274	0.0191397345754628818	0.0039687608837909035	0.129044355386241074	0.280624560083142679	0.333702196267786581	0.0788699552742433304	0.121614504426503753	0.142055137650594162	0.512597319993500651
C:	0.207448383511272686	0.10662574858150353	0.399604409725405583	0.153910371017091594	0.232432785328772732	0.106907213326779547	0.240893872901201769	0.41212027528511166	0.968452719649981535	0.00571491032985004169	0.967963487862001902	0.0113700709180974812	0.0114297460460956807	0.0097182317581061591	0.002562330311030566	0.731216386323303886	0.473254715643624525	0.463643826837962875	0.598162509649246306	0.373899005883952912	0.527212137562003074	0.140418196276254417
G:	0.261029303559406202	0.363578409836999066	0.0991157970854308384	0.361385250656130365	0.329463518611284908	0.580579175881195485	0.404699353772602638	0.002562330311030566	0.0097182317581061591	0.0114297460460956807	0.0113700709180974812	0.967963487862001902	0.00571491032985004169	0.968452719649981535	0.41212027528511166	0.0626815583319901487	0.153284914126484092	0.0307195459652429351	0.122462141089805936	0.152686850854693489	0.187858781410132157	0.0489690158095717552
T:	0.408039905040492138	0.385356136861040711	0.276057672957378362	0.208050739439949964	0.359831944398780333	0.214154400223756619	0.262349051787066472	0.0039687608837909035	0.0191397345754628818	0.00536003386294176274	0.0178291583543275934	0.0028372828655730236	0.977495309761112515	0.0026893140164494244	0.581348633520066871	0.0770576999584648911	0.0928358101467487039	0.171934430929007609	0.200505393986704427	0.351799638834849846	0.142873943377270608	0.298015467920673177



2	CCACGTGG	0.498105686531521017


A:	0.313906670251432568	0.167040504600788514	0.266474584089420761	0.163443870692768427	0.315256515147859008	0.260053251338706729	0.11524678799349608	0.427328929356455728	0.0435018447675852709	0.961327761922451888	0.00468186193144326544	0.0155535312077892223	0.00249858897437634812	0.0355253792995459056	0.0107786504270806374	0.26080275236719097	0.150308361295970414	0.301209048408216863	0.0452845907168461331	0.258885104596377166	0.0762266446362386657	0.420027914008170183
C:	0.0804358535062608752	0.294509599912006392	0.186179511865812554	0.201307586564418163	0.052512422408887387	0.0814902722925414505	0.0810984494905358778	0.550228572518031008	0.88188904215285974	0.0253018503713138225	0.960322800478899463	0.0194418063818680489	0.0108717987318579414	0.0390837337800090834	0.0116638476984326257	0.673126490301870121	0.349499828470381692	0.239798834512386303	0.638522080818001468	0.0416147390086217477	0.190562659796809313	0.254373866635959294
G:	0.417779022828588965	0.396115460390764632	0.124785195438876236	0.357313445520022644	0.166264792035658132	0.345932394156452983	0.692944732202308094	0.0116638476984326257	0.0390837337800090834	0.0108717987318579414	0.0194418063818680489	0.960322800478899463	0.0253018503713138225	0.88188904215285974	0.550228572518031009	0.0540402142022985592	0.119711216584289366	0.191447457986683979	0.101107726701916077	0.543930042516643726	0.171071360408094743	0.212007878695989456
T:	0.187878453413717592	0.142334435096440463	0.422560708605890448	0.277935097222790766	0.465966270407595473	0.312524082212298837	0.110710030313659948	0.0107786504270806374	0.0355253792995459056	0.00249858897437634812	0.0155535312077892223	0.00468186193144326544	0.961327761922451888	0.0435018447675852709	0.427328929356455728	0.0120305431286403507	0.380480593649358528	0.267544659092712854	0.215085601763236322	0.15557011387835736	0.562139335158857278	0.113590340659881066



3	CACGTGGC	0.496513300306539015


A:	0.167040504600788514	0.266474584089420761	0.163443870692768427	0.315256515147859008	0.260053251338706729	0.11524678799349608	0.427328929356455728	0.0196560408662968211	0.970459911826235651	0.00412583503974699481	0.0189564221335983519	0.00206248649570747604	0.00952180497966050693	0.0101337844064319134	0.26080275236719097	0.150308361295970414	0.301209048408216863	0.0452845907168461331	0.258885104596377166	0.0762266446362386657	0.420027914008170183	0.099705835919672131
C:	0.294509599912006392	0.186179511865812554	0.201307586564418163	0.052512422408887387	0.0814902722925414505	0.0810984494905358778	0.550228572518031008	0.827003962463534673	0.00959148081182915651	0.978712906168187627	0.0155242139120790741	0.00938035763284013892	0.0118500254276250371	0.00904484322959518208	0.673126490301870121	0.349499828470381692	0.239798834512386303	0.638522080818001468	0.0416147390086217477	0.190562659796809313	0.254373866635959294	0.0810668174779063492
G:	0.396115460390764632	0.124785195438876236	0.357313445520022644	0.166264792035658132	0.345932394156452983	0.692944732202308094	0.0116638476984326257	0.0986458953474868122	0.012549921108993516	0.00661221843526456094	0.961529164752145778	0.0106604356274268223	0.97206592194934376	0.669684739293431758	0.0540402142022985592	0.119711216584289366	0.191447457986683979	0.101107726701916077	0.543930042516643726	0.171071360408094743	0.212007878695989456	0.39452680434308692
T:	0.142334435096440463	0.422560708605890448	0.277935097222790766	0.465966270407595473	0.312524082212298837	0.110710030313659948	0.0107786504270806374	0.0546941013226816939	0.00739868625294167684	0.0105490403568008173	0.00399019920217679561	0.977896720244025563	0.00656224764337069627	0.311136633070541147	0.0120305431286403507	0.380480593649358528	0.267544659092712854	0.215085601763236322	0.15557011387835736	0.562139335158857278	0.113590340659881066	0.4247005422593346



4	CACGTGGA	0.496372740294379137


A:	0.167040504600788514	0.266474584089420761	0.163443870692768427	0.315256515147859008	0.260053251338706729	0.11524678799349608	0.427328929356455728	0.0142495668965507913	0.953261761276258276	0.00303916619878614207	0.0261936003399255167	0.00452868708121469666	0.0198930095630448753	0.00783339815508470248	0.26080275236719097	0.150308361295970414	0.301209048408216863	0.0452845907168461331	0.258885104596377166	0.0762266446362386657	0.420027914008170183	0.099705835919672131
C:	0.294509599912006392	0.186179511865812554	0.201307586564418163	0.052512422408887387	0.0814902722925414505	0.0810984494905358778	0.550228572518031008	0.813898693601248323	0.00862668675106447569	0.968337992305292862	0.00708928962478034384	0.00921304423465921753	0.0270570968640482265	0.0096573793742476718	0.673126490301870121	0.349499828470381692	0.239798834512386303	0.638522080818001468	0.0416147390086217477	0.190562659796809313	0.254373866635959294	0.0810668174779063492
G:	0.396115460390764632	0.124785195438876236	0.357313445520022644	0.166264792035658132	0.345932394156452983	0.692944732202308094	0.0116638476984326257	0.0845800503836367087	0.0355336603459878945	0.0116525980568677281	0.960962160829443256	0.016629758695809687	0.932601613303185507	0.78582820384250838	0.0540402142022985592	0.119711216584289366	0.191447457986683979	0.101107726701916077	0.543930042516643726	0.171071360408094743	0.212007878695989456	0.39452680434308692
T:	0.142334435096440463	0.422560708605890448	0.277935097222790766	0.465966270407595473	0.312524082212298837	0.110710030313659948	0.0107786504270806374	0.0872716891185641772	0.00257789162668935365	0.0169702434390532676	0.00575494920585088296	0.969628509988316399	0.0204482802697213909	0.196681018628159246	0.0120305431286403507	0.380480593649358528	0.267544659092712854	0.215085601763236322	0.15557011387835736	0.562139335158857278	0.113590340659881066	0.4247005422593346



5	CCACGT.G.C	0.496036980434769976


A:	0.198313785319202661	0.275568100724563586	0.289084957365967547	0.167767268742823493	0.211682412548124161	0.112694511786557228	0.020440913114073927	0.147472679953644912	0.0211596990564549122	0.974600821380962531	0.00632265869326837659	0.0114722225839265505	0.0168915454462371475	0.0355253792995459056	0.0813897089319496419	0.372672842480184174	0.166832388830371516	0.274366488989565711	0.155277724019993297	0.456247619047887911	0.0667514652112956722	0.184878153790102365	0.174671010863776651
C:	0.255887160675302378	0.357621660359553105	0.394917449247721339	0.366699366822735648	0.16753956303614096	0.117106247235288273	0.0792018974825077015	0.835790247666837198	0.956817914700058715	0.00527850278861666492	0.964141365273653607	0.00991917429561279927	0.0202431285681851692	0.0390837337800090834	0.0418925322198779756	0.100510191124558533	0.700829712742495783	0.189588059683794867	0.348307737382997217	0.254802752226835497	0.279532540547065284	0.298539711947909533	0.221525141986470603
G:	0.321870772785660777	0.269975932404681053	0.058750890040976388	0.158838658503910085	0.426354203154721032	0.537511858098922044	0.547771242849747464	0.00831584469410332232	0.0140958721494629149	0.00835689941606059799	0.00766007588296312686	0.966251814171334154	0.037748195021363846	0.88188904215285974	0.852243932001781018	0.500344260540513415	0.0390206151902547844	0.14050808297490706	0.273100249205093298	0.240586555728637671	0.161766702611952216	0.420319039236424597	0.416365654263367461
T:	0.223928281219834184	0.0968343065112022548	0.257246703345334726	0.306694705930530773	0.194423821261013847	0.232687382879232455	0.352585946553670907	0.00842122768541456779	0.00792651409402345754	0.0117637764143602057	0.0218759001501148897	0.0123567889491264959	0.925117130964213837	0.0435018447675852709	0.0244738268463913644	0.0264727058547438781	0.0933172832368779167	0.395537368351732361	0.223314289391916188	0.0483630729966389213	0.491949291629686828	0.0962630950255635049	0.187438192886385285



