1	ACACGTGT	0.49713074057615607


A:	0.228271459374029403	0.323341123757847896	0.232286826093855223	0.237275950236926408	0.0622414378188671623	0.105465627555592361	0.132147038243361514	0.814732493394493483	0.00646481377960447469	0.96344513614565321	0.00830740776933377161	0.0116557995428900382	0.012134162060148796	0.0460088633997527234	0.00446110175687048587	0.215444424202072173	0.348703286915399494	0.4055390599981444	0.0845273837770305112	0.130233022482335437	0.0585821837225151073	0.313469770319079413
C:	0.234294643772437666	0.179283464749878393	0.353892284896143433	0.1373309516491361	0.149319551209250401	0.0321352667250683562	0.119670979632566179	0.157420460010298567	0.936527716099403296	0.006912724229305886	0.955249086157028966	0.0247877065307472244	0.0175079775648921081	0.0109986067212395056	0.0233859448383374638	0.684429204630756313	0.418014039547000653	0.464307262419603324	0.394952091913868725	0.39209566506168078	0.51451678598835151	0.131742250319613813
G:	0.151297616637871494	0.154138410085758567	0.151005756193973952	0.315157180081475552	0.52250681860165723	0.47439494440274544	0.432631039313633048	0.0233859448383374638	0.0109986067212395056	0.0175079775648921081	0.0247877065307472244	0.955249086157028966	0.006912724229305886	0.936527716099403296	0.157420460010298567	0.0304526380155644383	0.129121513989761965	0.0151822124286222992	0.295609070889908833	0.174870996949215214	0.202438251591342144	0.0644324447592193301
T:	0.386136280215661437	0.343237001406515144	0.262815132816027392	0.31023591803246194	0.265932192370225207	0.388004161316593843	0.315550942810439259	0.00446110175687048587	0.0460088633997527234	0.012134162060148796	0.0116557995428900382	0.00830740776933377161	0.96344513614565321	0.00646481377960447469	0.814732493394493483	0.0696737331516070752	0.104161159547837888	0.114971465153629977	0.224911453419191931	0.302800315506768569	0.224462778697791239	0.490355534602087444



2	CCACGTGG	0.486371716373691487


A:	0.233264873518994564	0.19615561149672895	0.264703115066291628	0.211127350400709022	0.247427784406155591	0.126905723769720071	0.181960914074755398	0.403339443000011686	0.0671946139610893554	0.965640490754908776	0.0101183330644343595	0.0178560029843827755	0.00536656789143858497	0.0317995897449402619	0.0191290063372025903	0.223749854728074384	0.239112127280574724	0.287164791359269394	0.0651280840026415661	0.392246448705581228	0.0520576947799488328	0.541310487117966308
C:	0.0652391507829085168	0.154097367412898187	0.144574168104871423	0.160058134801913015	0.057976428043145349	0.0829134319288319045	0.0470726672861359566	0.565662371261253234	0.869466929045652163	0.0145358827509125043	0.956329998855990366	0.0156956650951924989	0.014457058602740135	0.0315388672483182197	0.0118691794015324897	0.659945135145183881	0.228912702496336896	0.250897150173992272	0.416694929500916518	0.0543553617324971661	0.087756670219625117	0.119468834073094035
G:	0.558093111132539498	0.407590156920938421	0.0542670437927596421	0.405261553697538127	0.227465721320450674	0.201734377079051801	0.59499455798687388	0.0118691794015324897	0.0315388672483182197	0.014457058602740135	0.0156956650951924989	0.956329998855990366	0.0145358827509125043	0.869466929045652163	0.565662371261253234	0.0465837134342247586	0.0463756803089168651	0.22229667618929454	0.156809789301063805	0.279268541400801318	0.0830488192732738063	0.100135129981344609
T:	0.14340286456555742	0.242156864169434442	0.536455673036077307	0.223552961099839836	0.467130066230248386	0.588446467222396224	0.175971860652234765	0.0191290063372025903	0.0317995897449402619	0.00536656789143858497	0.0178560029843827755	0.0101183330644343595	0.965640490754908776	0.0671946139610893554	0.403339443000011686	0.0697212966925169766	0.485599489914171515	0.239641382277443794	0.36136719719537811	0.274129648161120288	0.777136815727152244	0.239085548827595048



3	ACGTGGCA	0.483070730020744838


A:	0.131266096367042428	0.282568374054324351	0.292061159267062648	0.163444596954659504	0.292006352339541347	0.314356382661338668	0.0722040884234585719	0.933357205368560902	0.0157128262526725644	0.0298429195796639098	0.0149984554994385043	0.01643811386006739	0.0134756677381628961	0.0333752073641060681	0.744110812910315887	0.261194678487751178	0.11222656977447966	0.20549898977639821	0.206056162287416494	0.227096691178126193	0.309888928797348249	0.106336482884396844
C:	0.501825320044977136	0.240105048889073726	0.110954903657121031	0.0509589176587528455	0.106396968077232288	0.173384017544427452	0.606081267954718845	0.00620597011316008045	0.948689801653712575	0.00557643263430884481	0.0119627837791406403	0.0126082817699709451	0.0519494802282954799	0.914466387670367443	0.023108397095885633	0.359081442034298607	0.361174516170049612	0.278171770438555704	0.310459978862448642	0.277696210664629408	0.111917594853053604	0.321842395998237846
G:	0.197269009495679949	0.212201245310631959	0.191051277472529077	0.321628199405137757	0.256192627123540664	0.181498847705466045	0.164142546463814738	0.0381645565049889668	0.0186014309944965673	0.955643376416756766	0.00611056697874227695	0.939118167949166402	0.696317784333860825	0.0273608097405806527	0.204587223861452479	0.117736654984120775	0.147274522248581714	0.173226271852494693	0.125770495906997561	0.0608569484828931801	0.0816434428646293425	0.12348375517020717
T:	0.169639574092300486	0.265125331745969964	0.405932659603287244	0.463968285981449893	0.3454040524596857	0.330760752088767835	0.157572097158007845	0.0222722680132900509	0.0169959410991182935	0.0089372713692704792	0.966928193742678578	0.0318354364207952629	0.238257067699680798	0.0247975952249458361	0.0281935661323460013	0.26198722449382944	0.379324391806889013	0.343102967932551392	0.357713362943137303	0.43435014967435122	0.496550033484968804	0.44833736594715814



4	CACGTGTC	0.482374733049554719


A:	0.323341123757847896	0.232286826093855223	0.237275950236926408	0.0622414378188671623	0.105465627555592361	0.132147038243361514	0.814732493394493483	0.0485874703538949061	0.945262688902495626	0.0061774742989077851	0.0260824243999495601	0.00902974564685515759	0.0478051700005225832	0.0150798029772952488	0.215444424202072173	0.348703286915399494	0.4055390599981444	0.0845273837770305112	0.130233022482335437	0.0585821837225151073	0.313469770319079413	0.475380590300074749
C:	0.179283464749878393	0.353892284896143433	0.1373309516491361	0.149319551209250401	0.0321352667250683562	0.119670979632566179	0.157420460010298567	0.713427933864034999	0.00860070672339936502	0.885589183836105613	0.0214287170068323809	0.0501183780901339626	0.00940528277067892122	0.0231781681028354694	0.684429204630756313	0.418014039547000653	0.464307262419603324	0.394952091913868725	0.39209566506168078	0.51451678598835151	0.131742250319613813	0.116758485624504481
G:	0.154138410085758567	0.151005756193973952	0.315157180081475552	0.52250681860165723	0.47439494440274544	0.432631039313633048	0.0233859448383374638	0.076962504255188982	0.0349941076251007381	0.0142324319604853299	0.931634176677695529	0.00642073508273194561	0.89393675395037717	0.359743494741588187	0.0304526380155644383	0.129121513989761965	0.0151822124286222992	0.295609070889908833	0.174870996949215214	0.202438251591342144	0.0644324447592193301	0.25712576471985669
T:	0.343237001406515144	0.262815132816027392	0.31023591803246194	0.265932192370225207	0.388004161316593843	0.315550942810439259	0.00446110175687048587	0.161022091526881113	0.0111424967490042713	0.094000909904501272	0.0208546819155225305	0.934431141180278934	0.048852793278421326	0.601998534178281095	0.0696737331516070752	0.104161159547837888	0.114971465153629977	0.224911453419191931	0.302800315506768569	0.224462778697791239	0.490355534602087444	0.15073515935556408



5	CACGTGGC	0.480259468568855055


A:	0.19615561149672895	0.264703115066291628	0.211127350400709022	0.247427784406155591	0.126905723769720071	0.181960914074755398	0.403339443000011686	0.0834080753441640674	0.94567876225886259	0.0224879903450754929	0.0429782792530331493	0.00996184519839994398	0.0413322263668101823	0.0150798029772952488	0.223749854728074384	0.239112127280574724	0.287164791359269394	0.0651280840026415661	0.392246448705581228	0.0520576947799488328	0.541310487117966308	0.0670257482890260719
C:	0.154097367412898187	0.144574168104871423	0.160058134801913015	0.057976428043145349	0.0829134319288319045	0.0470726672861359566	0.565662371261253234	0.723586438811624125	0.00846550971736153544	0.948377497802826882	0.0233332302186113702	0.0197842497932510932	0.0495494455597816888	0.0231781681028354694	0.659945135145183881	0.228912702496336896	0.250897150173992272	0.416694929500916518	0.0543553617324971661	0.087756670219625117	0.119468834073094035	0.0642637778928252507
G:	0.407590156920938421	0.0542670437927596421	0.405261553697538127	0.227465721320450674	0.201734377079051801	0.59499455798687388	0.0118691794015324897	0.112291675438122435	0.0303333670533606601	0.0119624897052513099	0.91866957217108099	0.00910328992676921517	0.885088130121338867	0.359743494741588187	0.0465837134342247586	0.0463756803089168651	0.22229667618929454	0.156809789301063805	0.279268541400801318	0.0830488192732738063	0.100135129981344609	0.105866782911907297
T:	0.242156864169434442	0.536455673036077307	0.223552961099839836	0.467130066230248386	0.588446467222396224	0.175971860652234765	0.0191290063372025903	0.0807138104060893724	0.0155223609704152148	0.0171720221468463155	0.0150189183572744903	0.961150615081579748	0.0240301979520692623	0.601998534178281095	0.0697212966925169766	0.485599489914171515	0.239641382277443794	0.36136719719537811	0.274129648161120288	0.777136815727152244	0.239085548827595048	0.762843690906241381



