1	TGACGTCA	0.498649356376967392


A:	0.279558525571056282	0.0486767874757811701	0.0392532919965091328	0.167460735180688002	0.400922601816443022	0.106326289127075724	0.253868317002151963	0.0178491849816971966	0.0196247958326570183	0.947319872461439692	0.00607362884853180501	0.0392224626329331385	0.0387033435603139638	0.265869374729086236	0.908907045153191888	0.0311015620559779124	0.146457339711093897	0.353972881844907063	0.125358352176814976	0.245123558793188346	0.602937436997342311	0.227877477278012922
C:	0.379919456344622043	0.354744306736699338	0.44209877048511241	0.669276105341186818	0.237450206203143403	0.124320254776834557	0.283662074698703816	0.0636717127219404731	0.0169785607277565562	0.00508703894678841385	0.943658328938353653	0.0110455795801814035	0.00888974503145792996	0.697527268710500189	0.00957205714317044256	0.543858267355802625	0.623672236585865825	0.144948135752066769	0.308333600726520454	0.0820874023588068896	0.21234233917127293	0.102213717371958534
G:	0.134160392190635721	0.0587898602509198431	0.0385105798235337257	0.126123122399552126	0.152772038018970029	0.728472861851262118	0.315151012637943155	0.00957205714317044256	0.697527268710500189	0.00888974503145792996	0.0110455795801814035	0.943658328938353653	0.00508703894678841385	0.0169785607277565562	0.0636717127219404731	0.230532440129720604	0.103286717263623567	0.175028667209838238	0.531365579018945947	0.577895639932036639	0.0795723109304087935	0.0694913872293921767
T:	0.206361625893685954	0.537789045536599649	0.480137357694844731	0.0371400370785730544	0.208855153961443546	0.0408805942448276009	0.147318595661201065	0.908907045153191888	0.265869374729086236	0.0387033435603139638	0.0392224626329331385	0.00607362884853180501	0.947319872461439692	0.0196247958326570183	0.0178491849816971966	0.194507730458498858	0.126583706439416711	0.32605031519318793	0.0349424680777186238	0.0948933989159681252	0.105147912900975965	0.600417418120636368



2	ACGTCAGC	0.498315589636688505


A:	0.0427195091479847136	0.309125396524440569	0.319467369481036767	0.0643064693435361163	0.0433430007544728692	0.154630190322910233	0.0825523489941418217	0.867439581078875328	0.0414765033246675416	0.0242772340001167734	0.0082851735280283135	0.049095747545462887	0.975653368071852867	0.0122501917333908932	0.0356420802039304864	0.651446952141808593	0.160949051451600735	0.151865108876618852	0.508980037628246677	0.149346761080465213	0.559735882899590077	0.145179230899862305
C:	0.544603965634131055	0.315281076588593078	0.153803489297002598	0.15917055841979237	0.227318974081399419	0.282450947501988153	0.179296388043698342	0.0369658034752192209	0.929488185300978872	0.00276056115409236346	0.0118553356360980478	0.924506036252479578	0.00729785683079150084	0.0741882732769744368	0.921535484492475562	0.196853080089017448	0.105946924913273115	0.0318103252634300977	0.0336111694707667353	0.211477966150476798	0.0313978201630483287	0.119184018934534479
G:	0.143993040326074146	0.0942841555639338723	0.413362683240153695	0.720585919825742723	0.174333741140401177	0.0336746201497786943	0.34755378439410274	0.0606755201917062106	0.0039261338477625907	0.966611144150587693	0.00583332086193858519	0.00963379169485970385	0.0115860846298023769	0.722091873739065328	0.012561963213889137	0.0786064175389862358	0.527028990641023537	0.483079190781755654	0.219158702459212954	0.0411295553028929218	0.35196932513290598	0.0717717707065080182
T:	0.268683484891810085	0.281309371323032481	0.11336645798180694	0.0559370524109287916	0.555004284023726535	0.52924424202532292	0.390597478568057096	0.0349190952541992406	0.0251091775265909958	0.00635106069520317058	0.974026169973935053	0.0167644245071978309	0.00546269046755325532	0.191469661250569342	0.0302604720897048144	0.0730935502301877227	0.206075032994102612	0.333245375078195396	0.238250090441773633	0.598045717466165067	0.0568969718044556143	0.663864979459095197



3	GCT.ACGT.A	0.497518856689162366


A:	0.0951933938751883661	0.402287727539391928	0.35024083524110069	0.199884489657293241	0.48389257397854927	0.139035422665239912	0.0830572005718733363	0.148352294559361543	0.0884382983414778684	0.0180829015925227265	0.864356762432067476	0.0419151675644832601	0.0528621718729375633	0.0939076708944863261	0.0779651812415837368	0.669506445949935035	0.21439229719598954	0.350826972399449455	0.158977727595051371	0.159952778374227722	0.296747577548286581	0.593784312092455839
C:	0.444515255439136775	0.164361777660155449	0.25541614323511527	0.291663215722789897	0.346070869127646881	0.0989614377906711942	0.0597679949249136056	0.666061315930440009	0.0873805115218158262	0.0297135398416871199	0.0466390668267759086	0.823765038220401658	0.0242068888003566537	0.0434588890906606071	0.892738413204731673	0.0667832893764894859	0.22566079757406074	0.407355822218213977	0.377930012288427805	0.0463577266418327284	0.051606264345169129	0.0200873038310884605
G:	0.0255791830735307172	0.185749451581410703	0.0858298533883207245	0.0764966745792063221	0.113296367376670788	0.524813299450709883	0.75329314647241217	0.113482448718226538	0.0662408489624055632	0.798075977046774477	0.0324398918565960334	0.0104164574436150747	0.824172646526069934	0.0657253309711337631	0.0162012212009796968	0.119943895890403685	0.385748593848588014	0.193269981074437323	0.0797916421148722855	0.55119493864333055	0.181457374711714659	0.211974427947542584
T:	0.434712167612144142	0.24760104321904192	0.308513168135463316	0.43195562004071054	0.0567401895171330615	0.237189840093379011	0.103881658030800888	0.0721039407919719097	0.757940341174300742	0.154127581519015677	0.0565642788845605819	0.123903336771500007	0.098758292800635849	0.796908109043719304	0.0130951843527048939	0.143766368783171793	0.174198311381361706	0.0485472243078992451	0.383300618001648539	0.242494556340609	0.470188783394829631	0.174153956128913116



4	G.TGACGT.A	0.496803811603553526


A:	0.663864979459095197	0.0568969718044556143	0.598045717466165067	0.238250090441773633	0.333245375078195396	0.206075032994102612	0.0730935502301877227	0.126583706439416711	0.191469661250569342	0.0129240809212268415	0.0180829015925227265	0.948647861295291936	0.0101132930345543725	0.0270504865077614396	0.0599678679539978468	0.390597478568057096	0.52924424202532292	0.555004284023726535	0.0559370524109287916	0.11336645798180694	0.281309371323032481	0.268683484891810085	0.143619453517234483
C:	0.0717717707065080182	0.35196932513290598	0.0411295553028929218	0.219158702459212954	0.483079190781755654	0.527028990641023537	0.0786064175389862358	0.103286717263623567	0.722091873739065328	0.0175879038041380349	0.0297135398416871199	0.0258159220247919954	0.941969955919102096	0.0157936796252197901	0.106575766032017154	0.34755378439410274	0.0336746201497786943	0.174333741140401177	0.720585919825742723	0.413362683240153695	0.0942841555639338723	0.143993040326074146	0.198924712827157959
G:	0.119184018934534479	0.0313978201630483287	0.211477966150476798	0.0336111694707667353	0.0318103252634300977	0.105946924913273115	0.196853080089017448	0.623672236585865825	0.0741882732769744368	0.0372007257770819463	0.798075977046774477	0.00795749784225387462	0.00670787515121957152	0.936735948705400037	0.0152789226670021802	0.179296388043698342	0.282450947501988153	0.227318974081399419	0.15917055841979237	0.153803489297002598	0.315281076588593078	0.544603965634131055	0.130384641624897529
T:	0.145179230899862305	0.559735882899590077	0.149346761080465213	0.508980037628246677	0.151865108876618852	0.160949051451600735	0.651446952141808593	0.146457339711093897	0.0122501917333908932	0.932287289497553177	0.154127581519015677	0.0175787188376621935	0.0412088758951239596	0.0204198851616187333	0.818177443346982819	0.0825523489941418217	0.154630190322910233	0.0433430007544728692	0.0643064693435361163	0.319467369481036767	0.309125396524440568	0.0427195091479847136	0.527071192030710029



5	CGTCAGCA	0.495831058613330686


A:	0.611566632121142004	0.269619720807453094	0.133578357372657922	0.166456360961582112	0.112127449032487986	0.279168101837145294	0.784430739138186938	0.00652466989111247291	0.00955761932124367935	0.00456812702579999952	0.0144985872601891367	0.986435870917064834	0.0059724724389901107	0.00966602639552334448	0.912960819780589779	0.318688824430072796	0.0923527833863784228	0.133764716898321188	0.110992748598650747	0.85920130802151447	0.0294031431115541885	0.297716524448689916
C:	0.118953107150455738	0.0128626289042041349	0.336841874329789459	0.0473473365332647139	0.124753609111313346	0.225051523948370369	0.0234182589436811133	0.950843065948089306	0.00219125125906865718	0.00345728011977675744	0.972044490996043727	0.00531535428282720554	0.0112604871164016977	0.980190515501163076	0.0300178251302832503	0.370385292019586619	0.151696792497789362	0.570819911809286649	0.164055795099979078	0.0940124114192269648	0.304373643049383977	0.219108181908368426
G:	0.140188161506009936	0.549627463040956241	0.368888349937726324	0.166456360961582112	0.187257497211735507	0.215699321208732067	0.0833432425898758992	0.00501986244047952333	0.985602661012925931	0.00347082625452608232	0.00851454163290697141	0.00358653371076138644	0.890819577031001961	0.00335823554429521341	0.0431450827830429128	0.151534245160437238	0.245925651768196156	0.114210614771198683	0.00257660219273538264	0.0210774489667745304	0.0685471882344417696	0.263578872015928081
T:	0.129292099222392322	0.16789018724738653	0.160691418359826295	0.619739941543571061	0.575861444644463161	0.280081053005752271	0.10880775932825605	0.0376124017203186979	0.00264846840676173221	0.988503766599897161	0.00494238011086016501	0.0046622410893465739	0.0919474634136062303	0.00678522255901836591	0.0138762723060840582	0.159391638389903347	0.510024772347636059	0.181204756521193479	0.722374854108634792	0.0257088315924840345	0.597676025604620065	0.219596421627013577



