1	TGACGTCA	0.499343274738297452


A:	0.398902770940975857	0.207897435590806723	0.0824811950171249752	0.156058849298884673	0.236625279458752826	0.213194653134334013	0.367222996179884434	0.0488572579012134573	0.0436799584443633911	0.95000006556983647	0.00816184448536213955	0.0292200796499676292	0.00702977010025749345	0.14414883965397025	0.908890543063208546	0.0472771420032011169	0.0978820321423804605	0.417685249583333634	0.244308089883627387	0.289770462636089149	0.279434826753629149	0.278039642607919681
C:	0.375918020280456931	0.126761970925119734	0.231164300244503668	0.250488077892009673	0.134406425865074747	0.111400063787066025	0.0853278774438330744	0.0361562540966969512	0.00989424557021779238	0.0264989383061471617	0.951155809645048028	0.0114622662196222037	0.0164712260237588751	0.802276956331448567	0.00609594493888104516	0.662698287474029561	0.665180605685870238	0.0435790618059893599	0.0977379789356243226	0.215476118334436892	0.105184814922064848	0.0957373354082722512
G:	0.127892030944599556	0.166928726023199835	0.158806338783257045	0.255825830520793909	0.163349997983268934	0.553722839796676794	0.469410283351188949	0.00609594493888104516	0.802276956331448567	0.0164712260237588751	0.0114622662196222037	0.951155809645048028	0.0264989383061471617	0.00989424557021779238	0.0361562540966969512	0.137704065260329595	0.0907719954641479288	0.269375106246360388	0.556971002358952476	0.101379419727994288	0.113652776381832418	0.178894293524907705
T:	0.0972871778339676554	0.498411867460873708	0.527548165955114312	0.337627242288311746	0.465618296692903493	0.121682443281923169	0.078038843025093543	0.908890543063208546	0.14414883965397025	0.00702977010025749345	0.0292200796499676292	0.00816184448536213955	0.95000006556983647	0.0436799584443633911	0.0488572579012134573	0.152320505262439728	0.146165366707601373	0.269360582364316619	0.100982928821795814	0.393373999301479672	0.501727581942473585	0.447328728458900363



2	ACGTCA.CA	0.493911855254276354


A:	0.501314486977788177	0.314692680045774658	0.218382203344774486	0.684860542222964176	0.396677115688321255	0.254033418914135694	0.136536310979943694	0.873506915653676781	0.00999700108327686045	0.0373590487067728901	0.0383589495794322516	0.105214901768847642	0.956490770278571869	0.0198804890749051906	0.0260615058312473388	0.482508233675301555	0.512688143527136001	0.377209134495885262	0.187180514271975278	0.135557902787518988	0.489538976132374459	0.168057806858545188	0.273682134302188274
C:	0.377287594732355871	0.290460743214757825	0.093085098960926738	0.138373329624810724	0.21089524877574563	0.212847197614241059	0.359233399597480114	0.0425806236842212718	0.907979491135513513	0.0113000436018442577	0.0266941929727336437	0.831515067591218267	0.0138797424068738851	0.109169919505781949	0.794180537243428177	0.0782599958282119281	0.220958240458773541	0.21833578478074411	0.442205254122627912	0.134090351146087411	0.149511088575647125	0.0967939698514175328	0.0609881525394789169
G:	0.0848765684595582092	0.128884071010428994	0.272689444426219533	0.0534727692761132406	0.0991547474293918699	0.0176741594970575359	0.27337440546125937	0.0512423633428929907	0.0171048190379348308	0.908585646977423913	0.0100748760629560496	0.0218896740931307891	0.0105672103739333183	0.70463625955066351	0.0480970166319196763	0.150000222668712376	0.186335534244966362	0.260401096564837502	0.146026920635850724	0.163867536057392327	0.0809525065574117003	0.290359194316098629	0.386409123279445866
T:	0.0365213498302977425	0.265962505729038523	0.415843253268079244	0.123293358876111859	0.293272888106541244	0.515445223974565711	0.230855883961316822	0.0326700973192089565	0.0649186887432747961	0.042755260713958939	0.924871981384878055	0.0413803565468033014	0.0190622769406209272	0.166313331868649351	0.131660940293404808	0.289231547827774141	0.0800180817691240968	0.144053984158533126	0.224587310969546086	0.566484210009001274	0.279997428734566716	0.44478902897393865	0.278920589878886943



3	ACGTCA.C.A	0.491867509548268142


A:	0.501314486977788177	0.314692680045774658	0.218382203344774486	0.684860542222964176	0.396677115688321255	0.254033418914135694	0.136536310979943694	0.924298728118380434	0.00332313935697627564	0.0281869590367262978	0.0295057369918562297	0.0673046605259206613	0.952987656542915436	0.0198804890749051906	0.0385800708493134116	0.482508233675301555	0.512688143527136001	0.377209134495885262	0.187180514271975278	0.135557902787518988	0.489538976132374459	0.168057806858545188	0.273682134302188274
C:	0.377287594732355871	0.290460743214757825	0.093085098960926738	0.138373329624810724	0.21089524877574563	0.212847197614241059	0.359233399597480114	0.00952025592034650463	0.934524517166457465	0.00821199719460335303	0.00968657923902908476	0.896235371171436854	0.00229820492776032812	0.109169919505781949	0.740282718831034293	0.0782599958282119281	0.220958240458773541	0.21833578478074411	0.442205254122627912	0.134090351146087411	0.149511088575647125	0.0967939698514175328	0.0609881525394789169
G:	0.0848765684595582092	0.128884071010428994	0.272689444426219533	0.0534727692761132406	0.0991547474293918699	0.0176741594970575359	0.27337440546125937	0.0514104687602475833	0.00780635378804447403	0.947251622107426248	0.0126772002344852931	0.019035622542097614	0.0138486078038340353	0.70463625955066351	0.143355552722941134	0.150000222668712376	0.186335534244966362	0.260401096564837502	0.146026920635850724	0.163867536057392327	0.0809525065574117003	0.290359194316098629	0.386409123279445866
T:	0.0365213498302977425	0.265962505729038523	0.415843253268079244	0.123293358876111859	0.293272888106541244	0.515445223974565711	0.230855883961316822	0.0147705472010254785	0.0543459896885217853	0.0163494216612441013	0.948130483534629392	0.017424345760544871	0.0308655307254902001	0.166313331868649351	0.0777816575967111609	0.289231547827774141	0.0800180817691240968	0.144053984158533126	0.224587310969546086	0.566484210009001274	0.279997428734566716	0.44478902897393865	0.278920589878886943



4	ACGTCAGC	0.491344268010983104


A:	0.501314486977788177	0.314692680045774658	0.218382203344774486	0.684860542222964176	0.396677115688321255	0.254033418914135694	0.136536310979943694	0.937231288901305888	0.00484374242617243816	0.024560390804891606	0.00829557855370640864	0.0380682205616832336	0.954879156231797067	0.0198804890749051906	0.0160430752465605823	0.482508233675301555	0.512688143527136001	0.377209134495885262	0.187180514271975278	0.135557902787518988	0.489538976132374459	0.168057806858545188
C:	0.377287594732355871	0.290460743214757825	0.093085098960926738	0.138373329624810724	0.21089524877574563	0.212847197614241059	0.359233399597480114	0.0108304710195309892	0.961040554243138437	0.00347512609132885541	0.00738777290729399845	0.942538211812991697	0.00513637733051959482	0.109169919505781949	0.955842245222644185	0.0782599958282119281	0.220958240458773541	0.21833578478074411	0.442205254122627912	0.134090351146087411	0.149511088575647125	0.0967939698514175328
G:	0.0848765684595582092	0.128884071010428994	0.272689444426219533	0.0534727692761132406	0.0991547474293918699	0.0176741594970575359	0.27337440546125937	0.0242125797086505167	0.00790070174535147827	0.962599737748206092	0.0033012783123895628	0.013570591448699613	0.00693316420996876311	0.70463625955066351	0.0132054866216631262	0.150000222668712376	0.186335534244966362	0.260401096564837502	0.146026920635850724	0.163867536057392327	0.0809525065574117003	0.290359194316098629
T:	0.0365213498302977425	0.265962505729038523	0.415843253268079244	0.123293358876111859	0.293272888106541244	0.515445223974565711	0.230855883961316822	0.0277256603705126064	0.0262150015853376463	0.00936474535557344641	0.98101537022661003	0.00582297617662545681	0.0330513022277145755	0.166313331868649351	0.0149091929091321069	0.289231547827774141	0.0800180817691240968	0.144053984158533126	0.224587310969546086	0.566484210009001274	0.279997428734566716	0.44478902897393865



5	G.TGACGT.A	0.488952066972884872


A:	0.44478902897393865	0.279997428734566716	0.566484210009001274	0.224587310969546085	0.144053984158533126	0.0800180817691240968	0.289231547827774141	0.146165366707601373	0.166313331868649351	0.0253506561325941803	0.0356453597203573649	0.953686616655147945	0.0321515820263021391	0.106261130086454291	0.0146449576711173743	0.230855883961316822	0.515445223974565711	0.293272888106541244	0.123293358876111859	0.415843253268079244	0.265962505729038523	0.0365213498302977425	0.294122025601865634
C:	0.290359194316098629	0.0809525065574117003	0.163867536057392327	0.146026920635850724	0.260401096564837502	0.186335534244966362	0.150000222668712376	0.0907719954641479288	0.70463625955066351	0.015383756318978191	0.0156386173866556378	0.019987884465992743	0.924155456093122033	0.0113506470940417124	0.0304241439066374263	0.27337440546125937	0.0176741594970575359	0.0991547474293918699	0.0534727692761132406	0.272689444426219533	0.128884071010428994	0.0848765684595582092	0.152026314606526823
G:	0.0967939698514175328	0.149511088575647125	0.134090351146087411	0.442205254122627912	0.21833578478074411	0.220958240458773541	0.0782599958282119281	0.665180605685870238	0.109169919505781949	0.00649310776011508604	0.889858615291111102	0.0105796060249935748	0.00461653639275990509	0.876189076643784284	0.0167447129630239156	0.359233399597480114	0.212847197614241059	0.21089524877574563	0.138373329624810724	0.093085098960926738	0.290460743214757825	0.377287594732355871	0.200564886456324306
T:	0.168057806858545188	0.489538976132374459	0.135557902787518988	0.187180514271975278	0.377209134495885262	0.512688143527136001	0.482508233675301555	0.0978820321423804605	0.0198804890749051906	0.952772479788312543	0.0588574076018758948	0.0157458928538657373	0.0390764254878159232	0.00619914617571971292	0.938186185459221284	0.136536310979943694	0.254033418914135694	0.396677115688321255	0.684860542222964176	0.218382203344774486	0.314692680045774658	0.501314486977788177	0.353286773335283235



