1	CCACGTCA	0.498343508040500298


A:	0.343922572952200843	0.0443603600228966588	0.362338112405473065	0.391501541711889669	0.227199036632881431	0.0936593135992253883	0.0903659745530691357	0.250735394579754346	0.0244699033964080612	0.968141804964118401	0.0089742273437782522	0.0208712652929807198	0.0255685604153828665	0.0239445162734549705	0.954621436482937797	0.0472526686192674077	0.343355374780984337	0.415300662646596391	0.114698161358743702	0.388150196647785251	0.254171120612144877	0.123844781271267386
C:	0.366324090754143219	0.428306028507427778	0.159797383880463845	0.536930909793427752	0.110601955958988357	0.0691971039575810381	0.172557075473605427	0.72794292411301159	0.937271066248343862	0.00729104666736337149	0.955523027394634021	0.0153888062495521382	0.00441095404160315075	0.950092574485406407	0.0117515749897051548	0.216465816128485278	0.374888177619455581	0.0243116432847070616	0.126765813850304207	0.313754937970386884	0.193385385353939553	0.144781051739779115
G:	0.0888493413587573712	0.0751916937431548102	0.373032843521528193	0.016550354281429298	0.42286448037376856	0.754808387801902681	0.42529017418410682	0.0165914333505771574	0.0147962568836772073	0.0117906357862534748	0.0161492257834114925	0.956422055010534822	0.00981028294715173089	0.0219567480444969073	0.0284960589298902765	0.409372919158461987	0.138778694413203878	0.530436843585598811	0.731398654820064603	0.0536605209300115257	0.206249156416858936	0.120049089779624541
T:	0.200903994934898567	0.452141917726520753	0.104831660192534898	0.0550171942132532815	0.239334527034361652	0.0823351946412908923	0.311786775789218618	0.00473024795665690683	0.0234627734715708692	0.0127765125822647525	0.0193535194781762341	0.00731787344693232021	0.960210202595862252	0.00400616119664171516	0.0051309295974667721	0.326908596093785327	0.142977753186356204	0.0299508504830977366	0.0271373699708874877	0.244434344451816339	0.346194337617056634	0.611325077209328957



2	C..TGACGTG	0.496221198156682028


A:	0.28963926526324447	0.0126875320186562408	0.611325077209328957	0.346194337617056634	0.244434344451816339	0.0271373699708874877	0.0299508504830977366	0.142977753186356204	0.326908596093785327	0.0126359545398882421	0.0143186404458373024	0.954632950362434561	0.0306526535537917425	0.0181549575834613409	0.016432548288432806	0.0161099032207356312	0.00473024795665690683	0.311786775789218618	0.0823351946412908923	0.239334527034361652	0.0550171942132532815	0.104831660192534898	0.452141917726520753
C:	0.390351959703542724	0.456375213339103861	0.120049089779624541	0.206249156416858936	0.0536605209300115257	0.731398654820064603	0.530436843585598811	0.138778694413203878	0.409372919158461987	0.0277427048339249011	0.0125733828630627028	0.0141831259027866738	0.934827159443123578	0.0283967426763611649	0.0286735095334354947	0.0204476787764733218	0.0165914333505771574	0.42529017418410682	0.754808387801902681	0.42286448037376856	0.016550354281429298	0.373032843521528193	0.0751916937431548102
G:	0.108507196142773337	0.0787644245130257521	0.144781051739779115	0.193385385353939553	0.313754937970386884	0.126765813850304207	0.0243116432847070616	0.374888177619455581	0.216465816128485278	0.0110787253861799923	0.943347102186509752	0.0060765878866653363	0.0134734504452432633	0.945683906923864892	0.00810146482314250477	0.943866955166706812	0.72794292411301159	0.172557075473605427	0.0691971039575810381	0.110601955958988357	0.536930909793427752	0.159797383880463845	0.428306028507427778
T:	0.21150157889043947	0.452172830129214146	0.123844781271267386	0.254171120612144877	0.388150196647785251	0.114698161358743702	0.415300662646596391	0.343355374780984337	0.0472526686192674077	0.948542615240006865	0.0297608745045902426	0.0251073358481134292	0.0210467365578414166	0.00776439281631260175	0.946792477354989195	0.0195754628360842354	0.250735394579754346	0.0903659745530691357	0.0936593135992253883	0.227199036632881431	0.391501541711889669	0.362338112405473065	0.0443603600228966588



3	CCACGTGG	0.495795505283524334


A:	0.20932278704607649	0.0374524647994337627	0.166713065831144138	0.304437338016646773	0.112781598882426324	0.422362252265512908	0.0860289839356454017	0.579747257095250193	0.0329713223862388618	0.930571984611298828	0.011664630504877753	0.0148001476528046645	0.0552789133827205962	0.0847519164983109614	0.0133832244501327414	0.142888836806926902	0.405804494947763867	0.124075166444279934	0.758951515285473951	0.255575205692795259	0.271451893823944459	0.258600954770694741
C:	0.109326186775169474	0.23266491157030473	0.192239786972968584	0.628223997243993202	0.131363528805777553	0.170505527364058269	0.14589334258951117	0.391724797424197482	0.847520811474023614	0.00385293267125503554	0.960795186003721783	0.0127400358385957995	0.0102961693347255401	0.0347559496414265632	0.0151447210304195827	0.790033231662153565	0.269483359500900925	0.361272712468085315	0.0242443856975057978	0.652913144816504376	0.163019134047837704	0.225253687463912599
G:	0.143789067704546335	0.0859167909772745338	0.285976304035227735	0.0173725168529673366	0.0872840118098269637	0.0874959123460317992	0.570989427917916826	0.0151447210304195827	0.0347559496414265632	0.0102961693347255401	0.0127400358385957995	0.960795186003721783	0.00385293267125503553	0.847520811474023614	0.391724797424197482	0.0248701651602158889	0.157152083784331879	0.20991260827492586	0.112896857264618906	0.0179878763864568007	0.157397609758976834	0.198504313509057468
T:	0.5375619584742077	0.643965832652986973	0.355070843160659544	0.0499661478863926879	0.668570860501969159	0.319636308024397024	0.197088245556926603	0.0133832244501327414	0.0847519164983109614	0.0552789133827205962	0.0148001476528046645	0.011664630504877753	0.930571984611298828	0.0329713223862388618	0.579747257095250193	0.0422077663707036436	0.167560061767003329	0.304739512812708891	0.103907241752401345	0.0735237731042435645	0.408131362369241004	0.317641044256335191



4	ACGTCA.C.G	0.495712158808933002


A:	0.18518055273799913	0.450384553047595645	0.382827700889740323	0.0257153760813118532	0.0331723650086400804	0.174311279924854985	0.0330041976771543357	0.865353710368582834	0.0192510382269091519	0.0311368717826423892	0.0258330849052872523	0.0799964210854155983	0.903365552006095657	0.0447513773658447311	0.0730901869699925945	0.674019570680646753	0.100386869677411643	0.470974896529754174	0.214913148472782329	0.0823329239836859257	0.680674119997351584	0.0907136010845207266	0.504170885251607777
C:	0.376247968721997572	0.293107777204333932	0.271516987199009947	0.114234137741106202	0.166486137906856769	0.467130599869849458	0.405548560166656588	0.0277173796020349621	0.908231971017895364	0.00641406968494450091	0.0693260338045981841	0.881250838607670429	0.0360638199394757079	0.0344517247251681252	0.560609640320171593	0.155535812246435655	0.08556056147544373	0.0413296341247245251	0.155599109518981901	0.078602542778613757	0.0372230086926769908	0.127548778087493738	0.04591352341252161
G:	0.131064400686010003	0.0324723627548916556	0.115828566126685614	0.820369131667825309	0.149252100427177892	0.0468271797417137506	0.105033561782498993	0.0568268780245448933	0.0270520641604003348	0.918267724654084474	0.00911780673671036653	0.0191233353161011345	0.0305287329838707743	0.799951817316650244	0.0619994961644785658	0.129682995364323858	0.616739808221316645	0.270463457275401059	0.325248032007119388	0.0584064164528276306	0.235657598651822739	0.1174949967200714	0.403887323376832387
T:	0.307507077853993295	0.224035306993178767	0.229826745784564116	0.0396813545097566362	0.651089396657325258	0.311730940463581807	0.456413680373690083	0.0501020320048373111	0.045464926594795149	0.0441813338783286358	0.895723074553404197	0.0196294049908128382	0.030041895070557861	0.1208450805923369	0.304300676545357246	0.0407616217085937334	0.197312760625827982	0.217232012070120242	0.304239710001116381	0.780658116784872687	0.0464452726581486862	0.664242624107914136	0.0460282679590382266



5	G..CACGTCA	0.495139543732526015


A:	0.315291598261262834	0.343922572952200843	0.0443603600228966588	0.362338112405473065	0.391501541711889669	0.227199036632881431	0.0936593135992253883	0.0903659745530691357	0.250735394579754346	0.0155694772689239134	0.974667313420523752	0.0108326358360430268	0.00854451248089432181	0.0145448531417058076	0.0530757798296018929	0.967241809811051642	0.0472526686192674077	0.343355374780984337	0.415300662646596391	0.114698161358743702	0.388150196647785251	0.254171120612144877	0.123844781271267386
C:	0.33741038249334126	0.366324090754143219	0.428306028507427778	0.159797383880463845	0.536930909793427752	0.110601955958988357	0.0691971039575810381	0.172557075473605427	0.72794292411301159	0.804327129400851117	0.00272273707042603385	0.970701692258731835	0.0174809155430076738	0.00391168373527859569	0.926947947030423276	0.00963870772060816452	0.216465816128485278	0.374888177619455581	0.0243116432847070616	0.126765813850304207	0.313754937970386884	0.193385385353939553	0.144781051739779115
G:	0.184446008267714486	0.0888493413587573712	0.0751916937431548102	0.373032843521528193	0.016550354281429298	0.42286448037376856	0.754808387801902681	0.42529017418410682	0.0165914333505771574	0.0409019560621149728	0.0166411112011662431	0.00530997189623668379	0.968059793665722833	0.0108291161807910691	0.00919701949005496789	0.0107297496017693354	0.409372919158461987	0.138778694413203878	0.530436843585598811	0.731398654820064603	0.0536605209300115257	0.206249156416858936	0.120049089779624541
T:	0.162852010977681421	0.200903994934898567	0.452141917726520753	0.104831660192534898	0.0550171942132532815	0.239334527034361652	0.0823351946412908923	0.311786775789218618	0.00473024795665690683	0.139201437268109997	0.00596883830788397106	0.0131557000089884539	0.00591477831037517139	0.970714346942224528	0.0107792536499198636	0.0123897328665708582	0.326908596093785327	0.142977753186356204	0.0299508504830977366	0.0271373699708874877	0.244434344451816339	0.346194337617056634	0.611325077209328957



