1	TGACGTCA	0.499977948675542325


A:	0.30449494784913054	0.0367086904486857261	0.0280221395345343061	0.0421507590124465076	0.401213553321460851	0.433229021696473111	0.310029058132236964	0.00566038424051934751	0.00280779612041446111	0.979912515674116882	0.000734153836903884315	0.0800089707495103256	0.0050265085310583004	0.134972952735061364	0.973921862611806664	0.0069174749993534688	0.0799474510912998109	0.310338844093339997	0.0524144166978904842	0.120010838090491491	0.618006616969899409	0.0911437098243367265
C:	0.270779545927484435	0.495056227965494965	0.791873124245752973	0.931670520051314196	0.122675126677377256	0.131643713346871736	0.473300911309646743	0.017168144109351629	0.00267151967345053699	0.00115075062380561324	0.916900304139922327	0.00235657127366346285	0.0139102251710192046	0.859547731471073638	0.00324960903832235917	0.280700075272717638	0.716772251134269493	0.228512602327274187	0.163843013054088773	0.283412497568590874	0.228561402916816977	0.217986692367619965
G:	0.2612126477059016	0.0495408777357510626	0.0243223213352746232	0.0189081360001427119	0.379318796547950249	0.394919481289271933	0.118649555031161076	0.00324960903832235917	0.859547731471073638	0.0139102251710192046	0.00235657127366346285	0.916900304139922327	0.00115075062380561324	0.00267151967345053699	0.017168144109351629	0.127599777523744746	0.0818096664524354258	0.185520930871968732	0.775714041954270661	0.522814211260745938	0.0887022593638397633	0.0638652370022402544
T:	0.163512858517483425	0.418694203850068246	0.155782414884438098	0.00727058493609658446	0.0967925234532116435	0.0402077836673832194	0.0980204755269552167	0.973921862611806664	0.134972952735061364	0.0050265085310583004	0.0800089707495103256	0.000734153836903884315	0.979912515674116882	0.00280779612041446111	0.00566038424051934751	0.584782672204184147	0.12147063132199527	0.275627622707417083	0.00802852829375008169	0.0737624530801716971	0.0647297207494438511	0.627004360805803054



2	G.T.ACGTCA	0.499093465674110835


A:	0.129971705701042999	0.30449494784913054	0.0367086904486857261	0.0280221395345343061	0.0421507590124465076	0.401213553321460851	0.433229021696473111	0.310029058132236964	0.122726548492118962	0.00280779612041446111	0.955137285485723351	0.00239252252609439662	0.0241436296744455073	0.00654175143529692918	0.0719754021755776797	0.95500063906697548	0.0069174749993534688	0.0799474510912998109	0.310338844093339997	0.0524144166978904842	0.120010838090491491	0.618006616969899409	0.0911437098243367265
C:	0.0287115062380481218	0.270779545927484435	0.495056227965494965	0.791873124245752973	0.931670520051314196	0.122675126677377256	0.131643713346871736	0.473300911309646743	0.153415256350107603	0.00267151967345053699	0.00392828781077385073	0.963549336275669262	0.00517423659629352259	0.0101567772341039812	0.897971455479154764	0.00986584065896304918	0.280700075272717638	0.716772251134269493	0.228512602327274187	0.163843013054088773	0.283412497568590874	0.228561402916816977	0.217986692367619965
G:	0.0426893739357236083	0.2612126477059016	0.0495408777357510626	0.0243223213352746232	0.0189081360001427119	0.379318796547950249	0.394919481289271933	0.118649555031161076	0.0234249389535952711	0.859547731471073638	0.0340519666168299452	0.00414593820059500313	0.967755223336299691	0.00555062655669187669	0.0169720037816872103	0.0250141007175103144	0.127599777523744746	0.0818096664524354258	0.185520930871968732	0.775714041954270661	0.522814211260745938	0.0887022593638397633	0.0638652370022402544
T:	0.798627414125185271	0.163512858517483425	0.418694203850068246	0.155782414884438098	0.00727058493609658446	0.0967925234532116435	0.0402077836673832194	0.0980204755269552167	0.700433256204178164	0.134972952735061364	0.0068824600866728529	0.0299122029976413379	0.00292691039296127949	0.977750844773907213	0.0130811385635803459	0.0101194195565511565	0.584782672204184147	0.12147063132199527	0.275627622707417083	0.00802852829375008169	0.0737624530801716971	0.0647297207494438511	0.627004360805803054



3	ATGACGT.A	0.499044617598888282


A:	0.0403799660482875056	0.627004360805803054	0.0647297207494438511	0.0737624530801716971	0.00802852829375008169	0.275627622707417083	0.12147063132199527	0.584782672204184147	0.00219247169259705379	0.00236657809009222602	0.989836640928967696	0.00120089629726149644	0.0193532738373885524	0.0033669226971890267	0.134972952735061364	0.765899753081160812	0.0980204755269552167	0.0402077836673832194	0.0967925234532116435	0.00727058493609658446	0.155782414884438098	0.418694203850068246	0.163512858517483425
C:	0.601847493407570781	0.0638652370022402544	0.0887022593638397633	0.522814211260745938	0.775714041954270661	0.185520930871968732	0.0818096664524354259	0.127599777523744746	0.00907902596171545551	0.00387843396160842729	0.00381505695668935117	0.97940843297902227	0.00137092866836747774	0.0250222809088736799	0.859547731471073638	0.0118297076743299095	0.118649555031161076	0.394919481289271933	0.379318796547950249	0.0189081360001427119	0.0243223213352746232	0.0495408777357510626	0.2612126477059016
G:	0.0311238354735778506	0.217986692367619965	0.228561402916816977	0.283412497568590874	0.163843013054088773	0.228512602327274187	0.716772251134269493	0.280700075272717638	0.00343510213322622636	0.968446296393603588	0.00222395515735231479	0.00298771274076523028	0.976965981637986548	0.00139450682882795452	0.00267151967345053699	0.165008099712490697	0.473300911309646743	0.131643713346871736	0.122675126677377256	0.931670520051314196	0.791873124245752973	0.495056227965494965	0.270779545927484435
T:	0.326648705070563863	0.0911437098243367265	0.618006616969899409	0.120010838090491491	0.0524144166978904842	0.310338844093339997	0.0799474510912998109	0.0069174749993534688	0.985293400212461264	0.0253086915546957591	0.00412434695699063801	0.0164029579829510032	0.00230981585625742169	0.970216289565109339	0.00280779612041446111	0.0572624395320185813	0.310029058132236964	0.433229021696473111	0.401213553321460851	0.0421507590124465076	0.0280221395345343061	0.0367086904486857261	0.30449494784913054



4	G.TGACGT.A	0.499033864377057588


A:	0.0403799660482875056	0.627004360805803054	0.0647297207494438511	0.0737624530801716971	0.00802852829375008169	0.275627622707417083	0.12147063132199527	0.584782672204184147	0.00261979806870045387	0.00268420279622780962	0.988501450009606532	0.0015892890637993028	0.0127766074305883011	0.00634939948656436022	0.134972952735061364	0.68969904494587522	0.0980204755269552167	0.0402077836673832194	0.0967925234532116435	0.00727058493609658446	0.155782414884438098	0.418694203850068246	0.163512858517483425
C:	0.601847493407570781	0.0638652370022402544	0.0887022593638397633	0.522814211260745938	0.775714041954270661	0.185520930871968732	0.0818096664524354259	0.127599777523744746	0.00900010800019783129	0.00929032721828691493	0.00462790081743249015	0.979093603539139256	0.00435544003157947393	0.0344104486842562459	0.859547731471073638	0.0233783524807787661	0.118649555031161076	0.394919481289271933	0.379318796547950249	0.0189081360001427119	0.0243223213352746232	0.0495408777357510626	0.2612126477059016
G:	0.0311238354735778506	0.217986692367619965	0.228561402916816977	0.283412497568590874	0.163843013054088773	0.228512602327274187	0.716772251134269493	0.280700075272717638	0.00632884096685251215	0.940374139814660795	0.00389735294241682771	0.00214342274505538085	0.981045258922684204	0.00200385134433160531	0.00267151967345053699	0.169032132624506209	0.473300911309646743	0.131643713346871736	0.122675126677377256	0.931670520051314196	0.791873124245752973	0.495056227965494965	0.270779545927484435
T:	0.326648705070563863	0.0911437098243367265	0.618006616969899409	0.120010838090491491	0.0524144166978904842	0.310338844093339997	0.0799474510912998109	0.0069174749993534688	0.982051252964249203	0.04765133017082448	0.00297329623054415041	0.0171736846520060606	0.00182269361514802059	0.957236300484847789	0.00280779612041446111	0.117890469948839805	0.310029058132236964	0.433229021696473111	0.401213553321460851	0.0421507590124465076	0.0280221395345343061	0.0367086904486857261	0.30449494784913054



5	ACGTCA.C.G	0.498858560794044665


A:	0.0470955397531639873	0.275763591709222576	0.325000016681449448	0.170218663827116461	0.074798298771430727	0.117890469948839805	0.0397302735679790757	0.907673770383641669	0.00280159108260952444	0.0229542857404635748	0.0099407541073085361	0.0238025899207746455	0.982916303816308637	0.00305377271220902273	0.141958412454780399	0.42162640528368753	0.242578488953353369	0.276058874545710367	0.355143510954060802	0.068177505278772579	0.745527923660192149	0.0923410531236164587	0.153299600097084389
C:	0.69805375809985167	0.408295499366088883	0.151958379348025963	0.135445354964256456	0.44479588699385125	0.169032132624506209	0.0590867328235137918	0.00471861579982460982	0.961241537045330105	0.00375127584801610266	0.0154485083857590706	0.963541869916112491	0.00503476608798187477	0.055345333370436313	0.646860376221318668	0.42162640528368753	0.0651312116877228493	0.224960582374339873	0.0173484596570305771	0.163489023641016675	0.0234184827434229626	0.199687558149747778	0.0921311730501089476
G:	0.038219264745717419	0.0793401415396205821	0.427724797160454996	0.680973816664126898	0.211747698170913998	0.0233783524807787661	0.320959593531215017	0.0716477661623812476	0.00549019111878264357	0.969960754834256145	0.00139512539916424238	0.0027817813771535735	0.00569168102452182733	0.55734757936644923	0.0426038200698005584	0.0899239074830282576	0.536235834224052332	0.26523034441916996	0.163473500385889721	0.0231572432331489786	0.213105411473061162	0.0786239898811755732	0.622691752861449196
T:	0.216631437401266924	0.236600767385067959	0.0953168068100695926	0.0133621645445001854	0.268658116063804025	0.68969904494587522	0.580223400077292116	0.0159598476541524737	0.0304666807532777271	0.00333368357726417803	0.973215612107768151	0.00987375878595928966	0.00635724907118766142	0.384253314550905434	0.168577391254100374	0.0668232819495966817	0.15605446513487145	0.233750198660779799	0.4640345290030189	0.745176227847061767	0.0179481821233237261	0.62934739884546019	0.131877473991357468



