1	TGACGTCA	0.49874858733702693


A:	0.397612394911850047	0.0469918116359879398	0.0294664610099747379	0.0867252641407469233	0.524254382443151675	0.159599672505411389	0.351612972629426118	0.00930063567250158546	0.0106217604551407197	0.974149352158372675	0.00276865366786748796	0.0452914426731363801	0.00896524423839723188	0.148064210520367216	0.960063491054363234	0.0256511322031262499	0.125511929849794709	0.363940632205951939	0.088833066868046561	0.135068603174383498	0.579851019318512807	0.169554719365672195
C:	0.305122293106471334	0.472931149942108918	0.652693292844205989	0.826324887267624144	0.137927823873333044	0.261773030518136806	0.314682157254785167	0.0238690132652896142	0.00908324007503718798	0.00614567026975330661	0.948607265877163657	0.00333263778183247446	0.0107397333334767866	0.832230788949454876	0.00676686000784556633	0.429909351683003394	0.538308035495414571	0.210247118587132955	0.408872926347493991	0.0984522193608547374	0.258028735033883998	0.12548750953274776
G:	0.128502034992095378	0.0720064191735214692	0.0308027809324169574	0.0584738163086079162	0.16892892749110504	0.54248878490136013	0.17687302327855458	0.00676686000784556633	0.832230788949454876	0.0107397333334767866	0.00333263778183247446	0.948607265877163657	0.00614567026975330661	0.00908324007503718798	0.0238690132652896142	0.217288706925922309	0.195892739880686755	0.188502128925412711	0.48632423287152054	0.645548819581650466	0.111900676082418092	0.0541612529633001421
T:	0.168763276989583241	0.408070619248381673	0.287037465213402316	0.0284760322830210171	0.168888866192410242	0.0361385120750916742	0.156831846837234135	0.960063491054363234	0.148064210520367216	0.00896524423839723188	0.0452914426731363801	0.00276865366786748796	0.974149352158372675	0.0106217604551407197	0.00930063567250158546	0.327150809187948046	0.140287294774103966	0.237310120281502395	0.0159697739129389075	0.120930357883111298	0.0502195695651851031	0.650796518138279902



2	ACGTCAGC	0.498349712130236252


A:	0.0745873487045931567	0.282688865032467435	0.306648375934553479	0.0438695223406579857	0.06792343514728173	0.196034025929738765	0.0733908000816457559	0.906603969235910101	0.0103968311384034032	0.0224742736363371755	0.00530766640179567061	0.0595567894440236002	0.98507964975984437	0.0083829667786177298	0.0248082021359240921	0.500203110403574073	0.141678321552167244	0.347501542462419282	0.524289732843671122	0.195977782804069819	0.732946216190867568	0.11553855210036331
C:	0.481240467052821727	0.210415170713674445	0.200684432552347075	0.111569524015487719	0.280961945249527204	0.294201158041532067	0.127770647582116411	0.0221712994342329908	0.963273926626001344	0.00292359575609364744	0.00490987446688656865	0.921068617664745728	0.00609306417260715476	0.0650338764828833653	0.946931154611812315	0.283853175039425886	0.060319433074229102	0.0304417981619099122	0.0634047293357403485	0.125957955587729585	0.0197340770975114028	0.157434126156780756
G:	0.0800023750802599928	0.13782585021344346	0.348082897736156242	0.823133180725442013	0.201856135308401257	0.0302182804849065749	0.379832236182399094	0.0540664456985252588	0.00532598317185127688	0.971335961960984254	0.00327427739932171972	0.0042414151103333879	0.00551413921987522407	0.739116706720210551	0.00774543258148131809	0.135943020205366119	0.656323923821436409	0.319447075203556219	0.145886732560481858	0.0174867565221668857	0.19748984412144841	0.136027050415037799
T:	0.364169809162325124	0.369070114040414659	0.144584293776943205	0.021427772918412283	0.449258484294789809	0.479546535543822593	0.419006316153838739	0.017158285631331649	0.0210032590637439759	0.00326616864658492267	0.986508181731996041	0.0151331777808972842	0.00331314684767325094	0.187466450018288354	0.0205152106707822752	0.0800006943516339226	0.141678321552167244	0.302609584172114587	0.266418805260106672	0.66057750508603371	0.0498298625901726192	0.591000271327818136



3	GCT.ACGT.A	0.497585020510784703


A:	0.0837175927471968384	0.508992248485161809	0.369704072992144608	0.106046799975126527	0.439050963640409018	0.0811593134647824646	0.100139315133151619	0.223113619939716169	0.0574539857182034178	0.0139532127823634584	0.899267797772096268	0.0236395807772029154	0.0665720234748937111	0.0527853840827856148	0.0773845643742237854	0.68131074685601016	0.200700926648853266	0.165739937293175371	0.217872406382598101	0.215322025222036092	0.238118627183898189	0.419959955287504362
C:	0.455667562520688157	0.148256239852007474	0.251445779477458453	0.246932933599735865	0.416386707046859497	0.0955681455587735307	0.0400108813364442228	0.644419007739210331	0.135352137070106493	0.0345773625967934864	0.0161604568954612321	0.82769458479076197	0.0135138007268691465	0.0498357945601913147	0.858523883369298909	0.0662848523422303055	0.187770928714623575	0.632591859300854801	0.428426354840205018	0.101631728213526337	0.0328807799138696735	0.0439683877207230173
G:	0.025624070095414002	0.168560839926075882	0.139081283607475885	0.0977660355337587687	0.104088324284418207	0.547331039445251641	0.775279520927293011	0.0577595388961020443	0.0559944714168875658	0.771400602862741679	0.030084306096466696	0.0083652125401763448	0.881577962038727526	0.0437525953424405071	0.0332650113120840364	0.154093522677465236	0.4196630219060979	0.161534933009167882	0.110847006531472094	0.399710146084052485	0.119409350029284218	0.210114865738814811
T:	0.434990774636701002	0.174190671736754835	0.239768863922921054	0.549254230891378839	0.0404740050283132781	0.275941501531192364	0.0845702826031111474	0.0747078334249714556	0.751199405794802524	0.180068821758101377	0.054487439235975804	0.14030062189185877	0.0383362137595096163	0.853626226014582563	0.0308265409443932692	0.0983108781242942987	0.191865122730425259	0.0401332703968019457	0.242854232245724787	0.283336100480385086	0.609591242872947919	0.325956791252957809



4	G.TGACGT.A	0.497422535444273496


A:	0.0584675245504576546	0.650796518138279902	0.0502195695651851031	0.120930357883111298	0.0159697739129389075	0.237310120281502395	0.140287294774103966	0.327150809187948046	0.00849798552983708128	0.0139532127823634584	0.951758951955999375	0.00608430308643068385	0.0271075760504867556	0.0229496101381823311	0.148064210520367216	0.479546535543822593	0.156831846837234135	0.0361385120750916742	0.168888866192410242	0.0284760322830210171	0.287037465213402316	0.408070619248381673	0.168763276989583241
C:	0.458016182738556945	0.0541612529633001421	0.111900676082418092	0.645548819581650466	0.48632423287152054	0.188502128925412711	0.195892739880686755	0.217288706925922309	0.0236260435575074529	0.0345773625967934864	0.0180395969505321011	0.943961274754268503	0.0149632581559353167	0.139089236272512753	0.832230788949454876	0.0302182804849065749	0.17687302327855458	0.54248878490136013	0.16892892749110504	0.0584738163086079162	0.0308027809324169574	0.0720064191735214692	0.128502034992095378
G:	0.0514148750664807205	0.12548750953274776	0.258028735033883998	0.0984522193608547374	0.408872926347493991	0.210247118587132955	0.538308035495414571	0.429909351683003394	0.0220498679425831995	0.771400602862741679	0.0139854591417363383	0.0113661902993842346	0.95105410484269744	0.0136339595048304665	0.00908324007503718798	0.294201158041532067	0.314682157254785167	0.261773030518136806	0.137927823873333044	0.826324887267624144	0.652693292844205989	0.472931149942108918	0.305122293106471334
T:	0.43210141764450468	0.169554719365672195	0.579851019318512807	0.135068603174383498	0.088833066868046561	0.363940632205951939	0.125511929849794709	0.0256511322031262499	0.945826102970072266	0.180068821758101377	0.0162159919517321857	0.0385882318599165788	0.00687506095088048782	0.824327194084474449	0.0106217604551407197	0.196034025929738765	0.351612972629426118	0.159599672505411389	0.524254382443151675	0.0867252641407469233	0.0294664610099747379	0.0469918116359879398	0.397612394911850047



5	G.T.ACGTCA	0.497101736972704715


A:	0.24860621246510116	0.397612394911850047	0.0469918116359879398	0.0294664610099747379	0.0867252641407469233	0.524254382443151675	0.159599672505411389	0.351612972629426118	0.0863527806527307596	0.0106217604551407197	0.951106623437150291	0.00620718293301683324	0.0279495919819196504	0.0169258608125486702	0.0773845643742237854	0.930224806043652767	0.0256511322031262499	0.125511929849794709	0.363940632205951939	0.088833066868046561	0.135068603174383498	0.579851019318512807	0.169554719365672195
C:	0.0355662364450740492	0.305122293106471334	0.472931149942108918	0.652693292844205989	0.826324887267624144	0.137927823873333044	0.261773030518136806	0.314682157254785167	0.2150638561956314	0.00908324007503718798	0.0115827553392799321	0.934700171820211624	0.00495280736102468352	0.0166750515288171018	0.858523883369298909	0.0198028643774194902	0.429909351683003394	0.538308035495414571	0.210247118587132955	0.408872926347493991	0.0984522193608547374	0.258028735033883998	0.12548750953274776
G:	0.0481272269402389496	0.128502034992095378	0.0720064191735214692	0.0308027809324169574	0.0584738163086079162	0.16892892749110504	0.54248878490136013	0.17687302327855458	0.0224093621366608706	0.832230788949454876	0.0215180106919194814	0.014852507463873523	0.95761355991060257	0.021064600663069814	0.0332650113120840364	0.0338561863645356597	0.217288706925922309	0.195892739880686755	0.188502128925412711	0.48632423287152054	0.645548819581650466	0.111900676082418092	0.0541612529633001421
T:	0.667700324149585842	0.168763276989583241	0.408070619248381673	0.287037465213402316	0.0284760322830210171	0.168888866192410242	0.0361385120750916742	0.156831846837234135	0.67617400101497697	0.148064210520367216	0.0157926105316502953	0.04424013778289802	0.00948404074645309587	0.945334486995564414	0.0308265409443932692	0.0161161432143920828	0.327150809187948046	0.140287294774103966	0.237310120281502395	0.0159697739129389075	0.120930357883111298	0.0502195695651851031	0.650796518138279902



