1	TGACGTCA	0.498765554019356113


A:	0.463902565699372602	0.160619362363556359	0.157356535812133726	0.166163505160844205	0.167679666014756163	0.108187930422982614	0.388563260418941638	0.0181109195473829173	0.0117213418197055435	0.976788229043043996	0.00308387283551037511	0.0148859839786547347	0.00264450018902240539	0.072572665110969475	0.964308195142798365	0.0709637793102860821	0.241191469745267315	0.526675065794560334	0.298262880033096405	0.22915593726652149	0.253545416967335882	0.264316543846428368
C:	0.34490177640174932	0.0883047623166637182	0.36109344513766647	0.337593734404231488	0.240826615522516343	0.188213394622286385	0.334400960502265272	0.0147249171838187199	0.00403817529224969544	0.00570883644181282546	0.976667062685424429	0.00536308050041046086	0.0148584343261207732	0.911667817777075286	0.00285596812599999769	0.390017166813365733	0.609068852696651013	0.034627726391153581	0.239397783318142355	0.329629332361482508	0.120442818774925006	0.166044234324696472
G:	0.102522860238708869	0.282793888306916541	0.145813401966849905	0.371707350239936052	0.146852405301413366	0.540214093047044124	0.155417893411033623	0.00285596812599999769	0.911667817777075286	0.0148584343261207732	0.00536308050041046086	0.976667062685424429	0.00570883644181282546	0.00403817529224969544	0.0147249171838187199	0.20294458578113696	0.0694423479339604219	0.143320423416752138	0.364109874434557491	0.260016143788978975	0.0894872328170734025	0.223207430671405762
T:	0.0886727976601692093	0.468281987012863382	0.335736617083349899	0.124535410194988255	0.444641313161314127	0.163384581907686877	0.121617885667759467	0.964308195142798365	0.072572665110969475	0.00264450018902240539	0.0148859839786547347	0.00308387283551037511	0.976788229043043996	0.0117213418197055435	0.0181109195473829173	0.336074468095211225	0.0802973296241212505	0.295376784397533947	0.098229462214203749	0.181198586583017027	0.536524531440665709	0.346431791157469399



2	G.TGACGT.A	0.493891070282017089


A:	0.373910545543097351	0.346431791157469399	0.536524531440665709	0.181198586583017027	0.098229462214203749	0.295376784397533947	0.0802973296241212505	0.336074468095211225	0.0154604337464905833	0.0144637752796170284	0.964734426993242066	0.0110727715375974389	0.0209650906731423102	0.0108948691714992513	0.072572665110969475	0.733008105431380985	0.121617885667759467	0.163384581907686877	0.444641313161314127	0.124535410194988255	0.335736617083349899	0.468281987012863382	0.0886727976601692093
C:	0.414936592004207117	0.223207430671405762	0.0894872328170734025	0.260016143788978975	0.364109874434557491	0.143320423416752138	0.0694423479339604219	0.20294458578113696	0.00741739375489706818	0.01181429616309381	0.00309145098987671049	0.957840078946074971	0.0087749063777238755	0.0294745081453721287	0.911667817777075286	0.0318514795165329926	0.155417893411033623	0.540214093047044124	0.146852405301413366	0.371707350239936052	0.145813401966849905	0.282793888306916541	0.102522860238708869
G:	0.1096933401866595	0.166044234324696472	0.120442818774925006	0.329629332361482508	0.239397783318142355	0.034627726391153581	0.609068852696651013	0.390017166813365733	0.00693609476282007022	0.913621323578181707	0.0128848158016179726	0.00837920638559425709	0.966185631922686494	0.008178431297826495	0.00403817529224969544	0.143905544471431265	0.334400960502265272	0.188213394622286385	0.240826615522516343	0.337593734404231488	0.36109344513766647	0.0883047623166637182	0.34490177640174932
T:	0.101459522266036033	0.264316543846428368	0.253545416967335882	0.22915593726652149	0.298262880033096405	0.526675065794560334	0.241191469745267315	0.0709637793102860821	0.970186077735792278	0.0601006049791074545	0.0192893062152632511	0.0227079431307333333	0.00407437102644732071	0.951452191385302125	0.0117213418197055435	0.0912348705806547575	0.388563260418941638	0.108187930422982614	0.167679666014756163	0.166163505160844205	0.157356535812133726	0.160619362363556359	0.463902565699372602



3	ACGTCAGC	0.492213037351270466


A:	0.309635868073588116	0.202657248635411547	0.269246279506106457	0.525717122711288587	0.456902662675092555	0.0912348705806547575	0.0986900337972368408	0.877392307304102528	0.00652577827088264621	0.0434917758117480187	0.0118892344397195978	0.077174025635478259	0.949434219682103331	0.0199191466535593566	0.057116938621058037	0.461168318845465713	0.276186001066855973	0.339500943341963691	0.196417746631866148	0.284386529678683846	0.270300849935829131	0.298638089249676375
C:	0.460383277599108596	0.191807930625977464	0.101783598430022726	0.136620043609709894	0.363130011118764195	0.143905544471431265	0.0599610496678343038	0.0123270744099148505	0.934375566439305818	0.00631207058257333835	0.0135025200290990723	0.888861726982808459	0.00898326082673682744	0.076499289011445514	0.902184795633357155	0.148189859869242409	0.263164848471553282	0.193648097299908675	0.252266807323875301	0.289160863392395973	0.087970849268630668	0.0899508407761390888
G:	0.0878315159518668853	0.477114102328442309	0.125322772626441291	0.212118178463160764	0.0479087529662621814	0.0318514795165329926	0.496135448573741927	0.0767119600429733366	0.0273101308922343625	0.945325568058159167	0.00740435118066196906	0.0304526436940166021	0.0197070661534411862	0.576790081428082063	0.020401678590459739	0.236561185181900577	0.270032853548503829	0.187216973092551546	0.258686207797417375	0.129909281675985882	0.16137299083587172	0.179959011491690044
T:	0.142149338375436403	0.12842071841016868	0.503647349437429526	0.125544655215840755	0.132058573239881068	0.733008105431380985	0.345213467961186928	0.0335686582430092848	0.031788524397577173	0.00487058554751947563	0.967203894350519361	0.00351160368769667947	0.0218754533377186556	0.326791482906913067	0.0202965871551250691	0.154080636103391301	0.190616296913086917	0.279633986265576087	0.292629238246841176	0.296543325252934299	0.480355309959668481	0.431452058482494492



4	G.T.ACGTCA	0.491152598738907822


A:	0.316111244271709188	0.463902565699372602	0.160619362363556359	0.157356535812133726	0.166163505160844205	0.167679666014756163	0.108187930422982614	0.388563260418941638	0.121223822110269452	0.0117213418197055435	0.958427215381379793	0.0132523280904223356	0.0235646313561152752	0.0164967981853033106	0.0771040595875654614	0.936349991228748347	0.0709637793102860821	0.241191469745267315	0.526675065794560334	0.298262880033096405	0.22915593726652149	0.253545416967335882	0.264316543846428368
C:	0.335671051360858743	0.34490177640174932	0.0883047623166637182	0.36109344513766647	0.337593734404231488	0.240826615522516343	0.188213394622286385	0.334400960502265272	0.059750507187152975	0.00403817529224969544	0.008127431612458963	0.968344709666390864	0.00866666576200321567	0.034534427997757965	0.883775709396818728	0.00934855503208877049	0.390017166813365733	0.609068852696651013	0.034627726391153581	0.239397783318142355	0.329629332361482508	0.120442818774925006	0.166044234324696472
G:	0.12391450839047442	0.102522860238708869	0.282793888306916541	0.145813401966849905	0.371707350239936052	0.146852405301413366	0.540214093047044124	0.155417893411033623	0.0408606587720453676	0.911667817777075286	0.0163878917999745709	0.0073727966022324721	0.956891728735907964	0.00674784173913807036	0.0227177628862807209	0.017374349527033644	0.20294458578113696	0.0694423479339604219	0.143320423416752138	0.364109874434557491	0.260016143788978975	0.0894872328170734025	0.223207430671405762
T:	0.224303195976957649	0.0886727976601692093	0.468281987012863382	0.335736617083349899	0.124535410194988255	0.444641313161314127	0.163384581907686877	0.121617885667759467	0.778165011930532205	0.072572665110969475	0.0170574612061866729	0.0110301656409543278	0.0108769741459735454	0.942220932077800654	0.0164024681293350897	0.0369271042121292386	0.336074468095211225	0.0802973296241212505	0.295376784397533947	0.098229462214203749	0.181198586583017027	0.536524531440665709	0.346431791157469399



5	ACGTCA.CA	0.490757478474177244


A:	0.309635868073588116	0.202657248635411547	0.269246279506106457	0.525717122711288587	0.456902662675092555	0.0912348705806547575	0.0986900337972368408	0.807814317728891144	0.013293145714906026	0.0380256559829817883	0.0389727299122196432	0.0755556327980016893	0.936292456553951617	0.0199191466535593566	0.111386067606847304	0.461168318845465713	0.276186001066855973	0.339500943341963691	0.196417746631866148	0.284386529678683846	0.270300849935829131	0.298638089249676375	0.625473183075343077
C:	0.460383277599108596	0.191807930625977464	0.101783598430022726	0.136620043609709894	0.363130011118764195	0.143905544471431265	0.0599610496678343038	0.0167147936728261084	0.938980344620894315	0.0108680661474216327	0.0323868962886102427	0.855572191819483856	0.0106737218717515926	0.076499289011445514	0.666817974158699889	0.148189859869242409	0.263164848471553282	0.193648097299908675	0.252266807323875301	0.289160863392395973	0.087970849268630668	0.0899508407761390888	0.0623504626395326695
G:	0.0878315159518668853	0.477114102328442309	0.125322772626441291	0.212118178463160764	0.0479087529662621814	0.0318514795165329926	0.496135448573741927	0.127045242177095741	0.0277513864222427574	0.911569270089569765	0.00786658060860517903	0.0232478001180044311	0.034268479052725895	0.576790081428082063	0.0854642648148493481	0.236561185181900577	0.270032853548503829	0.187216973092551546	0.258686207797417375	0.129909281675985882	0.16137299083587172	0.179959011491690044	0.231798341337425524
T:	0.142149338375436403	0.12842071841016868	0.503647349437429526	0.125544655215840755	0.132058573239881068	0.733008105431380985	0.345213467961186928	0.048425646421187007	0.0199751232419569017	0.0395370077800268145	0.920773793190564935	0.0456243752645100232	0.0187653425215708958	0.326791482906913067	0.136331693419603459	0.154080636103391301	0.190616296913086917	0.279633986265576087	0.292629238246841176	0.296543325252934299	0.480355309959668481	0.431452058482494492	0.0803780129476987292



