1	TGACGTCA	0.499896306537625914


A:	0.430981756070118863	0.105114166428978084	0.0902793444004885705	0.174481754030000499	0.303720538677676311	0.101391936924882694	0.30311701485939283	0.015044116273524271	0.00659909866654132185	0.96929095812321337	0.00178329123084357904	0.0508337505826179214	0.00306398083747404474	0.163957749295546778	0.953403116818181014	0.014831532110127337	0.162152904468145856	0.543832809700039053	0.26861842456775309	0.169400557578179655	0.228750399174281144	0.196972490323928298
C:	0.40460067535907337	0.101913122601835609	0.340277992984328388	0.366733387059097531	0.233438593391305237	0.174096180451942549	0.352933454621530679	0.0285233943549658603	0.00470469994740581088	0.00427521025562353427	0.943879954676111461	0.00350300351042703848	0.0233698507836890507	0.82473845209050609	0.00302937255332885418	0.54665767597825178	0.680684564489493506	0.0510257999101344858	0.177794582527148659	0.446650132383931193	0.14212648930358888	0.14321149921035244
G:	0.0870216345615100598	0.236847864093670822	0.198324296708339338	0.290072791069674214	0.146248927650333108	0.551426064923210404	0.278644949323877903	0.00302937255332885418	0.82473845209050609	0.0233698507836890507	0.00350300351042703848	0.943879954676111461	0.00427521025562353427	0.00470469994740581088	0.0285233943549658603	0.134661741966448908	0.0771602080459839941	0.20624252187655381	0.388032822391081378	0.218424783680681526	0.0706575588449646979	0.226342323590727345
T:	0.0773959340092977068	0.556124846875515485	0.371118365906843704	0.168712067841227756	0.316591940280685345	0.173085817699964353	0.0653045811951985884	0.953403116818181014	0.163957749295546778	0.00306398083747404474	0.0508337505826179214	0.00178329123084357904	0.96929095812321337	0.00659909866654132185	0.015044116273524271	0.303849049945171976	0.0800023229963766438	0.198898868513272651	0.165554170514016874	0.165524526357207626	0.558465552677165279	0.433473686874991917



2	G.TGACGT.A	0.498978243690423273


A:	0.39646765060864486	0.433473686874991917	0.558465552677165279	0.165524526357207626	0.165554170514016874	0.198898868513272651	0.0800023229963766438	0.303849049945171976	0.00737526083443265418	0.00801709068479369934	0.979059105765868329	0.0051087840098535943	0.0382436244664648106	0.00469292417781478277	0.163957749295546778	0.645731308967040452	0.0653045811951985884	0.173085817699964353	0.316591940280685345	0.168712067841227756	0.371118365906843704	0.556124846875515485	0.0773959340092977068
C:	0.395397396507243648	0.226342323590727345	0.0706575588449646979	0.218424783680681526	0.388032822391081378	0.20624252187655381	0.0771602080459839941	0.134661741966448908	0.0103055755846675241	0.00698933350883200864	0.00287938854324371902	0.975650910485652657	0.00473708740885527317	0.0273493179587755712	0.82473845209050609	0.0129459873249900717	0.278644949323877903	0.551426064923210404	0.146248927650333108	0.290072791069674214	0.198324296708339338	0.236847864093670822	0.0870216345615100598
G:	0.117974337462917889	0.14321149921035244	0.14212648930358888	0.446650132383931193	0.177794582527148659	0.0510257999101344858	0.680684564489493506	0.54665767597825178	0.00439162048629619817	0.953154475659079921	0.00462883159105267976	0.00252170633409498095	0.955356423412032024	0.00530711609674805128	0.00470469994740581088	0.151301596565319252	0.352933454621530679	0.174096180451942549	0.233438593391305237	0.366733387059097531	0.340277992984328388	0.101913122601835609	0.40460067535907337
T:	0.090160615421193603	0.196972490323928298	0.228750399174281144	0.169400557578179655	0.26861842456775309	0.543832809700039053	0.162152904468145856	0.014831532110127337	0.977927543094603624	0.0318391001472943707	0.0134326740998352721	0.0167185991703987676	0.00166286471264789213	0.962650641766661595	0.00659909866654132185	0.190021107142650224	0.30311701485939283	0.101391936924882694	0.303720538677676311	0.174481754030000499	0.0902793444004885705	0.105114166428978084	0.430981756070118863



3	GTGACGT.A	0.498740554156171285


A:	0.39646765060864486	0.433473686874991917	0.558465552677165279	0.165524526357207626	0.165554170514016874	0.198898868513272651	0.0800023229963766438	0.303849049945171976	0.0060903693389798795	0.0058954006536762151	0.982648132782286886	0.00173442207283249488	0.0305848722335646896	0.0104644757965644363	0.163957749295546778	0.696453224129026555	0.0653045811951985884	0.173085817699964353	0.316591940280685345	0.168712067841227756	0.371118365906843704	0.556124846875515485	0.0773959340092977068
C:	0.395397396507243648	0.226342323590727345	0.0706575588449646979	0.218424783680681526	0.388032822391081378	0.20624252187655381	0.0771602080459839941	0.134661741966448908	0.00582796951329687252	0.0101222758654387112	0.00309662124078030347	0.977627630811842958	0.00326702534699070982	0.0349907677005777101	0.82473845209050609	0.0258167975960073986	0.278644949323877903	0.551426064923210404	0.146248927650333108	0.290072791069674214	0.198324296708339338	0.236847864093670822	0.0870216345615100598
G:	0.117974337462917889	0.14321149921035244	0.14212648930358888	0.446650132383931193	0.177794582527148659	0.0510257999101344858	0.680684564489493506	0.54665767597825178	0.0031179590868870789	0.964816752652360096	0.00761330609340194004	0.00509657865177295202	0.964283170764657826	0.00190653065923783667	0.00470469994740581088	0.206179802793975308	0.352933454621530679	0.174096180451942549	0.233438593391305237	0.366733387059097531	0.340277992984328388	0.101913122601835609	0.40460067535907337
T:	0.090160615421193603	0.196972490323928298	0.228750399174281144	0.169400557578179655	0.26861842456775309	0.543832809700039053	0.162152904468145856	0.014831532110127337	0.984963702060836169	0.0191655708285249776	0.00664193988353087009	0.0155413684635515947	0.00186493165478677462	0.952638225843620017	0.00659909866654132185	0.0715501754809907386	0.30311701485939283	0.101391936924882694	0.303720538677676311	0.174481754030000499	0.0902793444004885705	0.105114166428978084	0.430981756070118863



4	G.T.ACGTCA	0.498620371742315734


A:	0.213956861813521262	0.430981756070118863	0.105114166428978084	0.0902793444004885705	0.174481754030000499	0.303720538677676311	0.101391936924882694	0.30311701485939283	0.137245222826794556	0.00659909866654132185	0.964781692295973582	0.00280504401168349265	0.0164200972959902504	0.00720852450850562918	0.0551534096537388545	0.968242865167803275	0.014831532110127337	0.162152904468145856	0.543832809700039053	0.26861842456775309	0.169400557578179655	0.228750399174281144	0.196972490323928298
C:	0.408165515501011443	0.40460067535907337	0.101913122601835609	0.340277992984328388	0.366733387059097531	0.233438593391305237	0.174096180451942549	0.352933454621530679	0.063916528437823436	0.00470469994740581088	0.00324748457515933576	0.972754113471346601	0.00439878479732337827	0.0145538732123820847	0.92443939094093496	0.00691208391396836615	0.54665767597825178	0.680684564489493506	0.0510257999101344858	0.177794582527148659	0.446650132383931193	0.14212648930358888	0.14321149921035244
G:	0.098393188575847051	0.0870216345615100598	0.236847864093670822	0.198324296708339338	0.290072791069674214	0.146248927650333108	0.551426064923210404	0.278644949323877903	0.01184370481611363	0.82473845209050609	0.018964167059080772	0.00481324173364471191	0.97465839687994126	0.00358004491244612808	0.0133950940078563124	0.0124820544975938949	0.134661741966448908	0.0771602080459839941	0.20624252187655381	0.388032822391081378	0.218424783680681526	0.0706575588449646979	0.226342323590727345
T:	0.279484434109620244	0.0773959340092977068	0.556124846875515485	0.371118365906843704	0.168712067841227756	0.316591940280685345	0.173085817699964353	0.0653045811951985884	0.786994543919268378	0.163957749295546778	0.0130066560697863101	0.0196276007833251941	0.00452272102674511174	0.974657557366666158	0.00701210539746987304	0.0123629964206344638	0.303849049945171976	0.0800023229963766438	0.198898868513272651	0.165554170514016874	0.165524526357207626	0.558465552677165279	0.433473686874991917



5	GC..ACGTCA	0.498212698177507779


A:	0.452423376657307898	0.222096298906855103	0.4247366517122038	0.162165612924641036	0.280946610840437745	0.458587722065972186	0.0963724920650709627	0.0456506815860838874	0.172503725669584308	0.025252339184273935	0.95761003394753995	0.00557776477657780975	0.0336440280141865912	0.00814863803403399281	0.0187108191849365643	0.971954513323574597	0.00372761995582975539	0.0596534145076993574	0.387229543309540655	0.266704389777998209	0.152509898720638061	0.0883786415610163876	0.161401549430313701
C:	0.0877953880550368742	0.181829052080971684	0.145908204793746476	0.217192863575185329	0.186633809056825701	0.104476044023909366	0.0500282741267642049	0.788099620846937492	0.238375927995808442	0.112999054580900843	0.00383691537420375188	0.9668276992772673	0.00319067969084622339	0.00883381175321832653	0.955077727131710659	0.00943537885354654488	0.683710875793419442	0.814280137451450729	0.25222794710471071	0.166518861338902802	0.259587281426042645	0.30086264053116623	0.454206008415346966
G:	0.175599928336560862	0.308854794183240035	0.12462334786042581	0.509872103529856903	0.251472969262298808	0.230236630185609991	0.703089048954644039	0.0436159206341163363	0.0357938808850404493	0.271740042792931936	0.024557519402511259	0.00270751771295964539	0.959557555516501392	0.00552852413277129835	0.00763238543015696423	0.012034538647056664	0.0440527128303341161	0.0874946659906749536	0.122469811899984928	0.480166936806136101	0.460720683337728704	0.154208717482620232	0.232254629630508238
T:	0.284181306951094366	0.287219854828933178	0.304731795633623915	0.110769419970316732	0.280946610840437745	0.206699603724508457	0.150510184853520794	0.122633776932862284	0.5533264654495668	0.590008563441893286	0.0139955312757450394	0.0248870182331952449	0.00360773677846579338	0.977489026079976382	0.0185790682531958127	0.00657556917582219434	0.268508791420416686	0.0385717820501749603	0.238072697685763707	0.0866098120769628886	0.12718213651559059	0.456550000425197151	0.152137812523831095



