1	ACACGTGT	0.498765614970621636


A:	0.248183568353853018	0.153462233806025483	0.178121721353572841	0.16948642610658436	0.137263924803730893	0.152270777949001841	0.193604768691347079	0.946398132685641773	0.00709651513120731832	0.982664215006595829	0.00568976335320511473	0.00329254857611206507	0.00436944024758671736	0.017096967688602434	0.00310939767784918452	0.136297789023443377	0.423803711368882823	0.568193069100115913	0.0623036867032883231	0.386540351260084569	0.065608008261917808	0.186620810040770022
C:	0.257862955188962984	0.212436156973175138	0.386291119742892651	0.0776810983448449132	0.269029483475271346	0.132204904188606234	0.124950583484250303	0.0379302577320895233	0.970443161412677657	0.00408535192473624937	0.976064424105273554	0.0149532639654092667	0.00888099282108120478	0.00536335576751259077	0.0125622119044195198	0.724104410759469506	0.176945692754504583	0.251784432364636921	0.3939388190586754	0.181512717063691197	0.52847070628634388	0.228044127902227772
G:	0.25451640803279486	0.325706767318778498	0.0940259290732340864	0.264244087508150779	0.276483025576274047	0.252880617737712577	0.33954078927496359	0.0125622119044195198	0.00536335576751259077	0.00888099282108120478	0.0149532639654092667	0.976064424105273554	0.00408535192473624937	0.970443161412677657	0.0379302577320895233	0.0227342862677071765	0.111079821733571842	0.0202514776091227026	0.252078288918579302	0.18548859135284878	0.258963353365984789	0.0442666759550076248
T:	0.239437068424389138	0.308394841902020882	0.341561229830300421	0.488588388040419948	0.317223566144723715	0.462643700124679348	0.341903858549439028	0.00310939767784918452	0.017096967688602434	0.00436944024758671736	0.00329254857611206507	0.00568976335320511473	0.982664215006595829	0.00709651513120731832	0.946398132685641772	0.116863513949379941	0.288170774143040752	0.159771020926124464	0.291679205319456975	0.246458340323375453	0.146957932085753523	0.541068386101994581



2	CCACGTGG	0.488445585621173217


A:	0.377835399869557637	0.298289252156745238	0.251128589724277266	0.293713483628649329	0.156789535217083556	0.215888862026491943	0.221638049682289097	0.345939620319761142	0.0509033719062866299	0.955135231646455057	0.0194461548005377591	0.0279661584091337114	0.00994853503501803985	0.0369118717452439424	0.0293036985378010461	0.283546970259194445	0.294368084691782692	0.190751728340499495	0.295279432063026195	0.296561650714712707	0.078782482438441598	0.332844935639520018
C:	0.0516140274320791242	0.308657903479179525	0.0488552577959262231	0.240065730098660266	0.078968992770750082	0.126401141250161465	0.0882947777215961767	0.599649627008434088	0.871777826480837179	0.0135302706881704101	0.928215585030691217	0.0243721017596373128	0.0213859626303564931	0.0404069298676322486	0.0251070541340037242	0.614207686102845912	0.163932436534709386	0.340034592707994199	0.352124458155763263	0.0698651985648902661	0.197003954117978861	0.400969398493676263
G:	0.338105269911024414	0.245822262700102366	0.0554734660471486885	0.256435323845297178	0.191954607544446143	0.241935894840870679	0.449086878975904565	0.0251070541340037242	0.0404069298676322486	0.0213859626303564931	0.0243721017596373128	0.928215585030691217	0.0135302706881704101	0.871777826480837179	0.599649627008434088	0.0524636743232670832	0.0734664645122985199	0.242215473151117155	0.185769933127303474	0.186886802775175165	0.100387028771481	0.143797277744047561
T:	0.232445302787338824	0.147230581663972871	0.644542686432647823	0.209785462427393227	0.57228686446772022	0.415774101882475913	0.240980293620210161	0.0293036985378010461	0.0369118717452439424	0.00994853503501803985	0.0279661584091337114	0.0194461548005377591	0.955135231646455057	0.0509033719062866299	0.345939620319761142	0.0497816693146925601	0.468233014261209402	0.226998205800389152	0.166826176653907068	0.446686347945221862	0.623826534672098541	0.122388388122756158



3	CACGTGTC	0.472059913123065971


A:	0.153462233806025483	0.178121721353572841	0.16948642610658436	0.137263924803730893	0.152270777949001841	0.193604768691347079	0.946398132685641773	0.037641348195045175	0.95412393179213624	0.00786594648152176984	0.0147357562506407643	0.0082352582125591916	0.0410810272519508637	0.00854179495402081271	0.136297789023443377	0.423803711368882823	0.568193069100115913	0.0623036867032883231	0.386540351260084569	0.065608008261917808	0.186620810040770022	0.282706679849168458
C:	0.212436156973175138	0.386291119742892651	0.0776810983448449132	0.269029483475271346	0.132204904188606234	0.124950583484250303	0.0379302577320895233	0.758246852390394032	0.00560673079166884641	0.941180813256495986	0.0196308860951008131	0.0310644945270375509	0.00724532951426431851	0.0261703073831702472	0.724104410759469506	0.176945692754504583	0.251784432364636921	0.3939388190586754	0.181512717063691197	0.52847070628634388	0.228044127902227772	0.20782774542260657
G:	0.325706767318778498	0.0940259290732340864	0.264244087508150779	0.276483025576274047	0.252880617737712577	0.33954078927496359	0.0125622119044195198	0.0236297587531593014	0.0309576885987765974	0.0111981774649411273	0.955254714015334388	0.00850780751061492	0.92922391084868928	0.22616721130338784	0.0227342862677071765	0.111079821733571842	0.0202514776091227026	0.252078288918579302	0.18548859135284878	0.258963353365984789	0.0442666759550076248	0.120597940131191084
T:	0.308394841902020882	0.341561229830300421	0.488588388040419948	0.317223566144723715	0.462643700124679348	0.341903858549439028	0.00310939767784918452	0.180482040661401492	0.00931164881741831596	0.0397550627970411169	0.0103786436389240343	0.952192439749788337	0.0224497323850955382	0.7391206863594211	0.116863513949379941	0.288170774143040752	0.159771020926124464	0.291679205319456975	0.246458340323375453	0.146957932085753523	0.541068386101994581	0.388867634597033889



4	CACGTGT..A	0.468104084466939003


A:	0.153462233806025483	0.178121721353572841	0.16948642610658436	0.137263924803730893	0.152270777949001841	0.193604768691347079	0.946398132685641773	0.0295038318575006973	0.957137025234572506	0.0172287032891598142	0.0197520683739295991	0.014979324889503524	0.0539173313077124202	0.0292338821514450576	0.136297789023443377	0.423803711368882823	0.568193069100115913	0.0623036867032883231	0.386540351260084569	0.065608008261917808	0.186620810040770022	0.282706679849168458	0.387035607975794069
C:	0.212436156973175138	0.386291119742892651	0.0776810983448449132	0.269029483475271346	0.132204904188606234	0.124950583484250303	0.0379302577320895233	0.849102607903417009	0.0117718623074886788	0.92938566223794912	0.0209483689716811684	0.0608463029486283896	0.017003562935618556	0.0927030923418311779	0.724104410759469506	0.176945692754504583	0.251784432364636921	0.3939388190586754	0.181512717063691197	0.52847070628634388	0.228044127902227772	0.20782774542260657	0.119202115756580136
G:	0.325706767318778498	0.0940259290732340864	0.264244087508150779	0.276483025576274047	0.252880617737712577	0.33954078927496359	0.0125622119044195198	0.0159820420025492953	0.0237665131180572939	0.0219760294605775115	0.93979241409663442	0.00299680679061480282	0.904635467223571354	0.0513935682025949026	0.0227342862677071765	0.111079821733571842	0.0202514776091227026	0.252078288918579302	0.18548859135284878	0.258963353365984789	0.0442666759550076248	0.120597940131191084	0.160835606235907993
T:	0.308394841902020882	0.341561229830300421	0.488588388040419948	0.317223566144723715	0.462643700124679348	0.341903858549439028	0.00310939767784918452	0.105411518236532999	0.00732459933988152171	0.0314096050123135547	0.0195071485577548124	0.921177565371253284	0.0244436385330976696	0.826669457304128862	0.116863513949379941	0.288170774143040752	0.159771020926124464	0.291679205319456975	0.246458340323375453	0.146957932085753523	0.541068386101994581	0.388867634597033889	0.332926670031717802



5	ACACGTG..A	0.467834740949276436


A:	0.541068386101994581	0.146957932085753523	0.246458340323375453	0.291679205319456975	0.159771020926124464	0.288170774143040752	0.116863513949379941	0.678632601578246787	0.0266408677568723821	0.90445270263398033	0.015418182168980313	0.0198532680876010494	0.0196680721828808531	0.121597373005089571	0.00310939767784918452	0.341903858549439028	0.462643700124679348	0.317223566144723715	0.488588388040419948	0.341561229830300421	0.308394841902020882	0.239437068424389138	0.306442078337335566
C:	0.0442666759550076248	0.258963353365984789	0.18548859135284878	0.252078288918579302	0.0202514776091227026	0.111079821733571842	0.0227342862677071765	0.231444688976387688	0.817053499409381758	0.00748570233705698261	0.925721886546425761	0.0501538797764079058	0.159446856000080989	0.106243669507991058	0.0125622119044195198	0.33954078927496359	0.252880617737712577	0.276483025576274047	0.264244087508150779	0.0940259290732340864	0.325706767318778498	0.25451640803279486	0.298037632210457477
G:	0.228044127902227772	0.52847070628634388	0.181512717063691197	0.3939388190586754	0.251784432364636921	0.176945692754504583	0.724104410759469506	0.0645618066179819073	0.0245269819471322559	0.0541104875120234799	0.0404937513113248409	0.869591975715110866	0.0231940386667477147	0.727106587256645822	0.0379302577320895233	0.124950583484250303	0.132204904188606234	0.269029483475271346	0.0776810983448449132	0.386291119742892651	0.212436156973175138	0.257862955188962984	0.110561631256551725
T:	0.186620810040770022	0.065608008261917808	0.386540351260084569	0.0623036867032883231	0.568193069100115913	0.423803711368882823	0.136297789023443377	0.0253609028273836185	0.131778650886613604	0.0339511075169392076	0.0183661799732690852	0.0604008764208801791	0.797691033150290443	0.0450523702302735496	0.946398132685641772	0.193604768691347079	0.152270777949001841	0.137263924803730893	0.16948642610658436	0.178121721353572841	0.153462233806025483	0.248183568353853018	0.284958658195655232



