1	AGTG..CACT	0.492774732961371978


A:	0.219728210302638369	0.21245951667772022	0.148019315416719882	0.658249122611180021	0.116778941593500025	0.119894508924891118	0.952596175925533901	0.00271477315667136538	0.0508793063647371065	0.0655248079772036374	0.417564784805808418	0.352135319451702713	0.0197501163650540198	0.930593194403548453	0.00686274697223798533	0.0314610099844531255	0.223821180803338239	0.348341138974047753	0.473655784350149053	0.302745709129466859	0.306575122991239857	0.0664386858932790562
C:	0.405475005873139913	0.462352230139849754	0.72768502161957882	0.0296501102384678654	0.234781864706843583	0.352501901211538801	0.00831308551132656579	0.15737801618495175	0.0136070456340751711	0.032511205513651388	0.236519218538283312	0.321120570082150419	0.882213870144090955	0.00492045359763926921	0.833044463686138899	0.00762972857868640759	0.303679527563211738	0.063164753448294778	0.189176588081251337	0.170682544117485725	0.0698217717678922047	0.0307231869408044145
G:	0.104366211572635524	0.121484596077950575	0.0405840932124231974	0.128138483003053206	0.327625111359106187	0.0334351268539124182	0.00762972857868640759	0.833044463686138899	0.00492045359763926921	0.882213870144090955	0.0502938165927665907	0.16152490428369552	0.032511205513651388	0.0136070456340751711	0.15737801618495175	0.00831308551132656579	0.351849906147132329	0.17369855792206803	0.140589213066359949	0.444369930135955548	0.347728690606341967	0.839410118299932062
T:	0.270430572251586193	0.203703657104479451	0.0837115697512781002	0.183962284147298908	0.320814082340550205	0.494168463009657663	0.0314610099844531255	0.00686274697223798533	0.930593194403548453	0.0197501163650540198	0.29562218006314168	0.165219206182451349	0.0655248079772036374	0.0508793063647371065	0.00271477315667136538	0.952596175925533901	0.120649385486317694	0.41479554965558944	0.196578414502239661	0.0822018166170918686	0.275874414634525972	0.0634280088659844677



2	CACTAGTG	0.491116926723286589


A:	0.305472946400884888	0.29274945282591229	0.127030870131246085	0.380719846797853357	0.255807706827593138	0.134792281902848204	0.709503266225556922	0.100666248878759448	0.952035201550648689	0.0200615662372953559	0.00671255430562215981	0.928071594068598774	0.0129851306805382829	0.0316470213272475574	0.0235021531754190053	0.3383445541386392	0.367162846732836578	0.218673733627452814	0.440602990521367746	0.233818952073178665	0.26993527560858207	0.14603766912911188
C:	0.244042029597409712	0.399620305809657708	0.230658422855003858	0.121720066313078502	0.0309140913966842142	0.17353719333012455	0.10485695847503105	0.846099602707724222	0.0102934320646785579	0.782462910871983756	0.0436653131378729563	0.0215505384879061105	0.184490392210182605	0.00602434505742519541	0.0297319952380973245	0.0793788345405647269	0.191579555926288083	0.254949731528312253	0.194388207400634393	0.532941422025509366	0.18160944469993547	0.24553618753173454
G:	0.213684155354295164	0.166463555876295417	0.357187340469432654	0.10852092284234444	0.332284364325050453	0.141197485399177038	0.0900629479792424165	0.0297319952380973245	0.00602434505742519541	0.184490392210182605	0.0215505384879061105	0.0436653131378729563	0.782462910871983756	0.0102934320646785579	0.846099602707724222	0.160631153802270598	0.221559756749770442	0.175133024832474756	0.086906850918254012	0.0538925316534293054	0.24143381902875188	0.331902388859980391
T:	0.236800868647410235	0.141166685488134584	0.285123366544317403	0.389039164046723701	0.380993837450672195	0.550473039367850209	0.0955768273201696117	0.0235021531754190053	0.0316470213272475574	0.0129851306805382829	0.928071594068598774	0.00671255430562215981	0.0200615662372953559	0.952035201550648689	0.100666248878759448	0.421645457518525475	0.219697840591104898	0.351243510011760177	0.278101951159743849	0.179347094247882663	0.30702146066273058	0.276523754479173189



3	ACTG..CAGT	0.48454001327649676


A:	0.24946151948545709	0.406151302025846526	0.271651656263979739	0.270525735344091229	0.421275804881800028	0.0286499054639943196	0.850112186886124876	0.0115241344187955799	0.135069567705269157	0.15865551228480629	0.164819407266412341	0.655249574285164163	0.0825971308496301752	0.809596226683513878	0.0576214373888043388	0.0402106366450166345	0.31740707555046561	0.36375859835758756	0.218901001549682599	0.343000777569083952	0.309362184693766498	0.149323213286785803
C:	0.275007271660070965	0.0745876261130038544	0.326406275692707893	0.217226145097422933	0.251255935716723909	0.709531962332517645	0.0587862639937825026	0.471379685544629715	0.0213347358512871289	0.174248516155991478	0.122006536624090272	0.128260801288059618	0.584498840709572056	0.0339994697599298364	0.459474742647770366	0.0508909124750759866	0.17010755232678521	0.155467225567144923	0.0513463510313229626	0.283174711568687352	0.0658542905239603333	0.175777077343100321
G:	0.123755001249940294	0.181545167317938628	0.319556218903674381	0.162012588523205233	0.0625196783944965148	0.0211110042892176791	0.0508909124750759866	0.459474742647770366	0.0339994697599298364	0.584498840709572056	0.1556938882879676	0.0490400334471269009	0.174248516155991478	0.0213347358512871289	0.471379685544629715	0.0587862639937825026	0.383021690309522589	0.289397658818453632	0.260583104698473001	0.273979172264254835	0.0522758006691344075	0.217978189580440288
T:	0.351776207604531651	0.337715904543210992	0.0823858491396379872	0.350235531035280605	0.264948581006979548	0.240707127914270357	0.0402106366450166345	0.0576214373888043388	0.809596226683513877	0.0825971308496301752	0.557480167821529787	0.167449590979649318	0.15865551228480629	0.135069567705269157	0.0115241344187955799	0.850112186886124876	0.12946368181322659	0.191376517256813884	0.469169542720521437	0.0998453385979738614	0.572507724113138761	0.456921519789673588



4	ACT.ACAGT	0.484426705190892478


A:	0.300081403907451729	0.147428154763412822	0.152705142978706079	0.530296669028378865	0.247769388635319132	0.183716486729314568	0.491393105777240667	0.888052944560880287	0.00776809113281959795	0.0437858561378551908	0.209549214052469174	0.763690620219898756	0.0393628303392032779	0.837412740818672219	0.00851565258670268496	0.0185447383547640128	0.262015933166470192	0.538551093545488099	0.269333425707577188	0.450423436547394734	0.200107910369722244	0.149438318438527221	0.107899604238089096
C:	0.451841105053776871	0.155668481413272519	0.188833257318760401	0.137625672919290693	0.192145838330385751	0.545317491785085383	0.168816858953045272	0.0142615925723499508	0.744548956521900631	0.012340530956973199	0.229854486927588365	0.0236342843622724053	0.898118704032362824	0.00301660545146717326	0.238553809497801977	0.0123349495332063548	0.0695777396949619582	0.138047436866444927	0.167750115265663572	0.115675963925064718	0.294868281238014068	0.270273664055480098	0.0437473470224962805
G:	0.142851939701051119	0.497698754075088506	0.110780607337506338	0.0551647629525791361	0.314362770706759317	0.113637240934908272	0.165463339882811945	0.0759854649599943469	0.223627309242264135	0.0184643424329604606	0.331108436713500423	0.013100638310068116	0.0297818929137836171	0.00514159019751474625	0.749816127594504474	0.00447747541921791031	0.572409857360788131	0.195380904882480755	0.262109254249591971	0.319245090578854594	0.139487676655196585	0.228304486215018659	0.157948223780811638
T:	0.105225551337720281	0.199204609748226153	0.547680992365027181	0.276912895099751306	0.245722002327535799	0.157328780550691778	0.174326695386902116	0.0216999979067754156	0.0240556431030156354	0.92540927047221115	0.229487862306442038	0.199574457107760723	0.0327365727146502811	0.154429063532345862	0.00311441032099086341	0.964642836692811722	0.0959964697777797188	0.12802056470558622	0.300807204777167269	0.114655508948685954	0.365536131737067103	0.351983531290974022	0.690404824958602986



5	AGTG.ACT.A	0.484225279067470118


A:	0.267786788135060892	0.207901754509048408	0.47943125892577106	0.174638807951391364	0.0842199316501998734	0.3777078053660125	0.14860223040322223	0.959198749173741259	0.00700282467523960983	0.00943007310560009897	0.136177657761866377	0.0961347193604650173	0.870360064815066016	0.0296415816742005352	0.0283200626529863203	0.221947599207748557	0.503711749576988244	0.631879088210684665	0.180685587431664086	0.164079393234518374	0.150323815202782868	0.331338491526127776	0.0795086008517724882
C:	0.366865112432912746	0.0524811539365165618	0.0565764352122333363	0.285827968280548233	0.169465331045726306	0.0681848144884087671	0.16063821043644562	0.00579470941296348476	0.188530135751669532	0.00544068190797673959	0.050141495697649586	0.473657316876148956	0.00637548876617842264	0.848555745038096235	0.0175048535784219824	0.239280246567455942	0.0944436643165080628	0.162177311034304668	0.126203623034954974	0.223300796597700612	0.216599588999599091	0.0532050277424393307	0.631527646061988818
G:	0.256183138431599701	0.508291996805849942	0.184463961761660712	0.306913246513541674	0.233420589384055459	0.104306574042897124	0.585616848608918724	0.0134469274007382305	0.799410738111816699	0.00530446633850678326	0.788445776554056482	0.0503208107957748781	0.0924280535783269102	0.0985192598677435533	0.0114600472541729246	0.36413278999657308	0.172274173361531659	0.142279947186732329	0.309507548764111475	0.2222224116715055	0.0865040809643873793	0.430315608921327549	0.106840553707627552
T:	0.109164961000426662	0.231325094748585088	0.279528344100334892	0.232619977254518729	0.512894147920018362	0.44980080610268161	0.105142710551413426	0.0215596140125570262	0.00505630146127415926	0.979824778647916378	0.0252350699864275541	0.379887152967611149	0.0308363928404286511	0.0232834134199596768	0.942715036514418773	0.174639364228222422	0.229570412744972034	0.0636636535682783386	0.383603240769269466	0.390397398496275514	0.546572514833230662	0.185140871810105345	0.182123199378611142



