1	AGTT.AACT	0.485085826263828943


A:	0.449247615555397139	0.189531146570339099	0.307904625566578022	0.442069039082934523	0.243067466809778269	0.493872234521183008	0.295951848039366855	0.922689355615532463	0.0146320782009697925	0.0106026798348384402	0.0256066748300043389	0.688915440373446058	0.890223428973286189	0.932580823120442248	0.0175557722287457918	0.0425203839223022525	0.170597173337948619	0.574069884676072227	0.153084231474625905	0.149967454472912224	0.117060961031296261	0.127215277401961508	0.307538240238193174
C:	0.170558199969645299	0.155774155216345478	0.0459695515738638464	0.0940983736376518455	0.0138902407424515217	0.249434755919703467	0.115077699439259903	0.00955343772966983641	0.116322386109463327	0.0376197276715751304	0.0726905887778160896	0.0671567961632884396	0.0114793074188933826	0.0191967693731441814	0.851489763460821089	0.0252368227324954478	0.170147207417286364	0.201178556713733257	0.448952535457586886	0.431229078717677069	0.222116642093494574	0.115140055478713061	0.12557784055064346
G:	0.319791365244208736	0.349140681427461973	0.102997188712697927	0.21835045096576027	0.45356482474287617	0.0652502759611477215	0.363724063291430739	0.0252368227324954478	0.851489763460821089	0.0191967693731441814	0.0114793074188933826	0.133702830702119327	0.0726905887778160896	0.0376197276715751304	0.116322386109463327	0.00955343772966983641	0.245516274889529433	0.0588460684810933076	0.0672989145554108691	0.213719019827890508	0.0916743209299108669	0.509009181315795246	0.195355907905067092
T:	0.060402819230748826	0.305554016785853449	0.543128634146860205	0.245482136313653362	0.289477467704894039	0.191442733597965804	0.225246389229942504	0.0425203839223022525	0.0175557722287457918	0.932580823120442248	0.890223428973286189	0.110224932761146175	0.0256066748300043389	0.0106026798348384402	0.0146320782009697925	0.922689355615532463	0.413739344355235584	0.165905490129101209	0.33066431851237634	0.205084446981520199	0.569148075945298298	0.248635485803530184	0.371528011306096274



2	AGTTAACT	0.484063195960397786


A:	0.149217784001101934	0.401859378448301434	0.839141913561018523	0.768941253635134064	0.23964189856936829	0.279414915219013686	0.470624538953557724	0.890780945749880871	0.0061530869608563858	0.0111033874915426687	0.016589342977683396	0.946686978781635315	0.936518118709879335	0.0142645245398243881	0.0811633381693153206	0.21370015837819641	0.54170150430024261	0.262158770604567544	0.121677284732500639	0.190374450671219313	0.419137465496612829	0.202487315292465033
C:	0.0899432334595383931	0.125523926123522087	0.047377467795273253	0.0740835594293559093	0.17030980548109125	0.179409122408719012	0.148240985584273099	0.00442101880643417964	0.054103259752727407	0.0406934819185157322	0.0189344264939721756	0.0177892517467091131	0.011685011880062264	0.925479128746591819	0.0236346972743696287	0.131296139224921076	0.0962116002305591258	0.484089134017476026	0.0185506739770327328	0.126079584795521027	0.0678062601918931222	0.176956517419271638
G:	0.289915789771290522	0.0677220046788129416	0.0280793935081335948	0.0071366542968704638	0.162621485732719794	0.117317220001225247	0.165473996709955362	0.0236346972743696287	0.925479128746591819	0.011685011880062264	0.0177892517467091131	0.0189344264939721756	0.0406934819185157322	0.054103259752727407	0.00442101880643417964	0.255775527849049794	0.129657976607898538	0.0669321568824577722	0.41166338987962422	0.0590537470091423679	0.195481201584042217	0.149889316666704477
T:	0.470923192768069151	0.404894690749363537	0.0854012251355746289	0.149838532638639562	0.427426810216820666	0.423858742371042055	0.215660478752213815	0.0811633381693153206	0.0142645245398243881	0.936518118709879335	0.946686978781635315	0.016589342977683396	0.0111033874915426687	0.0061530869608563858	0.890780945749880871	0.39922817454783272	0.232428918861299726	0.186819938495498657	0.448108651410842407	0.624492217524117292	0.317575072727451832	0.470666850621558852



3	AACT.AGTT	0.475641216450860743


A:	0.294630364019510119	0.246414255878299356	0.0196734166569760594	0.0350983090599700245	0.175590527402344094	0.0951261356810241529	0.262484923341155254	0.9794580313321435	0.937867031728159884	0.011566347784748867	0.0186691792605632351	0.477807882252381197	0.957240487185718872	0.00408915663797256859	0.0385659265364457588	0.00931001802704123913	0.480963012456406016	0.212521362247239521	0.58742097212613373	0.50398553712589909	0.295784319488002735	0.187881818592530972	0.310187803649901235
C:	0.186234211086662699	0.291787379028321786	0.724604451956519858	0.0289598857174400803	0.174901621237917548	0.229471784031276323	0.372400600307797915	0.00623591072377505543	0.00718648080031063923	0.915448140434623246	0.0205737153021497127	0.188854922808459098	0.00351661825156818055	0.0688963551426553182	0.0163805609350837183	0.00499603991704020513	0.219342969136778548	0.171717497920333641	0.0777150459612382816	0.254946875726273561	0.144152220580793391	0.321338807608048231	0.0243516664750082699
G:	0.304622919198125766	0.123349311310513652	0.0393232152538876892	0.923159402041283639	0.589488694752315953	0.381879838408734279	0.0735858149723672583	0.00499603991704020513	0.0163805609350837183	0.0688963551426553182	0.00351661825156818055	0.112089726607015423	0.0205737153021497127	0.915448140434623246	0.00718648080031063923	0.00623591072377505543	0.143952010593898053	0.107546770877452526	0.167431990956313994	0.13880914324194544	0.384771742220888638	0.0760391497213824942	0.217117655257800184
T:	0.214512505695701416	0.338449053782865206	0.216398916132616394	0.0127824031813062567	0.0600191566074224056	0.293522241878965245	0.291528661378679572	0.00931001802704123913	0.0385659265364457588	0.00408915663797256859	0.957240487185718872	0.221247468332144282	0.0186691792605632351	0.011566347784748867	0.937867031728159884	0.9794580313321435	0.155742007812917383	0.508214368954974313	0.167431990956313994	0.102258443905881909	0.175291717710315235	0.414740224078038303	0.448342874617290311



4	A.TTAAACT	0.470808104620576704


A:	0.449247615555397139	0.189531146570339099	0.307904625566578022	0.442069039082934523	0.243067466809778269	0.493872234521183008	0.295951848039366855	0.805507153748006674	0.0146320782009697925	0.0551687847505926283	0.028466068315111191	0.688915440373446058	0.930272076158587687	0.866300950870148199	0.00702971144512145618	0.0311752769864049303	0.170597173337948619	0.574069884676072227	0.153084231474625905	0.149967454472912224	0.117060961031296261	0.127215277401961508	0.307538240238193174
C:	0.170558199969645299	0.155774155216345478	0.0459695515738638464	0.0940983736376518455	0.0138902407424515217	0.249434755919703467	0.115077699439259903	0.0502118524394778146	0.116322386109463327	0.126139763896867789	0.160562187647326908	0.0671567961632884396	0.0196017206446957727	0.016804639790752479	0.769858984900851863	0.031269872486615772	0.170147207417286364	0.201178556713733257	0.448952535457586886	0.431229078717677069	0.222116642093494574	0.115140055478713061	0.12557784055064346
G:	0.319791365244208736	0.349140681427461973	0.102997188712697927	0.21835045096576027	0.45356482474287617	0.0652502759611477215	0.363724063291430739	0.064700570700325169	0.851489763460821089	0.0363834233781095444	0.0255246071294939011	0.133702830702119327	0.0268295145488974253	0.104954756267543048	0.216975742252513977	0.00685354997531583051	0.245516274889529433	0.0588460684810933076	0.0672989145554108691	0.213719019827890508	0.0916743209299108669	0.509009181315795246	0.195355907905067092
T:	0.060402819230748826	0.305554016785853449	0.543128634146860205	0.245482136313653362	0.289477467704894039	0.191442733597965804	0.225246389229942504	0.0795804231121903427	0.0175557722287457918	0.782308027974430038	0.785447136908068	0.110224932761146175	0.0232966886478191149	0.0119396530715562743	0.00613556140151270434	0.930701300551663467	0.413739344355235584	0.165905490129101209	0.33066431851237634	0.205084446981520199	0.569148075945298298	0.248635485803530184	0.371528011306096274



5	ACT..AGTTA	0.465947027974920178


A:	0.372188529191424284	0.15885311318447404	0.141588878314160692	0.159093815913378151	0.181824915184169276	0.341409761182040561	0.865531434817924813	0.149233778535304805	0.0588513185419413199	0.281907155313830583	0.486358614882989953	0.893131662454866473	0.0113070176675513959	0.03567953753634505	0.0859046298438979133	0.780343931916198572	0.637640051168156206	0.203076309483637664	0.182924891882871202	0.10211936159710176	0.255581560925795526	0.319861082232007029
C:	0.0925069715004297993	0.0240769677534338864	0.588515950817940418	0.463130582609981207	0.258509979915849985	0.157571076412851743	0.0290469105915031647	0.748028349364663579	0.0326013503865829221	0.0928402667904014985	0.0851457812516659422	0.0154149504761746471	0.0851451009974787118	0.0259268392961349321	0.0129306565326760401	0.0915463210894114055	0.0488238069830767387	0.566820906101753204	0.0983992438866716025	0.368188412528827017	0.443750490219339058	0.13593034142326019
G:	0.190021495246687226	0.615544856879119163	0.0403626793208816308	0.173689052864110516	0.360594561480524233	0.0220568717276717337	0.0232471893849277973	0.0471823223134106299	0.255931327911738458	0.0260802450111356169	0.21333871482398276	0.0381989592689652171	0.883784207272882534	0.0391019524552865616	0.0248059595610583604	0.0338027052229042923	0.128599326764869991	0.0609441451427378651	0.0611169207515146878	0.205047251776521064	0.147205666717623877	0.128066581516562518
T:	0.34528300406145869	0.201525062182972911	0.22953249154701726	0.204086548612530125	0.199070543419456506	0.478962290677435963	0.0821744652056442253	0.0555555497866209858	0.6526160031597373	0.599172332884632301	0.215156889041361345	0.0532544277999936633	0.0197636740620873588	0.899291670712233456	0.876358754062367686	0.0943070417714857306	0.184936815083897064	0.169158639271871267	0.657558943478942508	0.324644974097550158	0.153462282137241539	0.416141994828170263



