1	AGTTAACT	0.494795832716140819


A:	0.0416021697429813886	0.523041303111789426	0.678621182805069928	0.343942981630894191	0.558113393944036745	0.2109234388566491	0.372296789961719826	0.974751314894216395	0.00315098768964058374	0.00858571400238869876	0.00299883477953543861	0.973379564758991478	0.973078141177547853	0.00475520868289979184	0.0109753459897936641	0.293461449153544419	0.554682589927475932	0.405741219864443481	0.155340760955182142	0.522737451737358431	0.168474276855573068	0.266567380235480421
C:	0.23988121331125426	0.207286335885199988	0.0394475446759677482	0.215012743690219718	0.0876093765024742577	0.297069262670270991	0.148620859243444156	0.00922058719281876409	0.0336595081233447555	0.0115824976585757367	0.0102476002499098241	0.0133740002115632593	0.00675364716148771139	0.958434295504114869	0.0050527519231711772	0.311063229697312401	0.0986380628775093643	0.111986646113904935	0.0654339953790754875	0.218215882147956771	0.174926697901477879	0.384298091246308134
G:	0.601108974574941049	0.129734603248223793	0.0871496365625188825	0.0625862903345481409	0.0458372709375079184	0.114903219559488617	0.212975559495273772	0.0050527519231711772	0.958434295504114869	0.00675364716148771139	0.0133740002115632593	0.0102476002499098241	0.0115824976585757367	0.0336595081233447555	0.00922058719281876409	0.0768609626872554365	0.228857077735439622	0.237994670706738719	0.440566635994937352	0.0405832766406165571	0.182457242079493769	0.288164295318890242
T:	0.117407642370823303	0.139937757754786793	0.194781635956443441	0.37845798434433795	0.308439958615981079	0.377104078913591293	0.266106791299562247	0.0109753459897936641	0.00475520868289979184	0.973078141177547853	0.973379564758991478	0.00299883477953543861	0.00858571400238869876	0.00315098768964058374	0.974751314894216395	0.318614358461887744	0.117822269459575081	0.244277463314912865	0.338658607670805019	0.218463389474068241	0.474141783163455285	0.0609702331993212017



2	ACTTAAGT	0.493122006616303757


A:	0.205501291619141059	0.524558865224644377	0.266788530381357549	0.444734331065893311	0.463148491750195499	0.112076339198586223	0.442620653698769727	0.958186843484870632	0.00230657189007808903	0.0220412594433914786	0.00531742833521003286	0.968006878781170488	0.965117245106385205	0.00507753678019784083	0.0129858143113603928	0.132761930456280825	0.617493120613769213	0.20895159302126626	0.217117899311130235	0.317698847337886511	0.307175449266957474	0.200568551851373481
C:	0.099949139086706411	0.216345450299160137	0.0961137770691906891	0.217724172115965638	0.142516100574065342	0.118995406547407551	0.0825781232731698972	0.0043094951263459885	0.916773969019514891	0.0103852193340704172	0.0127357429107888841	0.0139399499728305954	0.00245627611615289964	0.0758419223102091791	0.0245178470774229869	0.168748618246087921	0.11796505724473618	0.159224281266244972	0.341951501709211366	0.361927659163384687	0.0723855142096630711	0.100967854681527285
G:	0.432272391524364764	0.147324569135283529	0.509080063875067795	0.266803717828529426	0.0806509743666981235	0.190641610029522104	0.154062996977987559	0.0245178470774229869	0.0758419223102091791	0.00245627611615289964	0.0139399499728305954	0.0127357429107888841	0.0103852193340704172	0.916773969019514891	0.0043094951263459885	0.148146913010590696	0.1505540360680208	0.328373715762626545	0.244288869428992914	0.159917577624103446	0.167898056253867845	0.281647961351174662
T:	0.262277177769787766	0.111771115340911956	0.128017628674383967	0.0707377789896116246	0.313684433309041035	0.578286644224484121	0.320738226050072817	0.0129858143113603928	0.00507753678019784083	0.965117245106385205	0.968006878781170488	0.00531742833521003286	0.0220412594433914786	0.00230657189007808903	0.958186843484870632	0.550342538287040557	0.113987786073473808	0.303450409949862223	0.196641729550665485	0.160455915874625356	0.45254098026951161	0.416815632115924572



3	AACTAGTT	0.48659457858095097


A:	0.556906916644672693	0.707722093342176252	0.259305006619072818	0.406141104570851098	0.0952310769369476104	0.295458027790077061	0.257518170158076247	0.959792950054942754	0.952638608545545913	0.00861459124033561602	0.0482114224464377789	0.914080894008554792	0.00436468796428344315	0.0282891823459815624	0.0215680828201332107	0.531887774832846806	0.294881849040214559	0.487641187958628294	0.427287163354308931	0.236828693877880927	0.176904484093214119	0.425571878011642721
C:	0.087511973954835377	0.18448322736379385	0.0903446010962052016	0.197238459005065657	0.0872288320503585738	0.270700892773677314	0.146396768232580313	0.00939717944252939799	0.00956511426507077611	0.911058979394605875	0.0212351325955222901	0.0164725509494851391	0.0759617414007750662	0.00950709484340174852	0.00924178768239463714	0.208595874984776501	0.542951700914771272	0.313563322299556381	0.0693600593749979951	0.26802298612023664	0.129257054897490752	0.165030033532355884
G:	0.0683090529016659509	0.0380192933645570235	0.255722564609428224	0.0796865966681449592	0.448409603408367558	0.0700226038572772287	0.206073070709997577	0.00924178768239463714	0.00950709484340174852	0.0759617414007750662	0.0164725509494851391	0.0212351325955222901	0.911058979394605875	0.00956511426507077612	0.00939717944252939799	0.104710402044077533	0.0636888820304788539	0.185361794341554617	0.263881850814330006	0.27631012842317091	0.196697775044440684	0.177331808617079851
T:	0.287272056498825979	0.0697753859294728739	0.394627827675293756	0.316933839755938285	0.369130487604326258	0.363818475578968396	0.390011990899345864	0.0215680828201332107	0.0282891823459815624	0.00436468796428344315	0.914080894008554792	0.048211422446437779	0.00861459124033561602	0.952638608545545913	0.959792950054942754	0.154805948138299161	0.0984775680145353155	0.0134336954002607085	0.239470926456363068	0.218838191578711524	0.497140685964854445	0.232066279838921545



4	AGTT..AACT	0.483498740927270034


A:	0.242189529371714354	0.0999304713376099532	0.39345076055521425	0.107140694840744216	0.114244431441253308	0.193421015698559893	0.811344311438004365	0.00936685504096081272	0.131249523669071625	0.0183326208813005733	0.359927777415913689	0.185254835835485759	0.805113251228653822	0.812724990472928569	0.0138718683269636479	0.0683895545766746247	0.579903751570067872	0.316628122315132493	0.226411704377307227	0.229987999457004164	0.248431775754244981	0.567495826657498557
C:	0.109003737217138581	0.277429830001663608	0.258736193987130889	0.532594081079048686	0.629221781201173871	0.154854731795184561	0.0439496811739884187	0.282538768074568447	0.042679209335013698	0.0606362336265358435	0.174101766732806792	0.165777734090523549	0.115917894263509762	0.013346276522986108	0.694222508557507093	0.076316452811332591	0.140776641632846015	0.230651732989073551	0.0724067054031726476	0.260432863370831594	0.179577627708252472	0.122911160843801886
G:	0.43295306379958813	0.237877958293924392	0.120747285475398816	0.241228203031812535	0.106781573887589766	0.158037412746448417	0.076316452811332591	0.694222508557507093	0.013346276522986108	0.115917894263509762	0.271792250122374505	0.215935866146512223	0.0606362336265358435	0.042679209335013698	0.282538768074568447	0.0439496811739884187	0.100484296018045344	0.182970904065741096	0.311963523049069964	0.164356968393574671	0.214445467933558478	0.190595845939723324
T:	0.215853669611558934	0.384761740366802046	0.227065759982256045	0.119037021048394563	0.149752213469983055	0.493686839759807128	0.0683895545766746247	0.0138718683269636479	0.812724990472928569	0.805113251228653822	0.194178205728905014	0.433031563927478469	0.0183326208813005733	0.131249523669071625	0.00936685504096081272	0.811344311438004365	0.17883531077904077	0.26974924063005286	0.389218067170450161	0.345222168778589571	0.357545128603944068	0.118997166558976233



5	AGTT.AACT	0.482220439397679585


A:	0.403517317196195404	0.390325260659657104	0.540456114231758095	0.30133369419145185	0.317296104899282772	0.420389623932624838	0.490702330488944038	0.966400752808343924	0.00303440335886708114	0.0246551531916815541	0.0106405790472855989	0.197978925185784432	0.956448056350343183	0.915586481965009965	0.007929774007404839	0.0225084070031722012	0.217987338920413348	0.461332122945239068	0.222112883481861984	0.126904193112731344	0.126816915709012868	0.296744779128856204	0.452463210830533197
C:	0.0886998054102228977	0.131035394981942823	0.0475332816852514176	0.084179933421494579	0.129055489277819511	0.157966302654343099	0.0851153202515121737	0.00449101762634111079	0.0689165154263814103	0.0546034653122183897	0.0269497664547397132	0.160114794453587857	0.00596159814763150442	0.00515489953109009139	0.92011930720734667	0.00659982256214276357	0.216818570713322255	0.136913408070887637	0.0998224300608005227	0.217185681607634323	0.276458023628673949	0.30125355827691578	0.192885021814245927
G:	0.0630502073045780966	0.266784474323407132	0.29870669419306134	0.388127449336934666	0.360756574422819736	0.212870889026967472	0.208692637140076248	0.00659982256214276357	0.92011930720734667	0.00515489953109009139	0.00596159814763150442	0.133753902500377972	0.0269497664547397132	0.0546034653122183897	0.0689165154263814103	0.00449101762634111079	0.252084603082118553	0.327540050024428962	0.513315436544639542	0.433226713978182845	0.108474074527686686	0.0941769805652246205	0.0480741589678177031
T:	0.444732670089003602	0.21185487003499294	0.113303909889929147	0.226358923050118905	0.19289183140007798	0.208773184386064591	0.21548971211946754	0.0225084070031722012	0.007929774007404839	0.915586481965009965	0.956448056350343183	0.50815237786024974	0.0106405790472855989	0.0246551531916815541	0.00303440335886708114	0.966400752808343924	0.313109487284145843	0.0742144189594443328	0.164749249912697951	0.222683411301451488	0.488250986134626497	0.307824682029003395	0.306577608387403173



