1	AGTGCACT	0.493259924945684377


A:	0.416435176885791642	0.143828136302846126	0.529480827830474615	0.16655802889985477	0.268403226732324863	0.146417344494637603	0.246577618008286738	0.972788667735358716	0.00345764507247509724	0.0159569545766176437	0.0412345474142785257	0.00707151160047735101	0.973713765853933245	0.00353094467180721679	0.0187027939728249337	0.191038602855489883	0.429001642562893459	0.349173508697368885	0.104509711600598568	0.0644875712802291066	0.179356230261902499	0.119777365071249457
C:	0.181472216705417233	0.171969356223323474	0.232032639765705128	0.506435816679910571	0.193737031486055937	0.443901117102068728	0.29504946355382757	0.00311886655011016141	0.0288677220497493251	0.00828213053827361079	0.0180405429615545592	0.933653398023689564	0.0020471490311755009	0.964143688205968361	0.00538967174170618843	0.176799984733342704	0.100762317748151193	0.16422148467383407	0.185864378239798005	0.187115213443673308	0.397755593526686869	0.0935013961993566013
G:	0.141452895242119923	0.500929331616084662	0.127791555119351782	0.176936326520385954	0.111804470125751434	0.128825384093940726	0.227331456917340697	0.00538967174170618843	0.964143688205968361	0.0020471490311755009	0.933653398023689564	0.0180405429615545592	0.00828213053827361079	0.0288677220497493251	0.00311886655011016141	0.522480947667703816	0.320620842758912357	0.287110105107169325	0.642358748423396429	0.0759400044965051619	0.195387305224279082	0.160811066234996808
T:	0.260639711166671202	0.183273175857745738	0.110694977284468475	0.150069827899848705	0.426055271655867766	0.280856154309352943	0.231041461520544994	0.0187027939728249337	0.00353094467180721679	0.973713765853933245	0.00707151160047735101	0.0412345474142785257	0.0159569545766176437	0.00345764507247509724	0.972788667735358716	0.109680464743463598	0.149615196930042991	0.19949490152162772	0.0672671617362069979	0.672457210779592424	0.22750087098713155	0.625910172494397134



2	AGTG..CACT	0.490399227549279393


A:	0.131716736506249043	0.398576659191132305	0.0856608340771643265	0.705016919109876017	0.0353520339393277975	0.191033376961848639	0.944442297293294264	0.00207155060451325405	0.0253590575664400284	0.0296234240816481565	0.321475417019315295	0.430595637567969717	0.0138858713730034371	0.958973204950659441	0.0062641830437524007	0.0317005319478880549	0.246984965780055223	0.314595354533610091	0.189902082112490074	0.252151852913413003	0.218459551929408079	0.17993299576899875
C:	0.346665789388704714	0.464703052487385384	0.758932752010062554	0.0322304709544473296	0.565073958977931743	0.166519331802883293	0.00476885665912370827	0.0715032400185912803	0.00880343953562660248	0.0173224662305774309	0.481299641916681672	0.130586069324323303	0.939168238314770976	0.0068642979472739281	0.920161026333143065	0.019088314099693973	0.313715309489517129	0.249075090809605853	0.411824904157909424	0.0944051088261850538	0.116280908408428119	0.0794644913923569121
G:	0.236696568398591739	0.03194697729497142	0.0846544838956418926	0.14911621266820204	0.176517752519421136	0.0506413519150101121	0.019088314099693973	0.920161026333143065	0.0068642979472739281	0.939168238314770976	0.0968620078546643193	0.144620462650222148	0.0173224662305774309	0.00880343953562660248	0.0715032400185912803	0.00476885665912370827	0.148500208236126502	0.201177688756304228	0.291165255934658251	0.55732254074388368	0.433869990713783487	0.597124000617799853
T:	0.284920905706454504	0.104773311026510891	0.0707519300171312267	0.113636397267474613	0.223056254563319323	0.591805939320257956	0.0317005319478880549	0.0062641830437524007	0.958973204950659441	0.0138858713730034371	0.100362933209338713	0.294197830457484832	0.0296234240816481565	0.0253590575664400284	0.00207155060451325405	0.944442297293294264	0.290799516494301146	0.235151865900479828	0.107107757794942251	0.0961204975165182633	0.231389548948380315	0.143478512220844485



3	CACT..AGTG	0.488525156766898731


A:	0.293669953542866619	0.136258072714835469	0.321149474893553046	0.309507403569050153	0.0239850841326696077	0.0802341121910863215	0.0153769627120724109	0.931844821139708231	0.00387973559313284633	0.0406996182315338325	0.308280471992666751	0.149753426642439873	0.937445374853124041	0.0072714215643327858	0.0353131408895781501	0.0250205534397632962	0.156311843690037969	0.617273431684878028	0.460405146165559493	0.114013336399049313	0.282394164460768924	0.416863209630405128	0.151676294124191122
C:	0.0634861316575803993	0.282566590154692264	0.300222488035294952	0.190314133527169126	0.115823479206421154	0.151132912374762254	0.919075870692771055	0.00245818013579582492	0.941646187455299771	0.0114056804445311503	0.290836156188370918	0.150783201122765779	0.0104493264708109758	0.0472026553872345968	0.030383857834917794	0.0405266131553932375	0.223894248131298977	0.0476691117325800107	0.368029572097663485	0.0749498198660513319	0.225393528673473267	0.170653335098996533	0.204475906704795598
G:	0.379496280930349091	0.182721487066309392	0.205981898265419612	0.356165738427561412	0.0488979779494798276	0.578726800194166361	0.0405266131553932375	0.030383857834917794	0.0472026553872345968	0.0104493264708109758	0.308280471992666751	0.276532268457917855	0.0114056804445311503	0.941646187455299771	0.00245818013579582492	0.919075870692771055	0.106408445040314922	0.249598882335217087	0.135434054199036404	0.433213513452409799	0.25386632469532104	0.0797262454169352309	0.0310107098722082645
T:	0.26334763386920389	0.398453850064162876	0.17264613880573239	0.144012724476219309	0.811293458711429411	0.189906175239985063	0.0250205534397632962	0.0353131408895781501	0.0072714215643327858	0.937445374853124041	0.0926028998262955795	0.422931103776876494	0.0406996182315338325	0.00387973559313284633	0.931844821139708231	0.0153769627120724109	0.513385463138348131	0.0854585742473248742	0.0361312275377406172	0.377823330282489556	0.238345982170436769	0.332757209853663108	0.612837089298805016



4	CAGTACTG	0.487429022860810744


A:	0.152633637364406474	0.536782275851415857	0.449557049314501788	0.135521825729456643	0.275406744883957842	0.309199513879060881	0.18002303891673751	0.0349383814289233466	0.947435564436904244	0.00532071942438194803	0.00780333359743684713	0.97491583471626001	0.0042551172784796327	0.035347437988275688	0.108288378720042803	0.145398101922492015	0.212792552409233568	0.467172764543057404	0.291718559623310411	0.153302364009024755	0.0992462525584825521	0.191362902676784712
C:	0.35417509531128407	0.043134485512268242	0.165603963938997706	0.591506049143789304	0.381782281532605869	0.17235056807716942	0.618076703264793385	0.820657273639131996	0.0107530502636611768	0.0583808504853241891	0.0122432750331455551	0.00503755665315758753	0.93204331281181423	0.00646394731115889118	0.0361159662119018537	0.0598869993022961865	0.289814295728105753	0.251693870641132288	0.1183352989680622	0.599506650468986787	0.166402007603701559	0.30138839960288597
G:	0.254534507473319265	0.288987626704625031	0.170617423750779124	0.124256940979875187	0.139656337650148306	0.139687838299981812	0.0788310182356419054	0.0361159662119018537	0.00646394731115889118	0.93204331281181423	0.00503755665315758753	0.0122432750331455551	0.0583808504853241891	0.0107530502636611768	0.820657273639131996	0.0925840148675132527	0.247012351596186196	0.119540764609102056	0.430897463548223177	0.18710287245381926	0.214279642781822555	0.327801898499130044
T:	0.238656759850990191	0.13109561193169087	0.214221562995721382	0.148715184146878867	0.203154635933287983	0.378762079743787887	0.1230692395828272	0.108288378720042803	0.035347437988275688	0.0042551172784796327	0.97491583471626001	0.00780333359743684713	0.00532071942438194803	0.947435564436904244	0.0349383814289233466	0.702130883907698546	0.250380800266474482	0.161592600206708251	0.159048677860404212	0.0600881130681691978	0.520072097055993334	0.179446799221199273



5	AGTG.CACT	0.486040483831152802


A:	0.0508212239284764233	0.135936947169718892	0.0561249612128728737	0.345247777038194489	0.37886261175005055	0.23501811064633604	0.128596174805474852	0.902976415917657636	0.00343302228302585048	0.00969359114488705805	0.0118850229684580794	0.218082402987229875	0.00782978839915234838	0.976261083136059714	0.00342371945883077634	0.0853487649183180501	0.215250434248734453	0.290838513054734469	0.185220174153098322	0.445304263054345444	0.620972444120184121	0.405807858355361775	0.172085806939142005
C:	0.171484737992515676	0.0857624414679019392	0.23297315329817245	0.267812123281916604	0.222156459582410808	0.213919013337073863	0.402894989133325586	0.00298501996921372603	0.035572035832188786	0.0100167123999741787	0.00982171946547090513	0.367585686366655616	0.970463469166918667	0.00402861331907904936	0.957571222425954587	0.00868979919481058803	0.374798371158975425	0.103267840766178044	0.279658576982258736	0.315121875140654736	0.212666391226592619	0.193780164857590245	0.0866516860156337149
G:	0.373774193103433604	0.15571765226943276	0.23426530746808557	0.268914453135453906	0.23666131850337794	0.386487361462448058	0.297064727761965529	0.00868979919481058803	0.957571222425954587	0.00402861331907904936	0.970463469166918667	0.0443243131258861825	0.00982171946547090513	0.0100167123999741787	0.035572035832188786	0.00298501996921372603	0.350618058186416284	0.346762535322841669	0.28761427037007553	0.162552398830785202	0.0781518138100720705	0.127642761006479442	0.358180327036867742
T:	0.403919844975574297	0.622582959092946409	0.476636578020869106	0.118025646544435001	0.162319610164160702	0.164575514554142039	0.171444108299234034	0.0853487649183180501	0.00342371945883077634	0.976261083136059714	0.00782978839915234838	0.370007597520228327	0.0118850229684580794	0.00969359114488705805	0.00343302228302585048	0.902976415917657636	0.059333136405873838	0.259131110856245818	0.247506978494567412	0.0770214629742146174	0.0882093508431511893	0.272769215780568538	0.383082180008356538



