1	AACT.AGTT	0.48140844371682294


A:	0.206081089572597993	0.331789494005123174	0.0506052983318485453	0.0705461583016573628	0.115184667082349977	0.0897627929748890742	0.18184692313308166	0.929941475418344525	0.829239392193077976	0.00953557980417939756	0.0309653268069316844	0.209745329935489542	0.841880921776323618	0.00519140134329630547	0.121861753957804312	0.0210427511729819103	0.228574264515885017	0.278515487097397193	0.213502351270181253	0.507671645566876845	0.215672431451829471	0.562770151349532632	0.256322224736672734
C:	0.170333340381828311	0.294253866363505388	0.624228583293733057	0.158388955488628475	0.431624996449126396	0.294057242397771774	0.272325234601156611	0.015104806912665519	0.00923751006581066864	0.711645605406322242	0.117219716825916932	0.243083118844323755	0.00993403459082776588	0.273627413446202055	0.0396613437833070425	0.0339109664960080461	0.328527208745129542	0.188156728319735448	0.37499541694464735	0.283473900300329493	0.361234577569816915	0.0776248442783156423	0.0527157439450904146
G:	0.49237813091571455	0.15066261021475585	0.231741955846539507	0.755766954111481269	0.413392901776638542	0.370713970964772206	0.314513899908742234	0.0339109664960080461	0.0396613437833070425	0.273627413446202055	0.00993403459082776588	0.207493644973448574	0.117219716825916932	0.711645605406322242	0.00923751006581066864	0.015104806912665519	0.259422261678029869	0.277912606690503025	0.205751115892585699	0.131497120018207818	0.182371098925950097	0.25554127622414638	0.116429560790212007
T:	0.131207439129859146	0.223294029416615588	0.0934241625278788909	0.0152979320982328924	0.0397974346918850855	0.245465993662566946	0.231313942357019496	0.0210427511729819103	0.121861753957804312	0.00519140134329630547	0.841880921776323618	0.33967790624673813	0.0309653268069316844	0.00953557980417939756	0.829239392193077976	0.929941475418344525	0.183476265060955572	0.255415177892364335	0.205751115892585699	0.0773573341145858435	0.240721892052403516	0.104063728148005346	0.574532470528024845



2	AGT.AT.ACT	0.479194572605050355


A:	0.256517688724792675	0.0831399435729732983	0.10019011005145594	0.0751018858850539965	0.170310361163832532	0.552719367524974294	0.866423272774933535	0.0211403257782304111	0.0354903803224462455	0.339671358804420876	0.821597407931892659	0.0559481346339207181	0.574929534921726961	0.857083494707344735	0.0390864963742324089	0.0681572009899848164	0.250589772892094159	0.0554035098448077094	0.0513174620452251219	0.26925955194950681	0.444789005458071965	0.382438972783367825
C:	0.301623708930749982	0.832884383066886132	0.0354498396927754301	0.074557644634174164	0.175997623751574532	0.152918033948363027	0.0209169609768342912	0.112148952088918202	0.0484591544787361069	0.105904420127148731	0.0369973567943122349	0.0854571006398743884	0.0413520097503429441	0.0589669704914729127	0.827624225758618978	0.0445025652582473575	0.362939911678392974	0.632776470837516655	0.517643061152405795	0.18933227355287181	0.263780094531812491	0.194889291995851971
G:	0.211193616411959567	0.0420734750057035806	0.124356709112075215	0.223902542194567978	0.538543873747840209	0.273625542217213498	0.0445025652582473575	0.827624225758618978	0.0589669704914729127	0.110101116679375985	0.0854571006398743884	0.0369973567943122349	0.126601413605358655	0.0484591544787361069	0.112148952088918202	0.0209169609768342912	0.0925609350008947762	0.215962650840459221	0.225166299951223301	0.47906676180973271	0.0937185457971682916	0.182445674589139376
T:	0.230664985932497776	0.0419021983544369885	0.740003341143693414	0.626437927286203862	0.115148141336752726	0.0207370563094491808	0.0681572009899848164	0.0390864963742324089	0.857083494707344735	0.444323104389054408	0.0559481346339207181	0.821597407931892659	0.25711704172257144	0.0354903803224462455	0.0211403257782304111	0.866423272774933535	0.293909380428618091	0.0958573684772164144	0.205873176851145782	0.0623414126878886698	0.197712354212947253	0.240226060631640828



3	AACTAGTT	0.475293942550974847


A:	0.225308242751880059	0.136608500052448425	0.188114061448007675	0.353102766449417641	0.486142761178246792	0.239920984881133515	0.266797766936050756	0.791693649696617319	0.604427267071022605	0.0381526201094037203	0.274640744814997755	0.646275627610827462	0.0147985300803084031	0.277101429640799794	0.0583772899802018899	0.682587812085214969	0.155637035956207175	0.122804485435774471	0.252992089513916231	0.139892758434246991	0.408567404668032259	0.163240480541810723
C:	0.440823906798011395	0.286292755448745152	0.506136839527594283	0.0440860613630079827	0.14704397750485195	0.110086712386661022	0.225021842547794778	0.0286727783451214258	0.0169369507939826692	0.872178495317603383	0.0379004704474240313	0.0411831571267507514	0.0748703544926844941	0.101534352494194932	0.121256281978059366	0.0720287373078829322	0.315023939738312698	0.47479340092903652	0.115425547589580593	0.449712008936232611	0.34181505608810643	0.116068807334549392
G:	0.151219518125308802	0.447083407241984066	0.200025726163717405	0.00984265396413262221	0.209482878493905053	0.301867551470485705	0.190702659223485752	0.121256281978059366	0.101534352494194932	0.0748703544926844941	0.0411831571267507514	0.0379004704474240313	0.872178495317603383	0.0169369507939826692	0.0286727783451214258	0.089735155711977625	0.41285352649703055	0.174729962160556308	0.144646719340157489	0.104476670264942935	0.168518789648729879	0.636998119908307783
T:	0.182648332324799745	0.130015337256822356	0.105723372860680638	0.592968518223441754	0.157330382822996205	0.348124751261719758	0.317477731292668713	0.0583772899802018899	0.277101429640799794	0.0147985300803084031	0.646275627610827462	0.274640744814997755	0.0381526201094037203	0.604427267071022605	0.791693649696617319	0.155648294894924473	0.116485497808449577	0.227672151474632701	0.486935643556345687	0.305918562364577463	0.0810987495951314314	0.0836925922153321018



4	AAC.CAGTT	0.473584296987443546


A:	0.512019440750397934	0.392293759762051135	0.0865808705706237796	0.127794400838862854	0.0424709577430326117	0.178535048264299627	0.300953050105512007	0.85952235464561279	0.80927941874888706	0.0417191237555544064	0.0309653268069316844	0.142236971962733706	0.905047481739613389	0.00618344025816881082	0.101708354985648229	0.00996030943693451022	0.22432864368943305	0.137485320228165004	0.27194745390031041	0.751933161660964368	0.0208109654199601868	0.209497694599354786	0.131229366363088937
C:	0.1434363232723664	0.0675902261061478508	0.651458016033365389	0.127794400838862854	0.0402627698781653579	0.289278781214246155	0.278731035504619099	0.0456027695380832523	0.0344353693657364873	0.871108036292503134	0.117219716825916932	0.731054909748289805	0.00916082363617395049	0.245577459630872587	0.0330426888001970062	0.0182427861438099339	0.347431451130772216	0.0623496132242481946	0.294127093289399746	0.047700565915094871	0.610963496407992036	0.171310621309144891	0.161568816059955949
G:	0.315263021280205532	0.355568156693213707	0.121077295743900363	0.280908020917044075	0.0498311909558995548	0.104943188316193049	0.194889782873837191	0.0418901375419771344	0.0948656337588276762	0.0681542703897295993	0.00993403459082776588	0.0736334243829980621	0.026212803359386441	0.742432974607552938	0.0156154515371365411	0.0149818295323636043	0.197724965879330013	0.650901215319719913	0.216962726405144922	0.100183136211970381	0.272395585542592671	0.190435110872740557	0.0256860721740625344
T:	0.0292812146970301329	0.184547857438587307	0.140883817652110468	0.463503177405230218	0.867435081422902476	0.427242982205261169	0.225426131516031703	0.052984738274326823	0.0614195781265487763	0.0190185695622128603	0.841880921776323618	0.0530746939059784272	0.0595788912648262193	0.00580612550340566441	0.849633504677018224	0.956815074886891952	0.23051493930046472	0.149263851227866889	0.216962726405144922	0.100183136211970381	0.0958299526294551059	0.428756573218759767	0.681515745402892579



5	AGTT..AACT	0.4726574958008207


A:	0.182921596957491693	0.258435073009836266	0.23617594485997314	0.221254942473235021	0.132645901090092339	0.54948419164858878	0.425913957874233457	0.0161657096607342881	0.0358440048427032309	0.251797257423346297	0.131214757670938603	0.0835921897643437884	0.495550753818096986	0.813006809267436145	0.00882279663288060041	0.41330130535063605	0.0810815251214217621	0.169875019174518765	0.363287866743345999	0.526395732352951423	0.050752706958981344	0.387380609414315199
C:	0.292361773631256069	0.495500115940240557	0.23617594485997314	0.371078308749894136	0.12901970589080232	0.327775438243332594	0.068466652203140263	0.591067139248210773	0.1190406696012446	0.148987510823598478	0.353277683573377398	0.384393020691546577	0.103664477934958239	0.0321085162886160238	0.383944354458174339	0.09231808457199023	0.234825995827285177	0.336136213490277167	0.227236090297273982	0.121718363779268738	0.0776818817999456318	0.15540539818090966
G:	0.193229979610401178	0.115709349846016875	0.146248312998942079	0.164877687831620199	0.304592689283151114	0.0634461577873454248	0.09231808457199023	0.383944354458174339	0.0321085162886160238	0.103664477934958239	0.246025193758154975	0.306331767207581068	0.148987510823598478	0.1190406696012446	0.591067139248210773	0.068466652203140263	0.372780987447045569	0.149808876027915252	0.233323436706543009	0.206585433294326941	0.455433594011602939	0.131134616527900903
T:	0.331486649800851061	0.130355461203906302	0.38139979728111164	0.242789060945250644	0.433741703735954228	0.0592942123207332005	0.41330130535063605	0.00882279663288060041	0.813006809267436145	0.495550753818096986	0.269482364997529024	0.225683022336528566	0.251797257423346297	0.0358440048427032309	0.0161657096607342881	0.425913957874233457	0.311311491604247492	0.344179891307288816	0.176152606252837009	0.145300470573452898	0.416131817229470086	0.326079375876874237



