1	AGTG.AGTG	0.493925558312655087


A:	0.361064136190951935	0.13155947811461591	0.207072571149588321	0.124934683629943406	0.197796021899549857	0.302914676152046009	0.113467843505762219	0.934594736788760569	0.007167844017646749	0.00564438135470354127	0.0515468832781321896	0.313994233908066308	0.945345068607642071	0.00294041156491014434	0.0183442596323419215	0.0506431330134018704	0.206236474564046359	0.214189548006678387	0.275673566911598883	0.379460303718829365	0.104193199881497257	0.267170617761403279	0.0890777688845651495
C:	0.272542078652184429	0.224669033683569719	0.23603033028726128	0.267464852003912782	0.308310728261594633	0.404298656316038199	0.300745927394718218	0.00429568671680416644	0.298075210973821131	0.0413870598922797043	0.018109286351891386	0.093276908889307512	0.00242617974627834776	0.334453308451457967	0.0087588594390049078	0.00854897766176846155	0.0488512654149565875	0.304131982433596712	0.0798905536127716769	0.00989001150549232996	0.277801904752300106	0.17171670617083902	0.695019681426526706
G:	0.218370288733295809	0.275325452462971797	0.0423450014251999345	0.231166235522594381	0.246946624919427755	0.114473943684153349	0.131777066460550542	0.0136052942757262509	0.692684848154890959	0.00545546033293864196	0.839502278758407077	0.387616136708277719	0.0245576118532394079	0.657828392215713534	0.0103788988500471659	0.919711826199096847	0.0993616808828879212	0.294089442306378307	0.0467087970453652144	0.0302370337769406295	0.317373220717788247	0.118646026385626597	0.182678956734172923
T:	0.148023496423567827	0.368446035738842574	0.514552097137950464	0.376434228843549431	0.246946624919427755	0.178312723847762443	0.454009162638969021	0.047504282218709014	0.00207209685364116025	0.947513098420078112	0.0908415516115693471	0.205112720494348461	0.0276711397928401732	0.00477788776791835509	0.962517982078606005	0.0210960631257328211	0.645550579138109133	0.187589027253346594	0.597727082430264225	0.580412650998737675	0.300631674648414389	0.442466649682131104	0.0332235929547352212



2	ACACACT.A	0.489255049878405876


A:	0.453328289365957039	0.114197503074136098	0.111310895554629589	0.448919526434544839	0.29527029650920903	0.219270392734597148	0.134853798130730543	0.683974304516387253	0.0220189219654041381	0.881580496930476996	0.00266648336946040373	0.750671531673622815	0.00175299673899952998	0.0344649558092783693	0.169763741841546405	0.707427727329691117	0.30963724549040508	0.394692468055983586	0.164470066268498396	0.346418235756372192	0.15215308090921357	0.0884469992232435891	0.0389359379655959135
C:	0.346900958168719934	0.114144394322664266	0.555434439792694742	0.297313385565347972	0.160827624724222631	0.310959717014919841	0.129232063428673158	0.0520737356235797654	0.858898581846236292	0.0220105246589162824	0.982528438157082629	0.00230298999552649408	0.82537906392763684	0.00374353571890972353	0.257167014899727803	0.0655583253635155256	0.229368643641314918	0.124911380950466336	0.307123665561878018	0.110100536047548239	0.246522282311401956	0.625921591237205658	0.102480325551560943
G:	0.148400527926731933	0.633722362265861054	0.131342929708282323	0.161581363930751696	0.297157823238059413	0.328855782164560734	0.161461982390841643	0.121998804792501305	0.0799267006260276208	0.013071174284608184	0.00725829662778057334	0.00308040515010402045	0.171582344434874296	0.00343595872965306187	0.425796926196171961	0.0443156453160281304	0.433431756412304562	0.0625973940235443069	0.377227861333760704	0.298017157761586536	0.530012571371424895	0.143161846789201706	0.668852830327126298
T:	0.0513702245385910937	0.137935740337338583	0.201911734944393345	0.0921857240693554931	0.246744255528508927	0.140914108085922278	0.574452156049754656	0.141953155067531677	0.0391557955623319492	0.0833378041259985371	0.00754678184567639413	0.24394507318074667	0.00128559489848933463	0.958355549742158845	0.147272317062553831	0.182698301990765227	0.0275623544559754406	0.417798756970005771	0.151178406835862882	0.245464070434493033	0.0713120654079595785	0.142469562750349046	0.189730906155716846



3	CACT..AGTG	0.48807220462228648


A:	0.242738727791304888	0.447154496342257176	0.00843491011277841108	0.0654545887563510135	0.452106537483860013	0.322036793363721866	0.0702796892991184816	0.896248295487422208	0.00751433008124770971	0.185831630186525564	0.170175062342412488	0.227378681617639305	0.771459420460259798	0.00736221827752608976	0.08280956754417583	0.0576511968112699252	0.145508736246133312	0.118937019810732223	0.14949957027750529	0.336553240293559218	0.0700889136656439755	0.0854920928904549546
C:	0.232352923784803136	0.0556656565407184134	0.300006507001397141	0.380814112813294692	0.098985972007211369	0.207875000590898923	0.851696519396427873	0.0019583196092635646	0.565344730999046209	0.04077331321855445	0.250274893879426623	0.45217789212267388	0.00193563613466018812	0.419778720642179992	0.0189838173591383976	0.0203725944931837202	0.0213143662447584791	0.402470561800660863	0.102026414226357549	0.35152319447032399	0.21047844929521131	0.419234103917762263
G:	0.131747866548975406	0.174216487387287457	0.687463622337029517	0.524031749766457713	0.0616487537207540979	0.22673811990767309	0.0203725944931837202	0.0189838173591383976	0.419778720642179992	0.00193563613466018812	0.348221485214850953	0.227855577239370259	0.04077331321855445	0.565344730999046209	0.0019583196092635646	0.851696519396427873	0.071016366699313507	0.387961415031121283	0.631746363959169989	0.122080185105299315	0.175571110731294725	0.125571179094948002
T:	0.393160481874916569	0.322963359729736954	0.00409496054879493118	0.0296995486638965813	0.38725873678817452	0.243350086137706121	0.0576511968112699252	0.08280956754417583	0.00736221827752608976	0.771459420460259798	0.231328558563309936	0.0925878490203165569	0.185831630186525564	0.00751433008124770971	0.896248295487422208	0.0702796892991184816	0.762160530809794702	0.0906310033574856313	0.116727651536967172	0.189843380130817477	0.54386152630784999	0.36970262409683478



4	ACA.T.CACT	0.488019256538786044


A:	0.0332235929547352212	0.442466649682131104	0.300631674648414389	0.580412650998737675	0.597727082430264225	0.187589027253346594	0.645550579138109133	0.0579772054059654443	0.750854508843235506	0.00477788776791835509	0.0471667277886154699	0.205112720494348461	0.0408400618242383915	0.934835591326420841	0.00420710360510196504	0.061977762658152293	0.454009162638969021	0.178312723847762443	0.246946624919427755	0.376434228843549431	0.514552097137950464	0.368446035738842574	0.148023496423567827
C:	0.182678956734172923	0.118646026385626597	0.317373220717788247	0.0302370337769406295	0.0467087970453652144	0.294089442306378307	0.0993616808828879212	0.765514078446768582	0.0298432456634261001	0.657828392215713534	0.193494071363026363	0.387616136708277719	0.878945937146627357	0.0338808110319966537	0.845408827583148462	0.0306214398838184366	0.131777066460550542	0.114473943684153349	0.246946624919427755	0.231166235522594381	0.0423450014251999345	0.275325452462971797	0.218370288733295809
G:	0.695019681426526706	0.17171670617083902	0.277801904752300106	0.00989001150549232996	0.0798905536127716769	0.304131982433596712	0.0488512654149565875	0.12982324327040179	0.0204178913807092034	0.334453308451457967	0.0109772959485942361	0.093276908889307512	0.0218234430841363288	0.0178865950910822265	0.141875935796172501	0.00802546004794884349	0.300745927394718218	0.404298656316038199	0.308310728261594633	0.267464852003912782	0.23603033028726128	0.224669033683569719	0.272542078652184429
T:	0.0890777688845651495	0.267170617761403279	0.104193199881497257	0.379460303718829365	0.275673566911598883	0.214189548006678387	0.206236474564046359	0.0466854728768641843	0.198884354112629191	0.00294041156491014434	0.748361904899763931	0.313994233908066308	0.0583905579449979228	0.0133970025505002786	0.00850813301557707242	0.899375337410080427	0.113467843505762219	0.302914676152046009	0.197796021899549857	0.124934683629943406	0.207072571149588321	0.13155947811461591	0.361064136190951935



5	AGTGT..CAC	0.487022332506203474


A:	0.0399029317599942802	0.431067949320224708	0.355367195871037312	0.0481036851789241041	0.230878400609872297	0.11320563649646587	0.97854054375408325	0.00261223434063973013	0.0102443690548063537	0.0165835539311649279	0.134097496702487031	0.138677585677025685	0.100241094473016801	0.167714054743372606	0.875416895119674413	0.0144139823833312898	0.14243210796985516	0.104023265417320117	0.352734577670021158	0.0669536306567370263	0.0501711090131162894	0.10543335294566674
C:	0.256421201653951015	0.0535475101541041088	0.0353783745889408564	0.688877724387690499	0.230878400609872297	0.107238001805650881	0.00385823356181121279	0.116610433313379572	0.00520261789688550507	0.00736643342058137128	0.0312426307904397816	0.214806085574466132	0.255246762912792771	0.686268725934313452	0.0475080290176643311	0.860939686857867796	0.0456662763732737616	0.149842908527239223	0.325814638013506012	0.270919249236587308	0.546671082398042577	0.448796248294289168
G:	0.536941230300978049	0.145659328379727048	0.0809832823614535055	0.132021086451698311	0.198886807819908421	0.749000930433646265	0.00465325744093674188	0.87894686896313786	0.00566685166463067015	0.974173113019826361	0.0647562419784075803	0.564158868670758438	0.427529214028992869	0.109884321567811108	0.00979629329181444695	0.107341235402453609	0.0725459931625893414	0.607935391036299005	0.213139454292070228	0.0434549890169804574	0.030177282213207534	0.383738832379722579
T:	0.166734636285076655	0.369725212145944135	0.528271147178568326	0.130997503981687086	0.339356390960346984	0.0305554312642369835	0.0129479652431687949	0.00183046338284283715	0.978886161383677471	0.00187689962842734019	0.769903630528665607	0.0823574600777497453	0.216982928585197559	0.0361328977545028338	0.0672787825708468092	0.0173050953563473053	0.739355622494281737	0.138198435019141655	0.108311330024402602	0.618672131089695208	0.3729805263756336	0.0620315663803215132



