1	CACTAGTG	0.491432944894331424


A:	0.0980086373684077751	0.436458708474324788	0.0965536577816968566	0.218833821697306851	0.242422149017143107	0.215165644805925321	0.244693057046912448	0.0706510969663717603	0.958292962458837985	0.00830179369823842831	0.00865017905092696426	0.921167719394000357	0.0117568244838239086	0.0160898914705735472	0.0829667783870208858	0.171756036091544549	0.221346956331749659	0.206971849235180985	0.421586826355114053	0.154408662338562719	0.155034819691386697	0.261407001281576893
C:	0.582202243935993132	0.279709004925113497	0.184784697474258871	0.0928077672059989287	0.103775546361546499	0.273824436546653247	0.371680062808248242	0.824097529124960384	0.0146857727217415458	0.877633967016442702	0.052053175088403516	0.0181289264666691628	0.102307414801494961	0.0109313733488469221	0.0222845955216469694	0.0853725748469325236	0.235764457920352304	0.578819731401177837	0.213263403413203234	0.215116401706904437	0.251004539834032671	0.120666568866157013
G:	0.122687776857804594	0.210453174261906213	0.419237312863123902	0.352428030177293812	0.452338022983350456	0.369216493496385617	0.206313832531367513	0.0222845955216469694	0.0109313733488469221	0.102307414801494961	0.0181289264666691628	0.052053175088403516	0.877633967016442702	0.0146857727217415458	0.824097529124960384	0.135119759017143159	0.188740285250955886	0.103027115743658995	0.243244332364114132	0.224757971905912286	0.219995085803007825	0.507537113531484187
T:	0.197101341837794499	0.0733791123386555029	0.29942433188092037	0.335930380919400408	0.201464281637959938	0.141793425151035815	0.177313047613471796	0.0829667783870208858	0.0160898914705735472	0.0117568244838239086	0.921167719394000357	0.00865017905092696426	0.00830179369823842831	0.958292962458837985	0.0706510969663717603	0.607751630044379769	0.354148300496942151	0.111181303619982183	0.121905437867568581	0.405716964048620558	0.373965554671572807	0.110389316320781907



2	AGTG..CACT	0.491101455477103529


A:	0.366747864963929318	0.356983373636723517	0.167738319505539156	0.431131751194454648	0.297375421581391377	0.171627029037643387	0.946073163925261861	0.00267113812876522264	0.0214108846385958732	0.0716897049042202829	0.238265186815104298	0.268591765835795841	0.0282932582791065684	0.940872358117182808	0.00774795791548846943	0.0328399577831226447	0.355669340197361911	0.0830475586426377791	0.60849146766217823	0.540744629570454642	0.399395521611429883	0.203773886214348228
C:	0.487700870253567581	0.145278871623532488	0.148569925000216849	0.278648735563033052	0.178748768098803724	0.487831496032838822	0.00628835149811096701	0.1731609527397716	0.0310965147116771283	0.0501370265446579208	0.0848857444135274938	0.235273108341457284	0.849880010272015228	0.00662024253254419033	0.816419951215974708	0.0147985267935045269	0.260571781165273621	0.052022549161456841	0.0483418725163666201	0.187546896223996619	0.125211731401065855	0.0954055799310607619
G:	0.10042806959206907	0.0467095479792103425	0.213421651464994763	0.0985548106226989315	0.0482284499753587171	0.0800969509699912811	0.0147985267935045269	0.816419951215974708	0.00662024253254419033	0.849880010272015228	0.162449283890592359	0.209667470282015052	0.0501370265446579208	0.0310965147116771283	0.1731609527397716	0.00628835149811096701	0.245894935067917487	0.490419171155151801	0.0418561584313163275	0.214257078559223993	0.286398288118027886	0.279865560369006421
T:	0.0451231951904340306	0.451028206760533652	0.470270104029249232	0.191664702619813368	0.475647360344446182	0.26044452395952651	0.0328399577831226447	0.00774795791548846943	0.940872358117182808	0.0282932582791065684	0.514399784880775848	0.286467655540731823	0.0716897049042202829	0.0214108846385958732	0.00267113812876522264	0.946073163925261861	0.137863943569446981	0.374510721040753579	0.301310501390138822	0.0574513956463247462	0.188994458869476376	0.420954973485584588



3	CAGTACTG	0.489986668641682714


A:	0.218042507687978495	0.363141063191237928	0.400503001165885742	0.111577215420160607	0.313791213706282862	0.601826112862154893	0.22209536857661234	0.0752565916766904487	0.838289517661952351	0.0161354458507863284	0.0342042764013931415	0.901234224357312414	0.024224317971502384	0.0872581966032090161	0.245259557775515871	0.33820235524092614	0.276161602892151092	0.149332202290772621	0.538753542629290671	0.133148664451817067	0.252696961093489085	0.153394767813529784
C:	0.320001736307741578	0.04660244408928662	0.213509778094705154	0.42674026696883853	0.348597381213517225	0.0715243769469692076	0.0773047480091839325	0.575949131673775437	0.049302517774519804	0.235542243095688097	0.0438084430144323503	0.0207530562268620945	0.724097993082023191	0.0251497679603188293	0.103534718874018244	0.0432615990696060431	0.191360177599555642	0.253129331550541966	0.0896749875919629454	0.626083126177644684	0.128279002659745917	0.200169569875181054
G:	0.248621884410582469	0.17654337408151768	0.145797023620497674	0.0633444419042783194	0.124971191984271776	0.11604719719991013	0.159292109653806616	0.103534718874018244	0.0251497679603188293	0.724097993082023191	0.0207530562268620945	0.0438084430144323503	0.235542243095688097	0.049302517774519804	0.575949131673775437	0.028624205812563912	0.147614864170327487	0.127688205334687463	0.250606810988671511	0.13793321358472234	0.171341256390223556	0.403965238802297549
T:	0.213333871593697458	0.413713118637957772	0.240190197118911429	0.398338075706722544	0.212640213095928137	0.21060231299096577	0.541307773760397112	0.245259557775515871	0.0872581966032090161	0.024224317971502384	0.901234224357312414	0.0342042764013931415	0.0161354458507863284	0.838289517661952351	0.0752565916766904487	0.589911839876903905	0.384863355337965779	0.46985026082399795	0.120964658790074872	0.10283499578581591	0.447682779856541442	0.242470423508991613



4	CAGT..ACTG	0.48740927270034069


A:	0.721272002733136426	0.292648554474072894	0.240690036847544379	0.187894124090106534	0.0486089911482535698	0.0848253653321764932	0.0339775129646054604	0.859534881797322854	0.00879568147348273464	0.0304041707271222239	0.244939806464172147	0.0909898939881201779	0.87197882885464189	0.0580413050616190606	0.0745488487360577196	0.145346471791690738	0.639446761835236008	0.313983379652235186	0.198935062392608445	0.317028857170629902	0.119573847219494431	0.124878804064815597	0.0441167882042434712
C:	0.0921400155196676117	0.140613838860027712	0.180720081840688054	0.408147077426949244	0.272046866313306217	0.136048709095111801	0.771303825952704851	0.0531221959405161403	0.0987148137151408227	0.0915969541488614706	0.31352275967549561	0.569288753040406943	0.00602004626937441596	0.834448199749757382	0.0127940735261032857	0.0493721892909989504	0.118008821376916141	0.0705397901033373138	0.391190102370125991	0.312169681017816757	0.312211253655617921	0.101024647567910541	0.0797861085570289624
G:	0.1119759397053049	0.436121710972755633	0.0759430781210830752	0.140780104503858404	0.0363380918619851365	0.3445933814283398	0.0493721892909989504	0.0127940735261032857	0.834448199749757382	0.00602004626937441596	0.368506903896986251	0.146428873586931829	0.0915969541488614706	0.0987148137151408227	0.0531221959405161403	0.771303825952704851	0.120042833983277524	0.242090722682137647	0.132338163648618782	0.0809554155750510699	0.100299292189723049	0.457539558399394879	0.793000866800337131
T:	0.0746120420418910621	0.130615895693143761	0.502646803190684492	0.263178693979085818	0.643006050676455076	0.434532544144371906	0.145346471791690738	0.0745488487360577196	0.0580413050616190606	0.87197882885464189	0.0730305299633459921	0.193292479384541051	0.0304041707271222239	0.00879568147348273464	0.859534881797322854	0.0339775129646054604	0.122501582804570327	0.373386107562289853	0.277536671588646781	0.289846046236502271	0.467915606935164599	0.316556989967878982	0.083096236438390435



5	ACAGTACT	0.487372335943515465


A:	0.16987031728721036	0.242470423508991613	0.447682779856541442	0.10283499578581591	0.120964658790074872	0.46985026082399795	0.384863355337965779	0.589911839876903905	0.0274214581489795845	0.822056054478221191	0.0255455373720135284	0.0176396549774938308	0.91876473038707676	0.0244756770627048649	0.038428196862987913	0.245259557775515871	0.541307773760397112	0.21060231299096577	0.212640213095928137	0.398338075706722544	0.240190197118911429	0.413713118637957772
C:	0.0745287586058396925	0.403965238802297549	0.171341256390223556	0.13793321358472234	0.250606810988671511	0.127688205334687463	0.147614864170327487	0.028624205812563912	0.710490963007766167	0.0203363120805333213	0.203568324293974983	0.0183208276594715048	0.0243787417841419071	0.837144924393392606	0.0398415550880862859	0.103534718874018244	0.159292109653806616	0.11604719719991013	0.124971191984271776	0.0633444419042783194	0.145797023620497674	0.17654337408151768
G:	0.590916478744323061	0.200169569875181054	0.128279002659745917	0.626083126177644684	0.0896749875919629454	0.253129331550541966	0.191360177599555642	0.0432615990696060431	0.0495154096651903107	0.00562621588210765057	0.76017524078193071	0.00856995930085922442	0.0323698917801704015	0.0969301482161299429	0.0536859940058436113	0.575949131673775437	0.0773047480091839325	0.0715243769469692076	0.348597381213517225	0.42674026696883853	0.213509778094705154	0.04660244408928662
T:	0.164684445362626887	0.153394767813529784	0.252696961093489085	0.133148664451817067	0.538753542629290671	0.149332202290772621	0.276161602892151092	0.33820235524092614	0.212572169178063937	0.151981417559137837	0.0107108975520807791	0.95546955806217544	0.024486636048610931	0.0414492503277725864	0.86804425404308219	0.0752565916766904487	0.22209536857661234	0.601826112862154893	0.313791213706282862	0.111577215420160607	0.400503001165885742	0.363141063191237928



