1	CACTAGTG	0.481221607742445191


A:	0.293397549924295767	0.185097597218044347	0.21644742025237088	0.403756624607062606	0.104306024130235566	0.214098168524023918	0.459121692158857801	0.316434049682876723	0.918418764765125394	0.0314180987317888915	0.0858493964021988233	0.868966711520842065	0.0494663917060714939	0.0581766483959242582	0.0280706479007016731	0.275986916480264561	0.222397931576975374	0.214370185451814507	0.26455186519424161	0.235155348707509597	0.463383932810402144	0.514426803007182127
C:	0.164989567032030085	0.538479156295643372	0.203915523418009085	0.117940191803837341	0.0668711632432214177	0.371130376328290348	0.362450948809118719	0.532017019926682091	0.0167024084803035878	0.730604809093765575	0.0329572890834391161	0.0122266029935199956	0.18851070046837404	0.00670217835864675992	0.123478282489739513	0.0530447861645258161	0.120723213513643874	0.349181701465146339	0.0559670058261227805	0.371196307956170367	0.102122707714522045	0.0707715527757560291
G:	0.272441068448296701	0.088398540635010235	0.275988084893504066	0.176236374551986895	0.281463139107779588	0.205893493062870277	0.0891752908390433933	0.123478282489739513	0.00670217835864675992	0.18851070046837404	0.0122266029935199956	0.0329572890834391161	0.730604809093765575	0.0167024084803035878	0.53201701992668209	0.323746008662076861	0.3872146632221295	0.0490187825507713429	0.314166861172003054	0.158154282290060059	0.19513885125124535	0.235060859139758134
T:	0.269171814595377447	0.188024705851302046	0.303648971436115969	0.302066809037113159	0.547359673518763429	0.208877962084815456	0.0892520681929800868	0.0280706479007016731	0.0581766483959242582	0.0494663917060714939	0.868966711520842065	0.0858493964021988233	0.0314180987317888915	0.918418764765125394	0.316434049682876723	0.347222288693132763	0.269664191687251252	0.387429330532267812	0.365314267807632556	0.235494061046259977	0.239354508223830462	0.17974078507730371



2	AGTG..CACT	0.478686285159400253


A:	0.171730256254560932	0.235638311606049866	0.121719284190805878	0.32798990018130962	0.191023778920299214	0.172278778294692708	0.947646869064935607	0.00493530188080373215	0.0420697186006381713	0.0892712918203783931	0.161429108764119959	0.257512784206307827	0.144358937973512979	0.929244353665663991	0.0114864039378501945	0.0342412730813395967	0.330139701077420602	0.258029719047365573	0.216521608990652731	0.29399971502333945	0.496636986124927331	0.217827255941830044
C:	0.281456142359661795	0.104942836561929656	0.121372606894183117	0.0512108366612114942	0.481517359879015529	0.0957896032573157624	0.0128514762319253684	0.229274215016117659	0.0243422895794134549	0.0669271320280332371	0.220943774716545673	0.377695303831048748	0.699442638178075391	0.00434363815428438283	0.754304079165228415	0.00526038162179942761	0.0874402853033839927	0.0886704698084758106	0.0688449610914801228	0.216459802662846058	0.174974253001445889	0.198375113543400347
G:	0.198978206638433166	0.172120956639597223	0.0476013511835853409	0.0973500614933877919	0.107587382662474982	0.100082527180434884	0.00526038162179942761	0.754304079165228415	0.00434363815428438283	0.699442638178075391	0.22681374705314747	0.0708109554358034845	0.0669271320280332371	0.0243422895794134549	0.229274215016117659	0.0128514762319253684	0.323908301515401355	0.16893205012893583	0.229076289111711018	0.200201469767763376	0.139006668870982096	0.284646079330429336
T:	0.347835394747344107	0.487297895192423254	0.709306757731425663	0.523449201664091094	0.219871478538210275	0.631849091267556645	0.0342412730813395967	0.0114864039378501945	0.929244353665663991	0.144358937973512979	0.390813369466186898	0.29398095652683994	0.0892712918203783931	0.0420697186006381713	0.00493530188080373215	0.947646869064935607	0.25851171210379405	0.484367761015222786	0.485557140806156128	0.289339012546051116	0.189382092002644684	0.299151551184340274



3	ACT.TCACT	0.47781770138785993


A:	0.283971245720560909	0.357051018105999278	0.393933882225020202	0.302200283941161565	0.256279930413449117	0.327205194847009722	0.213236380625268979	0.931565209054362949	0.0384064691380410799	0.112136079536626754	0.322062816196262931	0.340420747529846785	0.204575943885571308	0.94585531873407857	0.0243024975916282765	0.0432850687982995805	0.162979145370895415	0.386319168693767961	0.434540801246011057	0.384391282627854996	0.158984123348806518	0.427367066110827521	0.373201307395007979
C:	0.134116592692997982	0.453790669755532528	0.111195819631663998	0.0456227591677091431	0.105238860221810866	0.162314100177161979	0.386060695316712254	0.00992761301245108335	0.853205933621257621	0.00636284902163421521	0.130512873655067388	0.0313934936548890441	0.718501171031584186	0.00538310738764280659	0.818454722184148801	0.00556817802635193387	0.430732018178263819	0.10458720099371422	0.111600235822943998	0.0719139684129824567	0.169657261012339791	0.0974806391061000044	0.1775143215842269
G:	0.235780957496128126	0.102387423780486377	0.215342584643962762	0.132768837538539465	0.178134305302096765	0.170434044175465296	0.128472700357673535	0.0368142324996467714	0.0943774632969292824	0.0278983617732056135	0.343452054082586187	0.0320199224950500214	0.0392108852175986924	0.0166194396573109737	0.130653081977703628	0.0101725975248136482	0.210983859078853614	0.106243713572087683	0.0892828044873768308	0.140867198050030599	0.15366386649675038	0.165170670025253835	0.313873887619556313
T:	0.346131204090312984	0.0867708883579818174	0.279527713499353038	0.519408119352589827	0.460346904062643252	0.340046660800363003	0.272230223700345232	0.0216929454335391958	0.0140101339437720163	0.853602709668533417	0.203972256066083494	0.59616583632021415	0.0377119998652458128	0.0321421342209676501	0.0265896982465192937	0.940974155650534837	0.195304977371987151	0.402849916740430136	0.364576158443668114	0.402827550909131949	0.517694749142103311	0.309981624757818639	0.135410483401208808



4	AGT.AGTTA	0.475274114683656838


A:	0.163160797027748512	0.210689211880029519	0.250124634330445353	0.331871928047801561	0.331982237763501816	0.225669764163165522	0.12972904063950829	0.831914553584810218	0.0582041077187497844	0.0244092168542388179	0.414184665859343222	0.856356586725286883	0.0301715010962309324	0.0281151933015886113	0.138099068493854968	0.691257218482640425	0.331199987352878706	0.278929995641135577	0.428503815853969003	0.162504100753204701	0.377777289488633955	0.124743640469398304	0.120788292683639014
C:	0.184418389021009866	0.128047054345388912	0.363000432852669792	0.174563729391153188	0.0558138402622210826	0.175275735913129175	0.153232888555045778	0.0181782639932161935	0.197688772416454661	0.0226465349768561302	0.321469421265657336	0.0140022010496233006	0.119216085186593762	0.0301223597131595614	0.0663238450853130942	0.136116418313768011	0.256296529473156485	0.154506182075815029	0.137464717404306701	0.284099627229485248	0.344330919632807291	0.362815307876131663	0.362205209583059245
G:	0.374208945779132988	0.189075814899794403	0.169382782187961722	0.326873691704971469	0.313339755052313331	0.232520788734105976	0.111274120938971566	0.0298773365955942464	0.716155611516900573	0.0454030570755999119	0.181911782709607904	0.0262018361082858794	0.83870133528357402	0.0117851986437803337	0.160760950686732953	0.0609469784322525256	0.258153205252422698	0.193081647465451511	0.081066695832117334	0.101506405619974812	0.132012434970974992	0.219722309218189455	0.13564897758743945
T:	0.278211868172108634	0.472187918874787166	0.217492150628923133	0.166690650856073782	0.29886416692196377	0.366533711189599327	0.605763949866474367	0.120029845826379342	0.0279515083478949807	0.90754119109330514	0.0824341301653915378	0.103439376116803937	0.0119110784336012854	0.929977248341471494	0.634816135734098985	0.111679384771339039	0.154350277921542112	0.373482174817597883	0.352964770909606963	0.45188986639733524	0.145879355907583761	0.292718742436280578	0.381357520145862291



5	A.TAGT.AGT	0.475137057341828419


A:	0.22685170004752042	0.266942664253994784	0.253912258375025283	0.554754223524302768	0.248536122170645984	0.206473023809901579	0.596447124375515728	0.314243487606653827	0.0648439194022350988	0.846008752765076115	0.0443408167554173389	0.0515434344905266095	0.19558604721842943	0.817922278880760026	0.033942627307375106	0.0831239716956038843	0.0495558422978147036	0.552947476578483144	0.436862850640532126	0.0371970663146365987	0.247248981359689802	0.327117018291533867
C:	0.334155571338714183	0.185640285245920994	0.0904244634910664761	0.181249123782888104	0.320410675986036355	0.334912234899219695	0.0342529421142088688	0.262462874479250521	0.341496233733539352	0.0472467686219461709	0.238129644547436613	0.0420546775304681025	0.321772407604373224	0.0254446608201778837	0.274270643296070439	0.0331593868077221261	0.0684830377432554213	0.116418642293966751	0.169124372365165606	0.173053121191349244	0.0977421770410001798	0.209181486430284354
G:	0.187765325944888177	0.424268511932225137	0.442489922408250024	0.170834131186817332	0.109175341893120258	0.0755482437930904353	0.159487055760969934	0.209925293736010242	0.120914983579411241	0.0441863753242808076	0.683104227415182215	0.00813048246480187507	0.421663766732174148	0.0780824061362649125	0.664684636186297639	0.014593878634258601	0.302407472698572107	0.215369027998863425	0.274082251267814456	0.112578907189907987	0.233845039533847425	0.0593035325623497448
T:	0.25122740266887722	0.123148538567859085	0.213173355725658216	0.0931625215059917964	0.321877859950197403	0.383066497497788291	0.209812877749305469	0.21336834417808541	0.472744863284814308	0.0625581032886969063	0.0344253112819638331	0.898271405514203413	0.0609777784450231985	0.078550654162797178	0.0271020932102568161	0.869122762862415389	0.579553647260357768	0.11526485312868668	0.119930525726487812	0.677170905304106171	0.421163802065462593	0.404397962715832033



