1	AGTGCACT	0.478785285508756263


A:	0.307756318834500398	0.0203657466125940134	0.326010696458181138	0.129604132094132363	0.11824653453472272	0.125195508708668171	0.253530252396435219	0.872846681066126036	0.0156725703421874915	0.0574729199684176012	0.163042157017624394	0.0824594616909378888	0.870883138579880978	0.0251412659023292828	0.0817727442638367145	0.262947848226988818	0.338107388603821214	0.191601960123212804	0.200323072553309274	0.452018134709709017	0.457832798812662334	0.120014628710990446
C:	0.0385166960857554907	0.100883495615092038	0.138087339449960958	0.493690520660041258	0.302761356320506393	0.07556813359798759	0.226280470312393907	0.0195781786199782476	0.138854148157546477	0.0533260049678963357	0.0835760888385861722	0.670922292452851545	0.018317936483805085	0.820332015597936749	0.0258023960500590022	0.0916846435833388148	0.200781616135413181	0.417402900913284561	0.200323072553309274	0.106491323373310385	0.297033358485773464	0.209908685440586924
G:	0.0595914844844248931	0.0872287780137980833	0.0533903575523971832	0.188352673622913189	0.124285908107065794	0.0435952491783206807	0.23820394211756724	0.0258023960500590022	0.820332015597936749	0.018317936483805085	0.670922292452851545	0.0835760888385861722	0.0533260049678963357	0.138854148157546477	0.0195781786199782476	0.229831343281500558	0.239087667453437457	0.125622263487293082	0.418242288734006488	0.204317378186402697	0.144799954473542736	0.116371344734905731
T:	0.594135500595319218	0.791521979758515865	0.482511606539460721	0.188352673622913189	0.454706201037705092	0.755641108515023558	0.281985335173603634	0.0817727442638367145	0.0251412659023292828	0.870883138579880978	0.0824594616909378888	0.163042157017624394	0.0574729199684176012	0.0156725703421874915	0.872846681066126036	0.415536164908171809	0.222023327807328149	0.265372875476209553	0.181111566159374963	0.237173163730577901	0.100333888228021466	0.553705341113516899



2	GAGT.ACTC	0.470022820856278216


A:	0.320764540333872675	0.257531297298868615	0.200800796485488323	0.485492055372869848	0.546145383032901801	0.109933557600259216	0.358467734587180358	0.0497637929672349412	0.88327705661012795	0.0154566304967135499	0.0366310537136659271	0.191343571370097835	0.895097295468777823	0.0147503499797282002	0.0701907949139497854	0.0464757037388845246	0.275221127197367529	0.447070423571777817	0.151896003794720084	0.509670070256261679	0.130899443644255942	0.453300663824727132	0.230228859512686533
C:	0.0299671652178110157	0.361297667771335427	0.533260461308015295	0.00719319703761154615	0.114813233187400701	0.183770295810008459	0.25923917685532566	0.128189063457524698	0.0283663352597542446	0.0435627035667990856	0.0511872633863912383	0.414357661134605564	0.0170843874311650114	0.926230315956759164	0.01816581321616802	0.775571439836355836	0.0697711087997825936	0.142909307890894404	0.200160128824524966	0.173790977589414893	0.0138877135974902469	0.0962295164671211144	0.133888767244279958
G:	0.533292619054589274	0.0719323571097412178	0.0348209697492745118	0.0451114922201365247	0.169520691889848749	0.208037277555165828	0.172630130270223974	0.775571439836355836	0.01816581321616802	0.926230315956759164	0.0170843874311650114	0.247911361448259202	0.0511872633863912383	0.0435627035667990856	0.0283663352597542446	0.128189063457524698	0.119866732343949501	0.0914765981342827859	0.425255852420859851	0.173790977589414893	0.519616755832778171	0.371968054990393818	0.496862691444833678
T:	0.115975675393727035	0.30923867782005474	0.23111777245722187	0.462203255369382081	0.169520691889848749	0.498258869034566498	0.209662958287270007	0.0464757037388845246	0.0701907949139497854	0.0147503499797282002	0.895097295468777823	0.146387406047037399	0.0366310537136659271	0.0154566304967135499	0.88327705661012795	0.0497637929672349412	0.535141031658900377	0.318543670403044992	0.222688014959895099	0.142747974564908535	0.33559608692547564	0.0785017647177579348	0.139019681798199832



3	CACTAGT..A	0.467266926621765331


A:	0.355216386676954742	0.15920451800613675	0.0470275287462088826	0.510304810252622021	0.146602998791217482	0.256194853323902289	0.446840936672905508	0.220678796460494401	0.880235576175519462	0.0417175365576212846	0.125751736824731458	0.774915071969270916	0.0931617123634391712	0.103269880651951279	0.443240360431225938	0.329166613372650408	0.574550644116311704	0.16911190735501232	0.0562324758126869072	0.267599096029568418	0.239169783056052888	0.358695952929723487	0.489070394481273963
C:	0.0344181076101320904	0.21808997434847712	0.158763895040765858	0.144825871031499853	0.525266926120153495	0.173090966200878162	0.294768200566479682	0.675619617352969205	0.0143711610755583022	0.682722236408719418	0.023024322874817807	0.0514098493565951634	0.0714276135528821445	0.0667728803184350837	0.108361396535370459	0.285789835509962353	0.176798100892919283	0.103053578407715505	0.0651980014486673105	0.423348199520866892	0.550087655181706258	0.207933868968051228	0.169298208816793023
G:	0.124165801222762964	0.21568677664258958	0.216470493574150989	0.122984527851545096	0.136153051427600691	0.274762368429884409	0.098206803653205755	0.040196507944733516	0.0460107392022958045	0.26339566033963868	0.092509665135313128	0.108227080918667179	0.798196021725813512	0.0468547857707951472	0.236392217831764701	0.148330913812128775	0.171386056473833712	0.621595012508994217	0.0697896360504207523	0.276813620082725487	0.133178866193558695	0.0457421463206449968	0.07148043191467926
T:	0.486199704490150203	0.407018731002796549	0.57773808263887427	0.22188479086433303	0.191977023661028333	0.295951812045335141	0.160184059107409055	0.0635050782418028779	0.0593825235466264315	0.0121645666940206178	0.758714275165137607	0.0654479977554667414	0.0372146523578651718	0.78310245325881849	0.212006025201638901	0.236712637305258463	0.0772651985169353009	0.106239501728277958	0.80877988668822503	0.0322390843668392027	0.0775636955686821581	0.387628031781580288	0.270150964787253754



4	CAGT.ACTG	0.462606042565858015

