1	AGTGCACT	0.484075011162375353


A:	0.207022498815443225	0.172088969963661086	0.33690216831856786	0.0658307628370850506	0.298300478593282167	0.617825254034911173	0.140333212922141695	0.958536274611098302	0.00208777511067261166	0.0277004379085878179	0.299580512173738899	0.0848770711609979386	0.939352558689752123	0.00509365345869219855	0.023262010725132723	0.310187041073240093	0.310580933489083495	0.200990697198580428	0.199185966416644117	0.148688617789271121	0.226773336099747355	0.384230232687571667
C:	0.170832320165239373	0.324526075140873642	0.149919165990794139	0.640611063285109816	0.34711929760543039	0.075305645863230496	0.676945240246661149	0.0122296116484393895	0.134794599445709095	0.0294919590819262327	0.0354070516383066469	0.580135365026956516	0.00345504431973382667	0.858023971984926095	0.00597210301532958507	0.181303382088386522	0.173701906328878711	0.154615100135932191	0.199185966416644117	0.090883411497981907	0.478428140568105773	0.0812460423944606505
G:	0.425922100635904139	0.180190513241335924	0.0867424681852122458	0.146779086938902567	0.186598757828621699	0.0977134618777371184	0.0818447478313203959	0.00597210301532958507	0.858023971984926095	0.00345504431973382667	0.580135365026956516	0.0354070516383066469	0.0294919590819262327	0.134794599445709095	0.0122296116484393895	0.12815376612956954	0.102498601845603028	0.18401050759918331	0.324623495012245351	0.470920867399063347	0.102963080142890182	0.360306446668814042
T:	0.196223080383413263	0.323194441654129348	0.426436197505425755	0.146779086938902567	0.167981465972665743	0.209155638224121213	0.10087679899987676	0.023262010725132723	0.00509365345869219855	0.939352558689752123	0.0848770711609979386	0.299580512173738899	0.0277004379085878179	0.00208777511067261166	0.958536274611098302	0.380355810708803845	0.413218558336434767	0.460383695066304071	0.277004572154466416	0.289507103313683625	0.19183544318925669	0.17421727824915364



2	ACTG.CAGT	0.481749516297068016


A:	0.355176929533193028	0.478806974670669103	0.0863078277150649559	0.00948848774343142699	0.00471192907214391793	0.523633963742946803	0.230670153625616474	0.902034517027346047	0.00376396481418663106	0.0682858295594175666	0.0874128224439621233	0.251756147118262805	0.0210293158165067651	0.895445015025053842	0.019276161442179765	0.0578923415471055016	0.353488680915396291	0.4747627282707085	0.294143592258850586	0.227414433341204566	0.819731453799276275	0.104828253978706993	0.139951653088423508
C:	0.176602347683994785	0.344772218101034299	0.567321352126745997	0.534252107425286991	0.713823598512572561	0.149229694219805685	0.131160273888105507	0.0190707612521027861	0.640287055085841115	0.0149070974228448661	0.0543657199009895071	0.0973823125333161934	0.837192141838541605	0.021362057992683725	0.336672818657792489	0.0210023801734456649	0.102651196894131624	0.145897963012848412	0.312168445751700428	0.250031366956610059	0.0420852820355914855	0.156661182675705504	0.175976112874551495
G:	0.165990932522372725	0.0727744027397114581	0.277549392764317396	0.400789894861130506	0.228320265981858975	0.130277152967044625	0.132196853484846538	0.0210023801734456649	0.336672818657792489	0.021362057992683725	0.837192141838541605	0.0953026734010782942	0.0543657199009895071	0.0149070974228448661	0.640287055085841115	0.0190707612521027861	0.526227920448170693	0.14201646095916257	0.0998322901062090632	0.265372896186677623	0.124877080141202781	0.331331341356958104	0.574047880955516079
T:	0.302229790260439462	0.103646404488585139	0.0688214273938716508	0.0554695099701510762	0.053144206433424546	0.196859189070202887	0.505972719001431481	0.0578923415471055016	0.019276161442179765	0.895445015025053842	0.0210293158165067651	0.555558866947342707	0.0874128224439621233	0.0682858295594175666	0.00376396481418663106	0.902034517027346047	0.0176322017423013927	0.237322847757280518	0.293855671883239923	0.257181303515507752	0.013306184023929459	0.407179221988629399	0.110024353081508918



3	AGTG.ACTG	0.481749301040581005


A:	0.17421727824915364	0.19183544318925669	0.289507103313683625	0.277004572154466416	0.460383695066304071	0.413218558336434767	0.380355810708803845	0.918354505770450912	0.00142705071843700417	0.01779731810314255	0.0654470460541088196	0.0848770711609979386	0.925348939755692835	0.00302967624108145606	0.0447330850629893754	0.10087679899987676	0.209155638224121213	0.167981465972665743	0.146779086938902567	0.426436197505425755	0.323194441654129348	0.196223080383413263	0.262915009355949793
C:	0.360306446668814042	0.102963080142890182	0.470920867399063347	0.324623495012245351	0.18401050759918331	0.102498601845603028	0.12815376612956954	0.00212097774216798652	0.128515489360326592	0.00429866188198665325	0.0185123092697506265	0.580135365026956516	0.00474393338598124528	0.752917096121876701	0.0127999359990362091	0.0818447478313203959	0.0977134618777371184	0.186598757828621699	0.146779086938902567	0.0867424681852122458	0.180190513241335924	0.425922100635904139	0.0518025374003177749
G:	0.0812460423944606504	0.478428140568105773	0.090883411497981907	0.199185966416644117	0.154615100135932191	0.173701906328878711	0.181303382088386522	0.00629367818074381162	0.867074404909635556	0.00387766874747609326	0.866386509693270093	0.0354070516383066469	0.0568965522703034109	0.240361168297191917	0.0082743543169857998	0.676945240246661149	0.075305645863230496	0.34711929760543039	0.640611063285109816	0.149919165990794139	0.324526075140873642	0.170832320165239373	0.188268003763660725
T:	0.384230232687571667	0.226773336099747355	0.148688617789271121	0.199185966416644117	0.200990697198580428	0.310580933489083495	0.310187041073240093	0.0732308383066372895	0.002983055011600848	0.974026351267394703	0.0496541349828704608	0.299580512173738899	0.0130105745880225089	0.00369205933984992503	0.934192624620988616	0.140333212922141695	0.617825254034911173	0.298300478593282167	0.0658307628370850506	0.33690216831856786	0.172088969963661086	0.207022498815443225	0.497014449480071708



4	A.AGT.CACT	0.481137194567141463


A:	0.497014449480071708	0.207022498815443225	0.172088969963661086	0.33690216831856786	0.0658307628370850506	0.298300478593282167	0.617825254034911173	0.140333212922141695	0.843234999790074186	0.00248822951679444444	0.0123458538514819421	0.299580512173738899	0.0126155226386270083	0.981976632492702051	0.0042585424158635611	0.0305462199865183842	0.310187041073240093	0.310580933489083495	0.200990697198580428	0.199185966416644117	0.148688617789271121	0.226773336099747355	0.384230232687571667
C:	0.188268003763660725	0.170832320165239373	0.324526075140873642	0.149919165990794139	0.640611063285109816	0.34711929760543039	0.075305645863230496	0.676945240246661149	0.0100648552848976511	0.120883261224728073	0.0237269678295400837	0.0354070516383066469	0.933134941037074308	0.0022893656704062285	0.843953965569681182	0.00654037479804738292	0.181303382088386522	0.173701906328878711	0.154615100135932191	0.199185966416644117	0.090883411497981907	0.478428140568105773	0.0812460423944606505
G:	0.0518025374003177749	0.425922100635904139	0.180190513241335924	0.0867424681852122458	0.146779086938902567	0.186598757828621699	0.0977134618777371184	0.0818447478313203959	0.00906079085820201838	0.855659757307463244	0.00408140671118097726	0.580135365026956516	0.0170111616430555718	0.00503654892273610358	0.149148458795497354	0.00260154864905290547	0.12815376612956954	0.102498601845603028	0.18401050759918331	0.324623495012245351	0.470920867399063347	0.102963080142890182	0.360306446668814042
T:	0.262915009355949793	0.196223080383413263	0.323194441654129348	0.426436197505425755	0.146779086938902567	0.167981465972665743	0.209155638224121213	0.10087679899987676	0.137639354066826144	0.0209687519510142382	0.959845771607796997	0.0848770711609979386	0.0372383746812431117	0.0106974529141556172	0.00263903321895790367	0.960311856566381327	0.380355810708803845	0.413218558336434767	0.460383695066304071	0.277004572154466416	0.289507103313683625	0.19183544318925669	0.17421727824915364



5	A.AGTG.ACT	0.47513855112743395


A:	0.208477035261750721	0.17421727824915364	0.19183544318925669	0.289507103313683625	0.277004572154466416	0.460383695066304071	0.413218558336434767	0.380355810708803845	0.91599331572654067	0.00135623930749666796	0.00626483893017396215	0.130633493722930898	0.0848770711609979386	0.875476879599708345	0.0233656877625049561	0.151136055237465819	0.10087679899987676	0.209155638224121213	0.167981465972665743	0.146779086938902567	0.426436197505425755	0.323194441654129348	0.196223080383413263
C:	0.260412278786335396	0.360306446668814042	0.102963080142890182	0.470920867399063347	0.324623495012245351	0.18401050759918331	0.102498601845603028	0.12815376612956954	0.00242098729542083569	0.168442216015193959	0.00585622971614414004	0.0203901248323929239	0.580135365026956516	0.0152644941916948777	0.803822866102611831	0.00973844581464397516	0.0818447478313203959	0.0977134618777371184	0.186598757828621699	0.146779086938902567	0.0867424681852122458	0.180190513241335924	0.425922100635904139
G:	0.342591077269769284	0.0812460423944606504	0.478428140568105773	0.090883411497981907	0.199185966416644117	0.154615100135932191	0.173701906328878711	0.181303382088386522	0.00399200514152146001	0.821799697798261839	0.00127827173199960735	0.822547815651102463	0.0354070516383066469	0.0654136371668325245	0.159380097204919003	0.0376783047130977312	0.676945240246661149	0.075305645863230496	0.34711929760543039	0.640611063285109816	0.149919165990794139	0.324526075140873642	0.170832320165239373
T:	0.188519608682144599	0.384230232687571667	0.226773336099747355	0.148688617789271121	0.199185966416644117	0.200990697198580428	0.310580933489083495	0.310187041073240093	0.0775936918365170344	0.00840184687904753418	0.98660065962168229	0.0264285657935737147	0.299580512173738899	0.0438449890417642532	0.0134313489299642099	0.801447194234792475	0.140333212922141695	0.617825254034911173	0.298300478593282167	0.0658307628370850506	0.33690216831856786	0.172088969963661086	0.207022498815443225



