1	AACTAGTT	0.484974202510294191


A:	0.584056075674323684	0.0632301599597944168	0.133368066120570443	0.0741933206971944317	0.540112393251988695	0.164597680446099014	0.103988607788602488	0.801609981934723659	0.948004320847104422	0.0041383249109007843	0.0277289447848379546	0.957362260807111506	0.00818219234877031417	0.0292442152243859774	0.0225543061783016371	0.421542420745889915	0.211585786513581069	0.13919042789323322	0.0791752961109695291	0.0494964591814024215	0.450960879614432751	0.139615957540379083
C:	0.216446875477584937	0.205070712008636968	0.489131634353571699	0.00339939861020117031	0.130218707955624964	0.0335002602294324091	0.227786949049986148	0.169517998506947953	0.00361056806174621187	0.912242674241630048	0.00804757793240592558	0.006861216475644614	0.0754368084986988537	0.0191408958667633889	0.00631771338002675152	0.0642710711474685802	0.50401008479281256	0.25834219858376683	0.037984144944467005	0.298971528703084341	0.36552126938735975	0.167138475272516809
G:	0.141652992318978706	0.170477068409919094	0.136657623624669544	0.152314458341633984	0.077654854984749489	0.0775396361591812331	0.309942968482769369	0.00631771338002675152	0.0191408958667633889	0.0754368084986988537	0.006861216475644614	0.00804757793240592558	0.912242674241630048	0.00361056806174621187	0.169517998506947953	0.461408372988516914	0.1195196262465977	0.174518252793389832	0.00520252740231026061	0.303091313265242456	0.0796160134247496054	0.344666607169514538
T:	0.057844056529112673	0.561222059621649522	0.240842675901188314	0.770092822350970414	0.252014043807636852	0.724362423165287343	0.358281474678641996	0.0225543061783016371	0.0292442152243859774	0.00818219234877031417	0.957362260807111506	0.0277289447848379546	0.0041383249109007843	0.948004320847104422	0.801609981934723659	0.052778135118124591	0.164884502447008671	0.427949120729610118	0.877638031542253205	0.348440698850270781	0.103901837573457894	0.34857896001758957



2	AGTTAACT	0.48038080747943816


A:	0.394044739138972217	0.182203910110098183	0.329568239225158537	0.018543255088344336	0.504954335745938899	0.181113071359676888	0.527118625371476333	0.871971691535814189	0.00262971395372250001	0.0152727548960535394	0.0174470152614698305	0.86559361611935948	0.933942019844771183	0.0189968288830699079	0.101241298940012683	0.319442995095558502	0.743137096109567517	0.54386094083873315	0.205668870173508661	0.310982249108251971	0.385252952191574562	0.106872538761827733
C:	0.111355879643691262	0.309156047207464813	0.223823781932718093	0.791462792293429193	0.055699819603263054	0.252018275829584275	0.239509241830531677	0.0150917030387441361	0.111143107893833431	0.0424885067125263643	0.0251725169140406574	0.0917868517051300318	0.00829671854664891365	0.867230349269374161	0.0116953064854289917	0.0912602044844346655	0.0421505938004654117	0.0443033050844051957	0.205668870173508661	0.209795142843215581	0.161735368899028087	0.197128074178880745
G:	0.321236238879333258	0.34164381730619513	0.27204685802995019	0.0949969763091132354	0.210267401251867858	0.176290623660486011	0.0453945360261717829	0.0116953064854289917	0.867230349269374161	0.00829671854664891365	0.0917868517051300318	0.0251725169140406574	0.0424885067125263643	0.111143107893833431	0.0150917030387441361	0.383623986306764529	0.119235293598686837	0.126641625790659496	0.301963202055364397	0.271089269362188606	0.167639692494925306	0.130842515299036652
T:	0.173363142338003263	0.166996225376241874	0.174561120812173181	0.0949969763091132354	0.229078443398930189	0.390578029150252827	0.187977596771820208	0.101241298940012683	0.0189968288830699079	0.933942019844771183	0.86559361611935948	0.0174470152614698305	0.0152727548960535394	0.00262971395372250001	0.871971691535814189	0.205672814113242303	0.0954770164912802336	0.285194128286202158	0.286699057597618282	0.208133338686343842	0.285371986414472045	0.565156871760254869



3	CACTAGT..A	0.477873094647288196


A:	0.529590945582717314	0.31689670950746022	0.157261833443046794	0.466417262718674242	0.303819102286756334	0.207585066493881039	0.249277762248049414	0.507790670792757034	0.962374764923315523	0.00676969911707755461	0.0783768940773496752	0.954371669392658715	0.0182784810088665114	0.0649061209458761117	0.0635408888981456284	0.493893353315256395	0.626980955352739071	0.0816056732414854476	0.00536333738306967082	0.247345009049962679	0.156987719426449605	0.251091759261429819	0.282552392510957259
C:	0.060248285437366108	0.126246512229890703	0.619946254764245969	0.0199864454568391981	0.394504426772450884	0.123660094685737489	0.327662382824588605	0.458271008535598496	0.007013653409221406	0.835527832168553981	0.0172271231692047845	0.0107020645542667749	0.0494957504202303678	0.0130375009143647815	0.0445699955639076771	0.0839769941505774886	0.164368938361806646	0.0219307601597478053	0.0048275697669206746	0.169700568351142961	0.21104943750209305	0.193615946613402095	0.310433352905798528
G:	0.151035449101665943	0.378303889646171204	0.134577187011448392	0.352767696683151566	0.183414495329438975	0.244881336645140523	0.120041200080535391	0.0179269926713424636	0.0108422984549007677	0.153508693925257046	0.0150986629738755978	0.0174645782171353103	0.926101988234166174	0.00681712010141169387	0.592603721935634057	0.150488789669014777	0.125708329120143737	0.834637954099190494	0.023271028965674003	0.56575380254867782	0.39218608467390144	0.0616110365049817944	0.172756846822603526
T:	0.259125319878250636	0.178552888616477873	0.0882147247812588455	0.160828595141334993	0.118261975611353807	0.423873502175240948	0.30301865484682659	0.0160113280003020068	0.0197692832125623033	0.00419377478911141852	0.889297319779569942	0.0174616878359391999	0.00612378033673694696	0.915239258038347413	0.299285393602312638	0.27164086286515134	0.0829417771653105461	0.0618256124995762526	0.966538063884335652	0.0172006200502165401	0.239776758397555905	0.493681257620186292	0.234257407760640686



4	CAGT.ACTG	0.477842684923351689

