1	AGTG..CACT	0.493136819236656298


A:	0.136786479710660388	0.234195189253897189	0.0779459720196489593	0.679695695636832301	0.0790689842701366562	0.171926065818732	0.912474910690015592	0.00448000249854891276	0.0361139193486488101	0.0465712086397721761	0.302755302356285947	0.543727985125343241	0.0303475014435692011	0.931371352297121051	0.00879928082190825705	0.0461911907977790991	0.275936139841274974	0.334645878308918237	0.2060510209808969	0.170638233813941134	0.238434531619975457	0.156596975948857659
C:	0.375464988022200767	0.596994958729930287	0.777844846943938712	0.0424200929957365603	0.32365688315467226	0.436506178425091942	0.00894845310870646218	0.184771782973929926	0.0208961578986900223	0.0494325693887247412	0.467644770197323689	0.154950194940022073	0.873648720527933882	0.0116185704555401167	0.801948933705612904	0.032385445403498847	0.367667819622748333	0.279346028684844078	0.286968024001852845	0.103347165450318049	0.123524276610296482	0.0500033507489821126
G:	0.129256823129583306	0.0592057707732420022	0.0931549297269962407	0.159105022384767631	0.231830015793888458	0.0552248411663126929	0.032385445403498847	0.801948933705612904	0.0116185704555401167	0.873648720527933882	0.0976945464886825984	0.100286532253237134	0.0494325693887247412	0.0208961578986900223	0.184771782973929926	0.00894845310870646218	0.21105579712229803	0.173995251195444523	0.313520208568350194	0.668974680252395448	0.443434577414643001	0.737260804434636768
T:	0.35849170913755554	0.109604081242930522	0.0510542513094160879	0.118779188982663508	0.365444116781302626	0.336342914589863366	0.0461911907977790991	0.00879928082190825705	0.931371352297121051	0.0303475014435692011	0.131905380957707766	0.201035287681397552	0.0465712086397721761	0.0361139193486488101	0.00448000249854891276	0.912474910690015592	0.145340243413678662	0.212012841810793162	0.19346074644890006	0.0570399204833453689	0.19460661435508506	0.0561388688675234611



2	CACTAGTG	0.488238198696425044


A:	0.0609636093796766974	0.268747279304491339	0.488778119495059891	0.177488335832187637	0.301879968553240387	0.161912294731625291	0.50661994691102465	0.041604139324575031	0.944856629331465112	0.00914245573097222706	0.00937991341608113534	0.917903576780862249	0.00982851152066331168	0.0388610200049549131	0.0819295701247582153	0.244654856268820035	0.106647568517548329	0.21884937436684935	0.343463872471321478	0.42816266660930098	0.0475711346705545475	0.358400268123330739
C:	0.503975222829804317	0.28544030683564994	0.150725693278383596	0.469882285300984408	0.144609251879572941	0.303890928042279339	0.0952734245877546517	0.855214785621381082	0.0106914921105833005	0.89077679671906468	0.0672559783108610253	0.00546053149219559087	0.0902522360292997808	0.00559085855299667447	0.0212515049292856714	0.158843988775351159	0.331236706907684397	0.441426093494628731	0.288241717949663104	0.390933262348430428	0.147121727096023967	0.122048393872783605
G:	0.0533992932505362637	0.318053681523891583	0.206383175665576587	0.179684058376700243	0.24713107088309122	0.190273542565450138	0.071576363733586811	0.0212515049292856714	0.00559085855299667447	0.0902522360292997808	0.00546053149219559087	0.0672559783108610253	0.89077679671906468	0.0106914921105833005	0.855214785621381082	0.399347950333691985	0.373003273300173686	0.19713961935104573	0.18488369210056217	0.0833146800734818819	0.364251611130419113	0.441837148406448842
T:	0.381661874539982722	0.127758732335967137	0.154113011560979926	0.172945320490127712	0.306379708684095452	0.343923234660645232	0.326530264767633887	0.0819295701247582153	0.0388610200049549131	0.00982851152066331168	0.917903576780862249	0.00937991341608113534	0.00914245573097222706	0.944856629331465112	0.041604139324575031	0.197153204622136821	0.189112451274593588	0.142584912787476188	0.183410717478453248	0.0975893909687867105	0.441055527103002373	0.0777141895974368143



3	ACAGTACT	0.485785887582990717


A:	0.0819168903913390063	0.213264798339842977	0.44794132310599758	0.119362235590810264	0.173203751954447509	0.330325556143693588	0.362149672116669651	0.565742375115152652	0.0391053911993623431	0.743769001268056927	0.0204233165394027257	0.0333080536252700723	0.887631283860570428	0.0154631069007470911	0.0582690711837676082	0.162077101105136497	0.385632659187606519	0.242233477477943461	0.207694306510582775	0.181955737598215229	0.141270801408262204	0.236448334773837834
C:	0.226923984957921651	0.283418772862056692	0.214602212275347063	0.248853772947899618	0.40553691213620019	0.15401467691085274	0.167337770599397663	0.13435836732041086	0.750172462159540612	0.029360691387936542	0.373838769885068828	0.0221608699117427161	0.0411581406429316128	0.859709455508207812	0.0493604683636232798	0.0822075823065725508	0.0859781493523657343	0.111614285284086137	0.0849259069964420272	0.0925182622173175151	0.395045271163905746	0.187768358516507534
G:	0.460033694674149885	0.286923174595451567	0.172440072869319411	0.53093455607692131	0.100712822660914512	0.249600652414395162	0.214332812721051246	0.0464839180858363719	0.0563845500014387059	0.00591148607908141714	0.598180377364069433	0.00797753239292219527	0.0285862747900921725	0.0860572182758250134	0.0855992762624326957	0.705480973185679188	0.323803061040829858	0.16025139675922044	0.335719976962010008	0.606210250757901003	0.155291240759907287	0.0416763911996010366
T:	0.231125429976589458	0.216393254202648764	0.165016391749335946	0.100849435384368807	0.320546513248437789	0.26605911453105851	0.25617974456288144	0.253415339478600116	0.154337596639658339	0.220958821264925114	0.00755753621145901397	0.936553544070065016	0.042624300706405787	0.0387702193152200836	0.806771184190176416	0.050234343402611764	0.204586130419197889	0.485900840478749962	0.371659809530965189	0.119315749426566253	0.308392686667924762	0.534106915510053595



4	CACT..AGTG	0.485686071199328495


A:	0.239148963442931702	0.106594986923245256	0.282257369968380953	0.336807879065771981	0.311029323294846828	0.510781317284472756	0.0110203004131887216	0.917698689906667531	0.00388815115136084644	0.0294329342925455301	0.315699056674297199	0.0881505020117992872	0.950219640835717356	0.00485236999671397509	0.0389978118423892912	0.0258338745929585712	0.182958340632004128	0.355899651296977321	0.100186179150665809	0.245456567426685146	0.160302152086480256	0.19115155338399439
C:	0.136198051727777898	0.321150266902532694	0.285213565208134871	0.0334285654930238729	0.280747156591942889	0.0463134749821797094	0.928630130514203085	0.00156106663011829975	0.941937986234736148	0.0111964533377220257	0.428000598307855192	0.183359475976359731	0.00915097153401508822	0.04932149261718903	0.0417424316208248784	0.0345156944796496223	0.154991308344079669	0.0831531680609587141	0.223835931382501528	0.132051291774532699	0.203989465620754073	0.410369492011108158
G:	0.18587879741170946	0.211116654402022117	0.238872989137851764	0.537764095882115977	0.0922016891810419496	0.354894228543122731	0.0345156944796496223	0.0417424316208248784	0.04932149261718903	0.00915097153401508822	0.114635709268152045	0.533626004149303483	0.0111964533377220257	0.941937986234736148	0.00156106663011829975	0.928630130514203085	0.194936836849584963	0.197867825723176509	0.177886523115716264	0.200981433116744409	0.125485755792768814	0.117763083329429678
T:	0.43877418741758094	0.361138091772199933	0.193656075685632412	0.0919994595590881693	0.316021830932168334	0.0880109791902248034	0.0258338745929585712	0.0389978118423892912	0.00485236999671397509	0.950219640835717356	0.141664635749695563	0.194864017862537499	0.0294329342925455301	0.00388815115136084644	0.917698689906667531	0.0110203004131887216	0.467113514174331241	0.363079354918887456	0.498091366351116398	0.421510707682037745	0.510222626499996858	0.280715871275467774



5	CAGTACTG	0.485004690663111638


A:	0.20323917682415447	0.534106915510053595	0.308392686667924762	0.119315749426566253	0.371659809530965189	0.485900840478749962	0.204586130419197889	0.050234343402611764	0.901153950969610544	0.0130613658130260712	0.0305024749824891503	0.930603568435418626	0.00855391762430366753	0.0664319960286783296	0.162077101105136497	0.253415339478600116	0.25617974456288144	0.26605911453105851	0.320546513248437789	0.100849435384368807	0.165016391749335946	0.216393254202648764
C:	0.336846816042725036	0.0416763911996010366	0.155291240759907287	0.606210250757901003	0.335719976962010008	0.16025139675922044	0.323803061040829858	0.705480973185679188	0.0186365370752718099	0.1795904773677176	0.0258645012032173968	0.013029455378874827	0.798794239194952661	0.0137775159264393169	0.0822075823065725508	0.0464839180858363719	0.214332812721051246	0.249600652414395162	0.100712822660914512	0.53093455607692131	0.172440072869319411	0.286923174595451567
G:	0.274571950518011824	0.187768358516507534	0.395045271163905746	0.0925182622173175151	0.0849259069964420272	0.111614285284086137	0.0859781493523657343	0.0822075823065725508	0.0137775159264393169	0.798794239194952661	0.013029455378874827	0.0258645012032173968	0.1795904773677176	0.0186365370752718099	0.705480973185679188	0.13435836732041086	0.167337770599397663	0.15401467691085274	0.40553691213620019	0.248853772947899618	0.214602212275347063	0.283418772862056692
T:	0.185342056615108671	0.236448334773837834	0.141270801408262204	0.181955737598215229	0.207694306510582775	0.242233477477943461	0.385632659187606519	0.162077101105136497	0.0664319960286783296	0.00855391762430366753	0.930603568435418626	0.0305024749824891503	0.0130613658130260712	0.901153950969610544	0.050234343402611764	0.565742375115152652	0.362149672116669651	0.330325556143693588	0.173203751954447509	0.119362235590810264	0.44794132310599758	0.213264798339842977



