1	AGTTAACT	0.492401125759146793


A:	0.0663463931867066938	0.356513986035376513	0.464909683117783741	0.363872212728323238	0.352031519005726811	0.195967677012267706	0.288977914913171267	0.932465820299835254	0.00748389855026430908	0.0083487766598310264	0.0047311342888708378	0.961256789434806622	0.970511666483617164	0.00807970701985891346	0.042814859182415218	0.192716526656930223	0.286296274573513656	0.479650938567605959	0.143214754595277569	0.419519017470214809	0.119804764078746755	0.298060726225209234
C:	0.584618836091033404	0.2823403661072897	0.0419143844163278916	0.184768868958917392	0.18071028049623328	0.326699758912710207	0.0497903456206515654	0.0189696454708582492	0.0277257060607088125	0.0103571999381295943	0.0168969268526583531	0.0171151494236641868	0.0107823569184222156	0.956710688369167965	0.00574967504689127889	0.129830567639505902	0.2736764221473439	0.140646118635164231	0.0880385416878902664	0.176136188566871161	0.0910289035254607493	0.146994585150627324
G:	0.292304425113496709	0.0327802478270108284	0.196679431438804847	0.199023744464273153	0.0742413261126029529	0.0633358298382760858	0.295128394048564355	0.00574967504689127889	0.956710688369167965	0.0107823569184222156	0.0171151494236641868	0.0168969268526583531	0.0103571999381295943	0.0277257060607088125	0.0189696454708582492	0.0870113880536558631	0.313237948183644783	0.121598635788076568	0.195418252522025249	0.110006987950423494	0.547017402653152528	0.360071998899723549
T:	0.0567303456087631937	0.328365400030322958	0.29649650102708352	0.252335173848486218	0.393016874385436957	0.413996734236746001	0.366103345417612813	0.042814859182415218	0.00807970701985891346	0.970511666483617164	0.961256789434806622	0.0047311342888708378	0.0083487766598310264	0.00748389855026430908	0.932465820299835254	0.590441517649908012	0.126789355095497661	0.258104307009153242	0.573328451194806916	0.294337806012490537	0.242148929742639968	0.194872689724439893



2	ACTTAAGT	0.485849010023206439


A:	0.464952963894616393	0.480394405845106874	0.204421697096146908	0.448774336233858667	0.683291282304011049	0.150767762707680537	0.358167656655882147	0.898765946224079793	0.0131210176351180039	0.0466499499768721116	0.0128081449916176912	0.920248602251302967	0.91625294283744687	0.0116605835049080695	0.0434373197700381501	0.202437478298743837	0.696484785799607257	0.247232013548843789	0.326502031808731339	0.434393082617434607	0.192257993605627799	0.268052855935404915
C:	0.0927014035701249467	0.261850361025961211	0.145886785394603823	0.142537892997423768	0.0693354097135998046	0.0979086795544112465	0.069388699269210553	0.00827246053754254212	0.880154706327886987	0.0279473993872683408	0.0321198288728678745	0.0348234238842114668	0.00914970779841267786	0.0950636925320869398	0.0495242734683395147	0.0528393644706043178	0.0721010489518045211	0.144014507237188138	0.259813668987437826	0.180316014018500073	0.182421214774388525	0.047886510641007347
G:	0.267108863682684204	0.124362829247342073	0.343081101496306091	0.316431769673250865	0.0496254926108729996	0.204707471253907826	0.0980813343344924118	0.0495242734683395147	0.0950636925320869398	0.00914970779841267786	0.0348234238842114668	0.0321198288728678745	0.0279473993872683408	0.880154706327886987	0.00827246053754254212	0.14078384543840521	0.117984503771707074	0.253832449409102944	0.19325398606475521	0.152578548470167482	0.164050035867158264	0.10269102787176648
T:	0.175236768852574455	0.133392403881589842	0.306610416012943177	0.0922560010954666991	0.197747815371516147	0.546616086484000391	0.474362309740414888	0.0434373197700381501	0.0116605835049080695	0.91625294283744687	0.920248602251302967	0.0128081449916176912	0.0466499499768721116	0.0131210176351180039	0.898765946224079793	0.603939311792246635	0.113429661476881148	0.35492102980486513	0.220430313139075625	0.232712354893897837	0.461270755752825412	0.581369605551821258



3	AGTT.AACT	0.484040977536410763


A:	0.283261742662603361	0.25978412590056533	0.120259132986705892	0.211202071064515569	0.319614974794815425	0.234633234599111078	0.338892025580385539	0.962626832042902668	0.00395016095659215402	0.0207015093462661076	0.0241797947000770959	0.19382955931142657	0.927901724273986205	0.943748289875758654	0.0176447208566506806	0.0206399177804030065	0.262215228009955583	0.193736194405128437	0.237240940861633058	0.257990689623562555	0.0419514791561984748	0.287826007352361809	0.141662776064970218
C:	0.130218540243158809	0.0889558606433865701	0.574863648848203052	0.264084935013374027	0.0924473032208878502	0.420023038254878536	0.176993704724612568	0.0113588133430987089	0.0715199648124182556	0.0283099766399213981	0.0315056545344388473	0.0850369173586008325	0.0164128264914978517	0.00724022413805384071	0.90688515337433891	0.00537443683359561703	0.104944967971171449	0.324885553071144965	0.0495115717174425263	0.311981230555954022	0.159183429577332076	0.397175450170600628	0.0513942447841416849
G:	0.262042491103254099	0.288669929742939017	0.116701963306738321	0.22878020896126882	0.226235503353481967	0.0360491968457141972	0.151955116026592497	0.00537443683359561703	0.90688515337433891	0.00724022413805384071	0.0164128264914978517	0.365106872913177948	0.0315056545344388473	0.0283099766399213981	0.0715199648124182556	0.0113588133430987089	0.128317152860700111	0.216944405436722696	0.444839373315081772	0.226422742627004047	0.0403355428504429693	0.042090965389741023	0.0406744722574947618
T:	0.324477225990983731	0.362590083713109082	0.188175254858352736	0.295932784960841584	0.361702218630814758	0.309294530300296189	0.332159153668409397	0.0206399177804030065	0.0176447208566506806	0.943748289875758654	0.927901724273986205	0.35602665041679465	0.0241797947000770959	0.0207015093462661076	0.00395016095659215402	0.962626832042902668	0.504522651158172858	0.264433847087003901	0.268408114105842643	0.203605337193479375	0.75852954841602648	0.27290757708729654	0.766268506893393335



4	AGTTAAC..A	0.481602212673482491


A:	0.194872689724439893	0.242148929742639968	0.294337806012490537	0.573328451194806916	0.258104307009153242	0.126789355095497661	0.590441517649908012	0.82408150192565784	0.0132661729872016421	0.0413586549334188619	0.0179743666289619075	0.842369278866502327	0.807853730685940067	0.0482709700314793026	0.042814859182415218	0.366103345417612813	0.413996734236746001	0.393016874385436957	0.252335173848486218	0.29649650102708352	0.328365400030322958	0.0567303456087631936	0.0783924679547642224
C:	0.360071998899723549	0.547017402653152528	0.110006987950423494	0.195418252522025249	0.121598635788076568	0.313237948183644783	0.0870113880536558631	0.0440329615526682373	0.108014674351598246	0.0607675419323930334	0.0304425040844118736	0.101974757734331858	0.101952191301117861	0.70132620865296278	0.00574967504689127889	0.295128394048564355	0.0633358298382760858	0.0742413261126029529	0.199023744464273153	0.196679431438804847	0.0327802478270108284	0.292304425113496709	0.67268743055069118
G:	0.146994585150627324	0.0910289035254607493	0.176136188566871161	0.0880385416878902664	0.140646118635164231	0.2736764221473439	0.129830567639505902	0.0276240035645156658	0.853025440966142881	0.02376316409252185	0.033785291467904544	0.0252262250060885109	0.0218307127567112407	0.1675200738077507	0.0189696454708582492	0.0497903456206515654	0.326699758912710207	0.18071028049623328	0.184768868958917392	0.0419143844163278916	0.2823403661072897	0.584618836091033404	0.153939678076674789
T:	0.298060726225209234	0.119804764078746755	0.419519017470214809	0.143214754595277569	0.479650938567605959	0.286296274573513656	0.192716526656930223	0.104261532957158257	0.0256937116950572305	0.874110639041666255	0.917797837818721675	0.0304297383930773041	0.0683633652562308321	0.0828827475078072171	0.932465820299835254	0.288977914913171267	0.195967677012267706	0.352031519005726811	0.363872212728323238	0.464909683117783741	0.356513986035376513	0.0663463931867066938	0.0949804234178698086



5	AAGTTAAC	0.480758544897757582


A:	0.118812137174199481	0.194872689724439893	0.242148929742639968	0.294337806012490537	0.573328451194806916	0.258104307009153242	0.126789355095497661	0.590441517649908012	0.701676164492549628	0.018141327840956489	0.05884713088728942	0.0304239653916129242	0.911642542561727773	0.891941803417262566	0.10569503033182791	0.042814859182415218	0.366103345417612813	0.413996734236746001	0.393016874385436957	0.252335173848486218	0.29649650102708352	0.328365400030322958
C:	0.166930412171289435	0.360071998899723549	0.547017402653152528	0.110006987950423494	0.195418252522025249	0.121598635788076568	0.313237948183644783	0.0870113880536558631	0.011954782598489587	0.159968422067571633	0.00985666614748588965	0.017653816205674826	0.0280113857268603617	0.0128061189978160327	0.823814552677395363	0.00574967504689127889	0.295128394048564355	0.0633358298382760858	0.0742413261126029529	0.199023744464273153	0.196679431438804847	0.0327802478270108284
G:	0.538168658746073062	0.146994585150627324	0.0910289035254607493	0.176136188566871161	0.0880385416878902664	0.140646118635164231	0.2736764221473439	0.129830567639505902	0.0283267878600225787	0.817641348376362517	0.00827952612816023772	0.0364743669326804473	0.0305331634599195243	0.0119260348361254827	0.0574226760283521043	0.0189696454708582492	0.0497903456206515654	0.326699758912710207	0.18071028049623328	0.184768868958917392	0.0419143844163278916	0.2823403661072897
T:	0.176088791908438021	0.298060726225209234	0.119804764078746755	0.419519017470214809	0.143214754595277569	0.479650938567605959	0.286296274573513656	0.192716526656930223	0.258042265048938207	0.00424890171510936103	0.923016676837064453	0.915447851470031803	0.0298129082514923406	0.0833260427487959185	0.0130677409624246228	0.932465820299835254	0.288977914913171267	0.195967677012267706	0.352031519005726811	0.363872212728323238	0.464909683117783741	0.356513986035376513



