1	ACGCGT.AA	0.495829629080851484


A:	0.265179776869141694	0.140105409666705369	0.366464960589598171	0.252883630994057658	0.55632444843528697	0.302436584705130597	0.374646684986077926	0.806339170387724419	0.00850536332115612894	0.0767380209651619636	0.0118131615914685451	0.0111489769604909808	0.00165777037413380141	0.101531814000316218	0.703701480298402992	0.469357320919411669	0.148288785157890448	0.0999249365570583968	0.231922523627447786	0.148906308499187347	0.160799757328381696	0.129464716161040002	0.106993489575511883
C:	0.465925543243722399	0.233957175066798013	0.311830360909598943	0.307665110512846843	0.147156224693981959	0.132927120974974283	0.154242916143805338	0.16909561314618598	0.967570131298072739	0.00281068824991308659	0.947769828981267916	0.00574744205312729787	0.0366049362020320497	0.497246691943282537	0.0785616403098956587	0.0389142126166561633	0.306862010448473081	0.299909117474866455	0.397766755265658783	0.306107964964285842	0.476937093351065467	0.450691219251502229	0.336474079286446663
G:	0.18969561422285884	0.337710416610238462	0.181501485781517784	0.338521158457263522	0.159563677620313968	0.15898050586812311	0.240800624243025589	0.0194683998549708378	0.00231520101040378311	0.915869320573118114	0.00244015360239561084	0.977109760000310137	0.406441512029269098	0.204962943520341111	0.0704849784160018328	0.128529730309143575	0.346962244340432756	0.269326179582005782	0.232632080452718444	0.46173278215812655	0.195241202251968895	0.2314070871766537	0.475236558621505001
T:	0.0791990656642770664	0.288226998656258155	0.140203192719285103	0.100930100035831977	0.136955649250417103	0.405655788451772011	0.230309774627091147	0.00509681661111876376	0.0216093043703673491	0.00458197021180683585	0.037976855824867928	0.00599382098607158491	0.555295781394565051	0.196258550536060134	0.147251900975699517	0.363198736154788593	0.197886960053203715	0.330839766386069366	0.137678640654174987	0.083252944378400261	0.167021947068583942	0.188436977410804069	0.0812958725165364528



2	G.ACGCGG.A	0.494856851220756985


A:	0.233238496660536449	0.056194980035104562	0.170228729419602363	0.425817678990288916	0.284754260946737815	0.548988977827032143	0.0317997360468680224	0.169127730948368289	0.990131208682235573	0.00733910268260437658	0.0593526156887279871	0.00643985732805516062	0.00141669969023348864	0.00118488958381939067	0.306820863300229987	0.717386962978278643	0.383941302715259566	0.244880063087107901	0.165340342206469186	0.0393110308416764258	0.0628238171776104677	0.19688925699496472	0.127147687676022083
C:	0.158176027706222256	0.411100623545396072	0.496518053347749645	0.291439677728239996	0.125462348876231759	0.169643894450611574	0.0564485127009088324	0.423303951243670865	0.00412403472604601588	0.983190946181285877	0.00113232564946837235	0.988365640518116763	0.00280370102012172965	0.0211211997931488455	0.221309002056239914	0.01265771497413791	0.0847256353230483008	0.365076503849127283	0.254307851369509488	0.37582641308225638	0.0575260700382276954	0.354815790754351997	0.263265866245428876
G:	0.370966542528569617	0.398867949609708976	0.182938400145491382	0.149655131741179455	0.374721109570999189	0.13037539810982773	0.743565989758002463	0.220851441877927454	0.00288809961496142217	0.000980362411643623498	0.931643193060478804	0.00129976799497648223	0.988731142875935741	0.816995724864816987	0.141316829409660328	0.0313293937625761822	0.0462374634250127752	0.145944441724076013	0.394887472035215129	0.269870945255947005	0.788312978786108963	0.157411553532465213	0.212359830101981289
T:	0.237618933104671678	0.133836446809790391	0.150314817087156611	0.133087511540291633	0.215062280606031238	0.150991729612528552	0.168185761494220682	0.186716875930033392	0.00285665697675698891	0.00848958872446612277	0.00787186560132483667	0.00389473415885159371	0.007048456413709041	0.160698185758214776	0.330553305233869771	0.238625928285007265	0.485095598536679358	0.244098991339688803	0.185464334388806197	0.314991610820120189	0.0913371339980528734	0.290883398718218069	0.397226615976567753



3	ACGCGT.CC	0.494214780790569796


A:	0.226182503066426209	0.220326720123850915	0.246743838552320614	0.281712677186759702	0.194374525366983935	0.357133963720889842	0.442233640143650931	0.738755383607577484	0.00642384420575812845	0.0313630121642935483	0.0212761072528625129	0.0448794344146540646	0.00713853178414843733	0.254126092356746604	0.112318258717798188	0.0875325281464733344	0.319437578909799505	0.121691425266866988	0.231754615769970387	0.160048844388652832	0.371308558911922083	0.187501045697638169	0.0606220188988922641
C:	0.113165848316074196	0.32261997878892092	0.379370876849110899	0.29930238652771785	0.395134575363362613	0.165628915007533089	0.0443879081755753296	0.182375966313346489	0.958458054036653028	0.00375015609880011728	0.861979715718754645	0.00399988380249723397	0.06420313958935969	0.27058406425075213	0.52185639818952742	0.332400560759321423	0.371944344550182422	0.277782923589592685	0.377739131394176693	0.25871977351298561	0.143579275618078472	0.340204518572046723	0.322191764571083946
G:	0.125973848611364969	0.249243464956961213	0.265041463597912215	0.247783358859063123	0.308416566581728464	0.146809853246135637	0.212510116174689473	0.0716568766504738824	0.00678290389240383031	0.938657562711749074	0.00356237196617970154	0.94374441104144618	0.148154265828190666	0.117243903330258605	0.248482347521735901	0.492640624913879743	0.245753907049599019	0.395157683666734567	0.137051150003754508	0.453479130707701916	0.286174115740789276	0.205440580630252817	0.545388744080600419
T:	0.534677800006134626	0.207809836130266952	0.108843821000656271	0.171201577426459324	0.102074332687924988	0.330427268025441431	0.300868335506084267	0.00721177342860214462	0.0283351978651850134	0.0262292690251572607	0.11318180506220314	0.00737627074140252153	0.780504062798301206	0.358045940062242661	0.117342995570938491	0.0874262861803254993	0.0628641694904190544	0.205367967476805759	0.253455102832098413	0.127752251390659642	0.198938049729210168	0.266853855100062291	0.0717974724494233714



4	A..ACGCGTC	0.494177862293786427


A:	0.196807858710078001	0.0849292221719253453	0.0682579544878233588	0.258328426376638126	0.466599131822920259	0.0727845966935117362	0.608144653097712986	0.23373753372934311	0.195878007519560195	0.722258070715375209	0.0039132913257242163	0.0226197994311731269	0.00446708222354175004	0.00513150415550918456	0.00243192349292115013	0.0968112395826661679	0.374532874969004766	0.218014695486421383	0.201850996333020264	0.126985248510698287	0.181420165953061439	0.194796068615809621	0.256894867835864889
C:	0.551842121074169636	0.168093725210799139	0.452032918465816432	0.13027408679630851	0.232170204610466689	0.607850230642351771	0.216554385529967316	0.42574065497457609	0.0508338078135350965	0.258633398705740737	0.988894399609316598	0.00117190305934203492	0.975623330659697977	0.00176639078415546694	0.00707660104616452663	0.706193185959856628	0.0647183218216938614	0.0878741542065309146	0.200642762989757959	0.209646045496879728	0.198635672428371635	0.36260216054393224	0.392851125752727529
G:	0.184036137012046103	0.667272834301308236	0.270247099318130059	0.427840731612001495	0.143326174827873038	0.244054887045142191	0.0739436682935641814	0.13602207938537714	0.669908722338047045	0.0162802980035782448	0.00119640789540938249	0.973451364268984702	0.00108923282470768573	0.990185828375956898	0.132050468365310844	0.0694276618818422292	0.063644570967139769	0.456375219610223505	0.420962858927812026	0.31313896784663302	0.327949536975608133	0.384350090033483647	0.23999672659217069
T:	0.0673138832037062596	0.0797042183159672797	0.20946202772823015	0.183556755215051869	0.157904488738740015	0.0753102856189943011	0.101357293078755516	0.20449973191070366	0.0833794623288576636	0.0028282325753058084	0.00599590116954980321	0.00275693324050013624	0.0188203542920525871	0.0029162766843784502	0.85844100709560348	0.127567912575634975	0.497104232242161604	0.237735930696824198	0.176543381749409751	0.350229738145788966	0.291994624642958794	0.0582516808067744929	0.110257279819236892



5	T.ACGCGT.A	0.493907075494988397


A:	0.100900269198914639	0.265179776869141694	0.140105409666705369	0.366464960589598171	0.252883630994057658	0.55632444843528697	0.302436584705130597	0.374646684986077926	0.483186430918545597	0.0176156318164736663	0.046596103960577179	0.0177856620394088439	0.0286121105113641883	0.00242688291424100203	0.101531814000316218	0.405655788451772011	0.469357320919411669	0.148288785157890448	0.0999249365570583968	0.231922523627447786	0.148906308499187347	0.160799757328381696	0.129464716161040002
C:	0.246861837940174491	0.465925543243722399	0.233957175066798013	0.311830360909598943	0.307665110512846843	0.147156224693981959	0.132927120974974283	0.154242916143805338	0.495669354065415796	0.950437745010091109	0.00347220225726694964	0.932146031742747028	0.00333451266207103652	0.0187173321017976049	0.497246691943282537	0.15898050586812311	0.0389142126166561633	0.306862010448473081	0.299909117474866455	0.397766755265658783	0.306107964964285842	0.476937093351065467	0.450691219251502229
G:	0.526424073210984244	0.18969561422285884	0.337710416610238462	0.181501485781517784	0.338521158457263522	0.159563677620313968	0.15898050586812311	0.240800624243025589	0.0187173321017976049	0.00333451266207103653	0.932146031742747028	0.00347220225726694964	0.950437745010091109	0.495669354065415796	0.204962943520341111	0.132927120974974283	0.128529730309143575	0.346962244340432756	0.269326179582005782	0.232632080452718444	0.46173278215812655	0.195241202251968895	0.2314070871766537
T:	0.125813819649926626	0.0791990656642770664	0.288226998656258155	0.140203192719285103	0.100930100035831977	0.136955649250417103	0.405655788451772011	0.230309774627091147	0.00242688291424100203	0.0286121105113641883	0.0177856620394088439	0.046596103960577179	0.0176156318164736663	0.483186430918545597	0.196258550536060134	0.302436584705130597	0.363198736154788593	0.197886960053203715	0.330839766386069366	0.137678640654174987	0.083252944378400261	0.167021947068583942	0.188436977410804069



