1	GACGCGTC	0.49410845405834491


A:	0.0993143130026516478	0.10060188425429779	0.0629297040959339849	0.111000690073018636	0.387315564272837317	0.27139838669499052	0.149783358350246413	0.138954607960156104	0.751846424150543988	0.00784876204824205176	0.208579324312437664	0.00167619685899565998	0.00283614213505608317	0.000701411609191096693	0.0890968344620046993	0.11271858488675297	0.260256381379988761	0.1070125228791849	0.114438819849781759	0.0516519228008691883	0.215368540501107109	0.170118664554033904
C:	0.602998616986630403	0.380492179219844868	0.20236242444979826	0.580900792419591624	0.410927683990394326	0.189260976693319417	0.279028206914639051	0.052038843941444891	0.213234885837056135	0.986324104729316074	0.000545054501735997232	0.789199424326830679	0.00299099108738579136	0.0342172784032087807	0.719909713636394305	0.199459601206974914	0.347629399284574171	0.188657990585211628	0.159223474721774327	0.432243693826433968	0.271385576628532491	0.300499134028901322
G:	0.0647607093421483027	0.0551249384577244621	0.47297354659940815	0.203504277403611577	0.129347575796770138	0.114606599520634447	0.168414585972742066	0.719909713636394305	0.0342172784032087807	0.00299099108738579136	0.789199424326830679	0.000545054501735997232	0.986324104729316074	0.213234885837056135	0.052038843941444891	0.593605269180901706	0.117620107252466188	0.441053016416494758	0.402967944954312669	0.395391304518908181	0.162110273556044169	0.23610198319685602
T:	0.232926360668569647	0.46378099806813288	0.261734324854859605	0.104594240103778163	0.0724091759399982186	0.424734037091055615	0.40277384876237247	0.0890968344620046993	0.000701411609191096693	0.00283614213505608317	0.00167619685899565998	0.208579324312437664	0.00784876204824205176	0.751846424150543988	0.138954607960156104	0.0942165447253704109	0.274494112082970881	0.263276470119108714	0.323369760474131244	0.120713078853788663	0.351135609314316231	0.293280218220208755



2	C.ACGCGTC	0.49234039737290519


A:	0.638444117265605939	0.293280218220208755	0.351135609314316231	0.120713078853788663	0.323369760474131244	0.263276470119108714	0.274494112082970881	0.0942165447253704109	0.138954607960156104	0.732905025344544968	0.00272272342141430816	0.0646989658459692843	0.00292912644340165404	0.00180381010397481444	0.00148144860944154969	0.221248895831780651	0.40277384876237247	0.424734037091055615	0.0724091759399982186	0.104594240103778163	0.261734324854859605	0.46378099806813288	0.232926360668569647
C:	0.152896605129981269	0.23610198319685602	0.162110273556044169	0.395391304518908181	0.402967944954312669	0.441053016416494758	0.117620107252466188	0.593605269180901706	0.052038843941444891	0.254721793737910964	0.991050474963023776	0.000603440119939073912	0.908051919480713739	0.00156440325181247963	0.0343934755281016518	0.619117846220484821	0.168414585972742066	0.114606599520634447	0.129347575796770138	0.203504277403611577	0.47297354659940815	0.0551249384577244621	0.0647607093421483027
G:	0.187327744279762415	0.300499134028901322	0.271385576628532491	0.432243693826433968	0.159223474721774327	0.188657990585211628	0.347629399284574171	0.199459601206974914	0.719909713636394305	0.0116316298265971921	0.00323596285104584507	0.933394893151619991	0.000465221919639768498	0.99145469858517333	0.206739486277135573	0.0679046019810097493	0.279028206914639051	0.189260976693319417	0.410927683990394326	0.580900792419591624	0.20236242444979826	0.380492179219844868	0.602998616986630403
T:	0.0213315333246503784	0.170118664554033904	0.215368540501107109	0.0516519228008691883	0.114438819849781759	0.1070125228791849	0.260256381379988761	0.11271858488675297	0.0890968344620046993	0.000741551090946876206	0.00299083876451607064	0.00130270088247165124	0.0885537321562448388	0.00517708805903937591	0.757385589585321226	0.091728655966724779	0.149783358350246413	0.27139838669499052	0.387315564272837317	0.111000690073018636	0.0629297040959339849	0.10060188425429779	0.0993143130026516478



3	A.ACGCGT.T	0.491907277868730466


A:	0.192852558129826648	0.704525229332573307	0.210629326366142965	0.36447565541646289	0.0981481237171074797	0.291546312321242988	0.433567619108625871	0.431587859639768966	0.327591826203344239	0.598990815851261461	0.0269584265736187889	0.185926249198208539	0.00204294954356124833	0.00438633166931094085	0.00289841891028464128	0.327091079742033179	0.0538461766490194894	0.20333175496506979	0.0934542534313604474	0.0260380881794191522	0.224414948439079872	0.260948922916659679	0.0791205185656933115
C:	0.160100005287299493	0.197513989616223664	0.244043808039871333	0.0844128164225681188	0.194197952952144058	0.119564036949210474	0.11069086054704682	0.457764438177761457	0.385928569638546869	0.17972911648071046	0.962225714111853537	0.00157116728831199012	0.810459633969918222	0.00642952764521673326	0.218381648757743438	0.09857361769707879	0.0568015255334500868	0.0448160328124955253	0.243714316150784843	0.15309640405338995	0.265160517478461285	0.280566365111187167	0.179782507631881327
G:	0.19070924130972939	0.0319058934947734621	0.184445055304775683	0.466996752227927936	0.656206583087446458	0.525416866763823733	0.398438928778223029	0.0568015255334500868	0.136731560808939779	0.218381648757743438	0.00642952764521673325	0.810459633969918222	0.00157116728831199012	0.962225714111853537	0.17972911648071046	0.073775883532556308	0.457764438177761457	0.255576122891977572	0.216293524181666873	0.345756432300820595	0.417954894380205496	0.282708012428776638	0.531151807721223657
T:	0.456338195273144469	0.066054887556429567	0.360881810289210019	0.084114775933041055	0.0514473402433020039	0.0634727839657228044	0.0573025915661042809	0.0538461766490194894	0.149748043349169114	0.00289841891028464128	0.00438633166931094085	0.00204294954356124833	0.185926249198208539	0.0269584265736187889	0.598990815851261461	0.500559419028331723	0.431587859639768966	0.496276089330457113	0.446537906236187836	0.475109075466370303	0.0924696397022533472	0.175776699543376516	0.209945166081201704



4	AC.ACGCGT	0.49118235809883038


A:	0.188113098076088594	0.045106681781857424	0.102189005649220815	0.317513537301759093	0.155339081894863574	0.434549674375738496	0.253627093145273265	0.671432663249348845	0.298251065259632014	0.524377222892613173	0.752754317927028866	0.00279801661869169137	0.0621778144334134172	0.00195105589424268439	0.00311611343082693321	0.000789151610958160185	0.228652823245504499	0.204129304180005517	0.218432534311462804	0.0446131948016491985	0.0932343185060151006	0.327984448149680111	0.142863385529513906
C:	0.624429910244722145	0.140429772218052473	0.329589653601638392	0.473811724951549582	0.145428074958066584	0.257388090775608715	0.291681053213562833	0.0813398580777417644	0.508565964954253967	0.163746181947355359	0.21659656136355517	0.990092983720696214	0.000780404316639492923	0.944899734966100518	0.0014595025791151542	0.0301119856499927231	0.174037199131420604	0.0827028305339557355	0.228571331444286336	0.413230877980629864	0.137635317759949528	0.438024598668216764	0.274097562017035843
G:	0.150822284870401762	0.211876860943253937	0.39347790645036831	0.0615573304941459867	0.544158200553968272	0.0412710205247223781	0.315120580522043075	0.140253213004551033	0.116408645246126837	0.133235189382984306	0.0295027217897765657	0.00471157467881755048	0.934640309082225068	0.000604030940215230511	0.991113456629566895	0.127366491080702536	0.125429793145181971	0.406284343134893934	0.0976255806636681676	0.133675929663949419	0.511238344400689462	0.154694634170569104	0.322395342189285547
T:	0.0366347068087874991	0.602586685056836166	0.174743434298772483	0.147117407252545338	0.155074642593101571	0.266791214323930411	0.139571273119120827	0.106974265668358358	0.076774324539987182	0.178641405777047161	0.00114639891963939824	0.00239742498179454463	0.00240147216772202234	0.0525451781994415672	0.00431092736049101788	0.841732371658346581	0.471880184477892926	0.306883522151144813	0.455370553580582692	0.408479997553771519	0.257892019333345909	0.0792963190115340209	0.260643710264164704



5	A..ACGCGTT	0.490900389932647997


A:	0.188113098076088594	0.045106681781857424	0.102189005649220815	0.317513537301759093	0.155339081894863574	0.434549674375738496	0.253627093145273265	0.630124873162560634	0.298251065259632014	0.524377222892613173	0.746072562926144683	0.00514701049986472867	0.141262411426589587	0.00152539271395792783	0.0033748215303878942	0.00435412274355263142	0.228652823245504499	0.204129304180005517	0.218432534311462804	0.0446131948016491985	0.0932343185060151006	0.327984448149680111	0.142863385529513906
C:	0.624429910244722145	0.140429772218052473	0.329589653601638392	0.473811724951549582	0.145428074958066584	0.257388090775608715	0.291681053213562833	0.162116645525736007	0.508565964954253967	0.163746181947355359	0.13697215524862188	0.991235365027299842	0.000608052023345824334	0.917197990752189417	0.000821363116788892588	0.216714483490380106	0.174037199131420604	0.0827028305339557355	0.228571331444286336	0.413230877980629864	0.137635317759949528	0.438024598668216764	0.274097562017035843
G:	0.150822284870401762	0.211876860943253937	0.39347790645036831	0.0615573304941459867	0.544158200553968272	0.0412710205247223781	0.315120580522043075	0.133493556133319539	0.116408645246126837	0.133235189382984306	0.115162030333882824	0.00245620357918301458	0.856007671611838774	0.000767668609457439292	0.98267970990865611	0.190482193878598231	0.125429793145181971	0.406284343134893934	0.0976255806636681676	0.133675929663949419	0.511238344400689462	0.154694634170569104	0.322395342189285547
T:	0.0366347068087874991	0.602586685056836166	0.174743434298772483	0.147117407252545338	0.155074642593101571	0.266791214323930411	0.139571273119120827	0.0742649251783838192	0.076774324539987182	0.178641405777047161	0.0017932514913506139	0.00116142089365241496	0.00212186493822581462	0.0805089479243952163	0.0131241054441671029	0.588449199887469032	0.471880184477892926	0.306883522151144813	0.455370553580582692	0.408479997553771519	0.257892019333345909	0.0792963190115340209	0.260643710264164704



