1	AAA.CGCGT	0.49897430807153374


A:	0.237018586438035219	0.247386411554065786	0.401626349913704058	0.260333317505502781	0.392484688055596926	0.185785249332334577	0.360865146014826745	0.726202361019796269	0.774653849934243314	0.832203059387674472	0.494070399854071369	0.00870134927847490629	0.0175342478867374603	0.0067069439276083217	0.00292365432296953512	0.00142146849867661264	0.15657459990624514	0.167925741353534731	0.220580277266669937	0.218582364824960962	0.488436024630235752	0.335935414592605085	0.336491715556797354
C:	0.406705614733046346	0.273598175680120577	0.0631912314657289329	0.0663631602446453642	0.569689416813219758	0.665581909522344653	0.1247737562695357	0.0631359430504052658	0.0475660112938205118	0.0246683113032911874	0.286371936320242746	0.987784871545210681	0.000619098116051981419	0.87807356120398375	0.000734388762429150298	0.0110469475034619542	0.218503376643402349	0.0836396473315795913	0.237513556465113639	0.433305102917358735	0.0275233026053124349	0.0299121810301879333	0.224533550927442051
G:	0.282261561546349933	0.24480691488073149	0.478465712190845547	0.0387234721093191178	0.00206754690755210988	0.0544244566510632342	0.423651384943750016	0.0671556929041086898	0.0405646561021477412	0.0542365897385480215	0.218488664437509006	0.00139009361556370405	0.979858690440757922	0.000557521368588601037	0.989972771125548065	0.0475340617046728369	0.14692298109457879	0.322414940998155004	0.0757908599981476987	0.218582364824960962	0.124130970719446794	0.549268425204639211	0.231144539961279834
T:	0.074014237282568502	0.234208497885082147	0.0567167064297214622	0.634580050140532737	0.0357583482236312057	0.0942083844942575358	0.0907097127718875391	0.143506003025689775	0.137215482669788433	0.0888920395704863191	0.00106899938817687927	0.00212368556075070862	0.00198796355645263606	0.114661973499819328	0.00636918578905324972	0.939997522293188596	0.477999042355773721	0.426019670316730674	0.466115306270068725	0.129530167432719341	0.359909702045005019	0.0848839791725677699	0.20783019355448076



2	A.AACGCG.T	0.497986629518563418


A:	0.0707797929375325165	0.16834452144258451	0.261854567958728053	0.0534543715887794328	0.437967677014572622	0.141025579573879654	0.697740946327038464	0.643086959941899736	0.656508293579656331	0.951465757836841271	0.00868933160567819717	0.088093942089403664	0.00386624228608683338	0.00205310122050305543	0.00112323183372229111	0.107131535383814663	0.17573439500898561	0.217756077147351805	0.147351839277729782	0.0836974809730810985	0.33539824277422529	0.45406226473532571
C:	0.0918232723907178327	0.60413157465692859	0.171810665862220425	0.639801049201488946	0.139884090098242925	0.0533805727045690124	0.0903073102019932299	0.153991563246767444	0.0718185688612781729	0.0348785526600152399	0.98707634371433612	0.000449078944567250492	0.982714595704019535	0.00095215191559171625	0.127770250833695386	0.0883767005706152153	0.0594076369511121102	0.176570634981530316	0.33199778625061982	0.121608384295803279	0.0031697036384533122	0.150214922154211376
G:	0.187445374561619774	0.136643950377097318	0.327320435921529013	0.0687221538960915751	0.0704380123397972167	0.645659147012185303	0.0847747670390947932	0.0970401212018857519	0.118003825664176166	0.0115900942476030623	0.000761884899326867694	0.9064385934386264	0.00128409124425927915	0.984585131419878553	0.271243040489861003	0.0286143573037172864	0.0806638264010870745	0.0834624027899095172	0.29854343242175458	0.658899913843550523	0.16815234542352526	0.343175820460715301
T:	0.649951560110129877	0.0908799535233895812	0.239014330257522509	0.238022425313640046	0.351710220547387237	0.15993470070936603	0.127176976431873513	0.105881355609447068	0.15366931189488933	0.00206559525554042669	0.00347243978065881561	0.00501838552740268561	0.0121350707656343525	0.0124096154440266749	0.599863476842721319	0.775877406741852835	0.684194141638815205	0.522210885081208362	0.222106942049895818	0.135794220887565099	0.493279708163796138	0.0525469926497476129



3	AA.CGCGTT	0.497915529306665343


A:	0.247386411554065786	0.401626349913704058	0.260333317505502781	0.392484688055596926	0.185785249332334577	0.360865146014826745	0.726202361019796269	0.552324371392031489	0.687935848191879728	0.494070399854071369	0.0113511059700262178	0.00964990894346288156	0.00657076700128551031	0.00203161825657290453	0.00235269102638839237	0.15657459990624514	0.167925741353534731	0.220580277266669937	0.218582364824960962	0.488436024630235752	0.335935414592605085	0.336491715556797354	0.154431514359465917
C:	0.273598175680120577	0.0631912314657289329	0.0663631602446453642	0.569689416813219758	0.665581909522344653	0.1247737562695357	0.0631359430504052658	0.0721247449807740129	0.0342869288482606886	0.286371936320242746	0.985289666379698314	0.00096267635003529341	0.851026585480205615	0.000760317004330697801	0.0146096971666115526	0.218503376643402349	0.0836396473315795913	0.237513556465113639	0.433305102917358735	0.0275233026053124349	0.0299121810301879333	0.224533550927442051	0.201453235954684837
G:	0.24480691488073149	0.478465712190845547	0.0387234721093191178	0.00206754690755210988	0.0544244566510632342	0.423651384943750016	0.0671556929041086898	0.0627408847470439123	0.126925720923376837	0.218488664437509006	0.00110123570359343473	0.985376236386098711	0.000603089857658913096	0.986697221064181686	0.0372066661586699454	0.14692298109457879	0.322414940998155004	0.0757908599981476987	0.218582364824960962	0.124130970719446794	0.549268425204639211	0.231144539961279834	0.562197012685436996
T:	0.234208497885082147	0.0567167064297214622	0.634580050140532737	0.0357583482236312057	0.0942083844942575358	0.0907097127718875391	0.143506003025689775	0.312809998880150586	0.150851502036482747	0.00106899938817687927	0.00225799194668203371	0.00401117832040311376	0.141799557660849961	0.0105108436749147121	0.94583094564833011	0.477999042355773721	0.426019670316730674	0.466115306270068725	0.129530167432719341	0.359909702045005019	0.0848839791725677699	0.20783019355448076	0.0819182370004122509



4	A.ACGCGTT	0.49780634274653829


A:	0.213606851767652724	0.20950294895197411	0.376105380028936653	0.160190092964536633	0.224861920188068909	0.790792968102831996	0.603596186275509092	0.699792184953116939	0.71662801590903186	0.761740936862545776	0.00539806924891989287	0.0519877342857871425	0.00173856269288585536	0.00221093893562115846	0.000972576775901872157	0.11559613847649267	0.335884163913374198	0.192629369572009333	0.149256885948748398	0.0915821706359478397	0.176559096648971332	0.483029160457466054	0.269884222969910121
C:	0.165928400503038076	0.372891257421977965	0.035317170481260305	0.649476223066638873	0.391676592299915063	0.0708449035607185197	0.0587943376603059801	0.184457998086018957	0.0171851970849172631	0.170033287235545238	0.991423915776899554	0.000161885261080604869	0.950491917277361076	0.00127620606375412459	0.0754045546135516509	0.119038447265488618	0.0536996654102126669	0.0607847814462863016	0.0872013475002326245	0.103847427304653471	0.0590353881431397343	0.0926827949788887084	0.141582285980568632
G:	0.266564971617976637	0.148620690639987177	0.0675651120493913512	0.0458823773485348503	0.098509384444863384	0.098373263450503354	0.119010560955976339	0.0139298445978773095	0.0958918898270220211	0.0674866952285617179	0.0012685017864013611	0.945565061121630549	0.00037664884051254245	0.985205700051578884	0.11700032086270261	0.0365379521522811465	0.204854702941463277	0.113571784187130735	0.170689175794247854	0.73019622096610336	0.716287579807781745	0.274268700262573428	0.312363092469335992
T:	0.353899776111332562	0.268985102986060748	0.521012337440411691	0.144451306620289643	0.284952103067152643	0.0399888648859461301	0.218598915108208589	0.101819972362986795	0.170294897179028856	0.000739080673347268921	0.00190951318777919173	0.00228531933150170398	0.0473928711892405264	0.0113071549490458326	0.806622547747843867	0.728827462105737565	0.405561467734949858	0.63301406479457363	0.592852590756771124	0.0743741810932953291	0.0481179354001071885	0.15001934430107181	0.276170398580185255



5	AA.CGCGT.G	0.497760434761030324


A:	0.247386411554065786	0.401626349913704058	0.260333317505502781	0.392484688055596926	0.185785249332334577	0.360865146014826745	0.726202361019796269	0.644585525400348872	0.717916384895962604	0.494070399854071369	0.0139104310581871503	0.0123879244864756086	0.0134390982865590013	0.00168590455110354789	0.00199992497207163897	0.15657459990624514	0.167925741353534731	0.220580277266669937	0.218582364824960962	0.488436024630235752	0.335935414592605085	0.336491715556797354	0.154431514359465917
C:	0.273598175680120577	0.0631912314657289329	0.0663631602446453642	0.569689416813219758	0.665581909522344653	0.1247737562695357	0.0631359430504052658	0.0312371174822948542	0.0227721299003330869	0.286371936320242746	0.984026738849009554	0.000880383650514916894	0.841992539421870971	0.00277566526673091223	0.00763641926101045145	0.218503376643402349	0.0836396473315795913	0.237513556465113639	0.433305102917358735	0.0275233026053124349	0.0299121810301879333	0.224533550927442051	0.201453235954684837
G:	0.24480691488073149	0.478465712190845547	0.0387234721093191178	0.00206754690755210988	0.0544244566510632342	0.423651384943750016	0.0671556929041086898	0.0654529891647571851	0.0844408485080316633	0.218488664437509006	0.000929967823997638068	0.984907757869600449	0.000499643097130115697	0.99097740477080766	0.0354566674223038372	0.14692298109457879	0.322414940998155004	0.0757908599981476987	0.218582364824960962	0.124130970719446794	0.549268425204639211	0.231144539961279834	0.562197012685436996
T:	0.234208497885082147	0.0567167064297214622	0.634580050140532737	0.0357583482236312057	0.0942083844942575358	0.0907097127718875391	0.143506003025689775	0.258724367952599088	0.174870636695672646	0.00106899938817687927	0.00113286226880565765	0.0018239339934090253	0.144068719194439912	0.00456102541135787977	0.954906988344614072	0.477999042355773721	0.426019670316730674	0.466115306270068725	0.129530167432719341	0.359909702045005019	0.0848839791725677699	0.20783019355448076	0.0819182370004122509



