1	GACGCGTC	0.496667160420678418


A:	0.331506450410991464	0.06044215143579864	0.713401833270934906	0.416817310932420207	0.315154223163474612	0.206438831068247591	0.515863867599854424	0.236027999682882203	0.772969734752970844	0.00289748960052316688	0.0890314780644264708	0.00460458056924758463	0.00232529583590620055	0.000281296139860872154	0.00937263030400628664	0.0969722862224177922	0.0930076086271245668	0.0765693442599873705	0.150976648556360214	0.255816594926769623	0.376501601407318745	0.129160313133912476
C:	0.176794040742743156	0.499666932713032503	0.106990697656638963	0.344554099316598314	0.367057626376535019	0.229995018893765279	0.159264302225206132	0.122817515639537555	0.20712157338052392	0.988127950899434219	0.000146238197295196943	0.906217703169030748	0.0066492636641364136	0.019627395726644363	0.631781854373573956	0.1071591441962168	0.320819325449634178	0.374577718216769171	0.275322484610433106	0.331410156963204255	0.141576325069931123	0.579669936398741652
G:	0.246294990427816585	0.232385686249526042	0.0692423241433452754	0.13182837620201953	0.187030978800483111	0.351357560500310842	0.23862375817580751	0.631781854373573956	0.019627395726644363	0.0066492636641364136	0.906217703169030748	0.000146238197295196943	0.988127950899434219	0.20712157338052392	0.122817515639537555	0.18867429148708382	0.175909895727531593	0.218165670178669737	0.362886768547980271	0.232980224651885658	0.277975341016113115	0.176480737955319701
T:	0.245404518418448795	0.207505229601642816	0.110365144929080856	0.106800213548961949	0.130757171659507258	0.212208589537676289	0.0862480719991319339	0.00937263030400628664	0.000281296139860872154	0.00232529583590620055	0.00460458056924758463	0.0890314780644264708	0.00289748960052316688	0.772969734752970844	0.236027999682882203	0.607194278094281588	0.410263170195709661	0.330687267344573721	0.21081409828522641	0.179793023458140464	0.203946732506637017	0.114689012512026171



2	ACGCGTCT	0.495764804662419124


A:	0.06044215143579864	0.713401833270934906	0.416817310932420207	0.315154223163474612	0.206438831068247591	0.515863867599854424	0.236027999682882203	0.878706498205195439	0.00372757934819785352	0.0390679572309415054	0.00309963985732499128	0.00372217528383029465	0.000315542739331317593	0.0211962460290983446	0.0969722862224177922	0.0930076086271245668	0.0765693442599873705	0.150976648556360214	0.255816594926769623	0.376501601407318745	0.129160313133912476	0.24846978024077236
C:	0.499666932713032503	0.106990697656638963	0.344554099316598314	0.367057626376535019	0.229995018893765279	0.159264302225206132	0.122817515639537555	0.108061106501142453	0.992665910906723775	0.000164664639755553324	0.974392465532702436	0.00123733513901024165	0.0337079102568728174	0.676686227516534231	0.1071591441962168	0.320819325449634178	0.374577718216769171	0.275322484610433106	0.331410156963204255	0.141576325069931123	0.579669936398741652	0.178599944659371154
G:	0.232385686249526042	0.0692423241433452754	0.13182837620201953	0.187030978800483111	0.351357560500310842	0.23862375817580751	0.631781854373573956	0.0126575307971045127	0.00128207732470327365	0.956866424435132061	0.000251082469436904373	0.992036726598226919	0.103871650384564518	0.174303808992168609	0.18867429148708382	0.175909895727531593	0.218165670178669737	0.362886768547980271	0.232980224651885658	0.277975341016113115	0.176480737955319701	0.154688892058503805
T:	0.207505229601642816	0.110365144929080856	0.106800213548961949	0.130757171659507258	0.212208589537676289	0.0862480719991319339	0.00937263030400628664	0.00057486449655759534	0.00232443242037509813	0.0039009536941708801	0.0222568121405356683	0.00300376297893254481	0.862104896619231347	0.127813717462198815	0.607194278094281588	0.410263170195709661	0.330687267344573721	0.21081409828522641	0.179793023458140464	0.203946732506637017	0.114689012512026171	0.418241383041352681



3	A..GACGCGT	0.495271727498724091


A:	0.542076812504660061	0.418241383041352681	0.114689012512026171	0.203946732506637017	0.179793023458140464	0.21081409828522641	0.330687267344573721	0.410263170195709661	0.607194278094281588	0.180012526204199886	0.766033039331423688	0.00172364674146284167	0.0472109539201450091	0.00494102089541902777	0.00411507095784349662	0.000420641225380946694	0.00937263030400628664	0.0862480719991319339	0.212208589537676289	0.130757171659507258	0.106800213548961949	0.110365144929080856	0.207505229601642816
C:	0.180166996820580311	0.154688892058503805	0.176480737955319701	0.277975341016113115	0.232980224651885658	0.362886768547980271	0.218165670178669737	0.175909895727531593	0.18867429148708382	0.185545571142276166	0.218903748198480193	0.992239622860283656	0.000228167246792486464	0.9587629539457384	0.000782301555051260802	0.0205525538525728764	0.631781854373573956	0.23862375817580751	0.351357560500310842	0.187030978800483111	0.13182837620201953	0.0692423241433452754	0.232385686249526042
G:	0.146284562898024671	0.178599944659371154	0.579669936398741652	0.141576325069931123	0.331410156963204255	0.275322484610433106	0.374577718216769171	0.320819325449634178	0.1071591441962168	0.581524878943195373	0.0146928052198051927	0.00408803394212338733	0.947182867376873338	0.000138884796391243122	0.992710166077673389	0.102536837611883137	0.122817515639537555	0.159264302225206132	0.229995018893765279	0.367057626376535019	0.344554099316598314	0.106990697656638963	0.499666932713032503
T:	0.131471627776734956	0.24846978024077236	0.129160313133912476	0.376501601407318745	0.255816594926769623	0.150976648556360214	0.0765693442599873705	0.0930076086271245668	0.0969722862224177922	0.0529170237103285746	0.000370407250290926639	0.00194869645613011453	0.00537801145618916636	0.036157140362451329	0.00239246140943185368	0.87648996731016304	0.236027999682882203	0.515863867599854424	0.206438831068247591	0.315154223163474612	0.416817310932420207	0.713401833270934906	0.06044215143579864



4	ACGCGT..TG	0.495189410776905221


A:	0.175414088443514044	0.198713618964775987	0.12264949816158839	0.431113203013759293	0.457460146771741036	0.104549545819206253	0.841305677247299672	0.0020591720386914988	0.0267350756201069269	0.00293252444889969855	0.00846500922487954605	0.000569498501766810536	0.0355110247869384514	0.118741289140886903	0.0345211796747379657	0.0207551378645776117	0.388041048370394286	0.262974556340056496	0.10587826743823914	0.0938372547754684073	0.112857576896458167	0.176628830117906511
C:	0.311818543059311912	0.254916992058908075	0.532311410330065017	0.281360507181902511	0.21662364648565866	0.188803507979526293	0.140151561336367923	0.993135766309976169	0.000238272382801441228	0.9763694231278447	0.00169943347545476618	0.0223309901089863243	0.510573864629425746	0.480343307811095822	0.132875559231922271	0.116055947750869581	0.134337766140561791	0.412164351251096853	0.663357245817305453	0.502122285403930608	0.232950080247204252	0.13522950255493583
G:	0.201358244305628052	0.25768096227798111	0.219922020436662341	0.1336207807725584	0.155452704928273893	0.683307436172314694	0.0180964714672098289	0.0016049888838087527	0.968053663725041417	0.00024268090520433336	0.988300310818539132	0.131136981683803008	0.233773488344949671	0.272767329444915925	0.100577756338981172	0.722887679029066694	0.144594911403123771	0.141837816827907305	0.135819689289515519	0.343952173150214295	0.572805970898672828	0.320420809967211244
T:	0.311409124191545992	0.288688426698334828	0.125117071071684252	0.153905509031779796	0.170463501814326411	0.0233395100289527603	0.000446289949122576186	0.00320007276752357986	0.00497298827205021528	0.0204553715180512682	0.00153524648112655544	0.845962529705443857	0.220141622238686132	0.12814807360310135	0.732025504754358591	0.140301235355486113	0.333026274085920153	0.183023275580939346	0.0949447974549398873	0.0600882866703866898	0.0813863719576647539	0.367720857359946415



5	A.ACCGCGT	0.494814046525411172


A:	0.136977369403176375	0.127915963014907001	0.3955487644938477	0.118606861451977368	0.66196222278389158	0.235851868413111693	0.1654818713389874	0.808520514911235078	0.524064640380043086	0.912082383130357762	0.17147680720831821	0.00862859687001375654	0.00581290332470578399	0.00916083769854024687	0.00388123555669098333	0.000393827599717608999	0.00717680116338474636	0.0981013922859007604	0.0991751960186922068	0.196002335171292512	0.213711850469299364	0.0942795157515324123	0.049123757575009481
C:	0.0328141067203825082	0.432318367762953006	0.0706566528447559365	0.446552532170078036	0.0976796331148775311	0.567378486092464188	0.623247099850362373	0.0705363030037091953	0.222688448407171044	0.0231729851902843946	0.779098094608794101	0.987303820156985038	0.000858349055374341481	0.932712267514957882	0.00120186425266445789	0.00299590586021370021	0.195725217747996784	0.31208962957431954	0.317348216048699234	0.312021357862278996	0.166299297639835682	0.250573275169096716	0.664015506298312428
G:	0.357620690986462729	0.346098369289787579	0.115002568285384913	0.349102336863239341	0.158774668467863708	0.111415389782586987	0.163184558067906288	0.0852878016249566725	0.101289278103295143	0.0437545932320482181	0.0487747668250740917	0.00342250770439910552	0.991206025721503695	0.000221845065015917868	0.992023784273262705	0.0114610306592667687	0.61926251412803015	0.463611646809133283	0.363847333557864283	0.351081768818026428	0.421687090546039919	0.438203813719794025	0.152116350443041902
T:	0.472587832889978388	0.0936672999323524139	0.41879201437601145	0.0857382695147052552	0.0815834756333671811	0.0853542557118371321	0.0480864707427439385	0.0356553804600990545	0.151957633109490727	0.0209900384473096252	0.00065033135781359712	0.00064507526860209963	0.00212272189841617915	0.057905049721485953	0.00289311591738185372	0.985149235880801922	0.177835466960588319	0.126197331330646416	0.219629254374744276	0.140894538148402064	0.198301761344825036	0.216943395359576847	0.134744385683636189



