1	ATTCGAAT	0.494672942828771595


A:	0.119724316855931197	0.663822383353848658	0.164267688253892152	0.248132746718569475	0.222112178130665481	0.321346041561536474	0.590764101289442865	0.642058290656116947	0.036533933470872244	0.0347867757187946045	0.0050823488706867505	0.555397636180172277	0.947949829138559447	0.946122144659994031	0.228725659292758194	0.200521592763567017	0.0778634267143913564	0.259926527790712066	0.260819678300163448	0.120651702210494953	0.045207284380738017	0.443654803955621785
C:	0.161134407772390167	0.109268143723867477	0.561261936961660251	0.139278416442748269	0.200538923911540259	0.150580683274230271	0.0724396424710094102	0.00601804378217160936	0.011366111404150347	0.0103317014871181091	0.436226842998774201	0.0032931719503667718	0.00693169365552783898	0.00597781046498337773	0.12319800626895325	0.114263697130118482	0.207106257567542147	0.473389746669353198	0.0979770181448869	0.26017455357520036	0.172944921516898432	0.200005430240180666
G:	0.204439669506150937	0.125372408092668086	0.1035790761944654	0.401159442146300701	0.16022244413636424	0.340793494505871901	0.188625888363925764	0.12319800626895325	0.00597781046498337773	0.00693169365552783898	0.0032931719503667718	0.436226842998774201	0.0103317014871181091	0.011366111404150347	0.00601804378217160936	0.0906445117246484099	0.244861493291443074	0.0904071664918373107	0.124889449102448241	0.471142737638314271	0.118324136376503479	0.23623916264627289
T:	0.514701605865527699	0.10153706482961578	0.170891298589982197	0.211429394692381555	0.41712645382143002	0.187279780658361353	0.148170367875621962	0.228725659292758194	0.946122144659994031	0.947949829138559447	0.555397636180172277	0.0050823488706867505	0.0347867757187946045	0.036533933470872244	0.642058290656116947	0.594570198381666091	0.470168822426623423	0.176276559048097425	0.516313854452501411	0.148031006575990416	0.663523657725860071	0.120100603157924659



2	ATTTAAAT	0.494351454105564608


A:	0.371740042822169721	0.472022172092474518	0.169873405842843124	0.506445120638402472	0.663790361579115159	0.408761663701807222	0.349306804507429699	0.753243942326401366	0.0616966801252584649	0.0624188050487493338	0.00368337775846889721	0.537235266123235077	0.920690316559023414	0.891805283840850767	0.117459840495494822	0.418828413087912375	0.205032807844011664	0.761537480477910593	0.140517968330966907	0.32911439609914968	0.107334669969863519	0.523511011576745415
C:	0.285040230867835336	0.158159278154296239	0.367190689689217971	0.183928584752714943	0.0469233915921741053	0.203117251795681881	0.112964440467099813	0.00921567348810407608	0.017377454815907104	0.00463000358614369512	0.451489966992084258	0.00759138912621176739	0.0122608748060835575	0.0291205812179836638	0.120080543689999736	0.107170222518764211	0.296868853076165133	0.051861236919704933	0.0430589427626097579	0.0286161045928319977	0.0526089531485441631	0.10259286089675885
G:	0.201278121463044893	0.159805612741405456	0.102200092853268	0.173341849342737357	0.0178685974847976582	0.188391106591265302	0.085654370850994115	0.120080543689999736	0.0291205812179836638	0.0122608748060835575	0.00759138912621176739	0.451489966992084258	0.00463000358614369512	0.017377454815907104	0.00921567348810407608	0.119662025512555201	0.0354102470234510415	0.125943496483101683	0.196557227284564024	0.190506765307398196	0.16191413655131999	0.0676140471633548536
T:	0.14194160484695005	0.210012937011823787	0.360735811614670905	0.136284445266145229	0.271417649343913077	0.199729977911245595	0.452074384174476373	0.117459840495494822	0.891805283840850767	0.920690316559023414	0.537235266123235077	0.00368337775846889721	0.0624188050487493338	0.0616966801252584649	0.753243942326401366	0.354339338880768213	0.462688092056372162	0.0606577861192827909	0.619865861621859311	0.451762734000620127	0.678142240330272328	0.306282080363140881



3	ATTCAAAC	0.491733343211339952


A:	0.290368805717549183	0.0648874951061135895	0.217962256301805546	0.384240946387528274	0.372338169579518634	0.274004103092821789	0.477892547611632007	0.683211231229684917	0.0872755655641042623	0.0371208427452962734	0.00562204616914710913	0.835498799751404429	0.961478017419178647	0.955689270271292793	0.362101122218584047	0.15188261350834929	0.143713843841011845	0.427902330486587687	0.36060992065364031	0.184520821896564799	0.18232864763175196	0.336491220184118979
C:	0.304536207972210173	0.274572685385034852	0.140704697327105966	0.236427259414416657	0.327156646928032951	0.237990241428194961	0.119927896696407617	0.0122458771801055768	0.00521963018858208957	0.00550027970489405135	0.784976963129621507	0.00364659682073512808	0.00827729319475601238	0.00780640922045313454	0.414793528115617841	0.341438260617784798	0.242517480478957239	0.399491756375290325	0.170502087369170198	0.110131723506851314	0.147602794406195095	0.0528535697930301917
G:	0.150172102160113061	0.290412207434700008	0.51180965199377202	0.0843266911599246319	0.125202725138786181	0.289197521248418348	0.149509315584925489	0.0703399500987223569	0.0168056177659893602	0.0036791868807202862	0.00361854003697468381	0.157172648368135471	0.00490170671513613876	0.00966799056531933215	0.0176433874603827317	0.0348593903167580573	0.218563410289718864	0.105941280266122795	0.296190093122197252	0.0658679788085339575	0.1290452158896285	0.221757833317180741
T:	0.254922884150127582	0.37012761207415155	0.129523394377316467	0.295005103038130437	0.175302458353662234	0.198808134230564901	0.252670240107034886	0.234202941491487149	0.890699186481324288	0.953699690669089389	0.2057824506642567	0.00368195505972497115	0.0253429826709292022	0.0268363299429347407	0.20546196220541538	0.471819735557107855	0.395205265390312052	0.0666646328719991934	0.172697898854992241	0.63947947578804993	0.541023342072424446	0.388897376705670088



4	ATTTGAAA	0.490185425152971393


A:	0.168227067330887297	0.529473275653100892	0.306833599414812771	0.200329769939261748	0.354246865020689949	0.184939235043923761	0.651157782015800852	0.686473960490368584	0.0276391999421017116	0.0202285320480600401	0.0110605471665358254	0.083857849134890321	0.908823933193020309	0.959933612758801518	0.522139245336064615	0.243732950726884939	0.449032930328100044	0.511760786647852684	0.303340310945439229	0.265805314112833047	0.259333962293506394	0.0356011674713214782
C:	0.368165981515936876	0.242792146194740962	0.174234311665609584	0.175510820318018273	0.0809771660570907067	0.0892359178979939819	0.0677243076153690128	0.0121185933094886522	0.0096454334124229005	0.0088049773729116452	0.204981349053555459	0.272399663013126972	0.00544093004942513805	0.0156791603393592371	0.164022274809110794	0.164718791577874188	0.161081625863419367	0.0428595649550412244	0.127779675871428166	0.330315527670366079	0.113651809070872764	0.119091754627136126
G:	0.288694492322368006	0.14145136898089444	0.421066546393015323	0.0775962494265397763	0.0848501137457352995	0.252375264690979914	0.108666784849726182	0.212171648283773686	0.0137305231193982969	0.009014015947468552	0.00199119176241161648	0.593859591267805791	0.0644129415683975329	0.0183350939502829411	0.0219673216909661741	0.198660587253107037	0.146840532945053263	0.202798667852597827	0.153185042327519122	0.0402041284477373009	0.240774334363691704	0.285698976464682643
T:	0.17491245883080782	0.0862832091712637063	0.0978655425265623226	0.546563160316180202	0.479925855176484045	0.473449582367102344	0.172451125519103953	0.0892357979163690776	0.948984843526077091	0.961952474631559763	0.781966912017497099	0.0498828965841769161	0.0213221951891570196	0.00605213295155630431	0.291871158163858417	0.392887670442133836	0.243044910863427326	0.242580980544508265	0.415694970855613483	0.363675029769063573	0.386239894271929138	0.559608101436859753



5	ATTT..AAAT	0.489586727892164124


A:	0.252540389849057001	0.111073781036176511	0.529030140056447674	0.472294209610593708	0.68147500483653371	0.37541017443697432	0.867545814058950698	0.0447330391283853862	0.0350864080978147599	0.0044829421905924413	0.116422137255529765	0.515408048388035206	0.949542101238100804	0.928929453603063711	0.884033000421764716	0.0279950709470714177	0.138702535902583525	0.212606586808663255	0.311926998304852259	0.174043217762298755	0.280761811654727194	0.5253524368710539	0.136467066737754133
C:	0.0566129490020740534	0.583481255264772879	0.179793286153037045	0.106617229478808214	0.0506304339155298087	0.207366783218976776	0.0650832850622530741	0.0339919418264607338	0.0160893773886937289	0.0286147378352382575	0.191065067769817049	0.194071198316062153	0.0173602187360684972	0.0198947609104278005	0.037242018623389164	0.0393758299317248102	0.100518676622708596	0.0656577294793184863	0.157396897988370256	0.0652179917534526557	0.157758832456759308	0.0571522750768825797	0.262480161293344811
G:	0.164558259578102413	0.0852768543694475255	0.136083902719304623	0.192400804882811497	0.102021936200279856	0.0980616344831568483	0.0393758299317248102	0.037242018623389164	0.0198947609104278005	0.0173602187360684972	0.0931076799226269666	0.217387324184550496	0.0286147378352382575	0.0160893773886937289	0.0339919418264607338	0.0650832850622530741	0.202329675898900715	0.143306716058548769	0.141528334839267477	0.0757784980074426373	0.506860895036569466	0.0580563723128827973	0.146910715367572842
T:	0.526288401570766533	0.220168109329603085	0.155092671071210658	0.228687756027786581	0.165872625047656625	0.319161407860892056	0.0279950709470714177	0.884033000421764716	0.928929453603063711	0.949542101238100804	0.599405115052026219	0.0731334291113521453	0.0044829421905924413	0.0350864080978147599	0.0447330391283853862	0.867545814058950698	0.558449111575807163	0.578428967653469491	0.389147768867510008	0.684960292476805952	0.0546184608519440324	0.359438915739180723	0.454142056601328214



