1	CAAA.AAA.A	0.480618897104475927


A:	0.308861538085207339	0.24716894969037328	0.658913011026677414	0.504425196090676583	0.647092249047509463	0.845900002810054529	0.10182332340077721	0.696695223869967411	0.678657469944569008	0.714199668758104605	0.307219052453840839	0.799020357595223168	0.803290958120855057	0.707498038533187962	0.153813191518908107	0.776298996213827074	0.243941925360826908	0.679876147184425065	0.210459452068473019	0.444319288898877111	0.287420358961835423	0.529039113370197189	0.384118132587516384
C:	0.253632732599115554	0.341887588686947273	0.0771089582469978294	0.181493746357602733	0.147497386818662663	0.0474774350652202239	0.484820902293550008	0.120989807780590944	0.0570115690289783293	0.113924369322296352	0.0814607882160545772	0.0897922709592012824	0.0561736749282483381	0.096238875749646406	0.12490278659189446	0.0199022508053766371	0.272357299210974388	0.12736124540627231	0.324621329551538065	0.190963690432018274	0.292584193888834158	0.213716585300227305	0.0951044605050216727
G:	0.174874475532311941	0.173922812383909571	0.121073032291609657	0.140776865341482127	0.0854923541835886171	0.0315552464239161603	0.177141620650019872	0.0776876914991133121	0.0975190168355110016	0.068775848009643528	0.163858007509468291	0.062244240289104289	0.0511155991636542936	0.0285465789331133415	0.460945973492810502	0.15097401153565229	0.24569947119227142	0.103565180819136655	0.131666988901234264	0.276996402201182914	0.194475898274309253	0.127060243434233017	0.175942860601597434
T:	0.262631253783365165	0.237020649238769876	0.1429049984347151	0.173304192210238557	0.119918009950239256	0.0750673157008090866	0.23621415365565291	0.104627276850328333	0.166811944190941661	0.103100113909955516	0.447462151820636293	0.0489431311564712604	0.0894197677872423116	0.16771650678405229	0.26033804839638693	0.052824741445143999	0.238001304235927283	0.08919742659016597	0.333252229478754652	0.0877206184679217014	0.225519548875021166	0.130184057895342489	0.344834546305864509



2	ATT.TT.TTA	0.475576628636341186


A:	0.209951650653671182	0.343925408513062945	0.306912857285554888	0.122958754669346664	0.353219375360482877	0.18986242172767886	0.629083754250562012	0.132681146208814708	0.0553047663439419741	0.124540309572430125	0.0824144217089739554	0.247607574184384528	0.319638537130242026	0.0463098047898792976	0.179314186665022606	0.63548332898600416	0.0774540374970937951	0.41231313725902097	0.688253295873578864	0.107292114583244247	0.393689889279682544	0.328883903792457627	0.298676427424183037
C:	0.616783520401053181	0.13015021634346099	0.0514282421512259934	0.281334262479999907	0.124414288834489607	0.222653133440055737	0.2419454784710481	0.116797638781467486	0.0837632217658316606	0.125460250717683983	0.0850049225111404952	0.0616915872300630174	0.245002211182116032	0.084257292431716554	0.0763139639188322748	0.234559876516011682	0.249213143429524858	0.241548750496747924	0.0785103214028134218	0.0806049688809691695	0.224048840361237364	0.183293010849887615	0.174516942836440052
G:	0.0621583911150522339	0.36128707798449279	0.0454772613171746652	0.142944869389107228	0.219931063952661675	0.408188768488340904	0.0608788687804167172	0.0677298885426779839	0.110980338356848592	0.13589148418652326	0.102141811331185689	0.0455427025780641162	0.12582525813559464	0.0778895871565826016	0.0374696522497451157	0.0803024324299717402	0.379810525957528501	0.168986148558903832	0.044750494160105731	0.120996294712987482	0.228919610239862563	0.0603592203566605399	0.124935058326929284
T:	0.111106437830223403	0.164637297158983275	0.596181639246044454	0.4527621134615462	0.302435271852365841	0.179295676343924499	0.068091898497973171	0.682791326467039822	0.749951673533377774	0.614107955523362631	0.73043884444869986	0.645158136007488339	0.309533993552047302	0.791543315621821547	0.706902197166400004	0.0496543620680124178	0.293522293115852847	0.177151963685327275	0.188485888563501984	0.691106621822799101	0.153341660119217529	0.427463865000994218	0.401871571412447627



3	A.AATAA.AA	0.467726700251889169


A:	0.602087681361582539	0.0939034419535143278	0.173107099495087025	0.194004251831479218	0.357490102712522553	0.402610899438775628	0.653831044461288654	0.252001645229608672	0.796563559425267869	0.795836166414882184	0.170706717456865392	0.748521460373161729	0.77468776830328748	0.643079770378318197	0.723988006110104363	0.761439545898962075	0.542345610589263373	0.363312777640430169	0.29972030369183745	0.290934635693858649	0.290255650978820879	0.128080032591161513	0.272888789678885998
C:	0.0390323273661504848	0.033799654603441245	0.201367548444996697	0.523158568593478012	0.0742992125471464049	0.140011744576715118	0.218736903157393364	0.147528692842738133	0.0680087192434543182	0.0269737845881441619	0.0402717649347527416	0.0946023770839104312	0.0612559809808317102	0.0434412586669005388	0.0888574638692525138	0.0501779963640319019	0.0907152673673559381	0.179313920290921282	0.32799209620317747	0.11545020332765334	0.228032339860225399	0.139783565181769865	0.425723347098273186
G:	0.0838975691091589543	0.464523297579590581	0.0769926611334256965	0.207078318417857587	0.387699310323931594	0.0549408338946065273	0.0621908377357431097	0.347686895640654975	0.0847380142305770231	0.104813100739572497	0.0587226767649349884	0.071526572442720171	0.108229871050004758	0.142904868320545541	0.0438199398748057624	0.0401052368054355501	0.18122257616215531	0.311611879287862457	0.146259997532397154	0.378961060830163546	0.37451567072914446	0.0507632083014432163	0.165415644335831911
T:	0.274982422163108022	0.407773605863453846	0.548532690926490581	0.0757588611571851824	0.180511374416399447	0.402436522089902726	0.0652412146455748726	0.252782766286998221	0.0506897071007007899	0.0723769482574011569	0.730298840843446878	0.0853495901002076691	0.0558263796658760524	0.170574102634235724	0.143334590145837361	0.148277220931570473	0.185716545881225379	0.145761422780786092	0.226027602572587925	0.214654100148324465	0.107196338431809263	0.681373193925625406	0.135972218887008905



4	A.TTTTT.TT	0.467647833530883709


A:	0.486409346310246157	0.164552667468921116	0.10002319028348306	0.132286508088682607	0.0599366649458537084	0.152313487013630923	0.422517670761223129	0.160604073028997894	0.163310676493726345	0.0851564943856867852	0.101279357879834772	0.115311878780180895	0.0665388032810385128	0.538008221587660566	0.0723748388947337412	0.229359072467715544	0.404954982595977321	0.180052991674568	0.12386207570447356	0.524993626158077513	0.0843405088627003889	0.572345342696984456	0.397920009379901099
C:	0.196509807184424549	0.415220171478924772	0.401627315215195788	0.103289852589570133	0.097474175340971224	0.20888266590084377	0.308338827168590016	0.226142123588816704	0.113877023568111457	0.157356410899783782	0.0526505099255702307	0.239672360392509875	0.0191564096718578618	0.205003543803136364	0.0959799462503102689	0.0613042229052381995	0.0766293926244259946	0.350312968370733774	0.299932998903882328	0.12419076365598909	0.219142542751736094	0.139726835856411734	0.230928412583948422
G:	0.122184981095439361	0.259306950461522559	0.151593225262729333	0.302201700837540327	0.0803259604933445996	0.206651418595549856	0.0788002522791928624	0.271039851990030447	0.041001250993205652	0.185260284097690042	0.194116676901283014	0.0784578256390164733	0.32995002286238524	0.0671064314265688362	0.137012920315272272	0.115963221437461861	0.385567064296617818	0.285906047493050756	0.215884709198996526	0.0766964955411155642	0.326504982599375592	0.185864056118304742	0.112220973330520774
T:	0.194895865409889933	0.160920210590631553	0.346756269238591819	0.462221938484206933	0.762263199219830468	0.432152428489975452	0.190343249790993993	0.342213951392154954	0.681811048944956545	0.572226810616839391	0.651953455293311984	0.566557935188292756	0.584354764184718386	0.189881803182634234	0.694632294539683718	0.593373483189584396	0.132848560482978866	0.183727992461647469	0.360320216192647585	0.274119114644817833	0.370011965786187926	0.102063765328299068	0.258930604705629705



5	GA.AAAA.AA	0.466666901845684935


A:	0.154282910692399201	0.224235180865451078	0.579045020586086174	0.489431422634047833	0.214984392650378949	0.524792627488007215	0.196575578956455044	0.655491684483989129	0.476193162968185845	0.636505281818533554	0.730832398841916482	0.67325231913861632	0.6182604210277296	0.296469262750596253	0.551350501323108244	0.492665899116659838	0.430480149335607579	0.281927487036812452	0.201574322643609757	0.609593669534735861	0.73462092271407446	0.14411254637229621	0.235508537128156225
C:	0.0511522188738839924	0.683729319927401086	0.0991892139869428869	0.258588088176697792	0.365834325822409185	0.327537942749376211	0.165962964522067243	0.141360765686093962	0.087091434437694101	0.167741290525625684	0.126727953611692263	0.0950458893286081347	0.0229406928973578932	0.0843586208422440654	0.0448440869957508276	0.327992170477537768	0.318691387682931328	0.135585657442369092	0.131797353788820524	0.0788005025847650793	0.155445336233339274	0.137685520950901148	0.226371722244298621
G:	0.162659688457643353	0.0386061704316157775	0.127085651546264316	0.116558047200114515	0.166473679964125175	0.0304877999282511976	0.443770400210055522	0.110072398719233441	0.0820118375085740981	0.0995981085908521924	0.112287043381242399	0.0995237837053091908	0.0757926719012293296	0.340328799464743587	0.124780915140284438	0.0103005168322746173	0.0768341401237964202	0.398602527275032195	0.60017978407902809	0.11862688107118281	0.0405594706989162665	0.254638468831207655	0.120938227986868717
T:	0.631905181976073454	0.0534293287755320585	0.194680113880706623	0.135422441989139861	0.252707601563086691	0.117181629834365377	0.19369105631142219	0.0930751511106834681	0.354703565085545956	0.0961553190649885701	0.0301526041651488558	0.132178007827466354	0.283006214173683178	0.278843316942416095	0.27902449654085649	0.169041413573527777	0.173994322857664673	0.183884328245786261	0.0664485394885416289	0.192978946809316249	0.0693742703536700003	0.463563463845594987	0.417181512640676437



