1	ATTTAAAT	0.496415345874685232


A:	0.349432457723276186	0.428042624431889404	0.66245424441922625	0.405212212718117012	0.733866047735326823	0.433670109345167129	0.494075957633640468	0.826411353285943599	0.0329453456459437585	0.0173463934036608528	0.0128872495873929961	0.72253103234207333	0.965612905213738228	0.950307500302231866	0.0883840430206259302	0.0586026000198514705	0.198353791949849959	0.230302041413447728	0.323508019398619139	0.24916559649826425	0.258570063385371339	0.377415210538253362
C:	0.113760203811755825	0.0978365438831061582	0.060150335133719193	0.402347528952914509	0.0494320571081539729	0.174893764929624638	0.035938374249525871	0.0178155629072105861	0.0113191366662778557	0.0109313831113475141	0.258442478193698861	0.00613923987683481271	0.0061093182712534052	0.00542801738554652025	0.0673890407862198849	0.26153934747678501	0.177491416347625413	0.160581813630871883	0.0836140095133140946	0.122134233766444398	0.308338856018099971	0.310222148451491248
G:	0.183484730867934545	0.294776392287757155	0.12683963977239929	0.0497156624094743125	0.0263159833845281797	0.199381516989794906	0.334715692597577	0.0673890407862198849	0.00542801738554652025	0.0061093182712534052	0.00613923987683481271	0.258442478193698861	0.0109313831113475141	0.0113191366662778557	0.0178155629072105861	0.0982962694749683276	0.150648979576868424	0.139430840559081713	0.364084408698742163	0.0944305274768942308	0.0936731924286964558	0.120201004041944161
T:	0.353322607597033444	0.179344439397247283	0.150555780674655267	0.142724595919494167	0.190385911771991025	0.192054608735413328	0.135269975519256661	0.0883840430206259302	0.950307500302231866	0.965612905213738228	0.72253103234207333	0.0128872495873929961	0.0173463934036608528	0.0329453456459437585	0.826411353285943599	0.581561783028395192	0.473505812125656204	0.469685304396598676	0.228793562389324604	0.534269642258397121	0.339417888167832234	0.192161636968311229



2	AATTTAAA	0.494572638894538355


A:	0.194292528561023424	0.292011521746939876	0.273909241402041578	0.339826124802482801	0.157599152209259842	0.581911492988956022	0.359059217104165349	0.643018521768650836	0.670356159038361732	0.0608698997783017042	0.00915834522046097421	0.0173182448368208777	0.555261059858733033	0.952623242639310185	0.919228114286673071	0.0883840430206259302	0.215777802196039714	0.255171833723358298	0.107447956144802188	0.516274193881511257	0.609238970561107306	0.214322743030731598
C:	0.0672437179415404807	0.136933203485667372	0.140323527839902072	0.185830378133586091	0.310832480442686388	0.180927254750805652	0.108757641925483662	0.032740200201793392	0.021440386018248479	0.00699352682314700641	0.00456782194803821962	0.504366577108285484	0.0254923849444523173	0.0111125834426865881	0.0110768670963988107	0.0673890407862198849	0.0733268932299919474	0.219591326572989553	0.357416048502469566	0.0450691549187378353	0.115515498818771916	0.105890796084837051
G:	0.265847895710161517	0.0920490513176095078	0.218503569967788344	0.0680991038074105883	0.069255061585898706	0.0688293394112409869	0.15647469742773976	0.187187037181969576	0.113203685279665451	0.0141530672962689947	0.00626774223787543566	0.0165618915238741878	0.364996996758564316	0.0237038758610459022	0.0195356227565623024	0.0178155629072105861	0.130033514801146639	0.193040922212921684	0.147812061632237724	0.260088874527382665	0.142213642850410913	0.305940825452527687
T:	0.472615857787274578	0.479006223449783243	0.367263660790268006	0.406244393256520519	0.462313305762155064	0.168331912848997339	0.375708443542611229	0.137054240847586197	0.194999769663724337	0.917983506102282295	0.980006090593625371	0.46175328653101945	0.054249558438250334	0.012560298056957325	0.0501593958603658158	0.826411353285943599	0.5808617897728217	0.332195917490730465	0.387323933720490522	0.178567776672368242	0.133031887769709864	0.373845635431903663



3	A.TTT.AATT	0.494140514759835187


A:	0.222463900798929078	0.442645819375649156	0.570355186551524567	0.242106848651764357	0.272986174163721018	0.585204829242340562	0.687245580242986222	0.473270132801212045	0.06595569515929432	0.00608760106181245448	0.0125282288308008586	0.46175328653101945	0.962690632914728543	0.923161805997859474	0.474573105724470246	0.0647233457861406915	0.0813883793184900522	0.296690467507401974	0.22500645403979143	0.135518641568704116	0.196336813780321871	0.404215679313854628	0.684589240359743666
C:	0.237192906127241427	0.323822055958404055	0.0765683868843371597	0.322953503265521401	0.347247204454424708	0.0470361203082747004	0.0994777390335174488	0.0740733544522427155	0.0245176060611000937	0.0129599715378854339	0.0363189485502546227	0.0165618915238741878	0.0104593773913951186	0.0112235165403446844	0.052810055635753094	0.189155317187971754	0.150585647730629433	0.0970522672174482408	0.0964797675983656833	0.12143987738735364	0.285769331285650326	0.254233085156581308	0.161453564765526103
G:	0.333355848449796199	0.112480700368541743	0.104385981165048757	0.131021612405100823	0.0443832580338303546	0.233720887009194962	0.151233760643143	0.223928359163760537	0.0138597899865674239	0.00529945404370880216	0.0152344077278702986	0.504366577108285484	0.0160954788216546281	0.0266536193476620956	0.00323008919725814729	0.0240994923690107794	0.0963864552442226717	0.311938720402926184	0.468385694435300512	0.0874166666500973128	0.164238830832746069	0.0574570896504638341	0.048059085717135643
T:	0.206987344624033296	0.121051424297405046	0.248690445399089517	0.303918035677613419	0.33538336334802392	0.134038163440189775	0.0620429200803533288	0.228728153582784703	0.895666908793038162	0.975652973356593309	0.93591841489107422	0.0173182448368208777	0.0107545108722217102	0.0389610581141337462	0.469386749442518512	0.722021844656876775	0.671639517706657843	0.294318544872223602	0.210128083926542374	0.655624814393844931	0.353655024101281734	0.28409414587910023	0.105898109157594589



4	AATTT.AAA	0.49403306662715464


A:	0.0920542016808389864	0.155501829862760458	0.353151260820566696	0.325447351211590138	0.277494979862853465	0.404743488617821934	0.22549807207995414	0.741048319136381597	0.76292148797211432	0.315304038474238305	0.0137996404564720153	0.0106464363415014271	0.0694959146579159363	0.864447457927925142	0.965864187177496244	0.683461254026041041	0.295385245054902416	0.0974355399779178666	0.143495102504640172	0.344980872679889766	0.555617335642749907	0.465676216771663403	0.101296482252626241
C:	0.23749933973976176	0.0775852622340666342	0.0963865587127895194	0.348549735284108213	0.0771047453788929633	0.135573108921015207	0.200832086963366844	0.144297808353600968	0.0317090860027704266	0.00841611968449178209	0.00354061167845046423	0.110741276385072041	0.192337753124128207	0.00720422848842418807	0.0092736995159271558	0.0636984394558045204	0.244039531381389824	0.195986785639605686	0.292288304347658339	0.0757794007048731339	0.206455959053347399	0.03088104042066194	0.150572708483148533
G:	0.23048566300754629	0.146316102896880483	0.152617716869248054	0.172708187751511579	0.0626647522882727805	0.243699817084405513	0.19507559318933518	0.0565999877790630059	0.0589967459358762529	0.0658465394315999043	0.00572001914746113899	0.00427712192009517298	0.150938969439157529	0.0707364332038890546	0.0142362079849269754	0.0159171467160921176	0.0386534660604891598	0.168683919965881168	0.172163381998223155	0.297178525734306851	0.125432057858262384	0.0215472615487552196	0.630214352484807313
T:	0.439960795571852963	0.620596805006292424	0.397844463597395731	0.153294725752790069	0.582735522469980791	0.215983585376757346	0.378594247767343837	0.0580538847309544295	0.146372680089239001	0.610433302409670008	0.976939728717616381	0.874335165353331359	0.587227362778798327	0.0576118803797616152	0.0106259053216496245	0.236923159802062321	0.4219217575032186	0.537893754416595279	0.392053211149478333	0.282061200880930249	0.112494647445640309	0.481895481258919438	0.117916456779417913



5	AATTCAAA	0.4935728045045935


A:	0.25175288481732667	0.704022923348693918	0.279097107232717203	0.164014369670019919	0.306299444756724776	0.373561610469688352	0.306696127255545293	0.724752497985478725	0.589130898127462815	0.067571992104556866	0.0129718812113038665	0.0173182448368208777	0.795632905545509733	0.964895653996616077	0.941874430536791532	0.225320330985538451	0.257991164554577574	0.256744140984599816	0.388854474339928716	0.208939524220338746	0.236113487142866087	0.1478012180690992
C:	0.0685520693399530001	0.0922438601232022917	0.404334004134484254	0.0941330028438557418	0.254544315720553212	0.0818493403859744325	0.317931304537416802	0.0443859326201480244	0.0115946314682718161	0.0166944355846785296	0.0190385362239387212	0.504366577108285484	0.00753073943966628696	0.00484481252619432561	0.0129400857547161778	0.175682079675057581	0.295887537218603675	0.208639192888201888	0.0685380532092552044	0.297684033239605183	0.0417802670106500307	0.0870127260685053307
G:	0.301673990210231163	0.121445635838988747	0.173932357709371544	0.209082850969457936	0.151378617450608358	0.293511493926552902	0.0555291201307022683	0.166978510760737826	0.0523110797025132909	0.0174714511742448531	0.011852923292720685	0.0165618915238741878	0.192146662972597668	0.01866794496666562	0.022627109090309	0.0178871011896190676	0.148905152771350493	0.184971502209968429	0.315913664436579647	0.128194117005728032	0.059391710617166695	0.609557056384418271
T:	0.378021055632489167	0.0822875806891150431	0.142636530923426998	0.532769776516666403	0.287777622072113654	0.251077555217784314	0.319843448076335636	0.0638830586336354249	0.346963390701752078	0.898262121136519751	0.956136659272036727	0.46175328653101945	0.00468969204222631215	0.011591588510523977	0.0225583746181832906	0.5811104881497849	0.297216145455468259	0.349645163917229866	0.226693808014236433	0.365182325534328039	0.662714535229317187	0.155628999477977198



