1	GTTTAAAC	0.499268244282383291


A:	0.692845308908351019	0.500538540827658864	0.121611841049075224	0.102868782439640831	0.280620913208277231	0.390153338506201307	0.246216292926039859	0.0613434094302250133	0.0149130949866123257	0.0240548859259155424	0.00899348261049519566	0.935250534941649201	0.949781828915054269	0.966249666783028034	0.0152599608517741476	0.295329671988858891	0.621745882030050416	0.684268008658286471	0.763647416546086364	0.126432238000711634	0.245253851106711958	0.60466268231430992
C:	0.0724553098068845369	0.165161321138423958	0.144058071162376634	0.0397984546923879483	0.130029029229023224	0.0972677618326590725	0.284081813019611337	0.0272667743319173103	0.0136648484991598981	0.0199020940839386001	0.0482745819380350392	0.00748140050982056369	0.00626119107509158846	0.00517238973119974243	0.896129855386083529	0.345107296753928281	0.092620901885673673	0.176005749511433942	0.0542484257423544523	0.0769488761386857996	0.0263122151047530069	0.0560359000514608556
G:	0.0674665195440128562	0.0917239588272053063	0.451980063778017033	0.0156474535702122521	0.0653836094267587545	0.106957196525025904	0.196854046703407399	0.896129855386083529	0.00517238973119974243	0.00626119107509158846	0.00748140050982056369	0.0482745819380350392	0.0199020940839386001	0.0136648484991598981	0.0272667743319173103	0.263931479981402522	0.129013120233509366	0.0410464661274080864	0.00931613181053496587	0.506183621260889717	0.521365114106625586	0.0739517345377989208
T:	0.167232861740751588	0.242576179206711872	0.282350024010531109	0.841685309297758969	0.523966448135940792	0.405621703136113716	0.272847847350941405	0.0152599608517741476	0.966249666783028034	0.949781828915054269	0.935250534941649201	0.00899348261049519566	0.0240548859259155424	0.0149130949866123257	0.0613434094302250133	0.0956315512758103062	0.156620095850766545	0.0986797757028715004	0.172788025901024218	0.29043526459971285	0.207068819681909449	0.265349683096430303



2	ATTTAAAT	0.497680706454333482


A:	0.200969890503147882	0.141071904947994214	0.0897312378627311669	0.0304979363913062067	0.185285806672553309	0.0784621538802700643	0.386768658675189252	0.903220873908279186	0.00913206416601464154	0.0483563230259626557	0.0126736372787768815	0.946886606383574706	0.927167862795970102	0.958862731326748766	0.0297482226355955785	0.11878250014815529	0.339081949906314677	0.719028547127789574	0.191543869533891983	0.297824867952862172	0.134839242709584507	0.232714636499837225
C:	0.0891444080062566243	0.324261785553731269	0.227687539211493086	0.282749874883939107	0.154114021289763382	0.109650988844890594	0.288398223182498185	0.00934178433801405515	0.0167373982245603443	0.0180584342844602294	0.0307416054935582549	0.00969815084409015767	0.00641737989360701246	0.0152678062826762486	0.0576891191181111807	0.084050805957194442	0.247249234960470594	0.211039071041274288	0.245267526668803632	0.0733915966326894633	0.108678149989250085	0.183605454498400876
G:	0.140909495205935369	0.109538355659402959	0.190395545437182218	0.110415321785534549	0.410565127630807252	0.283636462694740009	0.246578586557986151	0.0576891191181111807	0.0152678062826762486	0.00641737989360701246	0.00969815084409015767	0.0307416054935582549	0.0180584342844602294	0.0167373982245603443	0.00934178433801405515	0.308442144866709766	0.151968243107498866	0.0352291916884492329	0.369512540473246948	0.430024035528966962	0.374726892509522178	0.19854464664863428
T:	0.568976206284660125	0.425127953838871558	0.492185677488593529	0.576336866939220137	0.250035044406876057	0.528250394580099333	0.0782545315843264129	0.0297482226355955785	0.958862731326748766	0.927167862795970102	0.946886606383574706	0.0126736372787768815	0.0483563230259626557	0.00913206416601464154	0.903220873908279186	0.488724549027940502	0.261700572025715863	0.0347031901424869056	0.193676063324057437	0.198759499885481403	0.38175571479164323	0.385135262353127618



3	T..ATTTAAA	0.489794905605535351


A:	0.202951031755172753	0.0387959030952322107	0.189707644172161753	0.249723642673266595	0.0308524990150434863	0.198547033563380685	0.0347031901424869056	0.0825064670889945498	0.266278271710395307	0.539265148468476125	0.01940042401807357	0.0407382840700278289	0.0215979361852357097	0.905919718335799618	0.823088380361012359	0.928840004637351611	0.206566949196114051	0.274133396585863692	0.448850129962556157	0.554403269604690244	0.263109464799026444	0.188053220255486671
C:	0.521897316343177904	0.3850762328794004	0.14584464794524784	0.363141921534022796	0.314526627778894968	0.112079600615287269	0.0352291916884492329	0.322063110136338738	0.232738000297422183	0.0176778181834960289	0.00637447525840752718	0.0241905723027700364	0.0440182251784107527	0.0316930052205057986	0.0245121026603515988	0.0166387221788681878	0.496320929894323311	0.0245959654633082296	0.176370379393878637	0.326754689536326342	0.245709634254921475	0.0876103382971826863
G:	0.0466644644683492122	0.241391862665353976	0.190899996024681382	0.228363029798184154	0.386140251557521257	0.151177407048430727	0.211039071041274288	0.20219027564290632	0.453776988821285418	0.415302627058944591	0.0468933335009211799	0.0178920289180062569	0.0325926230148627964	0.0468516361417393387	0.0142097063865167433	0.0396300427887053829	0.166347756609319585	0.105571704316311236	0.143431937079807166	0.0268720997391870026	0.271145832745796674	0.608967971215594634
T:	0.228487187433300131	0.334736001360013414	0.473547711857909026	0.158771405994526454	0.26848062164854029	0.538195958772901319	0.719028547127789574	0.393240147131760393	0.0472067391708970924	0.0277544062890832555	0.927331767222597723	0.917179114709195878	0.901791215621490741	0.0155356403019552442	0.138189810592119298	0.0148912303950748179	0.130764364300243052	0.595698933634516843	0.23134755356375804	0.0919699411197964107	0.220035068200255408	0.115368470231736009



4	A.TTTAAA.T	0.487462703491874499


A:	0.345611284534163572	0.201226101858891521	0.301444162313717315	0.0464226165204767758	0.0276679787652856223	0.076182381041958228	0.803835736321401709	0.432326763534599747	0.0235326198856574793	0.0273802526441680833	0.00989646371605504022	0.872838983392615682	0.920610420303133421	0.901061832972071238	0.265551540187502154	0.0709126161648252577	0.47242980604141408	0.436266723088117718	0.34659151362457559	0.197441506892307346	0.472612878006140257	0.248337982471381814	0.0544563248284036646
C:	0.324761141384190203	0.508667584782502436	0.578775382514572178	0.0687314775361513678	0.0765490052124679864	0.0450128564675341069	0.0975770080502789109	0.153381430056526503	0.0330971788171669566	0.0214625936075834589	0.0383367501285515577	0.07892780276277772	0.0305467334451150364	0.042308368325104326	0.0878604271528799834	0.0276746394634941228	0.170951831003111184	0.333018328887348779	0.123719302408501344	0.351581532205740917	0.0213392621216283138	0.302505342429901434	0.159667046780240133
G:	0.0441241979699926688	0.195836028874833249	0.0471763800757197841	0.083024054423223515	0.0411953922216787103	0.116730065044202571	0.0276746394634941228	0.218767128637724181	0.042308368325104326	0.0305467334451150364	0.07892780276277772	0.0383367501285515577	0.0214625936075834589	0.0330971788171669566	0.135697100914454721	0.0975770080502789109	0.209821985447352398	0.105364332170561469	0.214251132219882235	0.0480548823862540209	0.435302604496085776	0.11231359424545936	0.397554295234369756
T:	0.285503376111653557	0.0942702844837727943	0.0726040750959907226	0.801821851520148341	0.854587623800567681	0.762074697446305094	0.0709126161648252577	0.195524677771149569	0.901061832972071238	0.920610420303133421	0.872838983392615682	0.00989646371605504022	0.0273802526441680833	0.0235326198856574793	0.510890931745163142	0.803835736321401709	0.146796377508122338	0.125350615853972034	0.315438051747040831	0.402922078515697717	0.0707452553761456532	0.336843080853257391	0.388322333156986445



5	ATTCGAAT	0.482902961750260455


A:	0.342719154157667587	0.307684648244691675	0.16389417640760791	0.835184310329155019	0.0673927570279409733	0.40008735426022039	0.156862220727215648	0.959371442515795383	0.0176984711295735833	0.0362146740412950566	0.0152682952908469621	0.0367670659275762129	0.936624702633972568	0.958645603082176411	0.0172598609175533075	0.269461626112167639	0.24316377532114536	0.288305434682830087	0.174439425150705811	0.131321144662869282	0.373049512548781157	0.15324930499282233
C:	0.376730608002380398	0.199989645634660055	0.231160790826887467	0.0341743620382454864	0.680018029722438324	0.258962106077060002	0.170045113986527381	0.00841161854827249894	0.0117856931777495413	0.0144969622308313691	0.943297903708716132	0.00466673507286069338	0.012663661093901006	0.0118702326105004643	0.0149570780183788107	0.362684657629364824	0.236231493404506909	0.183750481957288076	0.174439425150705811	0.58116382335937783	0.093493796142970542	0.183076246942083971
G:	0.0709215765606959439	0.30555434757945785	0.43095479151973235	0.0463693064450964282	0.0692753989669095594	0.200577876786617375	0.282095977566252299	0.0149570780183788107	0.0118702326105004643	0.012663661093901006	0.00466673507286069338	0.943297903708716132	0.0144969622308313691	0.0117856931777495413	0.00841161854827249894	0.0821046764522475193	0.180405256657245984	0.341823523786912909	0.412256114235697057	0.239255470165032672	0.213472646594550835	0.35351234101792409
T:	0.209628661279256071	0.18677135854119042	0.173990241245772272	0.0842720211875030667	0.183313814282711144	0.140372662876102233	0.390996687720004673	0.0172598609175533075	0.958645603082176411	0.936624702633972568	0.0367670659275762129	0.0152682952908469621	0.0362146740412950566	0.0176984711295735833	0.959371442515795383	0.285749039806220018	0.340199474617101748	0.186120559572968927	0.238865035462891322	0.0482595618127202163	0.319984044713697466	0.310162107047169609



