1	ACTTTTT.G	0.494037752080334839


A:	0.071294111819638946	0.584928988481330734	0.0500089265597611337	0.537123769307680006	0.271446068597297654	0.0749618256060534482	0.101152988980196933	0.715242675693297727	0.00265991509518663912	0.00041094888551856643	0.00111883111190737585	0.00403300147789040102	0.321061535201085457	0.0452762948651713637	0.212510968918111969	0.112986160496089611	0.121530327430986592	0.108370495598838601	0.129524359257331642	0.155142096501067604	0.221474608433249802	0.124549979668151639	0.257488738453540942
C:	0.580528401163939664	0.125898726755569515	0.0648047474959069659	0.191336801402609389	0.141040194022548369	0.434371165439056864	0.256726499343130834	0.12412012770693384	0.990678522590604457	0.211403206829786699	0.00774800810639897009	0.00310882636408160096	0.0067856003576062188	0.0696166281973278507	0.330089227575660959	0.196704694298770491	0.102112736327922464	0.352661714388861979	0.0338605579358776198	0.240732667177127611	0.336136817350637857	0.650600476826869052	0.202941763617163459
G:	0.156677900113787416	0.280623187455523614	0.351848842819031153	0.207382061418968062	0.292015537958616002	0.0703876400937441556	0.0132494536934686581	0.152867021170417749	0.00115693413324629383	0.00269294241689888858	0.0014693173211758758	0.001013664736818889	0.0012859374873337103	0.0148028236002100013	0.172652458926548692	0.581357002180729265	0.355515447056288322	0.326012623756748999	0.773029509737437532	0.371311097402700731	0.190310890973717733	0.0455112963530717272	0.282593572581125589
T:	0.191499586902633975	0.00854909730757613653	0.533337483125300747	0.0641573678707425437	0.295498199421537975	0.420279368861145532	0.628871057983203575	0.00777017542935068422	0.00550462818096260964	0.785492901867795846	0.989663843460517778	0.991844507421209109	0.670866926953974613	0.870304253337290784	0.28474734457967838	0.108952143024410632	0.420841489184802623	0.212955166255550421	0.0635855730693532062	0.232814138919104054	0.252077683242394608	0.179338247151907581	0.25697592534817001



2	AAAAAGCG	0.493349215803057375


A:	0.159499827690788111	0.112007478605598334	0.256156255469813915	0.0228266126605771141	0.361120753665459325	0.139896935277581514	0.208192903099915316	0.96288197239671586	0.881389044932097724	0.992377741089158063	0.990233843574957019	0.864808673770869912	0.00787976097597726072	0.00218184346782501133	0.120831265408672864	0.222501702333763913	0.318755210180037605	0.0334990326915373102	0.0673033091348562968	0.102065824551576806	0.461064584385171359	0.393809376448130477
C:	0.412976125042512915	0.223127863694104052	0.181427457567772895	0.0441289402301089903	0.209783754556725141	0.488465306735486472	0.292364679698366207	0.00919117500698787798	0.000543482006827482854	0.00239598824520284602	0.00170044629959494199	0.0020215666493485944	0.000521994283968008034	0.620875890282638839	0.00358150855928588228	0.164370138614389765	0.138549818060765748	0.168457642305989587	0.0186606051602568781	0.00944730702485266568	0.18893940211554384	0.060656345368286247
G:	0.323598451881686313	0.351176087987942354	0.274963505411358007	0.0895089278252307218	0.239139909562728823	0.234789569466762056	0.27166716435893335	0.0221653923880373715	0.00237965676398566562	0.00359041244730165555	0.00660762848204967772	0.132274929250079889	0.988886473862967976	0.023651876713450211	0.812549765902377524	0.388616143860198461	0.238358192381004163	0.0607476570710875152	0.0142115463821979036	0.550542584775489471	0.125107697508200311	0.487494149023987922
T:	0.103925595385012661	0.31368856971235526	0.287452781551055182	0.843535519284083174	0.189955582215086711	0.136848188520169957	0.227775252842785126	0.00576146020825889086	0.115687816297089127	0.00163585821833743584	0.00145808164339836163	0.000894830329701604762	0.00271177087708675547	0.353290389536085939	0.0630374601296637298	0.22451201519164786	0.304336779378192484	0.737295667931385587	0.899824539322688921	0.337944283648081057	0.22488831599108449	0.058040129159595354



3	AAAAAG.TA	0.493213889853921617


A:	0.386522235859847749	0.169223474911563238	0.0669519494385928663	0.0990390048100354343	0.154419616603846537	0.174389656012049733	0.17936375292971811	0.930454999901084631	0.877045489487247211	0.992809377273237519	0.988572599296652927	0.899773797334467705	0.0181986637683512016	0.00582463612547960976	0.0754484184136077859	0.771513339988567576	0.306714846477101706	0.0868346950193353288	0.617532208647683209	0.136080865244950229	0.0908378665685636855	0.194311609428563123	0.152259537813059779
C:	0.0670736252493460526	0.532297895388911164	0.829048869044909274	0.0718637837848708719	0.200903815187306864	0.497500608744665957	0.235626572370242048	0.00839218399153011868	0.000684523517013313701	0.00183785266434011926	0.00109865907340919203	0.00432861501366519206	0.00229790521945595746	0.0605138708320362846	0.0313379939910883535	0.0171598617632153705	0.319011927918655611	0.333757944635016379	0.0766939427333945057	0.169159018456307406	0.016935837392687576	0.104616613676822876	0.0871336664501179041
G:	0.323937307339931108	0.0650649365247799663	0.0598151813395132914	0.00691204552309125504	0.600606613816326933	0.176585688758190416	0.392263981684674114	0.0362671388236990197	0.0052928092847566223	0.00207463772684078874	0.00906837797374630195	0.0954486991976490141	0.977284922974127579	0.704318019168819231	0.0952721420515343664	0.161020883778858537	0.100365557079305807	0.179291887034973067	0.294343942602334332	0.503036652283738477	0.813915348051320836	0.402134899106642115	0.651792612541060334
T:	0.22246683155087509	0.233413693174745631	0.044184000176984568	0.822185165882002439	0.0440699543925196658	0.151524046485093894	0.192745693015365727	0.0248856772836862305	0.116977177710982853	0.00327813233558157264	0.00126036365619157937	0.000448888454218089136	0.00221850803806526176	0.229343473873664875	0.797941445543769494	0.0503059144693585165	0.273907668524936876	0.400115473310675225	0.0114299060165879527	0.191723464015003888	0.0783109479874279025	0.298936877787971886	0.108814183195761983



4	AAAAAGTA	0.492824970220369267


A:	0.252077683242394608	0.232814138919104054	0.0635855730693532062	0.212955166255550421	0.420841489184802623	0.108952143024410632	0.28474734457967838	0.850300388166841792	0.682210796324723464	0.992691441798353822	0.988837348927619238	0.676329037944088247	0.007588847591220908	0.00220462633977254979	0.628871057983203575	0.420279368861145532	0.295498199421537975	0.0641573678707425437	0.533337483125300747	0.00854909730757613653	0.191499586902633975	0.18380213229608472
C:	0.190310890973717733	0.371311097402700731	0.773029509737437532	0.326012623756748999	0.355515447056288322	0.581357002180729265	0.172652458926548692	0.017541164209574853	0.00147208739045506963	0.00100448367607492745	0.00125430321747286262	0.00222914250019515655	0.000826353035554274656	0.115217444581129486	0.0132494536934686581	0.0703876400937441556	0.292015537958616002	0.207382061418968062	0.351848842819031154	0.280623187455523614	0.156677900113787416	0.1208170766526835
G:	0.336136817350637857	0.240732667177127611	0.0338605579358776198	0.352661714388861979	0.102112736327922464	0.196704694298770491	0.330089227575660959	0.111430895493514661	0.0049305225229333328	0.00222106747543581563	0.00838773603098043279	0.320888130957858975	0.989727560600922464	0.00919196639108736063	0.256726499343130834	0.434371165439056864	0.141040194022548369	0.191336801402609389	0.0648047474959069659	0.125898726755569515	0.580528401163939664	0.473327084483067055
T:	0.221474608433249802	0.155142096501067604	0.129524359257331642	0.108370495598838601	0.121530327430986592	0.112986160496089611	0.212510968918111969	0.020727552130068694	0.311386593761888133	0.00408300705013543468	0.00152061182392746673	0.000553688597857621723	0.00185723877230235313	0.873385962688010603	0.101152988980196933	0.0749618256060534482	0.271446068597297654	0.537123769307680006	0.0500089265597611337	0.584928988481330734	0.071294111819638946	0.222053706568164725



5	AAAAAG..AC	0.49223009138149826


A:	0.142790585080879747	0.0867930362396524808	0.239271089287155623	0.0130228284715729209	0.0549850783864505454	0.0217743812547250095	0.273223178098194445	0.92848569662903985	0.819275883005413228	0.989789839996686221	0.989535061443840325	0.800129582588328421	0.0208975049306072497	0.0142571058044922648	0.0754484184136077859	0.623464391542641968	0.25431598645611944	0.0387742532872104457	0.433288353386477343	0.245097999133467505	0.204090186662449519	0.15481224465420136	0.130094462006861531
C:	0.379483001310787083	0.393952021727458747	0.656951460475683824	0.0639706612449844387	0.165911844827290722	0.843374627449625176	0.388512538256839922	0.015523074497637103	0.000880683167507035705	0.00116525805149719044	0.00110659503299346992	0.00177872024255698744	0.00514882639641084929	0.185568841641620239	0.0313379939910883535	0.0282691309011344194	0.510782758729552479	0.0534375095761867804	0.0329506867846485021	0.061517394890747692	0.255154982406022493	0.122723607954436637	0.214507792945191313
G:	0.250585058844102788	0.0865448550608030073	0.0523416215783339522	0.0826585049143760057	0.619643405844247669	0.0508888902556188177	0.202137498101675883	0.0411117768595450637	0.00290258361462666677	0.00488286660187418072	0.0073099109803399529	0.197205172051890826	0.972396426394981003	0.117372451979599772	0.0952721420515343664	0.315868202960901551	0.103258897771522732	0.0583614213834241364	0.345001322508368581	0.488190313353598086	0.263702165402837532	0.102329481468355842	0.454496888656110981
T:	0.227141354764230381	0.432710086972085765	0.0514358286588266003	0.840348005369066635	0.159459670942011063	0.0839621010400309965	0.13612678554328975	0.0148794520137779837	0.17694085021245307	0.00416203534994240782	0.00204843254282625186	0.000886525117223766326	0.0015572422780008977	0.682801600574287725	0.797941445543769494	0.0323982745953220614	0.131642357042805349	0.849426815753178637	0.188759637320505574	0.205194292622186717	0.277052665528690455	0.62013466592300616	0.200900856391836176



