1	ACGTTT..AC	0.482367954626019142


A:	0.198685260300827383	0.298491432056781158	0.343458712536963181	0.282298364601042462	0.379589661623416138	0.611834790164710343	0.700891284252122516	0.77863454589681213	0.0406415108711034789	0.0781663622645743077	0.0217387327188330825	0.0435981119587864338	0.125154476820055401	0.201082179253290231	0.378423746482384605	0.772692788408568619	0.123963410363041478	0.260033643142234791	0.430896932774532556	0.146528608954102491	0.34778362525470067	0.132702530484241853	0.166745885519584422
C:	0.106944639389876531	0.152621368353615767	0.229515046694201676	0.367590372340966664	0.174268598094016738	0.0398390677009288232	0.0422228755946468681	0.0425782637252059048	0.869521099780120416	0.0260152387850759511	0.0330699316218464291	0.02017183746118612	0.0461713532284736005	0.457042666719836708	0.454592877716611183	0.052318851276527601	0.658495455927253701	0.0285713862233236977	0.189072199396278749	0.348134130224569841	0.381523609697373352	0.602788316467328964	0.274419785514554213
G:	0.124040088977272326	0.12739279509513976	0.07133889479352733	0.159901464130384885	0.0567152534392044169	0.143564061624855378	0.0859469282008811904	0.0921025339675735436	0.0312905732983117637	0.770693081083733634	0.00905605846749798809	0.0441809340019796888	0.154540784566013438	0.248951942206105545	0.0807156332424256174	0.0473965054823759125	0.0403516919658116189	0.394007055034527918	0.244402944781427368	0.272320249233783763	0.112382529141715473	0.041180144196266341	0.204555543697417002
T:	0.57033001133202376	0.421494404494463315	0.355687345975307813	0.19020979892760599	0.389426486843362707	0.204762080509505455	0.170938911952349426	0.0866846564104084216	0.058546816050464341	0.125125317866616107	0.9361352771918225	0.892049116578047757	0.674133385385457561	0.0929232118207675164	0.0862677425585785938	0.127591854832527867	0.177189441743893202	0.317387915599913593	0.135627923047761326	0.233017011587543905	0.158310235906210505	0.223329008852162842	0.354278785268444363



2	ACGTTAAC	0.481140503250781677


A:	0.563334420126290268	0.449073980831047328	0.111225635458105529	0.101579156267218106	0.291846902763707787	0.364481271957412113	0.502877321350872217	0.84233463909319869	0.0355328617975635394	0.0144168716394063437	0.0713475157826427753	0.0177812531640878436	0.872985608323940447	0.777488193560142089	0.179902905451134823	0.268660796958469795	0.22292968489395725	0.773571597281102809	0.188372771043011933	0.032414023582453418	0.166514921632076772	0.279325949427074722
C:	0.142256072583125523	0.184988189747258418	0.00427815427879466128	0.0212539435037502942	0.198871174362679383	0.0676538068635575051	0.0326259110765236314	0.0427201176926352749	0.859936350546293371	0.0307886362522444948	0.0170795313421744792	0.017525695733881686	0.0200901662512047768	0.0788918662096235668	0.699182060685899132	0.290923475227541053	0.0611738631855610772	0.118491091712611513	0.637887300798737945	0.82160533509032318	0.274638140300207545	0.0680304845986806074
G:	0.0342673531309337495	0.292666761996675391	0.0170334767634898998	0.804061836787969548	0.0892099919296442815	0.206221904084432971	0.0548512123385294361	0.0494180327126867569	0.0118818417753755352	0.831937308931581383	0.00785249880448942289	0.0353136138164297139	0.0471940439297158623	0.0307483420240356738	0.0515790517714533361	0.156532020002084542	0.070838880461387936	0.0579487211204650241	0.16844056825972745	0.0852076141330568456	0.12823058360889239	0.347446275987719949
T:	0.260142154159650459	0.0732710674250188635	0.86746273349960991	0.0731050634410620515	0.420071930943968548	0.361643017094597411	0.409645555234074716	0.0655272105014792784	0.0926489458807675541	0.122857183176767779	0.903720454070693323	0.929379437285600757	0.0597301814951389142	0.11287159820619867	0.0693359820915127088	0.283883707811904611	0.645057571459093737	0.0499885898858206534	0.0052993598985226728	0.0607730271941665561	0.430616354458823293	0.305197289986524721



3	GTTAACG.A	0.479493399176137774


A:	0.265484620329471301	0.237234003738984992	0.266427332603787483	0.293106374567893053	0.29912304034212053	0.290819246185347083	0.255476465159090473	0.0270103526526280526	0.420402894026542533	0.0826736978688356044	0.926242362650508332	0.91823881409933568	0.0958603634108344233	0.106957874700048883	0.275800311462732184	0.611108111255229193	0.309027218229173334	0.0985427062644139793	0.18163602303215881	0.786392302894213981	0.186698666392444622	0.351057598278098223	0.42297704709932892
C:	0.262265165148227685	0.156790230385830905	0.271284906007202405	0.0686909135244177874	0.334651759575915007	0.170139591750113002	0.101578535114382709	0.0281696549797647711	0.0221376748722751454	0.0640534639766450237	0.0205678182261479383	0.0132773650662781035	0.860526147456293924	0.0426554486087456303	0.150964906475638563	0.0656511814728200237	0.513294288329326025	0.150946838063295328	0.216229146989749277	0.0986210211926268679	0.0275715493316351694	0.0584765518008869328	0.118406521971756179
G:	0.216481533462612358	0.153872315826513163	0.299790685853185858	0.108955140277394111	0.127238552856862997	0.236992310760891778	0.384388382487006143	0.626830252999179513	0.0805176840864150831	0.0435306911778376817	0.033428939496415307	0.00722418700945659092	0.0148061162331388609	0.770235355779720015	0.0202946834722496587	0.0514302280156192322	0.0526107472394471113	0.0762556971728658337	0.33778972022823168	0.0351846656153540813	0.309280203981379813	0.251981313224250811	0.367853771021333143
T:	0.255768681059688657	0.45210345004867094	0.162497075535824255	0.529247571630295048	0.238986647225101466	0.302048851303648137	0.258556617239520676	0.317989739368427664	0.476941747014767239	0.80974214697668169	0.0197608796269284229	0.0612596338249296255	0.0288073728997327916	0.0801513209114854709	0.552940098589379595	0.271810479256331551	0.12506774620205353	0.674254758499424859	0.264345109749860233	0.0798020102978050701	0.476449580294540395	0.338484536696764033	0.0907626599075817569



4	TT.CCGG.AA	0.47926898844074019


A:	0.370214103777625734	0.218718184155306446	0.357705605482396426	0.342501299525085389	0.229035195913848606	0.105656188580241869	0.040849863122132102	0.0228098721545138994	0.319019934932938195	0.0971179006750784141	0.0549874458920471986	0.11118369511202462	0.0894766394706265399	0.250868213147406512	0.898819118703523751	0.865126808772878871	0.445070134568112529	0.222892021865009048	0.161433314156022428	0.359859405402127265	0.161716991129810065	0.383924753996433576
C:	0.118798729670202414	0.197065918555245893	0.130081965911286186	0.159189602313114782	0.400202939693012942	0.436753404371996522	0.0829627068262846283	0.0294537208982339757	0.240865617809367339	0.575154674995362352	0.808643954674785027	0.0251849043211431544	0.238250784858932694	0.191004025636429714	0.0489172882437283735	0.0110606212787043987	0.0964535412519210312	0.0978396411259291212	0.083660601932176166	0.184186736156546853	0.0190982888863568588	0.0582116452962356937
G:	0.256192286146265747	0.128411090463882554	0.130389844207768027	0.271971243323586958	0.188925328272176464	0.0683036626317351072	0.0110606212787043987	0.0489172882437283735	0.104899636733172076	0.238250784858932694	0.0251849043211431544	0.808643954674785027	0.575154674995362352	0.0486350866102107971	0.0294537208982339757	0.0829627068262846283	0.208259054090648407	0.635866451394726281	0.0441655053902902498	0.164349187441946912	0.170878442250229357	0.44231703107591712
T:	0.254794880405906105	0.455804806825565106	0.381822584398549361	0.226337854838212872	0.181836536120961988	0.389286744416026502	0.865126808772878871	0.898819118703523751	0.33521481052452239	0.0894766394706265399	0.11118369511202462	0.0549874458920471986	0.0971179006750784141	0.509492674605952977	0.0228098721545138994	0.040849863122132102	0.250217270089318033	0.0434018856143355501	0.710740578521511156	0.291604670999378969	0.648306277733603719	0.11554656963141361



5	A.GTTAAC.T	0.475374559706305502


A:	0.577090583692982131	0.240827094737396297	0.122943257743901972	0.240103416092227937	0.627455811209345713	0.291236672742157922	0.670615189343857162	0.163299022145736591	0.0954855785751914669	0.152469296277876841	0.0434145873692225799	0.818102174203164722	0.722625678183744317	0.112108157886277893	0.0926489458807675541	0.178187226863222894	0.407086379775009511	0.0911130876222778115	0.143139107999454604	0.289903008974620579	0.908598205902563805	0.131354652930079055	0.516446341405725054
C:	0.0449541108108999903	0.146578850705914225	0.274720221218461652	0.234104266166883457	0.149955197884768815	0.163903810041964915	0.0946827703887615813	0.609350673952709576	0.0874657681935265251	0.0666090551162080025	0.0497449872476752068	0.0887382511799374909	0.058295970422170839	0.704940495345004115	0.0118818417753755352	0.0565148134041583624	0.139287323031393701	0.223983095525477635	0.0179282302359002161	0.296084574644419228	0.0117285619202734614	0.590252797169948544	0.04288756498907965
G:	0.308455500277998892	0.0329091081239367044	0.29207357676166635	0.0978532626694912848	0.172895657481121863	0.205302486314097486	0.0565148134041583624	0.0535444385046420281	0.704940495345004115	0.058295970422170839	0.0887382511799374909	0.0497449872476752068	0.0666090551162080025	0.0874657681935265251	0.859936350546293371	0.0946827703887615813	0.116481615390445777	0.058019215906497522	0.706163087978495097	0.365512365243122397	0.041729551901458975	0.0275137985627841275	0.0618004403449523042
T:	0.0694998052181189864	0.579684946432752773	0.310262944275970026	0.427939055071397321	0.049693333424763609	0.339557030901779677	0.178187226863222894	0.173805865396911804	0.112108157886277893	0.722625678183744317	0.818102174203164722	0.0434145873692225799	0.152469296277876841	0.0954855785751914669	0.0355328617975635394	0.670615189343857162	0.337144681803151011	0.626884600945747032	0.132769573786150083	0.0485000511378377962	0.0379436802757037591	0.250878751337188273	0.378865653260242991



