1	G.CGTTAAC	0.495147676259933462


A:	0.232510301806446244	0.213763035293149518	0.179282883315979903	0.213992112970256793	0.225701499506185725	0.237647551947468011	0.354248682456406514	0.160831329846485677	0.308955631060950887	0.0201246993793377859	0.00971654245735902498	0.010772093083052061	0.00730468612280192599	0.982112343070210515	0.910550272979213656	0.0127016554993008058	0.0508288637509896491	0.177563843908535176	0.0528532287065826108	0.387046726020703892	0.203792131346691705	0.317903940949930989	0.325934346571238466
C:	0.225364825048491535	0.309849534980516231	0.158855354809629353	0.0440752800867956825	0.0694070427975740561	0.336471841721994169	0.169448116428620202	0.0495545068147149107	0.230832411429382917	0.966271418013717171	0.009688334534996738	0.00274465890196622573	0.00698986690369103448	0.00358567548228053316	0.0111615822905677296	0.958545071494235078	0.167951759675764662	0.0947302502133085523	0.0981553083138622888	0.202460756125522946	0.0728442957733936833	0.223350603857693484	0.245695040882985141
G:	0.396070284808264884	0.204938002451446878	0.43096401874390785	0.404835865667394604	0.64778245527394522	0.144351638228190153	0.243584145958662816	0.702948234683317183	0.295436191193804859	0.00284268934475608636	0.97837642797376516	0.00595217759254408044	0.00313512326299408357	0.00799937083214032575	0.00738765148683754175	0.00516966055962244069	0.488961227225540095	0.498283924657228248	0.368273355197981524	0.113320768290520152	0.0964719565584823245	0.0880188832365818541	0.0449533972145782813
T:	0.146054588336797337	0.271449427274887373	0.230897743130482894	0.33709674127555292	0.057109002422294999	0.281528968102347667	0.232719055156310469	0.0866659286554822297	0.164775766315861337	0.0107611932621889566	0.00221869503387907699	0.980531070422437633	0.982570323710512956	0.00630261061536862639	0.0709004932433810725	0.0235836124468416758	0.292258149347705594	0.229421981220928023	0.480718107781573576	0.29717174956325301	0.626891616321432287	0.370726571955793673	0.383417215331198111



2	A..GTTAACG	0.494847747703250025


A:	0.204618019716047169	0.56368805877368132	0.383417215331198111	0.370726571955793673	0.626891616321432287	0.29717174956325301	0.480718107781573576	0.229421981220928023	0.292258149347705594	0.0157930751095236231	0.182695255133306508	0.00885120158350110833	0.977114113395932683	0.969624549556960654	0.0166401494390817503	0.0291561758037132504	0.164775766315861337	0.0866659286554822297	0.232719055156310469	0.281528968102347667	0.057109002422294999	0.33709674127555292	0.230897743130482894
C:	0.449044038070978657	0.161426908859730067	0.0449533972145782813	0.0880188832365818541	0.0964719565584823245	0.113320768290520152	0.368273355197981524	0.498283924657228248	0.488961227225540095	0.00522663507835684657	0.00777884570590463585	0.0159338740786977788	0.00446082200734401141	0.0123870576870674767	0.970782587130379319	0.00720913059729971701	0.295436191193804859	0.702948234683317183	0.243584145958662816	0.144351638228190153	0.64778245527394522	0.404835865667394604	0.43096401874390785
G:	0.255011689773303911	0.120614503494931631	0.245695040882985141	0.223350603857693484	0.0728442957733936833	0.202460756125522946	0.0981553083138622888	0.0947302502133085523	0.167951759675764662	0.922884045048001827	0.0184970986303204367	0.00471209259223333431	0.00681010424781228702	0.00174418046291861347	0.00515465217205529509	0.948806789565964511	0.230832411429382917	0.0495545068147149107	0.169448116428620202	0.336471841721994169	0.0694070427975740561	0.0440752800867956825	0.158855354809629353
T:	0.0913262524396702641	0.154270528871656982	0.325934346571238466	0.317903940949930989	0.203792131346691705	0.387046726020703892	0.0528532287065826108	0.177563843908535176	0.0508288637509896491	0.0560962447641177031	0.791028800530468419	0.970502831745567779	0.0116149603489110188	0.0162442122930532557	0.00742261125848363564	0.0148279040330225217	0.308955631060950887	0.160831329846485677	0.354248682456406514	0.237647551947468011	0.225701499506185725	0.213992112970256793	0.179282883315979903



3	ACGTTATC	0.494668963303205413


A:	0.248256585223032712	0.0759565498719798399	0.287430321637998515	0.340528545471546309	0.175510300216695755	0.23863817252267968	0.373647473203580252	0.536693663371821485	0.0116561857252374435	0.018530002305028089	0.0300684397204167889	0.0249599214179319176	0.685944828303598543	0.563634642890034026	0.177535524071024032	0.204421192131318839	0.188971985028771681	0.149507028898577427	0.319117705503165228	0.443960291897099076	0.582402179695117497	0.340258908467890407
C:	0.180683265939915955	0.231777734909295326	0.320610806483137753	0.19773481510157743	0.0466185278230744773	0.27927938769304287	0.0951437036699624014	0.15253192409484705	0.944194819663191714	0.0110091362777920353	0.0119573425433086791	0.0128900148531826718	0.123047842695967281	0.0627401614919598214	0.543794630541751617	0.250372220338868616	0.37243489445832854	0.101890806618132135	0.148958115661648889	0.189400572023064306	0.111042000160867825	0.042823883380262952
G:	0.346050059744028688	0.0722222400807096723	0.179210128736061855	0.189063888149067074	0.361143373659746694	0.117313152115314334	0.355339811693380919	0.101877195984532244	0.0106318295434296653	0.832656964656163767	0.0146940230241040192	0.0207508614586015993	0.0426618010498317284	0.0129216499906782873	0.11218605108514639	0.321369389743433366	0.244508274221325099	0.219785997251541676	0.180999670742406523	0.243521334323825316	0.140538827728215504	0.176162591278120657
T:	0.225010089093022645	0.620043475138015162	0.212748743142801876	0.272672751277809188	0.416727798300483074	0.364769287668963116	0.175869011433076428	0.208897216548799221	0.0335171650681411769	0.137803896761016108	0.943280194712170513	0.941399202270283811	0.148345527950602448	0.360703545627327866	0.166483794302077962	0.22383719778637918	0.19408484629157468	0.528816167231748762	0.350924508092779361	0.123117801756011302	0.166016992415799173	0.440754616873725984



4	GCGTTAAC	0.493386892914735665


A:	0.213763035293149518	0.179282883315979903	0.213992112970256793	0.225701499506185725	0.237647551947468011	0.354248682456406514	0.160831329846485677	0.308955631060950887	0.0298585517799333064	0.0412248145951413344	0.0201616134829612132	0.052123074599368981	0.918502485286465193	0.749781519603112713	0.0281793731001795517	0.0508288637509896491	0.177563843908535176	0.0528532287065826108	0.387046726020703892	0.203792131346691705	0.317903940949930989	0.325934346571238466
C:	0.309849534980516231	0.158855354809629353	0.0440752800867956825	0.0694070427975740561	0.336471841721994169	0.169448116428620202	0.0495545068147149107	0.230832411429382917	0.91952347044944412	0.0182121295654887929	0.03541479649964121	0.012186986331688733	0.0141285970004250272	0.0349254235779940451	0.867993199808621221	0.167951759675764662	0.0947302502133085523	0.0981553083138622888	0.202460756125522946	0.0728442957733936833	0.223350603857693484	0.245695040882985141
G:	0.204938002451446878	0.43096401874390785	0.404835865667394604	0.64778245527394522	0.144351638228190153	0.243584145958662816	0.702948234683317183	0.295436191193804859	0.0124584641685975738	0.920458706399664985	0.0115694619857530205	0.00728791680843346875	0.0207512134090528785	0.0160554101107721497	0.0140652076666437301	0.488961227225540095	0.498283924657228248	0.368273355197981524	0.113320768290520152	0.0964719565584823245	0.0880188832365818541	0.0449533972145782813
T:	0.271449427274887373	0.230897743130482894	0.33709674127555292	0.057109002422294999	0.281528968102347667	0.232719055156310469	0.0866659286554822297	0.164775766315861337	0.0381595136020250002	0.0201043494397048882	0.932854128031644556	0.928402022260508817	0.0466177043040569016	0.199237646708121092	0.0897622194245554975	0.292258149347705594	0.229421981220928023	0.480718107781573576	0.29717174956325301	0.626891616321432287	0.370726571955793673	0.383417215331198111



5	C.GTTAACG	0.493250362175688134


A:	0.204618019716047169	0.56368805877368132	0.383417215331198111	0.370726571955793673	0.626891616321432287	0.29717174956325301	0.480718107781573576	0.229421981220928023	0.292258149347705594	0.0220772257243292396	0.272535537378217802	0.0093357354390762895	0.981229970709195344	0.972204017070134864	0.0128828009539597858	0.0282078248654570478	0.164775766315861337	0.0866659286554822297	0.232719055156310469	0.281528968102347667	0.057109002422294999	0.33709674127555292	0.230897743130482894
C:	0.449044038070978657	0.161426908859730067	0.0449533972145782813	0.0880188832365818541	0.0964719565584823245	0.113320768290520152	0.368273355197981524	0.498283924657228248	0.488961227225540095	0.0122243019257088135	0.00706971057879911883	0.00827426033550039711	0.00442735480375113264	0.00600820038579538284	0.969564019851024968	0.0114052774928493118	0.295436191193804859	0.702948234683317183	0.243584145958662816	0.144351638228190153	0.64778245527394522	0.404835865667394604	0.43096401874390785
G:	0.255011689773303911	0.120614503494931631	0.245695040882985141	0.223350603857693484	0.0728442957733936833	0.202460756125522946	0.0981553083138622888	0.0947302502133085523	0.167951759675764662	0.956125621945431856	0.0186325435553675635	0.00747092441195168624	0.00482367867375474337	0.00284627149710502709	0.00303634224700035408	0.952732463599134934	0.230832411429382917	0.0495545068147149107	0.169448116428620202	0.336471841721994169	0.0694070427975740561	0.0440752800867956825	0.158855354809629353
T:	0.0913262524396702641	0.154270528871656982	0.325934346571238466	0.317903940949930989	0.203792131346691705	0.387046726020703892	0.0528532287065826108	0.177563843908535176	0.0508288637509896491	0.00957285040453009113	0.701762208487615516	0.974919079813471627	0.00951899581329877977	0.0189415110469647258	0.0145168369480148926	0.00765443404255870668	0.308955631060950887	0.160831329846485677	0.354248682456406514	0.237647551947468011	0.225701499506185725	0.213992112970256793	0.179282883315979903



