1	G.AACGTT.C	0.494267515923566879


A:	0.276991242520483895	0.521593814841654969	0.525664600784157726	0.0960412846478880046	0.259465205841116963	0.165591499702328675	0.267028309772916296	0.287065604582762878	0.843608851988504868	0.884703506445605708	0.157630095362799412	0.01439611799422225	0.0486795471023317287	0.0810371252675918217	0.28314080353646808	0.0963940530914961693	0.345839006172281757	0.161333051245382764	0.62737735845548118	0.671509488156944322	0.205484486404017156	0.365015362897670961	0.199057687174945773
C:	0.0834983255539483375	0.0981075337126156942	0.0728681071367703964	0.297122186656240146	0.211301041763622565	0.379027266822731586	0.0221723318195727635	0.222010756548439944	0.0510466422692537748	0.00850598432068304113	0.825174784303545874	0.00279900233943246387	0.0581109621313795222	0.024307380474649536	0.179572275275128252	0.614405305316014772	0.181830376302437626	0.0660121285023953315	0.0712936705159530146	0.0791273581784110558	0.224420748186091433	0.0377959675880476642	0.101216709064534057
G:	0.111609410583194592	0.152278261226656833	0.218658445896466211	0.0964337059493430601	0.352003239135249082	0.15338831419873324	0.614405305316014772	0.218239591761360277	0.024307380474649536	0.0581109621313795222	0.00279900233943246387	0.825174784303545874	0.00850598432068304113	0.0510466422692537748	0.132542881595423121	0.0221723318195727635	0.247425327979368162	0.276929253159989152	0.253841113232133467	0.050852616779506648	0.0906242193746788831	0.0901101643228359928	0.176393493367202745
T:	0.527901021342373175	0.228020390219072504	0.182808846182605667	0.510402822746528789	0.17723051326001139	0.301992919276206498	0.0963940530914961693	0.272684047107436901	0.0810371252675918217	0.0486795471023317287	0.01439611799422225	0.157630095362799412	0.884703506445605708	0.843608851988504868	0.404744039592980547	0.267028309772916296	0.224905289545912456	0.495725567092232752	0.0474878577964323387	0.198510536885137974	0.479470546035212528	0.507078505191445382	0.523332110393317425



2	CGTTAACG	0.4888806596553597


A:	0.333356125034725505	0.307313313193021999	0.333505235503344005	0.541054066932142619	0.222830804302967816	0.462848690498810598	0.357223439446555981	0.267553874155196382	0.0111913183616007287	0.0344736291590365685	0.0129168414353357578	0.974529032378231085	0.948578285358909025	0.0244148678080276573	0.0267069920014295412	0.167797730188902227	0.121391946981168939	0.466067115264621942	0.257098786950278847	0.103804667104801778	0.359695328372709577	0.191469920682867381
C:	0.227420527220219063	0.0484347578048202922	0.139513029569231296	0.0837836122770864367	0.112674838889873997	0.281526372324395836	0.442786035694275173	0.66274209007861564	0.00776284368218889152	0.00895264306632992882	0.00739149156905201815	0.00516263461738113919	0.00799544241572447736	0.956630970148182722	0.0429970437647584366	0.342466910141828719	0.439762249753058081	0.15535109356917369	0.0979598585150295204	0.321223264703657488	0.174060175977848577	0.558260382466597893
G:	0.241583128138890059	0.30594558810085802	0.126129621185027795	0.0299261064719510889	0.2211270613944606	0.124041345218380772	0.0600550736289393262	0.0429970437647584366	0.956630970148182722	0.00799544241572447736	0.00516263461738113919	0.00739149156905201815	0.00895264306632992882	0.00776284368218889152	0.66274209007861564	0.147950504675682504	0.0454099788068127144	0.0898562213005770821	0.291927024477918133	0.0820572163190088466	0.0681322104927490327	0.144412826492437543
T:	0.197640219606165372	0.338306340901299689	0.400852113742396904	0.345236214318819856	0.443367295412697587	0.131583591958412794	0.13993545123022952	0.0267069920014295412	0.0244148678080276573	0.948578285358909025	0.974529032378231085	0.0129168414353357578	0.0344736291590365685	0.0111913183616007287	0.267553874155196382	0.341784854993586549	0.393435824458960266	0.288725569865627285	0.3530143300567735	0.492914851872531887	0.398112285156692813	0.105856870358097182



3	AACGTTAT	0.488812604959004248


A:	0.121668007488250826	0.206245066973978026	0.144578916327608403	0.261575092857427255	0.394427530036102972	0.22023599877575405	0.20400869415182058	0.827066094026110135	0.904907203445477833	0.0143261617017516301	0.00265882455144179372	0.00930584031741674594	0.0555653620254022788	0.837893713102739673	0.0630758318839248354	0.246237152943451999	0.251922305494893863	0.185387705985904025	0.184884310301187194	0.344395985860203135	0.559673917558349475	0.733600915879908176
C:	0.124719171502032319	0.218369911359255349	0.341651112085296067	0.280000060568023607	0.0911178751666844046	0.0512583869040795294	0.352177882605629498	0.0209898061936498968	0.0171474214765120957	0.975679052535704789	0.00254726100706211655	0.00431938845047051659	0.00830017438064030506	0.0324284936379811198	0.0546823893839793103	0.35935019439594532	0.259969311695880366	0.307580837824427624	0.132597131602002844	0.076080905889039977	0.127560523562245808	0.0804256894070642843
G:	0.110627274089897646	0.208478090478130783	0.0725105922213688507	0.158925486930079493	0.238344087587410285	0.280523968264546899	0.0633900145309242132	0.111801931876520297	0.0137537848756072693	0.00320248094938915557	0.902145986813589181	0.0078455982501876267	0.00621188655794032476	0.102987080028485445	0.0250946474259799344	0.237740425923785559	0.258446743267382084	0.227557205755678597	0.139162888385898414	0.0837524732277465874	0.209258840222541203	0.0917950569389841161
T:	0.642985546919819208	0.366906931188635842	0.441259379365726679	0.299499359644469645	0.276110507209802339	0.447981646055619522	0.380423408711625709	0.0401421679037196704	0.0641915902024028021	0.00679230481315442507	0.0926479276279069089	0.978529172981925111	0.929922577036017091	0.0266907132307937623	0.85714713130611592	0.156672226736817122	0.229661639541843686	0.279474250433989755	0.543355669710911549	0.4957706350230103	0.103506718656863514	0.0941783377740434238



4	A..GTTAACG	0.48863047021633903


A:	0.1522939175410856	0.333356125034725505	0.307313313193021999	0.333505235503344005	0.541054066932142619	0.222830804302967816	0.462848690498810598	0.357223439446555981	0.267553874155196382	0.0242450932705640946	0.245653896210802709	0.0289006773248330307	0.927463315833675128	0.940357654198643618	0.0744402573395454126	0.0945009274267258547	0.167797730188902227	0.121391946981168939	0.466067115264621942	0.257098786950278847	0.103804667104801778	0.359695328372709577	0.191469920682867381
C:	0.476149500029502759	0.227420527220219063	0.0484347578048202922	0.139513029569231296	0.0837836122770864367	0.112674838889873997	0.281526372324395836	0.442786035694275173	0.66274209007861564	0.0121232986160715999	0.0212855756480328914	0.0282878219954976886	0.00606127158043339664	0.0186074145233416151	0.904181722814456794	0.0133235389021827748	0.342466910141828719	0.439762249753058081	0.15535109356917369	0.0979598585150295204	0.321223264703657488	0.174060175977848577	0.558260382466597893
G:	0.182516129984408697	0.241583128138890059	0.30594558810085802	0.126129621185027795	0.0299261064719510889	0.2211270613944606	0.124041345218380772	0.0600550736289393262	0.0429970437647584366	0.796254635262699695	0.0248713867462961738	0.0106099414103178272	0.0139762476026301651	0.00444993173608799551	0.00829669974560050652	0.870271936903760304	0.147950504675682504	0.0454099788068127144	0.0898562213005770821	0.291927024477918133	0.0820572163190088466	0.0681322104927490327	0.144412826492437543
T:	0.189040452445002943	0.197640219606165372	0.338306340901299689	0.400852113742396904	0.345236214318819856	0.443367295412697587	0.131583591958412794	0.13993545123022952	0.0267069920014295412	0.16737697285066461	0.708189141394868226	0.932201559269351454	0.0524991649832613099	0.0365849995419267714	0.0130813201003972868	0.0219035967673310665	0.341784854993586549	0.393435824458960266	0.288725569865627285	0.3530143300567735	0.492914851872531887	0.398112285156692813	0.105856870358097182



5	A.AACGTT.T	0.488018235981500683


A:	0.594496903735372712	0.264261713623272851	0.220034681046493665	0.218547874417634488	0.414417068916530447	0.1227361214611229	0.497094557525228759	0.310366081339900002	0.843823855300854304	0.883470647727789288	0.208347151943141718	0.00591408465587368261	0.0519124333903946678	0.0856798207685932554	0.837893713102739673	0.279424055849771108	0.139160257983615376	0.271357017267824157	0.611887625850803262	0.143882924301733528	0.076003790210120641	0.256251549665007297	0.738548941209427077
C:	0.275759813625161438	0.194184108895260265	0.142249678995138374	0.188975723708421564	0.0456461565244828193	0.464858522838524471	0.0287503128969123732	0.265904617103730191	0.0405369289131108444	0.0229850967819374865	0.779349892356999817	0.0063888710439847826	0.0416318220998785574	0.0299593950174415965	0.0324284936379811198	0.19473107372808776	0.151052493374202301	0.260237065245982551	0.170932843296383635	0.105006205832546794	0.0624946925869813624	0.0780016489736313274	0.028309295610331696
G:	0.0410172815980431754	0.378839034505305229	0.151029248750057166	0.305024594395923734	0.0591515497828729801	0.254192581305871018	0.19473107372808776	0.0378152568744991349	0.0299593950174415965	0.0416318220998785574	0.0063888710439847826	0.779349892356999817	0.0229850967819374865	0.0405369289131108444	0.102987080028485445	0.0287503128969123732	0.594624557108439823	0.239643547752565823	0.139893860376843641	0.285187500818260839	0.0179384503750046496	0.521744295300412618	0.059649304891878043
T:	0.0887260010414226752	0.162715142976161655	0.486686391208310795	0.287451807478020214	0.480785224776113753	0.15821277439448161	0.279424055849771108	0.385914044681870672	0.0856798207685932554	0.0519124333903946678	0.00591408465587368261	0.208347151943141718	0.883470647727789288	0.843823855300854304	0.0266907132307937623	0.497094557525228759	0.1151626915337425	0.228762369733627469	0.0772856704759694614	0.465923369047458839	0.843563066827893347	0.144002506060948757	0.173492458288363184



