1	ACGTTT..AC	0.490659340659340659


A:	0.0741727921319416649	0.316363858056767244	0.149742323820827564	0.378210849405837696	0.625270991002820327	0.819831355926997625	0.827547206817013949	0.0182051962667327109	0.0121784144218136656	0.00706543603806515236	0.0145547306509543447	0.155700046424772164	0.17296504190848004	0.342844007922690214	0.792776441761483611	0.164994411531719471	0.400521729172352089	0.706717063673339835	0.357992552127260054	0.540812157040350453	0.0999236474094183384	0.184511755992340259
C:	0.381898432712016438	0.217882676295441011	0.327092378442222401	0.20685452107112087	0.123498765617741188	0.0353812360361216939	0.0367830397340152645	0.955355593793422133	0.0250147993039755245	0.0344052120219973537	0.0126442496406648121	0.0278478405057755447	0.231590180122584085	0.344069637866515798	0.0927576996609281487	0.733706940469457044	0.0211795393950590803	0.0385511139701520115	0.15649617668613391	0.236750206862356458	0.209155978659985442	0.110185556888514644
G:	0.062836318076987506	0.170265594222646176	0.372516569745215639	0.119106202376309367	0.165413231976450069	0.00569611713552814973	0.0664688383669280722	0.0153358354820725348	0.832903829473518669	0.00460769696476216753	0.0163773339135172636	0.123931100173909167	0.385418238080093267	0.104104076861204226	0.0729684986255320526	0.0462662531148706634	0.551108554212630207	0.164479883952119737	0.258369449664986797	0.0300247818450781989	0.598419257379519781	0.39751852782859615
T:	0.481092457079054391	0.295487871425145569	0.150648727991734396	0.295828427146732067	0.085817011402988416	0.139091290901352531	0.0692009150820427144	0.0111033744577726216	0.129902956800692141	0.953921654975175326	0.95642368579486358	0.692521012895543125	0.210026539888842608	0.208982277349589763	0.0414973599520561881	0.0550323948839528216	0.027190177219958624	0.090251938404388417	0.227141821521619238	0.19241285425221489	0.0925011165510764384	0.307784159290548946



2	ACGTTAAC	0.483559150991777921


A:	0.317560403877661785	0.455067006989797423	0.113158353717939142	0.0859391567800960734	0.265674981199999141	0.302892379351241529	0.769691254305466024	0.701192344227416324	0.0153798454742055093	0.00700802085239812206	0.0384695594437152207	0.00927636358069317155	0.856314962524288529	0.688811067783325993	0.18382389780609674	0.331069336926687657	0.2104052871715789	0.846264568436960477	0.240435243194173608	0.0185341436981818869	0.183674466097313805	0.447411514029091663
C:	0.239528508272634842	0.103486163167798444	0.00391152773795428986	0.0142832161597588774	0.153754471347649676	0.146598245387401203	0.0520201045868086978	0.0645138944884218014	0.934848553976715176	0.0104808747384467825	0.016417104296321217	0.0113088536221603198	0.0137146744767002668	0.165960400570295759	0.644490649484229206	0.194924203156985592	0.240624217975932577	0.0687283294397108677	0.523457859718233191	0.724032729722654716	0.26408339454575589	0.0948254844024084833
G:	0.110384523218830141	0.349421397089026954	0.00390685483872186178	0.841589249324523459	0.0609170891243907211	0.293758522010709513	0.0377123440920063127	0.153517992867310564	0.0224391765331435014	0.890822212854321741	0.00994079724482095162	0.0166889213216063443	0.0529071392841312121	0.0485058308632761526	0.110275524999032997	0.218802714363751735	0.108177413339150871	0.0804429720806202705	0.234190652058886924	0.0346648028520994543	0.139578336115378411	0.262129204422059338
T:	0.332526564630873231	0.0920254327533771798	0.879023263705384706	0.0581883777356215902	0.519653458327960462	0.256750853250647755	0.140576297015718965	0.0807757684168513108	0.0273324240159358136	0.0916888915548333547	0.935172539015142611	0.962725861475540164	0.0770632237148799924	0.0967227007831020951	0.0614099277106410576	0.255203745552575017	0.440793081513337652	0.00456413004270838439	0.00191624502870627717	0.222768323727063943	0.412663803241551894	0.195633797146440515



3	AACGTTAA	0.483366835417907485


A:	0.177678145492437894	0.0843466691504188323	0.0585269950952759566	0.132192731674585711	0.0479712727329906869	0.335397780069858059	0.251651251777408552	0.769691254305466024	0.909757669326461427	0.0311577537899446537	0.00300467336060121058	0.046900669718383768	0.0875921442910266435	0.776494270796107773	0.592022247520547469	0.178369479474054069	0.210220560213878947	0.0215074070477332022	0.866765047102218697	0.812121740782719135	0.231186702219051196	0.425311511549352836
C:	0.160701212067920218	0.266400267332680098	0.129879983554202377	0.229175726120989734	0.211253149442139299	0.237723213374563757	0.0895372835530898068	0.0520201045868086978	0.0283763770852868373	0.955373938677725596	0.00404159699310260111	0.042384635829594394	0.0131437173799033947	0.0306609343853683005	0.156482684038507706	0.336497972508802037	0.29641681152341851	0.245740068118907396	0.0248019314796255687	0.0335872482965488112	0.234813690013040983	0.239501243741212314
G:	0.105202047733841201	0.155948695426006369	0.564068144384396693	0.242902382136306655	0.362216957900063982	0.229264045162879356	0.216128089316345624	0.0377123440920063127	0.0282855491191612239	0.00522823630250746954	0.956305097428306446	0.0242769896072948438	0.0227251274436071011	0.0736682356241906701	0.128035348101548305	0.302270738061326927	0.189303800174852036	0.157320596882172935	0.00828907961883016201	0.0493400612816221926	0.4126482047850207	0.027729139114005674
T:	0.556418594705800687	0.493304368090894701	0.247524876966124974	0.3957291600681179	0.378558619924806033	0.197614961392698829	0.442683375353156017	0.140576297015718965	0.0335804044690905118	0.00824007122982228056	0.0366486322179897424	0.886437704844726994	0.876539010885462861	0.119176559194333256	0.12345972033939652	0.182861809955816967	0.304058828087850507	0.575431927951186467	0.100143941799325573	0.104950949639109861	0.121351402982887121	0.307458105595429175



4	G..AACGTTA	0.480833989096606336


A:	0.0800369633680074299	0.111847695008989649	0.177678145492437894	0.0843466691504188323	0.0585269950952759566	0.132192731674585711	0.0479712727329906869	0.335397780069858059	0.251651251777408552	0.841239867883785634	0.909627829556477886	0.0310282238665814478	0.0041962192021983287	0.0106338010669735213	0.0618399381345115446	0.700797241448665565	0.592022247520547469	0.178369479474054069	0.210220560213878947	0.0215074070477332022	0.866765047102218697	0.812121740782719135	0.231186702219051196
C:	0.228311978847206396	0.226333298785933434	0.160701212067920218	0.266400267332680098	0.129879983554202377	0.229175726120989734	0.211253149442139299	0.237723213374563757	0.0895372835530898068	0.0274446724883847593	0.0319006523465023674	0.962185381404287182	0.001636886253659215	0.016333093933742721	0.0251575235222772866	0.0428016597467885567	0.156482684038507706	0.336497972508802037	0.29641681152341851	0.245740068118907396	0.0248019314796255687	0.0335872482965488112	0.234813690013040983
G:	0.564138632017174131	0.124098968538441694	0.105202047733841201	0.155948695426006369	0.564068144384396693	0.242902382136306655	0.362216957900063982	0.229264045162879356	0.216128089316345624	0.055089754883884849	0.0180742375980747355	0.00368977381515605313	0.872059090947690891	0.0203091672294312016	0.0106088397042666424	0.0576280757988421672	0.128035348101548305	0.302270738061326927	0.189303800174852036	0.157320596882172935	0.00828907961883016201	0.0493400612816221926	0.4126482047850207
T:	0.127512425767612043	0.537720037666635223	0.556418594705800687	0.493304368090894701	0.247524876966124974	0.3957291600681179	0.378558619924806033	0.197614961392698829	0.442683375353156017	0.0762257047439447573	0.0403972804989450114	0.00309662091397531758	0.122107803596451565	0.952723937769852556	0.902393698638944526	0.198773023005703711	0.12345972033939652	0.182861809955816967	0.304058828087850507	0.575431927951186467	0.100143941799325573	0.104950949639109861	0.121351402982887121



5	AAACGTT.A	0.480538322828262776


A:	0.0911774248624620622	0.0999529581296693408	0.112945246351517259	0.204882807237511153	0.119431930661554364	0.227408443058189968	0.138571526788976217	0.619644217445250846	0.924843043397669964	0.939799776622177266	0.0726602239921647528	0.00260440177459013407	0.0189969761246122319	0.0365525906367303401	0.776494270796107773	0.693173689186584931	0.473190481434103064	0.129459886952797399	0.0567662716096273022	0.510918249667506457	0.579188422513154446	0.199104658626733791	0.309155127269212938
C:	0.318717967211488086	0.493767416506755771	0.293160482536294471	0.194046742934117867	0.0586367571347659934	0.223763394133061902	0.218620578313712148	0.0287270391339292811	0.0127534184075960147	0.0220391032006138477	0.919189332696620252	0.00435624440764373029	0.0208246683638955579	0.0215107228519116779	0.0306609343853683005	0.242622384914077622	0.181078682176278162	0.236087353289857229	0.143319580867817223	0.177451403104181458	0.0646661673826232406	0.122584519522912401	0.191227344395541958
G:	0.199194071442327945	0.183891086592516047	0.310762349739816208	0.306048288676729602	0.140407634653567961	0.317995240540647392	0.186159774409224731	0.0707139687054695251	0.0141800982384132451	0.0272238308498149278	0.00583152156094715595	0.974499700891833679	0.0145989887794743379	0.00848609005767002936	0.0736682356241906701	0.0284279338131701715	0.209469278707071685	0.328977761780681909	0.0544017376665780991	0.181529266899724431	0.130773427285810074	0.377297456437131806	0.0915271615026512055
T:	0.390910536483721906	0.222388538771058841	0.283131921372372062	0.295022161151641378	0.681523677550111682	0.230832922268100739	0.456648120488086905	0.280914774715350348	0.0482234399563207767	0.0109372893273939586	0.00231892175026783969	0.0185396529259324569	0.945579366732017872	0.933450596453687953	0.119176559194333256	0.0357759920861672757	0.136261557682547089	0.305474997976663464	0.745512409855977376	0.130101080328587654	0.225371982818412239	0.301013365413222002	0.408090366832593898



