1	ACGTTAAC	0.495573199644374197


A:	0.260740126754104341	0.195399694193098433	0.208572736080100866	0.342162601583646172	0.347422114217287811	0.376489604073287619	0.233221010427553963	0.453898735501570749	0.0418038608168909936	0.0035079284663422034	0.00629792778714331056	0.0077384632754580816	0.843257913546604374	0.687634332806353025	0.171914975714396674	0.0553543436685237559	0.154547315544393474	0.0469869326311688692	0.479664685973160667	0.262020265967167938	0.427835895823957992	0.416134015619919531
C:	0.378352210080589034	0.114402681158191076	0.0537869362081628346	0.101906658483839878	0.276189129308323518	0.15934420797731621	0.0990370165416062438	0.18871837648094621	0.932612520408027242	0.00344983105621213081	0.00885905862924005422	0.00804267518008924255	0.00458021044877066862	0.0534200535486151251	0.782011584819291689	0.0738179656217942375	0.0556498380597799257	0.103964450332472994	0.151303767102548662	0.0499124957537708208	0.164010230580581003	0.308924445380276926
G:	0.190580123908975071	0.533488680725820744	0.305529552593634819	0.48822330269264083	0.162864507785069051	0.184695986757881348	0.562433502259757588	0.247767369450036003	0.0124070400389719873	0.698222578085621701	0.0148909418075407447	0.0114745923045098783	0.00778154847064920017	0.0249029045373726753	0.0201817822500898315	0.659773840289584653	0.52723327654789407	0.510434254849177968	0.118891587888980149	0.0800530011729500919	0.115339237281360476	0.0421788869456244681
T:	0.170327539256331554	0.156708943922889747	0.43211077511810148	0.0677074372398731198	0.21352424868931962	0.279470201191514822	0.105308470771082205	0.109615518567447038	0.0131765787361097766	0.294819662391823964	0.96995207177607589	0.972744269239942798	0.144380327533975757	0.234042709107659174	0.0258916572162218055	0.211053850420097354	0.262569569847932529	0.338614362187180169	0.250139959035310522	0.608014237106111149	0.29281463631410053	0.232762652054179076



2	C..GTTAACG	0.495195292656770334


A:	0.214776796765672245	0.495021686684459752	0.232762652054179076	0.29281463631410053	0.608014237106111149	0.250139959035310522	0.338614362187180169	0.262569569847932529	0.211053850420097354	0.00470104503190503514	0.0662922527424009459	0.0166344811124781487	0.987731922105631127	0.984169279276485112	0.106735277911016449	0.00590267424715962278	0.109615518567447038	0.105308470771082205	0.279470201191514822	0.21352424868931962	0.0677074372398731198	0.43211077511810148	0.156708943922889747
C:	0.57501213637866905	0.186975506959556178	0.0421788869456244681	0.115339237281360476	0.0800530011729500919	0.118891587888980149	0.510434254849177968	0.52723327654789407	0.659773840289584653	0.00550027464351199367	0.00440517106016672181	0.004139078721919147	0.00286271806924592556	0.00570408640800733863	0.889155687432825279	0.0103524548327409954	0.247767369450036003	0.562433502259757588	0.184695986757881348	0.162864507785069051	0.48822330269264083	0.305529552593634819	0.533488680725820744
G:	0.126836601912988626	0.143955157669292969	0.308924445380276926	0.164010230580581003	0.0499124957537708208	0.151303767102548662	0.103964450332472994	0.0556498380597799256	0.0738179656217942375	0.925894724245304452	0.0108712026693725949	0.00419503010245185942	0.00350827635679294269	0.00605330487031243892	0.00241082392773744781	0.973844496186629563	0.18871837648094621	0.0990370165416062438	0.15934420797731621	0.276189129308323518	0.101906658483839878	0.0537869362081628346	0.114402681158191076
T:	0.0833744649426700796	0.174047648686691101	0.416134015619919531	0.427835895823957992	0.262020265967167938	0.479664685973160667	0.0469869326311688692	0.154547315544393474	0.0553543436685237559	0.063903956079278519	0.918431373528059737	0.975031410063150845	0.0058970834683300047	0.00407332944519511084	0.00169821072842082405	0.00990037473346981894	0.453898735501570749	0.233221010427553963	0.376489604073287619	0.347422114217287811	0.342162601583646172	0.208572736080100866	0.195399694193098433



3	C.GTTAACG	0.494172263927301462


A:	0.214776796765672245	0.495021686684459752	0.232762652054179076	0.29281463631410053	0.608014237106111149	0.250139959035310522	0.338614362187180169	0.262569569847932529	0.211053850420097354	0.00714326476477959746	0.143879565676920495	0.0117948523282423098	0.989357888335471786	0.988682076458302282	0.0650778478414639637	0.00984590704904274681	0.109615518567447038	0.105308470771082205	0.279470201191514822	0.21352424868931962	0.0677074372398731198	0.43211077511810148	0.156708943922889747
C:	0.57501213637866905	0.186975506959556178	0.0421788869456244681	0.115339237281360476	0.0800530011729500919	0.118891587888980149	0.510434254849177968	0.52723327654789407	0.659773840289584653	0.00720989608898373693	0.00829376654047809572	0.00299407310662354025	0.00143890037507476686	0.0023059307414385739	0.929564474668330823	0.00558623628026248381	0.247767369450036003	0.562433502259757588	0.184695986757881348	0.162864507785069051	0.48822330269264083	0.305529552593634819	0.533488680725820744
G:	0.126836601912988626	0.143955157669292969	0.308924445380276926	0.164010230580581003	0.0499124957537708208	0.151303767102548662	0.103964450332472994	0.0556498380597799256	0.0738179656217942375	0.952898666589531561	0.007489523068328966	0.00486725282355636623	0.00474949841495568613	0.00326920386593324902	0.000905837307533652358	0.978083329158533282	0.18871837648094621	0.0990370165416062438	0.15934420797731621	0.276189129308323518	0.101906658483839878	0.0537869362081628346	0.114402681158191076
T:	0.0833744649426700796	0.174047648686691101	0.416134015619919531	0.427835895823957992	0.262020265967167938	0.479664685973160667	0.0469869326311688692	0.154547315544393474	0.0553543436685237559	0.0327481725567051049	0.840337144714272443	0.980343821741577784	0.00445371287449776063	0.00574278893432589463	0.00445184018267156101	0.00648452751216148778	0.453898735501570749	0.233221010427553963	0.376489604073287619	0.347422114217287811	0.342162601583646172	0.208572736080100866	0.195399694193098433



4	AGTTAACG	0.493938196605258392


A:	0.495021686684459752	0.232762652054179076	0.29281463631410053	0.608014237106111149	0.250139959035310522	0.338614362187180169	0.262569569847932529	0.211053850420097354	0.0262795769854686722	0.104710524467706753	0.0962644933748513077	0.97668081661256629	0.985460316462666554	0.107815517394697192	0.00853626208120550052	0.109615518567447038	0.105308470771082205	0.279470201191514822	0.21352424868931962	0.0677074372398731198	0.43211077511810148	0.156708943922889747
C:	0.186975506959556178	0.0421788869456244681	0.115339237281360476	0.0800530011729500919	0.118891587888980149	0.510434254849177968	0.52723327654789407	0.659773840289584653	0.0388471310235135641	0.0267164069402460987	0.00381087532333564352	0.00262142848472805367	0.00381446464058627116	0.885587021054243002	0.00450638939285058201	0.247767369450036003	0.562433502259757588	0.184695986757881348	0.162864507785069051	0.48822330269264083	0.305529552593634819	0.533488680725820744
G:	0.143955157669292969	0.308924445380276926	0.164010230580581003	0.0499124957537708208	0.151303767102548662	0.103964450332472994	0.0556498380597799256	0.0738179656217942375	0.910739988450395197	0.0115978782316209287	0.00826597726081724859	0.0101662978663106105	0.00564115761208655792	0.0032799415951533764	0.979554974765351242	0.18871837648094621	0.0990370165416062438	0.15934420797731621	0.276189129308323518	0.101906658483839878	0.0537869362081628346	0.114402681158191076
T:	0.174047648686691101	0.416134015619919531	0.427835895823957992	0.262020265967167938	0.479664685973160667	0.0469869326311688692	0.154547315544393474	0.0553543436685237559	0.0241333035406225662	0.856975190360426219	0.8916586540409958	0.0105314570363950461	0.00508406128466061714	0.00331751995590643013	0.00740237376059267582	0.453898735501570749	0.233221010427553963	0.376489604073287619	0.347422114217287811	0.342162601583646172	0.208572736080100866	0.195399694193098433



5	A.GTTAACG	0.493727465797402084


A:	0.214776796765672245	0.495021686684459752	0.232762652054179076	0.29281463631410053	0.608014237106111149	0.250139959035310522	0.338614362187180169	0.262569569847932529	0.211053850420097354	0.0122390783485471752	0.0938711735596445948	0.0278630111196678954	0.964196365061093077	0.969070406893473035	0.144486368651307804	0.0214849121443565427	0.109615518567447038	0.105308470771082205	0.279470201191514822	0.21352424868931962	0.0677074372398731198	0.43211077511810148	0.156708943922889747
C:	0.57501213637866905	0.186975506959556178	0.0421788869456244681	0.115339237281360476	0.0800530011729500919	0.118891587888980149	0.510434254849177968	0.52723327654789407	0.659773840289584653	0.014047179772791537	0.0111831248950937541	0.00714302573705947721	0.00263246985427427208	0.0108653587273266064	0.839749575227407036	0.0101121093260483073	0.247767369450036003	0.562433502259757588	0.184695986757881348	0.162864507785069051	0.48822330269264083	0.305529552593634819	0.533488680725820744
G:	0.126836601912988626	0.143955157669292969	0.308924445380276926	0.164010230580581003	0.0499124957537708208	0.151303767102548662	0.103964450332472994	0.0556498380597799256	0.0738179656217942375	0.842392850696942314	0.0285058227452706668	0.00672729617464025214	0.0115076966888223379	0.0107844448316021192	0.00899699977255487215	0.919740447072251001	0.18871837648094621	0.0990370165416062438	0.15934420797731621	0.276189129308323518	0.101906658483839878	0.0537869362081628346	0.114402681158191076
T:	0.0833744649426700796	0.174047648686691101	0.416134015619919531	0.427835895823957992	0.262020265967167938	0.479664685973160667	0.0469869326311688692	0.154547315544393474	0.0553543436685237559	0.131320891181718974	0.866439878799990984	0.958266666968632375	0.0216634683958103125	0.00927978954759823941	0.00676705634873028741	0.0486625314573441494	0.453898735501570749	0.233221010427553963	0.376489604073287619	0.347422114217287811	0.342162601583646172	0.208572736080100866	0.195399694193098433



