1	A..GTTAACG	0.492360249474746472


A:	0.232476853596517057	0.282925569197037748	0.082908658761950842	0.00783706122143453282	0.203248734829187265	0.0634768579214038094	0.495058732238098087	0.394666544200779771	0.168714779363175354	0.0550703477407157864	0.173163094338323455	0.0256084300238265809	0.940311613897481218	0.925380544318043617	0.109112979511257292	0.174251727900255965	0.168476215864496245	0.472174021926980627	0.130846013284483787	0.0267463865280179051	0.044281456290641187	0.849804553756832786	0.48289078189385716
C:	0.0849732815128648198	0.456915050403076023	0.457152713193425494	0.247182708408150214	0.0195586948670430527	0.01128221384602485	0.242690040069396606	0.129292270779790197	0.282258146972351505	0.0312827518419022792	0.0227408347150766747	0.0447906191817874316	0.0193712119575121216	0.00910225338127161859	0.853395336854725954	0.0224961911186208962	0.124494824964090028	0.0531641982976604954	0.267356804622323656	0.0640047911776462656	0.930657311815869686	0.0114530835478696973	0.246685339564392085
G:	0.0497742414015713068	0.133256398444827349	0.0708623287333453973	0.0537791123866452829	0.687655967488504618	0.837439535426113156	0.0854334616934626008	0.153852175272081364	0.0584146263385273685	0.803494722688985068	0.044398084660396222	0.0185421368049640688	0.0307596202142306062	0.0301668077553789414	0.0111995624233805631	0.707382929083561535	0.119835373515604787	0.0807505285423287846	0.246310416195341607	0.0180691250154058082	0.00473941876518384299	0.116974482179904361	0.084860410174810476
T:	0.632775623489046817	0.12690298195505888	0.389076299311278267	0.69120111798376997	0.0895366028152650638	0.0878013928064581844	0.176817765999042706	0.322189009747348668	0.490612447325945773	0.110152177728396867	0.759697986286203648	0.911058813989421919	0.00955755393077605377	0.0353503945453058233	0.0262921212106361912	0.0958691518975616037	0.58719358565580894	0.393911251233030093	0.35548676589785095	0.891179697278930021	0.0203218131283052838	0.0217678805153931563	0.185563468366940279



2	GTTAACG.A	0.491745868281304283


A:	0.082908658761950842	0.00783706122143453282	0.203248734829187265	0.0634768579214038094	0.495058732238098087	0.394666544200779771	0.168714779363175354	0.0221230815246494561	0.243503318753362802	0.0240010954069737696	0.949459656417738509	0.92140671762506406	0.0882043417309856103	0.110785042194619041	0.168476215864496245	0.472174021926980627	0.130846013284483787	0.0267463865280179051	0.044281456290641187	0.849804553756832786	0.48289078189385716	0.482649614337336307	0.255038001344023897
C:	0.457152713193425494	0.247182708408150214	0.0195586948670430527	0.01128221384602485	0.242690040069396606	0.129292270779790197	0.282258146972351505	0.0265628108338884809	0.0163475866733516723	0.0272673815007064043	0.00925810568376776817	0.0066654024103633092	0.876770232470214187	0.0301057645279575492	0.124494824964090028	0.0531641982976604954	0.267356804622323656	0.0640047911776462656	0.930657311815869686	0.0114530835478696973	0.246685339564392085	0.226137915744675606	0.131275252050959157
G:	0.0708623287333453973	0.0537791123866452829	0.687655967488504618	0.837439535426113156	0.0854334616934626008	0.153852175272081364	0.0584146263385273685	0.744119097259600422	0.0466309703525765582	0.0255595529957360612	0.0225152366381557457	0.00990150871827743508	0.0104329380802628641	0.74747465084112048	0.119835373515604787	0.0807505285423287846	0.246310416195341607	0.0180691250154058082	0.00473941876518384299	0.116974482179904361	0.084860410174810476	0.0416532438268001667	0.432458159573519322
T:	0.389076299311278267	0.69120111798376997	0.0895366028152650638	0.0878013928064581844	0.176817765999042706	0.322189009747348668	0.490612447325945773	0.207195010381861641	0.693518124220708967	0.923171970096583765	0.0187670012603379767	0.062026371246295196	0.0245924877185373386	0.111634542436302929	0.58719358565580894	0.393911251233030093	0.35548676589785095	0.891179697278930021	0.0203218131283052838	0.0217678805153931563	0.185563468366940279	0.249559226091187921	0.181228587031497624



3	CGTTAACA	0.490088054280675939


A:	0.185563468366940279	0.0217678805153931563	0.0203218131283052838	0.891179697278930021	0.35548676589785095	0.393911251233030093	0.58719358565580894	0.0587694089795583118	0.0752383831358186465	0.064427354948182562	0.0129030111086922091	0.870217314354045345	0.67047190083231322	0.0800175538193208068	0.490612447325945773	0.322189009747348668	0.176817765999042706	0.0878013928064581844	0.0895366028152650638	0.69120111798376997	0.389076299311278267	0.12690298195505888
C:	0.084860410174810476	0.116974482179904361	0.00473941876518384299	0.0180691250154058082	0.246310416195341607	0.0807505285423287846	0.119835373515604787	0.832542981786739415	0.0149295590029380569	0.0110234547705954851	0.0204151138431241615	0.0112112291726314195	0.0261927403630891593	0.798380425475410625	0.0584146263385273685	0.153852175272081364	0.0854334616934626008	0.837439535426113156	0.687655967488504618	0.0537791123866452829	0.0708623287333453973	0.133256398444827349
G:	0.246685339564392085	0.0114530835478696973	0.930657311815869686	0.0640047911776462656	0.267356804622323656	0.0531641982976604954	0.124494824964090028	0.0229987032437415247	0.861515277757545407	0.0031234698066640107	0.0171603886967030191	0.0380426171466692203	0.020690591341557837	0.0449753791195107198	0.282258146972351505	0.129292270779790197	0.242690040069396606	0.01128221384602485	0.0195586948670430527	0.247182708408150214	0.457152713193425494	0.456915050403076023
T:	0.48289078189385716	0.849804553756832786	0.044281456290641187	0.0267463865280179051	0.130846013284483787	0.472174021926980627	0.168476215864496245	0.0856889059899607482	0.0483167801036978894	0.921425720474557942	0.94952148635148061	0.0805288393266540154	0.282644767463039784	0.0766266415857578483	0.168714779363175354	0.394666544200779771	0.495058732238098087	0.0634768579214038094	0.203248734829187265	0.00783706122143453282	0.082908658761950842	0.282925569197037748



4	ACGTTAAC	0.489921749631908945


A:	0.249559226091187921	0.185563468366940279	0.0217678805153931563	0.0203218131283052838	0.891179697278930021	0.35548676589785095	0.393911251233030093	0.58719358565580894	0.0595241342362940912	0.0153316542426608435	0.0842158458065305891	0.0114869586752245636	0.893853455460823721	0.798809330606802523	0.117095149446680626	0.490612447325945773	0.322189009747348668	0.176817765999042706	0.0878013928064581844	0.0895366028152650638	0.69120111798376997	0.389076299311278267
C:	0.0416532438268001667	0.084860410174810476	0.116974482179904361	0.00473941876518384299	0.0180691250154058082	0.246310416195341607	0.0807505285423287846	0.119835373515604787	0.838871911348955411	0.019802186407635947	0.0195939648376239392	0.0259239611485459322	0.0148461726122122513	0.0486320383205583218	0.736718924146357971	0.0584146263385273685	0.153852175272081364	0.0854334616934626008	0.837439535426113156	0.687655967488504618	0.0537791123866452829	0.0708623287333453973
G:	0.226137915744675606	0.246685339564392085	0.0114530835478696973	0.930657311815869686	0.0640047911776462656	0.267356804622323656	0.0531641982976604954	0.124494824964090028	0.0154380089534327933	0.832673270358975774	0.00741814147545287329	0.0327152703262793557	0.0474182799063009838	0.0185005922077962969	0.0688423655960461691	0.282258146972351505	0.129292270779790197	0.242690040069396606	0.01128221384602485	0.0195586948670430527	0.247182708408150214	0.457152713193425494
T:	0.482649614337336307	0.48289078189385716	0.849804553756832786	0.044281456290641187	0.0267463865280179051	0.130846013284483787	0.472174021926980627	0.168476215864496245	0.0861659454613177046	0.132192888990727436	0.888772047880392598	0.929873809849950149	0.0438820920206630444	0.134058038864842858	0.0773435608109152339	0.168714779363175354	0.394666544200779771	0.495058732238098087	0.0634768579214038094	0.203248734829187265	0.00783706122143453282	0.082908658761950842



5	ACGTTT..AC	0.488603332151719249


A:	0.132728357740350549	0.27934895528252658	0.249154027042256918	0.368704603961124298	0.541077485069884303	0.652304338452779394	0.684454703847588672	0.0881002813449494258	0.0918633000896247362	0.0279528411516581263	0.0737667188354060879	0.230192049550598311	0.330623222071620556	0.495684924791658401	0.755858803136830326	0.138412177921795783	0.450620082036581738	0.749827570844717899	0.161506381836278884	0.621147045158688208	0.0729003403399835764	0.262543171640761333
C:	0.485143869371474275	0.159631394843322836	0.162494979833259508	0.20569810215260003	0.194414876567233164	0.0868103332151718253	0.080121455455406242	0.803054571522049188	0.0322164164847907751	0.0507323972151733684	0.0426933728671701566	0.0473588781486221861	0.144648161155730429	0.26404421357530769	0.0617046751260373847	0.650118607583240254	0.0386664733929672946	0.0271566692970962531	0.192983910677336004	0.169365548227376307	0.14979989561764674	0.308774181375429967
G:	0.056244798460857232	0.115775779166510571	0.443671931299871135	0.125239714599817906	0.177899725135307439	0.0175654710472818844	0.0712088045889207667	0.0323126109782862796	0.688806977435226494	0.00910618124708494482	0.0480868021856491405	0.191678178591876878	0.204320958393111926	0.0708878571067571517	0.0700632830684023333	0.065861572988759587	0.420643201788451723	0.15322398356830926	0.349667108306319481	0.038652184183815984	0.661409928829635831	0.310043727559201885
T:	0.325882974427317944	0.445243870707640012	0.144679061824612439	0.300357579286457766	0.0866079132275750938	0.243319857284766896	0.164215036108084319	0.0765325361547151068	0.187113305990357994	0.912208580386083561	0.835453106111774615	0.530770893708902625	0.320407658379537088	0.169383004526276757	0.112373238668729956	0.145607641506204376	0.090070242781999244	0.0697917762898765879	0.295842599180065631	0.1708352224301195	0.115889835212733853	0.118638919424606815



