1	AAAAAGT..A	0.491735318444995864


A:	0.405149303128913906	0.0984780478791069468	0.0532911664491832644	0.196980269984869869	0.487992183373708673	0.282897879369503842	0.344099744761533763	0.947723719016988108	0.749114643255505159	0.991390231442551573	0.990018268317010283	0.790970147925607029	0.00704797987274396383	0.0035378252559133936	0.695658235186890541	0.414967071619658436	0.595315592521421075	0.155168321798999724	0.620931410203364863	0.0164463911097880371	0.283524984719594466	0.693003438849495866	0.164732866623384581
C:	0.0819290428277990043	0.191999666297158363	0.565902757985597694	0.176066693626773791	0.301223642623520132	0.523229847573604219	0.331037831007640805	0.0123360040595666329	0.00120998654343048914	0.00123432894452440664	0.0033993503848168043	0.00834840128982644509	0.000966990367291096456	0.133446980430793506	0.0128188916318242826	0.0371395427634355723	0.0436497550046968693	0.0577517504963673497	0.1707621705283208	0.0784606499748990688	0.0809836741786684972	0.0922953527772195745	0.51587852769671347
G:	0.146457067600652176	0.122492152963618339	0.0745447336611210845	0.51719041400373747	0.0427487016694422994	0.102217305558729209	0.151694056173905296	0.0316749228991300686	0.00353558538478370056	0.00523103505606426564	0.00597703942345700976	0.200365570232783202	0.988430089025323854	0.07036936311463881	0.0845754691430887238	0.427596822588333927	0.0607855556494796945	0.157230874574989774	0.0681185733160563432	0.0667390150118793228	0.484973498318052702	0.0592007189955719964	0.0514497691584215999
T:	0.366464586442634913	0.587030132860116351	0.306261341904097957	0.10976262238461887	0.168035472333328896	0.0916549674981627303	0.173168368056920135	0.00826535402431519071	0.246139784816280651	0.0021444045568597546	0.000605341874715903172	0.000315880551783323362	0.00355494073464108519	0.79264583119865429	0.206947404038196453	0.120296563028572065	0.300249096824402361	0.629849053129643152	0.140187845952257994	0.838353943903433571	0.150517842783684335	0.155500489377712563	0.267938836521480349



2	ACTTTTTG	0.49083838419227131


A:	0.150517842783684335	0.838353943903433571	0.140187845952257994	0.629849053129643152	0.300249096824402361	0.120296563028572065	0.206947404038196453	0.765442803525279437	0.0015050260149000806	0.000230445853326536707	0.00149607945117283768	0.00548396661388528515	0.277863324543275353	0.0322475367792139348	0.173168368056920135	0.0916549674981627303	0.168035472333328896	0.10976262238461887	0.306261341904097957	0.587030132860116351	0.366464586442634913	0.143276135222069919
C:	0.484973498318052702	0.0667390150118793228	0.0681185733160563432	0.157230874574989774	0.0607855556494796945	0.427596822588333927	0.0845754691430887238	0.120152801996011185	0.992536960102101628	0.0819351821328799276	0.00257391329767348555	0.00159681038533310513	0.00799323188617279725	0.0640753066785585779	0.151694056173905296	0.102217305558729209	0.0427487016694422994	0.51719041400373747	0.0745447336611210845	0.122492152963618339	0.146457067600652176	0.447392906149336475
G:	0.0809836741786684972	0.0784606499748990688	0.1707621705283208	0.0577517504963673497	0.0436497550046968693	0.0371395427634355723	0.0128188916318242826	0.105418230311778559	0.00192048692103924338	0.00878494084587883656	0.00412054496689464042	0.00290623587597519596	0.000866807982103601184	0.00625966019668015619	0.331037831007640805	0.523229847573604219	0.301223642623520132	0.176066693626773791	0.565902757985597694	0.191999666297158363	0.0819290428277990043	0.0926486996797609517
T:	0.283524984719594466	0.0164463911097880371	0.620931410203364863	0.155168321798999724	0.595315592521421075	0.414967071619658436	0.695658235186890541	0.00898616416693081958	0.00403752696195904811	0.909049431167914699	0.991809462284259036	0.990012987124806414	0.713276635588448249	0.897417496345547331	0.344099744761533763	0.282897879369503842	0.487992183373708673	0.196980269984869869	0.0532911664491832644	0.0984780478791069468	0.405149303128913906	0.316682258948832654



3	CAAAAAAG	0.490790028786976375


A:	0.277935850561450265	0.317339332401326445	0.219279722927017146	0.0359025454833482108	0.101545652437199446	0.0371403211866418412	0.376738235155770658	0.226588639242031297	0.456774239726975604	0.819442082068494068	0.69814963422774858	0.99010237622564366	0.96950880786615251	0.653599538541005086	0.0253035029110609657	0.00627644814892036407	0.352179208733713068	0.619295086715130713	0.611529917092733415	0.0268942052120732978	0.349618071738659998	0.204078754488798857
C:	0.337414666516152712	0.0563816325706071833	0.140012648487407434	0.605633564315548098	0.486005682283348549	0.253357839598974208	0.234032851430217194	0.625570359719346445	0.180653597258106112	0.0159274821144050727	0.00286948815766392708	0.00341721091065483452	0.00216804006053059887	0.00446024736465529096	0.00288169845126511977	0.147026221572501105	0.081357046318526526	0.158278215592866274	0.229550050086263515	0.0182640455363373066	0.0674715877910113783	0.0334244704266604727
G:	0.221649892670015427	0.47236089414939826	0.515692932783394177	0.0357517345471469131	0.0528572869417950115	0.147614428440175244	0.189309130553376127	0.0796646128556392046	0.309556018858952644	0.139631350683062425	0.00279463339815157985	0.00537663538426032103	0.0277709880743467813	0.341293212383699543	0.97033402519408619	0.0617446053692576869	0.173408908913215216	0.188050696637612906	0.0152729439077019324	0.0144097400383809574	0.0988723772665972139	0.575845612325093876
T:	0.162999590252381596	0.153918140878668111	0.125014695802181243	0.322712155653956778	0.359591378337656993	0.561887410774208707	0.199919782860636022	0.0681763881829830536	0.0530161441559656403	0.0249990851340384335	0.296186244216435913	0.00110377747944118428	0.000552163998970109739	0.00064700171064008043	0.00148077344358772411	0.784952724909320844	0.39305483603454519	0.0343760010543901074	0.143647088913301138	0.940432009213208438	0.48403796320373141	0.186651162759446794



4	AAAAAGT.G	0.490753263189240161


A:	0.405149303128913906	0.0984780478791069468	0.0532911664491832644	0.196980269984869869	0.487992183373708673	0.282897879369503842	0.344099744761533763	0.944676947170409169	0.761785257935930248	0.992226205709748196	0.991096029402295472	0.879279801618587439	0.00652517825260055569	0.00494888211361881376	0.695658235186890541	0.414967071619658436	0.595315592521421075	0.155168321798999724	0.620931410203364863	0.0164463911097880371	0.283524984719594466	0.693003438849495866	0.164732866623384581
C:	0.0819290428277990043	0.191999666297158363	0.565902757985597694	0.176066693626773791	0.301223642623520132	0.523229847573604219	0.331037831007640805	0.00927835141874748958	0.000737071548221718165	0.00240337322922512708	0.00379565640059394553	0.00241506698074613613	0.00106075206393321895	0.0726396554191765438	0.0128188916318242826	0.0371395427634355723	0.0436497550046968693	0.0577517504963673497	0.1707621705283208	0.0784606499748990688	0.0809836741786684972	0.0922953527772195745	0.51587852769671347
G:	0.146457067600652176	0.122492152963618339	0.0745447336611210845	0.51719041400373747	0.0427487016694422994	0.102217305558729209	0.151694056173905296	0.0307825186159583574	0.00228927068644924194	0.0038167912884977827	0.00391791050828642242	0.117959049266529081	0.990932318865066931	0.118062309730008818	0.0845754691430887238	0.427596822588333927	0.0607855556494796945	0.157230874574989774	0.0681185733160563432	0.0667390150118793228	0.484973498318052702	0.0592007189955719964	0.0514497691584215999
T:	0.366464586442634913	0.587030132860116351	0.306261341904097957	0.10976262238461887	0.168035472333328896	0.0916549674981627303	0.173168368056920135	0.0152621827948849836	0.235188399829398792	0.00155362977252889442	0.00119040368882416002	0.000346082134137344195	0.00148175081839929437	0.804349152737195824	0.206947404038196453	0.120296563028572065	0.300249096824402361	0.629849053129643152	0.140187845952257994	0.838353943903433571	0.150517842783684335	0.155500489377712563	0.267938836521480349



5	AAAAAGTA	0.490594599960293826


A:	0.405149303128913906	0.0984780478791069468	0.0532911664491832644	0.196980269984869869	0.487992183373708673	0.282897879369503842	0.344099744761533763	0.94085750924805655	0.782117747961559609	0.993416883348529895	0.990006677944789488	0.705522614751625927	0.00729575191939202968	0.0025044039125426052	0.695658235186890541	0.414967071619658436	0.595315592521421075	0.155168321798999724	0.620931410203364863	0.0164463911097880371	0.283524984719594466	0.693003438849495866
C:	0.0819290428277990043	0.191999666297158363	0.565902757985597694	0.176066693626773791	0.301223642623520132	0.523229847573604219	0.331037831007640805	0.00408480109903490304	0.00103214774350581398	0.00131284510800656959	0.00307106727346933124	0.0045435972501860135	0.000673955594219783071	0.0955029508349368343	0.0128188916318242826	0.0371395427634355723	0.0436497550046968693	0.0577517504963673497	0.1707621705283208	0.0784606499748990688	0.0809836741786684972	0.0922953527772195745
G:	0.146457067600652176	0.122492152963618339	0.0745447336611210845	0.51719041400373747	0.0427487016694422994	0.102217305558729209	0.151694056173905296	0.047701260578548889	0.00352466864358785534	0.00272434967826492741	0.00604654120931093508	0.289629485198481488	0.989300510376540881	0.00391451585723534577	0.0845754691430887238	0.427596822588333927	0.0607855556494796945	0.157230874574989774	0.0681185733160563432	0.0667390150118793228	0.484973498318052702	0.0592007189955719964
T:	0.366464586442634913	0.587030132860116351	0.306261341904097957	0.10976262238461887	0.168035472333328896	0.0916549674981627303	0.173168368056920135	0.00735642907435965752	0.213325435651346721	0.00254592186519860766	0.000875713572430245777	0.000304302799706571242	0.00272978210984730606	0.898078129395285215	0.206947404038196453	0.120296563028572065	0.300249096824402361	0.629849053129643152	0.140187845952257994	0.838353943903433571	0.150517842783684335	0.155500489377712563



