1	C.GTTAACG	0.481904385618332675


A:	0.26796266084369567	0.482369977160655099	0.315552314110704171	0.142088876941173277	0.584659889227665072	0.164827110673169309	0.463161566052277084	0.29949216461570988	0.186629032267044463	0.0445953693784317583	0.304081273507373798	0.019532038387425946	0.97309699635582029	0.937376968947324119	0.0288333086143336474	0.0371923934192740604	0.262527890749489241	0.161252537249954062	0.311503575679899599	0.27790423739903565	0.100751844329819749	0.364427430520664931	0.346219521514831431
C:	0.32402440640392344	0.188022227527032147	0.0447287252303686699	0.0712782300644272123	0.0740699800521005381	0.132047344071993344	0.348045388053928204	0.528436845708505065	0.690758807947957998	0.0222264657505348139	0.00923669401982627236	0.0106489480639767456	0.00885460381988262214	0.00306307603631809888	0.935099527166963722	0.00819553243956513853	0.344616294556102831	0.494025651714875904	0.299705521118418036	0.0872573154530967477	0.327734969070297421	0.260718349566075476	0.41669945486462718
G:	0.239163350558173998	0.0930456999698978038	0.371842986217491083	0.103018553519006045	0.04376916383296353	0.26324612016733756	0.0969692048968914754	0.0783553024986051	0.0650522529723820245	0.910674836643319052	0.0235754531054664923	0.0120523060059273982	0.0121377229286052415	0.0151927538331371669	0.0080175821146812665	0.944344478902270618	0.139060572912144362	0.0818873987330548434	0.119571791176708964	0.22783292934844081	0.0845987992131829906	0.05072731702426958	0.100423074717702617
T:	0.168849582194206892	0.23656209534241495	0.267875974441436076	0.683614339475393467	0.29750096688727086	0.439879425087499788	0.0918238409969032367	0.0937156871771799547	0.0575599068126155145	0.0225033282277143756	0.663106579367333438	0.95776670754266991	0.00591067689569184671	0.0443672011832206156	0.0280495821040213639	0.0102675952388901826	0.253795241782263567	0.26283441230211519	0.269219112024973401	0.407005517799426793	0.486914387386699839	0.324126902888990014	0.136657948902838771



2	G.AACGTT.C	0.473939663259763986


A:	0.35408480036554119	0.377799635117508485	0.489510236243920511	0.12585716670422634	0.222815134853377755	0.180209622301787521	0.314966388603312139	0.213308017142033423	0.814714395694533314	0.845736922190817948	0.0846014977614531645	0.0335512581857741859	0.0838166419547977096	0.0483624245716078533	0.376707666505768665	0.0719385971999743915	0.415173628844653141	0.0870713285874428485	0.336364165975969274	0.67811585542710154	0.219767347045311551	0.424671620388708174	0.271166695040517821
C:	0.0558645885238539587	0.0865329389483270918	0.0873253420951436248	0.271859482974676387	0.247317548251953759	0.337731112254680476	0.0112056073135971985	0.120363629137267331	0.0829235180591669542	0.0256809298776939167	0.876296044652278697	0.00555119940049395297	0.0447655059766904257	0.0539996616746918788	0.108606444907367715	0.601889406883116271	0.115838478058758006	0.0844477666882202989	0.12139179546550287	0.0501131371056467036	0.333827754947695952	0.0389358010873223943	0.115316464478159524
G:	0.158586816205718422	0.229405194150945886	0.217223627570412518	0.213988267010974104	0.27215315546669237	0.182266124379990709	0.601889406883116271	0.153514723873405596	0.0539996616746918788	0.0447655059766904257	0.00555119940049395297	0.876296044652278697	0.0256809298776939167	0.0829235180591669542	0.173108484214147276	0.0112056073135971985	0.134182374660783938	0.510228412807306433	0.401254673905782217	0.0295100138384821351	0.146957849547209856	0.0792961441205163514	0.251032444104912037
T:	0.43146379490488643	0.306262231783218537	0.205940794090523347	0.38829508331012317	0.257714161427976116	0.299793141063541293	0.0719385971999743915	0.51281362984729365	0.0483624245716078533	0.0838166419547977096	0.0335512581857741859	0.0846014977614531645	0.845736922190817948	0.814714395694533314	0.341577404372716344	0.314966388603312139	0.334805518435804915	0.31825249191703042	0.14098936465274564	0.242260993628769622	0.29944704845978264	0.457096434403453081	0.362484396376410618



3	CGTTAACG	0.470399446995506838


A:	0.482369977160655099	0.315552314110704171	0.142088876941173277	0.584659889227665072	0.164827110673169309	0.463161566052277084	0.29949216461570988	0.186629032267044463	0.0251531527565039657	0.0614727840771184135	0.00825182406820437672	0.975382208299812251	0.92095357715776378	0.0268352108982830752	0.0575599068126155145	0.262527890749489241	0.161252537249954062	0.311503575679899599	0.27790423739903565	0.100751844329819749	0.364427430520664931	0.346219521514831431
C:	0.188022227527032147	0.0447287252303686699	0.0712782300644272123	0.0740699800521005381	0.132047344071993344	0.348045388053928204	0.528436845708505065	0.690758807947957998	0.0113980911498025964	0.00765143931138330956	0.00794019278043472529	0.00842577485154864734	0.00992219945373449664	0.936613545195410363	0.0650522529723820245	0.344616294556102831	0.494025651714875904	0.299705521118418036	0.0872573154530967477	0.327734969070297421	0.260718349566075476	0.41669945486462718
G:	0.0930456999698978038	0.371842986217491083	0.103018553519006045	0.04376916383296353	0.26324612016733756	0.0969692048968914754	0.0783553024986051	0.0650522529723820245	0.936613545195410363	0.00992219945373449664	0.00842577485154864734	0.00794019278043472529	0.00765143931138330956	0.0113980911498025964	0.690758807947957998	0.139060572912144362	0.0818873987330548434	0.119571791176708964	0.22783292934844081	0.0845987992131829906	0.05072731702426958	0.100423074717702617
T:	0.23656209534241495	0.267875974441436076	0.683614339475393467	0.29750096688727086	0.439879425087499788	0.0918238409969032367	0.0937156871771799547	0.0575599068126155145	0.0268352108982830752	0.92095357715776378	0.975382208299812251	0.00825182406820437672	0.0614727840771184135	0.0251531527565039657	0.186629032267044463	0.253795241782263567	0.26283441230211519	0.269219112024973401	0.407005517799426793	0.486914387386699839	0.324126902888990014	0.136657948902838771



4	CGTTATCC	0.468929229303101266


A:	0.181945200297287245	0.259610289661412325	0.487454875798994198	0.0933472744513822532	0.222944929488565733	0.218323664138825998	0.275772501335236378	0.0268669228390449893	0.0615774776659198577	0.0124648970499765259	0.0203789846300380843	0.809006150582034643	0.231179400069119407	0.132364805615507828	0.286012895932913776	0.292361023049036818	0.339518204528423659	0.369971166872139158	0.324410673608882458	0.263874258500104366	0.12060594432046388	0.15901161836771887
C:	0.227226131608883244	0.195731072594657251	0.043578150931522731	0.0445249738845890047	0.260749186288168248	0.0666002426560779533	0.255672268715926751	0.861192583331036342	0.0154231078452834881	0.0293600820181923642	0.012018555015031467	0.0440091549633885167	0.0368445116584181886	0.719642268430889882	0.470744118153223267	0.075627525307179126	0.127461842982642064	0.0960969513455632796	0.0693068037317555595	0.263541522581913642	0.0537516913218233236	0.133227443061908335
G:	0.119616478305271554	0.366244243013102939	0.120395992943259541	0.175506493290699778	0.415506703011554877	0.145217005898888676	0.136097430975760183	0.0220065144529769681	0.86841760291944706	0.0148088626818326361	0.0255203903112076539	0.041779602253089816	0.0200799550523029568	0.0796359675379895845	0.0518765963309721775	0.448866701994550685	0.172254871708039978	0.373941624336892575	0.107790807963716248	0.0585953690273641511	0.255898718435575036	0.151523654677740747
T:	0.471212189788557957	0.178414394730827485	0.34857098032622353	0.686621258373328965	0.100799181211711142	0.569859087306207373	0.332457798973076689	0.0899339793769417007	0.0545818115693495938	0.943366158249998474	0.942082070043722795	0.105205092201487024	0.711896133220159448	0.0683569584156127062	0.19136638958289078	0.18314474964923337	0.3607650807808943	0.159990257445404987	0.498491714695645734	0.413988849890617841	0.56974364592213776	0.556237283892632048



5	C..GTTAACG	0.468628294858045945


A:	0.26796266084369567	0.482369977160655099	0.315552314110704171	0.142088876941173277	0.584659889227665072	0.164827110673169309	0.463161566052277084	0.29949216461570988	0.186629032267044463	0.0177900128125419891	0.18520249189265599	0.0464933372903387293	0.965525562039933366	0.940820791905590407	0.0312423794344186436	0.0184421028510641233	0.262527890749489241	0.161252537249954062	0.311503575679899599	0.27790423739903565	0.100751844329819749	0.364427430520664931	0.346219521514831431
C:	0.32402440640392344	0.188022227527032147	0.0447287252303686699	0.0712782300644272123	0.0740699800521005381	0.132047344071993344	0.348045388053928204	0.528436845708505065	0.690758807947957998	0.0369623069208069036	0.0110649494761610698	0.0120064379668169234	0.0125415076175815617	0.0083937989469354919	0.943537543825627016	0.0116050146963251895	0.344616294556102831	0.494025651714875904	0.299705521118418036	0.0872573154530967477	0.327734969070297421	0.260718349566075476	0.41669945486462718
G:	0.239163350558173998	0.0930456999698978038	0.371842986217491083	0.103018553519006045	0.04376916383296353	0.26324612016733756	0.0969692048968914754	0.0783553024986051	0.0650522529723820245	0.906674329016690286	0.034456920067915459	0.0129381518395220379	0.00694314552592462626	0.0265654382872760678	0.00938884992510013201	0.945943473647418572	0.139060572912144362	0.0818873987330548434	0.119571791176708964	0.22783292934844081	0.0845987992131829906	0.05072731702426958	0.100423074717702617
T:	0.168849582194206892	0.23656209534241495	0.267875974441436076	0.683614339475393467	0.29750096688727086	0.439879425087499788	0.0918238409969032367	0.0937156871771799547	0.0575599068126155145	0.0385733512499608218	0.769275638563267481	0.928562072903322309	0.0149897848165604461	0.0242199708601980336	0.0158312268148542086	0.0240094088051921152	0.253795241782263567	0.26283441230211519	0.269219112024973401	0.407005517799426793	0.486914387386699839	0.324126902888990014	0.136657948902838771



