1	AAAAAGCG	0.491489967517185675


A:	0.0429870457966409378	0.568332064384722365	0.186345372098860066	0.134117631203438909	0.1305520456970622	0.155569553570083399	0.140387944733734719	0.849751028673093838	0.820732239328739178	0.991260382119274922	0.990301883913642714	0.946387998723839506	0.00641100396798110894	0.00359425380288708344	0.093756780752218063	0.317886934520639893	0.316240478959368476	0.27288007108659713	0.355661147394216908	0.320257622722633171	0.0511762545861902313	0.206379203921151372
C:	0.638259398453331119	0.169880606363374606	0.188277942873605681	0.409855114966152583	0.25213241113032058	0.40221962641320842	0.421885305946449816	0.0361130783532509785	0.00139569244827586108	0.00255118792995727933	0.00212223822924306538	0.00113495015193792042	0.000996642320387807923	0.535930463253297569	0.0124974397331176615	0.2285827807421419	0.104232202411956077	0.240680107257214039	0.242711117260406561	0.0534651176028154229	0.529215927282196585	0.30837143855632051
G:	0.153031071572996167	0.0729435398339988959	0.315702991906416912	0.236218615700427229	0.243830500014972781	0.227770928006385787	0.309798860532696927	0.0347612801229382719	0.00367685076464751789	0.00386153924835931131	0.00576047742083881902	0.0509535587993612692	0.98998193271769132	0.180045782905093787	0.886591959666551244	0.216573847346059411	0.0987223245025055938	0.088373438150827091	0.0912482715771785256	0.537279591039489779	0.0961000045183959706	0.0718957309474575758
T:	0.165722484177031776	0.188843789417904134	0.309673693121117342	0.219808638129981279	0.37348504315764444	0.214439892010322394	0.127927888787118538	0.079374612850716912	0.174195217458337443	0.0023268907024084875	0.00181540043627540155	0.0015234923248613038	0.00261042099393976279	0.28042950003872156	0.00715381984811303137	0.236956437391158796	0.480804994126169853	0.39806638350536174	0.310379463768198005	0.0889976686350616267	0.323507813613217213	0.413353626575070542



2	AAAAGTG.A	0.491433916135723811


A:	0.165431493774860328	0.715986005494365737	0.0983517468936609582	0.129190828250006141	0.160417568309615962	0.251214215774126187	0.599910948383140018	0.855593693002333779	0.990575140833277542	0.990450967980917571	0.988103845337087776	0.00334032865851791862	0.00306094583279793504	0.322426622547286119	0.147609966595232282	0.57751374297010962	0.151966912995280059	0.11441382010530653	0.231345178003656798	0.184135165106223309	0.516124507238933338	0.101461551543618509	0.384293535109749487
C:	0.542353128223969227	0.107866319480870094	0.601724047833262989	0.22425818916922524	0.29344317875729585	0.432236357856569579	0.119657621445454495	0.00702470470266263405	0.00363907990357304942	0.00253870061069861837	0.00544111626664384162	0.00265172683087037246	0.265890536014906577	0.00868348486990290561	0.697911401486866551	0.154666897872240225	0.588087167737899966	0.0593330240009703263	0.351807094490810907	0.177847125167555611	0.229877049107472928	0.12901770887314291	0.41959515676591234
G:	0.168784162264926675	0.129323880414675556	0.0429783823805910638	0.403509809572201177	0.0966174509535179635	0.10981690803999669	0.162010102687248726	0.0101379882851142641	0.00195641210609039975	0.00230728382767659587	0.00351223720791674986	0.988879482813187232	0.14386339410753096	0.611029914815406145	0.0916580473365069948	0.0416686803155653927	0.0725956907430705271	0.641899962036426242	0.276410882664979909	0.107934866612027955	0.100341695274129294	0.610471497655441592	0.0780692383639163861
T:	0.123431215736243769	0.0468237946100886135	0.256945822892484989	0.243041173008567442	0.449521801979570224	0.206732518329307544	0.118421327484156762	0.127243614009889323	0.0038293671570590085	0.00470304758070721514	0.00294280118835163299	0.00512846169742447642	0.587185124044764528	0.0578599777674048306	0.0628205845813941724	0.226150678842084762	0.187350228523749448	0.184353193857296902	0.140436844840552386	0.530082843114193126	0.153656748379464441	0.159049241927796989	0.118042069760421787



3	AAAAGTGC	0.491198878790872271


A:	0.165431493774860328	0.715986005494365737	0.0983517468936609582	0.129190828250006141	0.160417568309615962	0.251214215774126187	0.599910948383140018	0.751219987306493191	0.990187922119877898	0.989078070812380442	0.98570955988611711	0.0044552820599781667	0.00399197257552709097	0.179733789401989393	0.147609966595232282	0.57751374297010962	0.151966912995280059	0.11441382010530653	0.231345178003656798	0.184135165106223309	0.516124507238933338	0.101461551543618509
C:	0.542353128223969227	0.107866319480870094	0.601724047833262989	0.22425818916922524	0.29344317875729585	0.432236357856569579	0.119657621445454495	0.00322857712012212931	0.00464919546406257609	0.00177911423726299665	0.00410906792988849323	0.00140502632518396336	0.142175378810366207	0.00713295011253720477	0.697911401486866551	0.154666897872240225	0.588087167737899966	0.0593330240009703263	0.351807094490810907	0.177847125167555611	0.229877049107472928	0.12901770887314291
G:	0.168784162264926675	0.129323880414675556	0.0429783823805910638	0.403509809572201177	0.0966174509535179635	0.10981690803999669	0.162010102687248726	0.0260951732376097509	0.00182186024985832245	0.00623137673367002245	0.00867859063330289825	0.988003031635950535	0.0259599580237487448	0.742309816671797838	0.0916580473365069948	0.0416686803155653927	0.0725956907430705271	0.641899962036426242	0.276410882664979909	0.107934866612027955	0.100341695274129294	0.610471497655441592
T:	0.123431215736243769	0.0468237946100886135	0.256945822892484989	0.243041173008567442	0.449521801979570224	0.206732518329307544	0.118421327484156762	0.219456262335774929	0.00334102216620120387	0.00291143821668653911	0.00150278155069149858	0.00613665997888733533	0.827872690590357957	0.0708234438136755638	0.0628205845813941724	0.226150678842084762	0.187350228523749448	0.184353193857296902	0.140436844840552386	0.530082843114193126	0.153656748379464441	0.159049241927796989



4	AAAAAGTG	0.491159184076653331


A:	0.305568314511125648	0.165431493774860328	0.715986005494365737	0.0983517468936609582	0.129190828250006141	0.160417568309615962	0.251214215774126187	0.599910948383140018	0.45622289537147801	0.985403849666068708	0.983696621224698714	0.932115143898677129	0.0122833150005165542	0.00359425380288708344	0.150511896850339682	0.147609966595232282	0.57751374297010962	0.151966912995280059	0.11441382010530653	0.231345178003656798	0.184135165106223309	0.516124507238933338
C:	0.12784349012949821	0.542353128223969227	0.107866319480870094	0.601724047833262989	0.22425818916922524	0.29344317875729585	0.432236357856569579	0.119657621445454495	0.00313140014674095637	0.00330076233251208691	0.00264206082929744661	0.00319347395375219443	0.00105598809879368415	0.535930463253297569	0.0138383243893387961	0.697911401486866551	0.154666897872240225	0.588087167737899966	0.0593330240009703263	0.351807094490810907	0.177847125167555611	0.229877049107472928
G:	0.16015224328889919	0.168784162264926675	0.129323880414675556	0.0429783823805910638	0.403509809572201177	0.0966174509535179635	0.10981690803999669	0.162010102687248726	0.00830780615687337895	0.00367851009980643499	0.010623021953356898	0.0625709307290860007	0.981959027403489262	0.180045782905093787	0.509993504484677287	0.0916580473365069948	0.0416686803155653927	0.0725956907430705271	0.641899962036426242	0.276410882664979909	0.107934866612027955	0.100341695274129294
T:	0.406435952070476951	0.123431215736243769	0.0468237946100886135	0.256945822892484989	0.243041173008567442	0.449521801979570224	0.206732518329307544	0.118421327484156762	0.532337898324907655	0.0076168779016127698	0.00303829599264694171	0.00212045141848467579	0.0047016694972004993	0.28042950003872156	0.325656274275644235	0.0628205845813941724	0.226150678842084762	0.187350228523749448	0.184353193857296902	0.140436844840552386	0.530082843114193126	0.153656748379464441



5	A.C.CTTTTT	0.49052087448966153


A:	0.0595351688446474677	0.413353626575070542	0.323507813613217213	0.0889976686350616267	0.310379463768198005	0.39806638350536174	0.480804994126169853	0.236956437391158796	0.154963794271454622	0.28042950003872156	0.00246421462233904604	0.00468092473041200421	0.00323056671762239425	0.00556117546616357039	0.205532628485680363	0.0403319515893383539	0.127927888787118538	0.214439892010322394	0.37348504315764444	0.219808638129981279	0.309673693121117342	0.188843789417904134	0.165722484177031776
C:	0.183732634264442467	0.0718957309474575758	0.0961000045183959706	0.537279591039489779	0.0912482715771785256	0.0883734381508270909	0.0987223245025055938	0.216573847346059411	0.757034929637866702	0.180045782905093787	0.946172356298471794	0.0592537648196346626	0.0140891819091470863	0.00419563915547553686	0.0103437077889710254	0.0871498394152644758	0.309798860532696927	0.227770928006385787	0.243830500014972781	0.236218615700427229	0.315702991906416912	0.0729435398339988959	0.153031071572996167
G:	0.0577631795137670688	0.30837143855632051	0.529215927282196585	0.0534651176028154229	0.242711117260406561	0.240680107257214039	0.104232202411956077	0.2285827807421419	0.0290823626550527902	0.535930463253297569	0.00343440496394859697	0.0021985731221646371	0.00326248574358332005	0.00624865334083469396	0.00360865543313983969	0.0464716078579178854	0.421885305946449816	0.40221962641320842	0.25213241113032058	0.409855114966152583	0.188277942873605681	0.169880606363374606	0.638259398453331119
T:	0.698969017377142997	0.206379203921151372	0.0511762545861902313	0.320257622722633171	0.355661147394216908	0.27288007108659713	0.316240478959368476	0.317886934520639893	0.0589189134356258855	0.00359425380288708344	0.0479290241152405634	0.933866737327788696	0.979417765629647199	0.983994532037526199	0.780515008292208772	0.826046601137479285	0.140387944733734719	0.155569553570083399	0.1305520456970622	0.134117631203438909	0.186345372098860066	0.568332064384722365	0.0429870457966409378



