1	TTTT..AAAA	0.485379060092559125


A:	0.166468973389158691	0.273574189404874716	0.40842038537430043	0.0650357945628691493	0.632971334390459588	0.039457470501386247	0.0287367582753285925	0.0561604017288759595	0.0415593784633179719	0.0375878157172710319	0.207094674160496362	0.564727273024885639	0.801731498661871975	0.91909455884472599	0.874955644103009043	0.850857094006263679	0.050405464866639201	0.0161432428340905959	0.162878273349019056	0.122131601002126725	0.097114224871559837	0.453615876358007989
C:	0.0574921975526203331	0.154131985479075282	0.191412336658585881	0.441586487637120156	0.164525128908332338	0.220701797591121015	0.0672462089257371535	0.0555176826892161175	0.0254594844642794747	0.0640677845015924077	0.366323502436927813	0.0873048953884737326	0.0966129011192645853	0.0138865782276765631	0.0133662714788988804	0.0531599387926705748	0.0487732365120984988	0.0273510528472142197	0.162878273349019056	0.0600561342294212258	0.160542450961218358	0.158134237423524247
G:	0.252535427232283628	0.503035909007535773	0.200083638983556844	0.109165358355799163	0.0822506454370506377	0.0855397426680800564	0.0531599387926705748	0.0133662714788988804	0.0138865782276765631	0.0966129011192645853	0.159746568514641597	0.109910351378580984	0.0640677845015924077	0.0254594844642794747	0.0555176826892161175	0.0672462089257371535	0.870148141614755216	0.823424443789741202	0.374914400727244428	0.0959627389799671644	0.125206730697920499	0.332557190887384857
T:	0.523503401825937348	0.0692579161085142292	0.200083638983556844	0.384212359444211532	0.120252891264157437	0.654300989239412681	0.850857094006263679	0.874955644103009043	0.91909455884472599	0.801731498661871975	0.266835254887934228	0.238057480208059644	0.0375878157172710319	0.0415593784633179719	0.0561604017288759595	0.0287367582753285925	0.0306731570065070839	0.133081260528953983	0.29932905257471746	0.721849525788484885	0.617136593469301306	0.0556926953310829063



2	CTTTTT..GC	0.482133108342845799


A:	0.604074230016216317	0.701448221851026216	0.756667266120873536	0.24101901063446932	0.379413495773794497	0.209985176526857861	0.322143164202298846	0.0232287123488854019	0.00349813058081422201	0.0012487131076997855	0.00260568602133297987	0.0630855780008293909	0.247639347602929125	0.270647475805710652	0.171161318150203031	0.0390757258604089101	0.394950312669533865	0.139839586647147405	0.677996108435713984	0.677298868815970608	0.198726703520316244	0.565892819112726157	0.802356668527606994
C:	0.211647426894755037	0.0413602405455484106	0.0799995714219947673	0.226149494702277731	0.11042712168060233	0.032769605967988454	0.150284222566615323	0.963587463133486986	0.192172099788150248	0.0248996285642183839	0.00809483867820934294	0.0102114452811116762	0.0212736318768462734	0.237910931644109896	0.274874713107515387	0.0519915430573274183	0.513580827729198695	0.0833783795447465048	0.0754741657844103798	0.14573396987726858	0.568728570641855766	0.240300091694638986	0.0563016746265035056
G:	0.0524854125937662084	0.0748304999366752509	0.0672159758266091016	0.307018522176552241	0.213465702201173217	0.137675069488429854	0.433389725411430148	0.00253900710709079648	0.0130540020543318405	0.00299664600811571537	0.00355989444892239023	0.0062633739011999025	0.0850664723736527995	0.25566094958797835	0.226882738623289043	0.545872508229211402	0.0358813070609666289	0.321747435065268273	0.230699716503333552	0.0772803984926659492	0.0523825426556091892	0.0466652483533486596	0.0575735915373512624
T:	0.131792930495262437	0.182361037666750123	0.0961171866305225952	0.225812972486700708	0.296693680344429956	0.619570148016723831	0.0941828878196556831	0.0106448174105368158	0.791275767576703689	0.970855012319966115	0.985739580851535287	0.92043960281685903	0.646020548146571802	0.235780642962201101	0.327081230118992539	0.36306022285305227	0.0555875525403008115	0.455034598742837818	0.0158300092765420844	0.0996867628140948628	0.1801621831822188	0.147141840839286197	0.083768065308538238



3	AAAAGTTA	0.481498674514475236


A:	0.130910712145044074	0.113389713295702079	0.0282872485644096938	0.19607347296722172	0.619021227524187776	0.233041664288387301	0.51981469815015438	0.826748089818966852	0.981875152362362559	0.971453526062214382	0.914190415161120535	0.0134331513116236676	0.0169258860039550164	0.180927125807975724	0.649143994475924034	0.187028272699082563	0.226935261991512215	0.351868640966158398	0.112036598710373682	0.125093958572384339	0.443774094059387388	0.13981325345446197
C:	0.0680483344752769549	0.161032484395947696	0.0122860200438245197	0.0786437615060470548	0.156935386617033293	0.166571324800487555	0.156491182157182921	0.00299362039937985053	0.00457198173116163529	0.0233500724934783479	0.0626086224740963986	0.00523001733811226202	0.0481481115751199639	0.0384828656521340314	0.0549556200196281182	0.169918472890893049	0.441879808608830923	0.23106577443534697	0.252013268960058067	0.302438953378288717	0.269222629914265674	0.204363854376339293
G:	0.135293003311749057	0.0631837507570292367	0.0251520273076461922	0.540279111430032275	0.0921717814817029798	0.144244824572043879	0.0885356531105431788	0.0372967393280688477	0.00152214743993246432	0.00197961648877528418	0.020983922505581066	0.973693108451923959	0.47041184434046291	0.0510652823543235858	0.208494087963547642	0.440862436255880975	0.0898009284938239112	0.154019453437672658	0.0318281739134145727	0.271926810090809992	0.047312869353855792	0.339932815020180492
T:	0.665747950067929914	0.662394051551320988	0.934274704084119594	0.18500365409669895	0.13187160437707595	0.456142186339081265	0.23515846658211952	0.132961550453584449	0.0120307184665433418	0.00321678495553198584	0.00221703985920200015	0.00764372289834011164	0.46451415808046211	0.729524726185566659	0.087406297540900206	0.202190818154143414	0.241384000905832951	0.263046131160821974	0.604121958416153678	0.300540277958516952	0.239690406672491146	0.315890077149018244



4	AAAAGGTA	0.481311107250980198


A:	0.147358179536342903	0.0804384161018385364	0.0812323469056187291	0.144721732182805922	0.198291668249967741	0.154589778045057436	0.660209123580985558	0.90924233382843876	0.990305646648913056	0.986353538269421891	0.959997232327864973	0.45079452580964903	0.0169258860039550164	0.0300684562467711868	0.864030547458538885	0.191466775408132174	0.157557163293696025	0.224108440665671807	0.481336733270440644	0.258380297451160402	0.252395658451630358	0.115606108129285289
C:	0.132263775102666531	0.470648065149801138	0.104650485386733849	0.0362268015951584685	0.444768676251427891	0.269848084735070455	0.0771114942251571095	0.00178691533764755735	0.00208431549956020056	0.00211426004666967984	0.00717627593804726947	0.00864110426796310219	0.0481481115751199639	0.019351539523281969	0.024351689470482276	0.222319423359984743	0.52868902390357194	0.232722496141045441	0.0550747339069229494	0.183441657113937207	0.148222129687457104	0.289663336829532752
G:	0.159793766340202327	0.0291329584415251603	0.306408932597941259	0.674329734039229687	0.142550520687870665	0.217803145903832605	0.084789587607953544	0.0050090005180962919	0.00399369784922119813	0.00756371942108393947	0.0315271071212914948	0.539018779214445029	0.47041184434046291	0.0446982186104188945	0.0754494447137030458	0.321435191892142112	0.0623348118542752302	0.246342258841532266	0.325383109539794049	0.513706516975358096	0.164845393029351163	0.185276456390234382
T:	0.560584279020788239	0.419780560306835166	0.507708235109706163	0.144721732182805922	0.214389134810733702	0.357758991316039504	0.177889794585903788	0.0839617503158173904	0.0036163400023055452	0.00396848226282448952	0.0012993846127962631	0.00154559070794283929	0.46451415808046211	0.90588178561952795	0.0361683183572757933	0.264778609339740971	0.251419000948456805	0.296826804351750486	0.138205423282842357	0.0444715284595442944	0.434536818831561376	0.409454098650947576



5	ATAAAGT.A	0.481146707032607077


A:	0.285464095309609921	0.335036706577008813	0.0289690514795415692	0.0563663862557459126	0.455395176207359753	0.345313970542561178	0.383831844134531039	0.812619654883340848	0.373497693430305768	0.988229200917729132	0.985717136323449566	0.93874698523198252	0.00779992912172981347	0.0279513988382664734	0.478001605102472578	0.656312628903848967	0.273109426813126503	0.235358735142642267	0.438750050676793762	0.132188136201258566	0.354177706501759365	0.243013694464716195	0.463022303773559236
C:	0.272611337367660965	0.0216651599470778931	0.0262562421756254857	0.791421532607374467	0.193432797859955674	0.20728346730632822	0.131627770425721401	0.0640445191888699571	0.00736249081912275237	0.00564115586269846376	0.00278882846785966974	0.0539550143224578924	0.00373592686782401378	0.0137565271729738549	0.0512033806774005792	0.0436543401188255051	0.179242730902246302	0.184699211797215905	0.18461506714903168	0.122287537126046448	0.410402431975361382	0.361993467612146438	0.12806801844079874
G:	0.218711716703021495	0.601676392987377829	0.88171219089195125	0.0388498282464431409	0.150793994659677767	0.282946759875774197	0.123113909051257798	0.0181719730107378944	0.0217809790761991973	0.00248828057527657724	0.00662802115049261696	0.00526282304898034126	0.972122391920231093	0.113661680674465545	0.352102313163801631	0.127694814372188409	0.147892963960276152	0.239257017836918627	0.298006334420630993	0.239892134477995947	0.102350692761042071	0.11872714260326625	0.251432422576458716
T:	0.223212850619707619	0.0416217404885354654	0.063062515452881695	0.11336225289043648	0.200378031273006805	0.164455802275336405	0.361426476388489761	0.105163852917051301	0.597358836674372282	0.00364136264429582691	0.00486601405819814696	0.00203517739657924623	0.0163417520902150801	0.844630393314294127	0.118692701056325212	0.17233821660513712	0.399754878324351043	0.340685035223223201	0.0786285477535435651	0.50563219219469904	0.133069168761837182	0.276265695319871117	0.157477255209183308



