1	GGCGGGAA	0.494378796858793895


A:	0.127519936745078333	0.130680775069368799	0.156464192853313091	0.168192193489597885	0.15390898484885867	0.266368688575746537	0.413477314981768464	0.00810405662866450751	0.00951695822977031383	0.011121406474999104	0.0064179246620509138	0.00511136619426908444	0.00434922453137249031	0.944623862732740314	0.932975183327718685	0.681538123532612133	0.285970371714527454	0.176493782662358569	0.130439977868441929	0.260717337425255241	0.185175874085208149	0.217212207400315751
C:	0.0554551424851180203	0.353583836199106389	0.444015684819039763	0.050441310170955402	0.126678027568380242	0.0587428150418690734	0.0440347400998848136	0.403957819325699006	0.00417930721357416932	0.967283218933742815	0.00417660127199659246	0.117655260041116874	0.0182137783392153976	0.00818579670036383889	0.00956916699029918609	0.111865544211092833	0.136542675461891	0.470376466454132469	0.264126067141262221	0.221165742665147722	0.280874594101786328	0.174034526578700977
G:	0.230078241135976127	0.105073472913261341	0.138526989156800371	0.345145484168689916	0.35125466215724141	0.0504667030943852066	0.300005191930801015	0.581890375146879036	0.979821992596803581	0.000726193101443425644	0.976082110896808476	0.872982233785610585	0.962524580126751725	0.00337932795471225994	0.0475261145802945921	0.0626394533552968551	0.207519818922785595	0.122405021422132881	0.243892360920253828	0.136764267572091757	0.285563599518258776	0.303651160517088424
T:	0.586946679633827519	0.410661915818263472	0.260993133170846775	0.436221012170756797	0.368158325425519678	0.624421793287999183	0.242482752987545707	0.00604774889875745086	0.00648174195985193564	0.0208691814898146551	0.0133233631691440179	0.0042511399790034572	0.0149124170026603871	0.0438110126121835875	0.00992953510168753641	0.143956878900998179	0.369967133900795952	0.23072472946137608	0.361541594070042022	0.381352652337505279	0.248385932294746747	0.305102105503894849



2	GCGCGC.AA	0.491440089889860226


A:	0.286424657098172016	0.501993373266187905	0.365205712289090213	0.138702307455447557	0.27808060271066639	0.188869792931063752	0.180009642055875599	0.04304542058850469	0.0190391545754577743	0.0130194331847160424	0.0125709115573236278	0.0446516582692888926	0.0231993239024356122	0.0536613713031364565	0.74605233751032561	0.773928814210750183	0.578224306319673075	0.47446118622077248	0.161848905093980054	0.261119725560435204	0.274490388738353657	0.208295383795145948	0.124471803203699772
C:	0.169249029728115591	0.252835412518512093	0.19576002565107158	0.078923500843050804	0.417295686033210569	0.155090637482877933	0.277557790119711158	0.211624198215741512	0.949651648577185236	0.0159196888165126629	0.956775552903658629	0.00410152767733641121	0.791990567602973281	0.373484326216837348	0.0988944272679185428	0.0702752841949307409	0.131930061978959799	0.257420871457476952	0.0957952991514038943	0.167617681254367227	0.360402396043683825	0.132007843086808888	0.0943954064995774428
G:	0.466155011108930672	0.108336187632610506	0.294530720033280604	0.0865061900123892025	0.0912976472026456475	0.294199668458617896	0.170054239539081169	0.721871776994598801	0.0117493067687759625	0.96194175860347064	0.00433613080095381787	0.92521750785436789	0.165146337045148512	0.486753211500563444	0.014731919749245887	0.037942196785380966	0.0694826062354256581	0.058195472539850773	0.0530646575926309119	0.108098947198084318	0.101209693312859527	0.399997704892890118	0.0513599616506311458
T:	0.0781713020647817204	0.136835026582689496	0.144503542026557603	0.695868001689112436	0.213326064053477394	0.361839901127440418	0.372378328285332074	0.0234586042011549969	0.0195598900785810269	0.00911911939530065459	0.0263174047380639249	0.0260293061990068057	0.0196637714494425949	0.0861010909794627512	0.14032131547250996	0.11785370480893811	0.220363025465941468	0.209922469781899794	0.68929113816198514	0.463163645987113251	0.263897521905102992	0.259699068225155046	0.72977282864609164



3	TCCCGCCA	0.491437003012792019


A:	0.240953885789826096	0.251160699573804611	0.276604125334610945	0.41887816593422638	0.450632622171370822	0.415901199867132763	0.068175847460719574	0.0467567220862381629	0.033323781119030651	0.0115125625885432571	0.0102023433935360037	0.0103958944431720148	0.0107527058898943287	0.0113677192315843911	0.935416419503578586	0.302721280198412547	0.648022817934385997	0.402615664002036627	0.380383189532250205	0.355817125543037546	0.180159151255494592	0.555844091211732395
C:	0.337927219575205836	0.113870087388912568	0.385223392801896122	0.110451844277248539	0.246440768789735844	0.0944897263092454784	0.137093215171359851	0.00478051995442560991	0.951999293680026621	0.915906506385587146	0.979678721725228166	0.000883454606252055127	0.977868944012328345	0.959607987156232282	0.0172103897812314821	0.408555710067902432	0.0649575154181821953	0.0757925935922586326	0.116615312020757891	0.214207606390409174	0.278626771685405288	0.114109292921876384
G:	0.128738866146839153	0.147947156866753893	0.15157404893504588	0.157166638400936451	0.102362201265911401	0.267875201442555623	0.0816122864365877256	0.0227741240951396797	0.00990025612298824548	0.0655920408919159498	0.00311980469737039014	0.977511076290715662	0.00757219186459975645	0.0186362771401724226	0.0214770375589343269	0.119508038412245833	0.18924560281205404	0.107574810752873215	0.0916584179604964338	0.0704833845438560023	0.125740193360096913	0.16144461027050254
T:	0.292380028488128915	0.487022056170528928	0.186598432928447053	0.31350335138758863	0.200564407772981933	0.221733872381066135	0.713118650931332849	0.925688633864196548	0.00477666907795448208	0.00698889013395364739	0.00699913018386544051	0.0112095746598602679	0.00380615823317757034	0.0103880164720109047	0.0258961531562556052	0.169214971321439188	0.0977740638353777678	0.414016931652831525	0.41134308048649547	0.359491883522697278	0.415473883699003207	0.16860200559588868



4	CGCGGGAA	0.490699239393490394


A:	0.127519936745078333	0.130680775069368799	0.156464192853313091	0.168192193489597885	0.15390898484885867	0.266368688575746537	0.413477314981768464	0.00810405662866450751	0.00754322479268884342	0.00318771401161100194	0.00744842922819853545	0.00237130044092215175	0.0082397445391291403	0.948219982383100978	0.937725669869763679	0.681538123532612133	0.285970371714527454	0.176493782662358569	0.130439977868441929	0.260717337425255241	0.185175874085208149	0.217212207400315751
C:	0.0554551424851180203	0.353583836199106389	0.444015684819039763	0.050441310170955402	0.126678027568380242	0.0587428150418690734	0.0440347400998848136	0.403957819325699006	0.00653888630309027804	0.974400462670657401	0.0150820298951753116	0.296442887481706245	0.0224289829395174623	0.00938669324795973719	0.0130957502432617813	0.111865544211092833	0.136542675461891	0.470376466454132469	0.264126067141262221	0.221165742665147722	0.280874594101786328	0.174034526578700977
G:	0.230078241135976127	0.105073472913261341	0.138526989156800371	0.345145484168689916	0.35125466215724141	0.0504667030943852066	0.300005191930801015	0.581890375146879036	0.979067648607402929	0.00189067233450958183	0.974132015344006478	0.692061623094765545	0.937353338658325393	0.00657768035274547042	0.0202722242506236877	0.0626394533552968551	0.207519818922785595	0.122405021422132881	0.243892360920253828	0.136764267572091757	0.285563599518258776	0.303651160517088424
T:	0.586946679633827519	0.410661915818263472	0.260993133170846775	0.436221012170756797	0.368158325425519678	0.624421793287999183	0.242482752987545707	0.00604774889875745086	0.00685024029681795001	0.0205211509832220153	0.00333752553261967548	0.00912418898260605807	0.0319779338630280048	0.0358156440161938142	0.0289063556363508517	0.143956878900998179	0.369967133900795952	0.23072472946137608	0.361541594070042022	0.381352652337505279	0.248385932294746747	0.305102105503894849



5	GCGCGCGC	0.489527445881746267


A:	0.20046392769403493	0.414594436215168199	0.0999363950458565093	0.212886800390467097	0.176394669847695618	0.390848508816836082	0.12270422430914571	0.168673487343730483	0.0312911699542361772	0.0392048283386746716	0.00619680719702182607	0.00720975630149320305	0.00682951731543008181	0.0742292705737444231	0.123404938065205435	0.350925966622507553	0.595066505314698546	0.396706063805609364	0.15700094384840051	0.401265808800921319	0.354397932139847172	0.336834460994552438
C:	0.27582883225531821	0.118936670661996451	0.370014699136763491	0.169247535713776771	0.249088464951182524	0.226455091544593631	0.166810214633398789	0.0249728568652060816	0.884880955279831811	0.00808613856763339123	0.980704473501367712	0.00588896300011725928	0.945879515778261855	0.00959860419218758876	0.682948717725858001	0.0411859426037979789	0.152751260388609206	0.199830815449648573	0.35682056974154976	0.346189805280197663	0.468174972012665696	0.244390258051596785
G:	0.285826980160423879	0.289054751678407726	0.180696008670147805	0.459892221350561324	0.173546876664406773	0.0607933793580027669	0.0785584068715843712	0.682948717725858001	0.00959860419218758876	0.945879515778261855	0.00588896300011725928	0.980704473501367712	0.00808613856763339123	0.884880955279831811	0.0249728568652060816	0.570647292622189108	0.040958262250374009	0.0764279336943515035	0.183544005408724189	0.0950926710950395567	0.0922326876402930402	0.24141850769326952
T:	0.237880259890222982	0.177414141444427624	0.349352897147232195	0.157973442545194809	0.400969988536715085	0.32190302028056752	0.63192715418587113	0.123404938065205435	0.0742292705737444231	0.00682951731543008181	0.00720975630149320305	0.00619680719702182607	0.0392048283386746716	0.0312911699542361772	0.168673487343730483	0.03724079815150536	0.211223972046318239	0.327035187050390559	0.302634481001325541	0.157451714823841461	0.0851944082071940916	0.177356773260581257



