1	TGGCGCCA	0.499268207977773368


A:	0.144691847602205168	0.225935946253271079	0.1779047943176467	0.104806972835132583	0.136293613821043681	0.244374898149571065	0.515626824843241073	0.241865769002074306	0.0323905029010869467	0.000662650247391151193	0.00532538687951222768	0.00383789413145410429	0.00323089154693284416	0.000847423723473092999	0.654628586193067183	0.622544513836695358	0.296787325786625037	0.209561527049470464	0.323454539806446068	0.176306085294293719	0.256425005234361676	0.517951931782295545
C:	0.174999290888607136	0.113336539380681781	0.150123383265669079	0.59569985910286055	0.145168626318398347	0.408544585641718501	0.0403140447427484836	0.0209810597006714753	0.0222270843259178166	0.0424556717527894155	0.987894132661504179	0.00294258632752948883	0.953650786452886589	0.944534989049522144	0.0825245851041870353	0.115527278087041554	0.101046283818119537	0.234888199201895651	0.334962698220065589	0.280645559454112959	0.472000903932153439	0.141665548381467799
G:	0.296285976691837583	0.576709977009542988	0.546353891795001402	0.135691338304545974	0.0948615373306731152	0.113600318383448334	0.0593408509074951106	0.0825245851041870353	0.944534989049522144	0.953650786452886589	0.00294258632752948883	0.987894132661504179	0.0424556717527894155	0.0222270843259178166	0.0209810597006714753	0.0468976432945706184	0.138456827115651702	0.117681985076602009	0.149244820357763578	0.060394011669669363	0.0351933210979840154	0.189554821390236148
T:	0.384022884817350114	0.0840175373565041516	0.125617930621682818	0.163801829757460894	0.623676222529884857	0.2334801978252621	0.384718279506515333	0.654628586193067183	0.000847423723473092999	0.00323089154693284416	0.00383789413145410429	0.00532538687951222768	0.000662650247391151193	0.0323905029010869467	0.241865769002074306	0.21503056478169247	0.463709563279603724	0.437868288672031876	0.192337941615724765	0.482654343581923959	0.236380769735500869	0.150827698446000508



2	GGCGCCAA	0.498585467540202502


A:	0.225935946253271079	0.1779047943176467	0.104806972835132583	0.136293613821043681	0.244374898149571065	0.515626824843241073	0.241865769002074306	0.0736727482215854414	0.00120382314768910159	0.00403437392050911243	0.00441120636041314706	0.00185472306608512387	0.00130993290532800187	0.758964754162126185	0.622544513836695358	0.296787325786625037	0.209561527049470464	0.323454539806446068	0.176306085294293719	0.256425005234361676	0.517951931782295545	0.309730001719439182
C:	0.113336539380681781	0.150123383265669079	0.59569985910286055	0.145168626318398347	0.408544585641718501	0.0403140447427484836	0.0209810597006714753	0.121191912890874263	0.0297118239571751945	0.992439147848043438	0.00214840080891962875	0.985216322375887302	0.960956208842731756	0.137671606602763139	0.115527278087041554	0.101046283818119537	0.234888199201895651	0.334962698220065589	0.280645559454112959	0.472000903932153439	0.141665548381467799	0.354025509919298843
G:	0.576709977009542988	0.546353891795001402	0.135691338304545974	0.0948615373306731152	0.113600318383448334	0.0593408509074951106	0.0825245851041870353	0.803059279015023949	0.968065561333742593	0.00204707281346593494	0.991648436472839507	0.0106529770707003319	0.0227640248848507885	0.0246955272174852639	0.0468976432945706184	0.138456827115651702	0.117681985076602009	0.149244820357763578	0.060394011669669363	0.0351933210979840154	0.189554821390236148	0.142367823734712651
T:	0.0840175373565041516	0.125617930621682818	0.163801829757460894	0.623676222529884857	0.2334801978252621	0.384718279506515333	0.654628586193067183	0.00207605987251634608	0.00101879156139311095	0.00147940541798151459	0.00179195635782771701	0.00227597748732724217	0.0149698333670894534	0.0786681120176254117	0.21503056478169247	0.463709563279603724	0.437868288672031876	0.192337941615724765	0.482654343581923959	0.236380769735500869	0.150827698446000508	0.193876664626549324



3	A.GGCGCCA	0.498382053699935481


A:	0.207580431099579405	0.144691847602205168	0.225935946253271079	0.1779047943176467	0.104806972835132583	0.136293613821043681	0.244374898149571065	0.515626824843241073	0.241865769002074306	0.0258283203804920109	0.00171300610581942033	0.00453298768652694008	0.00356812408988916671	0.0020843654431826194	0.000805059697351107609	0.836884095221547469	0.622544513836695358	0.296787325786625037	0.209561527049470464	0.323454539806446068	0.176306085294293719	0.256425005234361676	0.517951931782295545
C:	0.288289951440337033	0.174999290888607136	0.113336539380681781	0.150123383265669079	0.59569985910286055	0.145168626318398347	0.408544585641718501	0.0403140447427484836	0.0209810597006714753	0.0687220592888874193	0.00692369388535436385	0.991901864270308856	0.00130496193673746649	0.980007696989138034	0.971989787642446114	0.0899760416921658954	0.115527278087041554	0.101046283818119537	0.234888199201895651	0.334962698220065589	0.280645559454112959	0.472000903932153439	0.141665548381467799
G:	0.155940230089407255	0.296285976691837583	0.576709977009542988	0.546353891795001402	0.135691338304545974	0.0948615373306731152	0.113600318383448334	0.0593408509074951106	0.0825245851041870353	0.903263229769445068	0.989696372146824249	0.00107165440166540357	0.992097299840946385	0.0171015850414665878	0.012521948312376457	0.015413394323674067	0.0468976432945706184	0.138456827115651702	0.117681985076602009	0.149244820357763578	0.060394011669669363	0.0351933210979840154	0.189554821390236148
T:	0.348189387370676307	0.384022884817350114	0.0840175373565041516	0.125617930621682818	0.163801829757460894	0.623676222529884857	0.2334801978252621	0.384718279506515333	0.654628586193067183	0.0021863905611755017	0.00166692786200196649	0.00249349364149880031	0.00302961413242698166	0.000806352526212759106	0.0146832043478263219	0.0577264687626125688	0.21503056478169247	0.463709563279603724	0.437868288672031876	0.192337941615724765	0.482654343581923959	0.236380769735500869	0.150827698446000508



4	C..GGCGCCA	0.497756712491935084


A:	0.207580431099579405	0.144691847602205168	0.225935946253271079	0.1779047943176467	0.104806972835132583	0.136293613821043681	0.244374898149571065	0.515626824843241073	0.241865769002074306	0.0287070264817484604	0.00094668856427396118	0.00289501489274331918	0.00147254771246739088	0.00235459743478220562	0.0010693400054830779	0.896833779365432598	0.622544513836695358	0.296787325786625037	0.209561527049470464	0.323454539806446068	0.176306085294293719	0.256425005234361676	0.517951931782295545
C:	0.288289951440337033	0.174999290888607136	0.113336539380681781	0.150123383265669079	0.59569985910286055	0.145168626318398347	0.408544585641718501	0.0403140447427484836	0.0209810597006714753	0.0521367047435816278	0.00967838937946154304	0.992914086955897755	0.00279938474454501841	0.983552832080795661	0.980211072502352845	0.034151289928949292	0.115527278087041554	0.101046283818119537	0.234888199201895651	0.334962698220065589	0.280645559454112959	0.472000903932153439	0.141665548381467799
G:	0.155940230089407255	0.296285976691837583	0.576709977009542988	0.546353891795001402	0.135691338304545974	0.0948615373306731152	0.113600318383448334	0.0593408509074951106	0.0825245851041870353	0.918114921695918869	0.987649826360399758	0.0022572550159363296	0.992894513604265156	0.0131157039378277305	0.00525539273526878579	0.012506478879592054	0.0468976432945706184	0.138456827115651702	0.117681985076602009	0.149244820357763578	0.060394011669669363	0.0351933210979840154	0.189554821390236148
T:	0.348189387370676307	0.384022884817350114	0.0840175373565041516	0.125617930621682818	0.163801829757460894	0.623676222529884857	0.2334801978252621	0.384718279506515333	0.654628586193067183	0.00104134707875104243	0.00172509569586473754	0.00193364313542259619	0.0028335539387224347	0.000976866546594402615	0.0134641947568952916	0.0565084518260260559	0.21503056478169247	0.463709563279603724	0.437868288672031876	0.192337941615724765	0.482654343581923959	0.236380769735500869	0.150827698446000508



5	ATGGCGCC	0.497512524962337526


A:	0.259959052217265801	0.372858044164586768	0.221932536667550552	0.325442960455794807	0.190214605356612207	0.520693026329066787	0.568665477584055448	0.21503056478169247	0.366090540776957164	0.029071352832329201	0.0016718567525092872	0.00409896013189808917	0.00416228477931181096	0.00292681879680238996	0.00278131487527661695	0.836884095221547469	0.537251590905208441	0.234273896366195431	0.0366445929823199739	0.391458417201099999	0.401003542921934003	0.0995361032418954943
C:	0.259623312209911407	0.0794990194436967316	0.0810372750505857631	0.168250906451794724	0.0389726686809058277	0.0487695498598897406	0.106805147638292156	0.0468976432945706185	0.0110778741276816624	0.0197643958134538487	0.0159227422082921518	0.990428103887560602	0.00128733008125763335	0.9674457135993164	0.772537421073042503	0.0899760416921658954	0.149720448106362497	0.074164040811265583	0.13771764969485765	0.260486398362968243	0.219519260174486953	0.744108984714687766
G:	0.111673380232818104	0.352657842625672258	0.61790855955540952	0.475551549459410405	0.200309582594112879	0.255696902287022336	0.0622065458834494396	0.115527278087041554	0.168148682680353148	0.946708511903533224	0.980042467052740833	0.00229001974589217858	0.990020755052706139	0.0278218172075466027	0.154458506226353817	0.015413394323674067	0.0441099255576791098	0.225979125336683667	0.145706658396290526	0.162477071730263409	0.153280134220524183	0.0875081147292333264
T:	0.368744255340004688	0.194985093766044242	0.0791216287264541649	0.0307545836330000627	0.570503143368369087	0.174840521524021136	0.262322828894202956	0.622544513836695358	0.454682902415008026	0.00445573945068372595	0.00236293398645772831	0.00318291623464913043	0.00452963008672441672	0.00180565039633460755	0.0702227578253270624	0.0577264687626125688	0.268918035430749952	0.465582937485855319	0.67993109892653185	0.185578112705668349	0.226197062683054861	0.0688467973141834137



