1	ATG.ATCT.G	0.481333654368548427


A:	0.146622964927831278	0.143160443811033283	0.324068472173271279	0.158617477746944365	0.173455671906208333	0.128591095403692975	0.220584770726361847	0.763089344479816039	0.0314698961572561225	0.0345074495526474364	0.33382374501677042	0.896489201784793121	0.0183098385022084854	0.0510667303707409324	0.0795583696304559691	0.354795113017905067	0.271819121324601793	0.34473962444605465	0.437425388122133684	0.462833467903822154	0.13959809433708603	0.0930214565725155	0.343942112994891016
C:	0.141175736506626031	0.116006696118813436	0.327258537554647625	0.119293302529473559	0.132417374231532559	0.399081593271356884	0.117464634674024893	0.0436988618813004181	0.0875259760202071328	0.00771076814204771891	0.0642922399294865254	0.0135181060559893101	0.433222705329642364	0.686816461953687969	0.119649721813778719	0.060737922840936659	0.0744685259040207317	0.45692352969683622	0.360426658690373051	0.202335065922791154	0.115331275466352744	0.34627657954738333	0.0333973807753671686
G:	0.141590610649878166	0.55628937186722243	0.178039430302587028	0.234617256646431188	0.194451783479873598	0.361373594516058256	0.302927665260329787	0.169371465356620893	0.00574436762046541673	0.936131318243306253	0.00878014511890596827	0.0139464098606722867	0.00543037085314999159	0.0316296340795546252	0.0648080024526008383	0.37091057598324848	0.516193596769379034	0.0994275938387558278	0.0287675968004763695	0.217512734189344597	0.0684282660002914075	0.0863574606402588802	0.164145626686045965
T:	0.570610687915664525	0.18454348820293085	0.170633559969494068	0.487471963077150889	0.49967517038238551	0.110953716808891885	0.359022929339283473	0.0238403282822626497	0.875259760202071328	0.0216504640619985912	0.593103869934837086	0.0760462822985452826	0.543037085314999159	0.230487173596016473	0.735983906103164474	0.213556388157909794	0.137518756001998441	0.098909252018353302	0.173380356387016896	0.117318731984042096	0.676642364196269818	0.474344503239842289	0.458514879543695851



2	ATGTATC..G	0.477876557843960422


A:	0.503115662457040846	0.15713758389383846	0.330702095447310116	0.180606107670857735	0.254560759669997216	0.15431942932720339	0.303399043985591881	0.912686482263305295	0.0118943267793621046	0.0163968647402854257	0.244123830466077281	0.957075850444721987	0.0127330057118085419	0.0247733729459568718	0.129410488479656129	0.138421666253561185	0.132097920398789423	0.48955872486590981	0.309122678363361355	0.494269754386741366	0.388409168458663538	0.262426007886939724	0.270397729571689057
C:	0.324000405905783504	0.179703250734251421	0.145513556939499097	0.202990835995746498	0.225330676633433385	0.344650523070520687	0.184517295671083391	0.0355377522228633319	0.0294810375877010928	0.00381654617641143979	0.0293551466761523983	0.00921663246305937902	0.168749603803530699	0.87881898605048234	0.0284563970103942303	0.0787734614881065078	0.0500164790027176067	0.210886191418516273	0.321627000669084662	0.201072066336540753	0.120964904267110908	0.230542521154525475	0.0744197100843041475
G:	0.107009424862882454	0.458785613812684856	0.331952713307739043	0.163062536000580627	0.244148704841821586	0.389730467653215909	0.283175504374124503	0.035733716182734441	0.00655113729410502425	0.964677650349775352	0.00840794391341952078	0.0113383044600323394	0.00411471288015580169	0.0310081731247957638	0.0228893757059718628	0.532953342328710402	0.768028654626606487	0.076628624163072666	0.15708738878469337	0.0793758782856605291	0.311925857537093129	0.296946020011471094	0.333148797014165699
T:	0.065874506774293196	0.204373551559225262	0.191831634305451744	0.45334052033281514	0.275959858854747813	0.111299579949060014	0.228908155969200225	0.0160420493310969322	0.952073498338831778	0.015108938733527783	0.7181130789443508	0.0223692126321862948	0.814402677604504958	0.0653994678787650243	0.819243738803977778	0.249851529929621905	0.0498569459718864824	0.222926459552501251	0.212162932182860612	0.225282300991057352	0.178700069737132424	0.210085450947063707	0.322033763329841096



3	AGATTCAT	0.476757754618196187


A:	0.474344503239842289	0.676642364196269818	0.117318731984042096	0.173380356387016896	0.098909252018353302	0.137518756001998441	0.213556388157909794	0.819850450726533346	0.0478223942755814257	0.552406011783787861	0.0425856797347214977	0.593103869934837086	0.0398967630004370763	0.893554545041555583	0.0801214714140558094	0.359022929339283473	0.110953716808891885	0.49967517038238551	0.487471963077150889	0.170633559969494068	0.18454348820293085	0.570610687915664525
C:	0.0863574606402588802	0.0684282660002914075	0.217512734189344597	0.0287675968004763695	0.0994275938387558278	0.516193596769379034	0.37091057598324848	0.0433311877287791041	0.135065093278888181	0.00396719150217785613	0.00419564695582283158	0.00878014511890596827	0.937231230592115539	0.00640469270285941906	0.0801737805757065465	0.302927665260329787	0.361373594516058256	0.194451783479873598	0.234617256646431188	0.178039430302587028	0.55628937186722243	0.141590610649878166
G:	0.34627657954738333	0.115331275466352744	0.202335065922791154	0.360426658690373051	0.45692352969683622	0.0744685259040207317	0.060737922840936659	0.0685739051178958066	0.782467799009354884	0.43086550137077212	0.0132747002874674771	0.0642922399294865254	0.00772731951266340622	0.0540056470113317738	0.0373483027555015763	0.117464634674024893	0.399081593271356884	0.132417374231532559	0.119293302529473559	0.327258537554647625	0.116006696118813436	0.141175736506626031
T:	0.0930214565725155	0.13959809433708603	0.462833467903822154	0.437425388122133684	0.34473962444605465	0.271819121324601793	0.354795113017905067	0.0682444564267917435	0.0346447134361755092	0.0127612953432621627	0.939943973021988194	0.33382374501677042	0.0151446868947839788	0.046035115244253224	0.802356445254736068	0.220584770726361847	0.128591095403692975	0.173455671906208333	0.158617477746944365	0.324068472173271279	0.143160443811033283	0.146622964927831278



4	AGGTACAT	0.47626382989232441


A:	0.59115347890512804	0.170884440740346976	0.567495175965863526	0.125500946812265411	0.0708929627983062143	0.0892630341675496854	0.17463045295158875	0.711065436082371081	0.0827958816297150099	0.621520828081909089	0.0197752187825548879	0.55589698224918767	0.013920462899611942	0.877886479260619331	0.0266499421580870062	0.0860423303289288944	0.271628680932335809	0.517502483545608333	0.478927560890214881	0.201857805598617157	0.360671689440923145	0.213367110265113113
C:	0.0784471865592068918	0.260890451589602875	0.160380396829522522	0.242672800800931917	0.240217988711555956	0.60042262488714993	0.447327023449081757	0.140084383314016522	0.0288003590023840138	0.00216189122291038365	0.00586114909262991884	0.00630289062730210612	0.964922313184214015	0.0221409085863824414	0.0725513086304088919	0.233871605933739011	0.329019958118881863	0.0510912007064927588	0.249274253218814259	0.335013419327128272	0.134702621403381857	0.237977981886566342
G:	0.180850667108673472	0.236982582085278051	0.173864647439294866	0.42962944329358992	0.19817866162520165	0.0987637383127472888	0.0475346301277361861	0.0265483039624282948	0.730684139842530769	0.35669961783273594	0.00957320574249941084	0.0574830457137429029	0.00981496988271942659	0.0879312165841954412	0.0707066934278880729	0.0827840310658686628	0.318674861987058542	0.102404618456040044	0.0543604075407150263	0.290243050542526448	0.207407430135577084	0.104056344405234014
T:	0.149548667426991596	0.331242525584772097	0.0982597797653190863	0.202196809093212752	0.49071038686493618	0.211550602632553096	0.330507893471593307	0.122301876641184102	0.157719619525370207	0.0196176628624445864	0.964790426382315782	0.380317081409767321	0.0113422540334546163	0.0120413955688027861	0.830092055783616029	0.597302032671463432	0.0806764989617237864	0.329001697291858864	0.217437778350255834	0.172885724531728123	0.297218259020117914	0.444598563443086531



5	AGATACAT	0.474741766303953046


A:	0.474344503239842289	0.676642364196269818	0.117318731984042096	0.173380356387016896	0.098909252018353302	0.137518756001998441	0.213556388157909794	0.819243738803977778	0.0549153882622184939	0.621520828081909089	0.0161726441220985779	0.593103869934837086	0.00594530752511993135	0.9441487262239156	0.00862080843838339362	0.359022929339283473	0.110953716808891885	0.49967517038238551	0.487471963077150889	0.170633559969494068	0.18454348820293085	0.570610687915664525
C:	0.0863574606402588802	0.0684282660002914075	0.217512734189344597	0.0287675968004763695	0.0994275938387558278	0.516193596769379034	0.37091057598324848	0.0228893757059718628	0.0455614505352310112	0.00216189122291038365	0.0109840936836254132	0.00878014511890596827	0.974645855851983738	0.00585338155623183725	0.0459736800254631417	0.302927665260329787	0.361373594516058256	0.194451783479873598	0.234617256646431188	0.178039430302587028	0.55628937186722243	0.141590610649878166
G:	0.34627657954738333	0.115331275466352744	0.202335065922791154	0.360426658690373051	0.45692352969683622	0.0744685259040207317	0.060737922840936659	0.0284563970103942303	0.888366913226417076	0.35669961783273594	0.00558697076697572663	0.0642922399294865254	0.00656887738528907511	0.0408470042096923972	0.0493091426539717681	0.117464634674024893	0.399081593271356884	0.132417374231532559	0.119293302529473559	0.327258537554647625	0.116006696118813436	0.141175736506626031
T:	0.0930214565725155	0.13959809433708603	0.462833467903822154	0.437425388122133684	0.34473962444605465	0.271819121324601793	0.354795113017905067	0.129410488479656129	0.011156247976133419	0.0196176628624445864	0.967256291427300282	0.33382374501677042	0.0128399592376072559	0.0091508880101601659	0.896096368882181697	0.220584770726361847	0.128591095403692975	0.173455671906208333	0.158617477746944365	0.324068472173271279	0.143160443811033283	0.146622964927831278



