1	TGGCGCCA	0.499171590491394965


A:	0.263657577200193775	0.354071285449045839	0.194780467247775639	0.143201435711418241	0.227521384021732869	0.729045150128798509	0.600475826156070824	0.0237897180082738578	0.0091876238800685451	0.00170042481976813449	0.00450679052047380182	0.00914378498229526891	0.0022560481788652168	0.000597419013843245898	0.938678853511108127	0.576990433660157883	0.255483034030533042	0.478456239722472543	0.124942422653453898	0.0398272595154538582	0.129293696542953328	0.460064993324211675
C:	0.312064308228123309	0.154939674137172452	0.331102445146705478	0.574216704858903395	0.0565771147901341489	0.0886523643452523841	0.0351014875097705458	0.00286694658841674154	0.0164989197901895786	0.0143172180809714383	0.985242642130482663	0.00110678236674826642	0.98172630892039521	0.97371603731589863	0.0346644818922012736	0.0909815513168910356	0.144549969868103765	0.344174110247381485	0.529294246920489561	0.459243210783635436	0.347946251042513073	0.202751153122424973
G:	0.10645856499642069	0.308385577902866253	0.322856632685209867	0.162705226792537422	0.268878323417262578	0.0663294594495823574	0.103922853563675187	0.0346644818922012736	0.97371603731589863	0.98172630892039521	0.00110678236674826642	0.985242642130482663	0.0143172180809714383	0.0164989197901895786	0.00286694658841674154	0.0150815098857698591	0.125267455395667075	0.0446762745604863378	0.306746337936008894	0.264250935577798422	0.317152609867666693	0.223482100513723046
T:	0.317819549575262225	0.182603462510915455	0.151260454920309016	0.119876632637140942	0.447023177770870405	0.11597302607636675	0.260499832770483442	0.938678853511108127	0.000597419013843245898	0.0022560481788652168	0.00914378498229526891	0.00450679052047380182	0.00170042481976813449	0.0091876238800685451	0.0237897180082738578	0.316946505137181223	0.474699540705696117	0.132693375469659634	0.039016992490047648	0.236678594123112283	0.205607442546866906	0.113701753039640306



2	GCGCGCGC	0.49916065962279056


A:	0.14085005368930947	0.287006362217524051	0.346209355645128976	0.147958922650181884	0.237360162344906887	0.274574180086618881	0.472004995197455597	0.0478946874222555539	0.0229204429248662296	0.00757663163635631743	0.00332795207862115511	0.00145890377266168903	0.00112241880368864346	0.00479965438018116989	0.0099573663540974277	0.0464252739810522099	0.556452483503587407	0.533823491287266538	0.0957189644941421904	0.244811150234748025	0.390733359304733234	0.186222558023231225
C:	0.19742281180203575	0.249088147373343723	0.252506601502840901	0.167428204453644326	0.153052800708941758	0.259985650216534213	0.0664577095762463422	0.0092425443867996276	0.936946475962478007	0.0167611479373871994	0.967464803948167843	0.0277483402005493125	0.97453980162256784	0.0353334267324745932	0.932905401836847391	0.169628645867105784	0.232308182845750031	0.147701673528855498	0.461669649890374804	0.390383873012449583	0.459420279320904731	0.543529306774718223
G:	0.294558588398563485	0.236578590582165565	0.220675891832558819	0.507767357175753951	0.288894579478120301	0.176917997184554116	0.278831529343956728	0.932905401836847391	0.0353334267324745932	0.97453980162256784	0.0277483402005493125	0.967464803948167843	0.0167611479373871994	0.936946475962478007	0.0092425443867996276	0.742393901882669837	0.0705675279360886967	0.0477311761836729964	0.123349172558631943	0.225206852917520726	0.0165166758571676926	0.122487283511114225
T:	0.367168546110091295	0.22732689982696666	0.180608151019471305	0.176845515720419839	0.320692457468031054	0.28852217251229279	0.182705765882341332	0.0099573663540974277	0.00479965438018116989	0.00112241880368864346	0.00145890377266168903	0.00332795207862115511	0.00757663163635631743	0.0229204429248662296	0.0478946874222555539	0.0415521782691721691	0.140671805714573865	0.270743659000204968	0.319262213056851063	0.139598123835281666	0.133329685517194343	0.147760851690936327



3	CGCGCGCG	0.49729545878454736


A:	0.252425768392027966	0.147760851690936327	0.133329685517194343	0.139598123835281666	0.319262213056851063	0.270743659000204968	0.140671805714573865	0.0415521782691721691	0.0288497312043980695	0.00692924220760584166	0.00647568878932873792	0.00341652175706076628	0.00366024405771504124	0.00389106836766156692	0.0464252739810522099	0.0099573663540974277	0.182705765882341332	0.28852217251229279	0.320692457468031054	0.176845515720419839	0.180608151019471305	0.22732689982696666
C:	0.267044308633087179	0.122487283511114225	0.0165166758571676926	0.225206852917520726	0.123349172558631943	0.0477311761836729964	0.0705675279360886967	0.742393901882669837	0.00569110751485192128	0.966195312429099237	0.00833153635287876218	0.981776253100731734	0.02321520130557988	0.961568092913088442	0.169628645867105784	0.932905401836847391	0.278831529343956728	0.176917997184554116	0.288894579478120301	0.507767357175753951	0.220675891832558819	0.236578590582165565
G:	0.421347848506624871	0.543529306774718223	0.459420279320904731	0.390383873012449583	0.461669649890374804	0.147701673528855498	0.232308182845750031	0.169628645867105784	0.961568092913088442	0.02321520130557988	0.981776253100731734	0.00833153635287876218	0.966195312429099237	0.00569110751485192128	0.742393901882669837	0.0092425443867996276	0.0664577095762463422	0.259985650216534213	0.153052800708941758	0.167428204453644326	0.252506601502840901	0.249088147373343723
T:	0.0591820744682599833	0.186222558023231225	0.390733359304733234	0.244811150234748025	0.0957189644941421904	0.533823491287266538	0.556452483503587407	0.0464252739810522099	0.00389106836766156692	0.00366024405771504124	0.00341652175706076628	0.00647568878932873792	0.00692924220760584166	0.0288497312043980695	0.0415521782691721691	0.0478946874222555539	0.472004995197455597	0.274574180086618881	0.237360162344906887	0.147958922650181884	0.346209355645128976	0.287006362217524051



4	A..GGCGCCA	0.497240331901022374


A:	0.259354885138063982	0.263657577200193775	0.354071285449045839	0.194780467247775639	0.143201435711418241	0.227521384021732869	0.729045150128798509	0.600475826156070824	0.0237897180082738578	0.00461590083346569678	0.00296777438554806834	0.00508772641890757575	0.00691533527892994404	0.00267144334321321849	0.00103671650179427044	0.889238217302760428	0.576990433660157883	0.255483034030533042	0.478456239722472543	0.124942422653453898	0.0398272595154538582	0.129293696542953328	0.460064993324211675
C:	0.4837127398107396	0.312064308228123309	0.154939674137172452	0.331102445146705478	0.574216704858903395	0.0565771147901341489	0.0886523643452523841	0.0351014875097705458	0.00286694658841674154	0.0682328186591153335	0.00534911762004899811	0.991988807594335596	0.000684390620912725525	0.992660893749350103	0.987670759092740907	0.0866931206243948182	0.0909815513168910356	0.144549969868103765	0.344174110247381485	0.529294246920489561	0.459243210783635436	0.347946251042513073	0.202751153122424973
G:	0.0700173560463174001	0.10645856499642069	0.308385577902866253	0.322856632685209867	0.162705226792537422	0.268878323417262578	0.0663294594495823574	0.103922853563675187	0.0346644818922012736	0.926590938930418964	0.990335917955024988	0.000880145170610836705	0.990605306233257682	0.00316899673794086044	0.00671299025760599926	0.00327367605144176918	0.0150815098857698591	0.125267455395667075	0.0446762745604863378	0.306746337936008894	0.264250935577798422	0.317152609867666693	0.223482100513723046
T:	0.186915019004879018	0.317819549575262225	0.182603462510915455	0.151260454920309016	0.119876632637140942	0.447023177770870405	0.11597302607636675	0.260499832770483442	0.938678853511108127	0.000560341577000006091	0.00134719003937794573	0.00204332081614599138	0.00179496786689964887	0.00149866616949581777	0.00457953414785882352	0.0207949860214029844	0.316946505137181223	0.474699540705696117	0.132693375469659634	0.039016992490047648	0.236678594123112283	0.205607442546866906	0.113701753039640306



5	T.GGCGCC.A	0.497052288549844467


A:	0.102441661557354923	0.0961511215173053112	0.271299209751129056	0.332950163761531875	0.0993252244451798918	0.191864347608926482	0.264637535066934616	0.159596927350913051	0.0124956685494413707	0.00131559923783445909	0.00615096674196432105	0.00993170585888385471	0.00424554677085356116	0.00182089560547080653	0.677350659283281923	0.619890712204575293	0.347244393221567503	0.456679931594692655	0.0520400894210300713	0.138811321354433309	0.266527181318710403	0.178334769868484512	0.16450472579028872
C:	0.475377680609777424	0.168946522407456221	0.221863514751011325	0.184365916940498032	0.294041589299694415	0.641865190950538012	0.0434746318862394101	0.0388303572312232617	0.077069573160776323	0.0100700031767443925	0.983324507998885077	0.000592819400266747564	0.984368850814567587	0.9086138626843115	0.267885096947749062	0.0719971208422506811	0.131208153453633512	0.14571379457587122	0.550390125597450005	0.108394950181295671	0.412983088683869758	0.129493025415155657	0.131531298669450392
G:	0.0962162496305351622	0.543232630728932948	0.38926109037201006	0.394100282396583211	0.427610869066619116	0.0636973026369165905	0.0719971208422506811	0.239379407460094967	0.9086138626843115	0.984368850814567587	0.000592819400266747564	0.983324507998885077	0.0100700031767443925	0.077069573160776323	0.00546438860163764963	0.0434746318862394101	0.181257041479293164	0.123073835961795065	0.144829422981776162	0.365808930341981658	0.0750908290266497523	0.330904443335898704	0.321935443174072637
T:	0.325964408202332491	0.19166972534630552	0.117576185125849559	0.0885836369013868822	0.179022317188506578	0.102573158803618916	0.619890712204575293	0.562193307957768721	0.00182089560547080653	0.00424554677085356116	0.00993170585888385471	0.00615096674196432105	0.00131559923783445909	0.0124956685494413707	0.0492998551673313654	0.264637535066934616	0.34029041184550582	0.27453243786764106	0.252740361999743761	0.386984798122289363	0.245398900970770087	0.361267761380461128	0.382028532366188252



