1	AGAT.CAT.C	0.490299797500864326


A:	0.37584977193456646	0.313539785489127772	0.109687030530959242	0.347451156533398059	0.185404382593504234	0.176180056563490327	0.176161230404579227	0.917293639253479012	0.0397007077110982416	0.789091552867195232	0.00627226991343922689	0.693046593609455753	0.00800897817945016198	0.956973640997372714	0.00335564974943063219	0.0970227544567370313	0.0518469210993714781	0.453503381500060929	0.298346672147683998	0.130467287644744261	0.0581224417530659568	0.137522796555254821	0.371343870056461608
C:	0.14886586809823483	0.301981338733433584	0.19343706854710898	0.11506890148306026	0.143444217473880259	0.420344461747084522	0.335762361055163515	0.0161980591648955806	0.0795152877597570594	0.00299252819602402944	0.00704483557404984899	0.0164317858333787117	0.977363637035470946	0.00460876513893626646	0.019621824165975166	0.30880840092037046	0.692086300226307444	0.191825608523634173	0.313262521870208555	0.158479871746754223	0.669956329679800358	0.283375724036194731	0.0767719832882196519
G:	0.369065749019984713	0.296695405206204714	0.204011136696844083	0.251910860630698888	0.178398474640070536	0.214772291311092995	0.0694965053557167715	0.0385807740358079806	0.871879052933681125	0.201048815387120596	0.00492898634222081506	0.179967701400051939	0.0113628540501186713	0.0303574924636935999	0.0434270588746543235	0.113260350447015213	0.184417138128879764	0.188533837357516515	0.332694319217804998	0.375658672755802511	0.0784103832199218531	0.259343868122317551	0.373560570062157739
T:	0.106218610947213997	0.0877834705712339313	0.492864764225087694	0.285569081352842793	0.492752925292544972	0.188703190378332156	0.418579903184540486	0.0279275275458174265	0.0089049515954635744	0.00686710354966014218	0.981753908170290109	0.110553919157113596	0.00326453073496022043	0.0080601013999974196	0.933595467209939878	0.480908494175877295	0.0716496405454413143	0.166137172618788383	0.055696486764302449	0.335394167852699005	0.193510845347211833	0.319757611286232897	0.178323576593161001



2	AGATACAT	0.483597983525343948


A:	0.37584977193456646	0.313539785489127772	0.109687030530959242	0.347451156533398059	0.185404382593504234	0.176180056563490327	0.176161230404579227	0.799895132589140358	0.045420543590436592	0.734621701528835236	0.00966533371157427847	0.693046593609455753	0.00320680267495730277	0.9636151140640002	0.00336676005917644678	0.0970227544567370313	0.0518469210993714781	0.453503381500060929	0.298346672147683998	0.130467287644744261	0.0581224417530659568	0.137522796555254821
C:	0.14886586809823483	0.301981338733433584	0.19343706854710898	0.11506890148306026	0.143444217473880259	0.420344461747084522	0.335762361055163515	0.0475768322502537611	0.0501944958770467653	0.00235428432681270972	0.0101582527302742856	0.0164317858333787117	0.979694919006655875	0.00228677044673257324	0.07009322710297371	0.30880840092037046	0.692086300226307444	0.191825608523634173	0.313262521870208555	0.158479871746754223	0.669956329679800358	0.283375724036194731
G:	0.369065749019984713	0.296695405206204714	0.204011136696844083	0.251910860630698888	0.178398474640070536	0.214772291311092995	0.0694965053557167715	0.0742114039810765348	0.894133998942778217	0.24388106921707898	0.00324734496179454486	0.179967701400051939	0.00607155537018493665	0.0298441101712868049	0.0764731973259488803	0.113260350447015213	0.184417138128879764	0.188533837357516515	0.332694319217804998	0.375658672755802511	0.0784103832199218531	0.259343868122317551
T:	0.106218610947213997	0.0877834705712339313	0.492864764225087694	0.285569081352842793	0.492752925292544972	0.188703190378332156	0.418579903184540486	0.0783166311795293465	0.0102509615897384252	0.0191429449272730744	0.976929068596356891	0.110553919157113596	0.0110267229482018858	0.00425400531798042166	0.850066815511900963	0.480908494175877295	0.0716496405454413143	0.166137172618788383	0.055696486764302449	0.335394167852699005	0.193510845347211833	0.319757611286232897



3	ATGTATC..G	0.474890107176371808


A:	0.251905369161492562	0.112467497540928778	0.306364454386187452	0.0897147911173833515	0.140118818303118277	0.0627514106055840061	0.560113794717579943	0.824094873174659967	0.00776277682282833889	0.010119889205255417	0.0942614499042521237	0.953541613496980422	0.0101804048387002647	0.0166518649768411539	0.0783166311795293465	0.244266629405526231	0.220140801435695126	0.343412759698335275	0.111822022717924767	0.238422377909927462	0.402956469269445974	0.0413666413180074408	0.0936302524398168199
C:	0.225192574247781363	0.266395086923480931	0.123828002953475379	0.210870794511316968	0.222594865148875292	0.300131095115177523	0.107090514357669602	0.0723740364125662778	0.0399586956571401527	0.00344209047586532686	0.120313579531687678	0.00905495746309861247	0.152449280196381339	0.929390256749102977	0.0742114039810765348	0.154505735127098982	0.0917362508780334644	0.274943912866568432	0.226334357034746648	0.220904605224725214	0.131879055469500041	0.212514167963414429	0.0466949478807253873
G:	0.145237481546449645	0.559836858387918763	0.436990287942018433	0.584838025185468326	0.351213912213389747	0.476246532032062586	0.287206225046345272	0.100044680132422262	0.00661413335078009367	0.965892235067883806	0.0118793020023953056	0.0109125202303999388	0.00511520679188747427	0.0236283941542328644	0.0475768322502537611	0.401875134684757045	0.611902892942069013	0.164314944056401683	0.283425254051468845	0.307793439361303114	0.2236280156626627	0.293456083971274355	0.638737219967619385
T:	0.37766457504427643	0.0613005571476715278	0.132817254718318736	0.114576389185831354	0.286072404334616684	0.160870962247175885	0.0455894658784051836	0.0034864102803514939	0.945664394169251415	0.0205457852509954503	0.773545668561664893	0.0264909088095210267	0.832255108173030922	0.0303294841198230052	0.799895132589140358	0.199352500782617742	0.0762200547442023967	0.21732838337869461	0.37841836619585974	0.23287957750404421	0.241536459598391284	0.452663106747303775	0.220937579711838407



4	GGTACAT.A	0.474499308539536721


A:	0.351772102686247048	0.116248395915516353	0.225252796030092462	0.146497318884865524	0.129929013548193512	0.114546828963789832	0.516803153853695797	0.0309122384922875987	0.251671184689239008	0.0247905559271041394	0.831104444711073794	0.00707020451707396601	0.958899013155695377	0.00729596180151821835	0.0281224577137866033	0.698226454353839868	0.24130086592126503	0.349118908570993031	0.300095937920132264	0.194696875371531293	0.358177219974838604	0.0841017657537091185	0.0915359061198720277
C:	0.272756676196272824	0.406131441091893802	0.236400647260202022	0.339624183419707394	0.155561004063053677	0.229649975971464067	0.249048225203383009	0.0336193094546262172	0.00815173701094963423	0.00338731064171492462	0.00766477401646694105	0.965958108542132422	0.0102963959861010232	0.0593343131336503866	0.289850312989233851	0.180616206278393448	0.183084593859344194	0.0882059597873674564	0.14022212293313494	0.157686265633025209	0.321330539529012099	0.539167742800875659	0.391719368388169875
G:	0.0671907952101575993	0.18947690451560649	0.151397865567551548	0.0918971274073720528	0.335197170600791996	0.0418295382966611175	0.0766511624079502602	0.8907705946791813	0.727396142299902122	0.00843155462706703416	0.0901180643466504639	0.01717743415380617	0.0124535531854713539	0.0718851614671469575	0.146982602352836307	0.0555952856482260036	0.0888479243562358868	0.290047629944336904	0.194204835951365113	0.41278131294274778	0.16511836391104343	0.176661568087746338	0.349509829415411805
T:	0.308280425907322528	0.288143258476983355	0.386948691142153968	0.421981370288055029	0.379312811787960815	0.613973656768084984	0.157497458534970934	0.0446978573739048843	0.0127809359999092359	0.963390578804113902	0.0711127169258088014	0.00979425278698744152	0.0183510376727322459	0.861484563597684438	0.535044626944143239	0.0655620537195406801	0.486766615863154889	0.272627501697302609	0.365477103195367683	0.234835546052695718	0.155373876585105867	0.200068923357668884	0.167234896076546292



5	AATGTAT..G	0.473962860529435006


A:	0.434637704627226097	0.32539172176134457	0.103057517581655019	0.0596285813894027044	0.35482379840553224	0.191537045506483557	0.239638888429189641	0.557979424889845802	0.766078802401254991	0.0447901637520033842	0.0898734589451148938	0.157086696302222153	0.866280904338032185	0.0139368749470466034	0.0180261034489288377	0.185592824960452291	0.298921452295604548	0.435225577945534547	0.114993297553825399	0.103239607149041698	0.315958560819968817	0.356965085039923974	0.0464920154792437519
C:	0.0843896456267493792	0.189743031501915302	0.42929046990212765	0.413722698196703068	0.205968971320175908	0.253907462048635299	0.39858127530160441	0.0738958564907403526	0.147496699443494836	0.0669751712930119794	0.0137975402417950262	0.108813682041511701	0.055910035809919183	0.455177362450331074	0.803929704362295514	0.170497916824894106	0.068559546984536836	0.223021870135113274	0.236635256166986549	0.0473018637303879138	0.274130361501569828	0.314101625593692499	0.651767638188215917
G:	0.235022723468630526	0.377632562894026569	0.115557272037414451	0.235221421869596158	0.157378880682151068	0.348788423832264789	0.247295214360291749	0.257913014405801557	0.0654825068914248372	0.0114238256971202788	0.8845983273465582	0.0680651719417792479	0.0186238907598158004	0.0137419099263752002	0.107650012773420253	0.0806713039960084306	0.518306264292106204	0.165835705652151918	0.448979668618055678	0.478792360240869848	0.15321186887179365	0.219765659513061201	0.204082549493167414
T:	0.245949926277393997	0.107232683842713559	0.352094740478802881	0.29142729854429807	0.281828349592140783	0.205767068612616356	0.1144846219089142	0.110211704213612288	0.0209419912638253359	0.876810839257864358	0.0117306734665318798	0.666034449714486898	0.0591851690922328321	0.517143852676247122	0.0703941794153553956	0.563237954218645172	0.114212736427752412	0.175916846267200261	0.199391777661132374	0.37066616887970054	0.256699208806667705	0.109167629853322325	0.0976577968393729168



