1	AGGTACAT	0.489000913760742863


A:	0.585615500842669698	0.258623490699744567	0.544228336950963815	0.213847602745817632	0.121161518737142275	0.0974308337876307485	0.123398199743664311	0.738771945655863072	0.0420622600815764816	0.512678796980542738	0.0112540998654319847	0.671817445289802198	0.00592282732556252778	0.949305057294545063	0.00490737990844328246	0.0523113001981314603	0.263236057636173081	0.442185665208039221	0.339023460428889309	0.142574830456601346	0.261801823608793676	0.480579896264690677
C:	0.11489995441512289	0.223498193774792698	0.16072998124317042	0.193484784873940937	0.146122185785946288	0.354657735501756234	0.525018737374833843	0.117360806298476012	0.0304024503863495724	0.00195356321126103113	0.00400249845356772194	0.00720367825758968509	0.974045545632385589	0.0148099278116338949	0.0681878227195920168	0.291464959682337452	0.45456735095650015	0.0885995208248622439	0.293807612379398497	0.467057604244796829	0.128581903884720893	0.216593062602491525
G:	0.224304174242894769	0.300889886637394629	0.191860045614508961	0.336774538781570781	0.163232262864532753	0.366311747058662696	0.065824307617083252	0.0153875736061090373	0.763192094596495144	0.476258390904596082	0.0114786673330954006	0.0631807257722744437	0.00755807895302126221	0.0298496517593205434	0.121001383736778193	0.218567885489102559	0.211835728558793757	0.110338556472271556	0.0797999061646021482	0.220067700547207317	0.382281612130303698	0.0918293628140360185
T:	0.0751803704993126429	0.216988428888068106	0.103181636191356804	0.255893073598670649	0.569484032612378683	0.181599683651950322	0.285758755264418594	0.128479674439551879	0.164343194935578802	0.00910924890360014856	0.973264734347904893	0.257798150680333673	0.0124735480890306206	0.00603536313450049901	0.805903413635186508	0.437655854630428528	0.0703608628485330119	0.358876257494826979	0.287369021027110045	0.170299864751394508	0.227334660376181733	0.210997678318781779



2	ATG.ATCTG	0.487487858283531717


A:	0.180341093710031173	0.086097246132412638	0.225169126721220727	0.168968977520912662	0.142582557882724525	0.176651314731008629	0.309092522443595669	0.871037948502648013	0.0212308763794269609	0.00551958857417038605	0.287495873118210249	0.960112065308327954	0.00858467097782569379	0.00989925134907485738	0.0604242173260148839	0.311213073589142023	0.280088007159014736	0.481805481505029556	0.394903551010256816	0.56965757449962379	0.159113882392185434	0.178855131158237844	0.214400606466502205
C:	0.314816950949768185	0.06555244076927705	0.482717013156653246	0.17388713183269486	0.0665610368265365676	0.258633418164588627	0.131898926766174121	0.0171433148468810119	0.017225762214401001	0.00978504035156502074	0.203446420284158661	0.00649170287669222634	0.372019547352914068	0.883589230688001632	0.0996664308552040487	0.0611377013453842635	0.129673666566910975	0.31867158499633477	0.297334915358839723	0.20321860189291246	0.194299756452852601	0.22205931041583074	0.0419790661085913508
G:	0.1917843593180145	0.637776314676850021	0.155088455973200994	0.14409362451984606	0.0633829212119324739	0.36883330966719255	0.438432024741909808	0.0918815270488993559	0.00525277712620801372	0.96888667848911871	0.00982699286930667255	0.00570073633937914024	0.00277289982951085293	0.0702091264525063491	0.0273841639512386878	0.51859941950045959	0.304774969275421044	0.0775991869549945711	0.072190268181831743	0.128008834955218642	0.192053289938780308	0.139233777294764826	0.0941321735390588372
T:	0.313057596022186143	0.210573998421460291	0.137025404148925033	0.513050266126546418	0.727473484078806434	0.195881957437210194	0.120576526048320402	0.0199372096015716195	0.956290584279964024	0.0158086925851458836	0.499230713728324418	0.0276954954756006794	0.616622881839749385	0.0363023915104171612	0.81252518786754238	0.109049805565014124	0.285463356998653245	0.121923746543641103	0.235571265449071719	0.0991149886522451081	0.454533071216181657	0.45985178113116659	0.649488153885847607



3	AGAT.CATC	0.482985133600039512


A:	0.45985178113116659	0.454533071216181657	0.0991149886522451081	0.235571265449071719	0.121923746543641103	0.285463356998653245	0.109049805565014124	0.822446518735596523	0.0320465001815532548	0.727477328389145579	0.0152462749331875524	0.499230713728324418	0.0187413566752024467	0.976419155317941479	0.00753095235930121299	0.120576526048320402	0.195881957437210194	0.727473484078806434	0.513050266126546418	0.137025404148925033	0.210573998421460291	0.313057596022186143	0.431175028695917437
C:	0.139233777294764826	0.192053289938780308	0.128008834955218642	0.072190268181831743	0.0775991869549945711	0.304774969275421044	0.51859941950045959	0.0257482194268041627	0.151901428090573448	0.00354794891431783176	0.0056347166317391014	0.00982699286930667255	0.960776682777391519	0.00494382824191483354	0.044832141424310737	0.438432024741909808	0.36883330966719255	0.0633829212119324739	0.14409362451984606	0.155088455973200994	0.637776314676850021	0.1917843593180145	0.086093582043677418
G:	0.22205931041583074	0.194299756452852601	0.20321860189291246	0.297334915358839723	0.31867158499633477	0.129673666566910975	0.0611377013453842635	0.0890897301432978437	0.799679611647244663	0.262853763798900057	0.00670490939834211171	0.203446420284158661	0.00598777278062929553	0.01204431552261593	0.0102864748107658423	0.131898926766174121	0.258633418164588627	0.0665610368265365676	0.17388713183269486	0.482717013156653246	0.06555244076927705	0.314816950949768185	0.197688167836448586
T:	0.178855131158237844	0.159113882392185434	0.56965757449962379	0.394903551010256816	0.481805481505029556	0.280088007159014736	0.311213073589142023	0.0627155316943014705	0.016372460080628635	0.00612095889763653248	0.972414099036731234	0.287495873118210249	0.0144941877667767389	0.00659270091752775717	0.937350431405622208	0.309092522443595669	0.176651314731008629	0.142582557882724525	0.168968977520912662	0.225169126721220727	0.086097246132412638	0.180341093710031173	0.285043221423956559



4	ATGTATC.G	0.481264817741776153


A:	0.345856364306085057	0.0513055222715918084	0.165697016212176808	0.0724703215913942478	0.187067424972885295	0.119021298988514683	0.463252062456693594	0.900671601731470859	0.00843586017538565223	0.00873671839321524302	0.188755835773178493	0.970159989420679462	0.00932083210488245753	0.0146618553400283464	0.161209744739157087	0.170222790356337342	0.252740899448058962	0.279855876866543983	0.35138421469195056	0.252883178402399463	0.295402954413827455	0.0943878977892943746	0.126671984281448284
C:	0.362100030408354987	0.40668765824038557	0.148246112337541561	0.148671284655920762	0.166626280216276815	0.160151472390847528	0.10798944132571928	0.0489957169163240972	0.0150013164558556415	0.00619258206858233279	0.075021036920786242	0.00601244549044824454	0.312772009967565194	0.822177058416129313	0.0667994137633072852	0.0521457805665734274	0.119677832794561766	0.20261836347716829	0.172713621657224515	0.15812650447819794	0.101423194515326586	0.0866193112781295013	0.0550033262801006983
G:	0.206995241214451547	0.338913809070148982	0.40578633829557376	0.286462568269501038	0.209485630688898148	0.572685717918406073	0.357300200237930905	0.0408704643221875537	0.00381994586022430774	0.979906155191194012	0.0115314187263450938	0.00701199349516048961	0.00165259344330634611	0.0856922423912556912	0.0256124529567273924	0.641930207837264202	0.512036087055506173	0.138193979759489235	0.0613907569913059218	0.292100128591114435	0.214548728767677192	0.4245144757254539	0.507371733604661627
T:	0.0850483640711084092	0.203093010417873639	0.280270533154707871	0.492395825483183952	0.436820664121939742	0.148141510702231717	0.0714582959796562205	0.00946221703001749006	0.972742877508534399	0.00516454434700841251	0.724691708579690171	0.0168155715937118041	0.676254564484246002	0.0774688438525866493	0.746378388540808235	0.135701221239825028	0.1155451807018731	0.379331779896798492	0.414511406659519003	0.296890188528288161	0.388625122303168767	0.394478315207122224	0.310952955833789391



5	AGATACAT	0.479259947990062906


A:	0.45985178113116659	0.454533071216181657	0.0991149886522451081	0.235571265449071719	0.121923746543641103	0.285463356998653245	0.109049805565014124	0.746378388540808235	0.0841902537713981103	0.512678796980542738	0.028770204603356337	0.499230713728324418	0.00562105027735035058	0.971191069774392106	0.00704358149596759982	0.120576526048320402	0.195881957437210194	0.727473484078806434	0.513050266126546418	0.137025404148925033	0.210573998421460291	0.313057596022186143
C:	0.139233777294764826	0.192053289938780308	0.128008834955218642	0.072190268181831743	0.0775991869549945711	0.304774969275421044	0.51859941950045959	0.0256124529567273924	0.0815746774312288132	0.00195356321126103113	0.0106389739653088886	0.00982699286930667255	0.983628740860954128	0.00384560879510325042	0.0695001314962072068	0.438432024741909808	0.36883330966719255	0.0633829212119324739	0.14409362451984606	0.155088455973200994	0.637776314676850021	0.1917843593180145
G:	0.22205931041583074	0.194299756452852601	0.20321860189291246	0.297334915358839723	0.31867158499633477	0.129673666566910975	0.0611377013453842635	0.0667994137633072852	0.821086893863434363	0.476258390904596082	0.00464728246693784079	0.203446420284158661	0.0073477454669376722	0.0156016640836555685	0.0665218310100108699	0.131898926766174121	0.258633418164588627	0.0665610368265365676	0.17388713183269486	0.482717013156653246	0.06555244076927705	0.314816950949768185
T:	0.178855131158237844	0.159113882392185434	0.56965757449962379	0.394903551010256816	0.481805481505029556	0.280088007159014736	0.311213073589142023	0.161209744739157087	0.0131481749339387134	0.00910924890360014856	0.955943538964396934	0.287495873118210249	0.00340246339475784892	0.00936165734684907478	0.856934455997814323	0.309092522443595669	0.176651314731008629	0.142582557882724525	0.168968977520912662	0.225169126721220727	0.086097246132412638	0.180341093710031173



