1	A..ATGTATC	0.48913151364764268


A:	0.303669272233962493	0.698087852326353096	0.106666096225363676	0.566359524369474782	0.405018438920407402	0.491460568997390975	0.768873311590837913	0.219953437478658361	0.68033868943980955	0.899643980023479868	0.0167847516582906685	0.00694905008295586132	0.0618204268447064199	0.973268727662294856	0.0112263770924946255	0.0366480561430307161	0.143533633100615586	0.410246603309151773	0.316787475864525533	0.13388828047751679	0.293018379398150225	0.534914945665823976	0.355933774317252358
C:	0.225200800933222878	0.0388609976287694814	0.292770933828688035	0.176955688543162419	0.0391989888486833191	0.325933937182640181	0.0625731316801380721	0.136143659546925454	0.0215774778411671787	0.0413403296306968619	0.0229912030037084706	0.00590792901882387158	0.033834611907605971	0.00804166826983216034	0.333247652314214542	0.871186063683638258	0.198780631497161064	0.0502153551602570489	0.043241352431008116	0.24332362152050688	0.477996372048195916	0.133018668149397279	0.361749728203798165
G:	0.237018292999108065	0.0818814345971686522	0.436127548211699917	0.218089691247748884	0.0289787420523242988	0.16170746107916553	0.0762061554030802066	0.458501932286979114	0.154614278096701168	0.030222407316901672	0.00794112044969965479	0.954025208441814706	0.0111967512608895597	0.00931122092849263697	0.00589567889558413365	0.0382824006205381729	0.0497908541049044493	0.299289311800827926	0.415633837926091179	0.386394749706623389	0.0764484471144254769	0.17489395780226168	0.116169357818444681
T:	0.234111633833706564	0.18116971544770877	0.164435421734248371	0.038595095839613914	0.52680383017858498	0.0208980327408033136	0.0923474013259438081	0.185400970687437072	0.143469554622322103	0.0287932830289215981	0.952282924888301206	0.0331178124564055609	0.893148209986798049	0.00937838313938034657	0.649630291697706699	0.0538834795527928534	0.607894881297318901	0.240248729729763252	0.224337333778375172	0.236393348295352941	0.152536801439228383	0.157172428382517064	0.166147139660504797



2	AGATACAT	0.478921605122096486


A:	0.0995332341499484495	0.166147139660504797	0.157172428382517064	0.152536801439228383	0.236393348295352941	0.224337333778375172	0.240248729729763252	0.607894881297318901	0.150453359025141469	0.533340459900462586	0.0261725256804569251	0.60558817037908541	0.0313625228982917987	0.918802610127200533	0.0247624578104108713	0.143469554622322103	0.185400970687437072	0.0923474013259438081	0.0208980327408033136	0.52680383017858498	0.038595095839613914	0.164435421734248371
C:	0.477787919593193264	0.116169357818444681	0.17489395780226168	0.0764484471144254769	0.386394749706623389	0.415633837926091179	0.299289311800827926	0.0497908541049044493	0.064942449636678296	0.0117013532029566228	0.0102397110664752528	0.0139984877096991651	0.927259666406492598	0.0299690554405975133	0.0484206775259545114	0.154614278096701168	0.458501932286979114	0.0762061554030802066	0.16170746107916553	0.0289787420523242988	0.218089691247748884	0.436127548211699917
G:	0.217081131494980997	0.361749728203798165	0.133018668149397279	0.477996372048195916	0.24332362152050688	0.043241352431008116	0.0502153551602570489	0.198780631497161064	0.754160411725846552	0.437465617078577929	0.0112904680149148406	0.0543135660256537074	0.0244875070853255675	0.0399643777317276536	0.0905603471192924842	0.0215774778411671787	0.136143659546925454	0.0625731316801380721	0.325933937182640181	0.0391989888486833191	0.176955688543162419	0.292770933828688035
T:	0.205597714761877289	0.355933774317252358	0.534914945665823976	0.293018379398150225	0.13388828047751679	0.316787475864525533	0.410246603309151773	0.143533633100615586	0.0304437796123336831	0.0174925698180028617	0.952297295238152981	0.326099775885561717	0.0168903036098900355	0.0112639567004743005	0.836256517544342133	0.68033868943980955	0.219953437478658361	0.768873311590837913	0.491460568997390975	0.405018438920407402	0.566359524369474782	0.106666096225363676



3	C.AGATACA	0.478522507320462554


A:	0.271603798824530017	0.275366880644478058	0.109680852522850991	0.312195821163222491	0.195183906394221432	0.244245753933063298	0.455953060926153678	0.0540472342141240355	0.0998235400554731768	0.860247819770656024	0.0965806585744170525	0.753834408587356944	0.0359351713398366405	0.612150928316854735	0.032703336985184975	0.86400598318687645	0.101345706846362894	0.239042916530749047	0.354844242720050084	0.0789263259458550737	0.11540036607365944	0.331005573002363753	0.178712444176180302
C:	0.0256740933752789697	0.114685013314746936	0.16651024711968035	0.0768226831735992841	0.654177632165617069	0.0943820115384571075	0.363749040165790711	0.766793339790217638	0.468073328793779894	0.0343509988654058059	0.0735191672487231791	0.0091603353602633687	0.0123218514843723392	0.00784789618278052867	0.927307235438234428	0.0160711886835817451	0.0605022221068119083	0.474614481547244436	0.307531555423245553	0.0544613350669543142	0.132934038417610593	0.308665769003160826	0.0883008332302017751
G:	0.601094245507314254	0.342913296311389215	0.148206760297715336	0.317282536435200159	0.0488049427500227709	0.439958747488355868	0.0443110559293026552	0.0844234209816528022	0.097728771821041202	0.0452338952600639807	0.778287692010529552	0.20643149454596811	0.0109621242413695948	0.0259710848653515084	0.0212047997132845619	0.0869202399628918151	0.0842937378682983885	0.130661898850931754	0.177958147139356991	0.732169645298998689	0.60451263091507511	0.223421001744592503	0.0901516771768825844
T:	0.10162786229287676	0.267034809729385792	0.575602140059753322	0.293698959227978066	0.101833518690138728	0.221413487040123726	0.135986842978752956	0.0947360050140055247	0.334374359329705727	0.0601672861038741895	0.0516124821663302167	0.0305737615064115768	0.940780852934421425	0.354030090635013228	0.0187846278632960353	0.0330025881666499898	0.753858333178526809	0.155680703071074763	0.159666054717347373	0.134442693688191923	0.147152964593654858	0.136907656249882918	0.642835045416735339



4	ATGTA.C.AG	0.469202410492733073


A:	0.215721092066575018	0.606214608699015364	0.225607425433248887	0.446455579742751143	0.16711352061922214	0.216139464100523403	0.671750222062939908	0.0368940714595512253	0.0591181913812617836	0.172076651207087976	0.904613947415581919	0.0160955827794439062	0.0687776028024906474	0.0920670218500143463	0.510680984077655485	0.257140055641156436	0.208304249066661252	0.156921344891697419	0.36765404846661376	0.164824630275375526	0.542013844689528038	0.149289586174925733
C:	0.159527827817548965	0.0919611912940421772	0.461955939196574928	0.169772322833131932	0.150374985035768724	0.05348240311821912	0.0454143210869969062	0.129642406607695938	0.0921569220885925171	0.0639870835462567093	0.0325740428552163816	0.342869040041045718	0.703247694427677189	0.14532606146236003	0.229565398295410347	0.0857005473019098458	0.0381834258602314762	0.049475089545377237	0.148214590372218812	0.106525822501547262	0.0594881009513262459	0.375121910310811981
G:	0.415455626354344832	0.103832236819463314	0.224455973198221686	0.154198985210328897	0.511261807426101507	0.294480121450094946	0.178772832748129837	0.0151783773384516177	0.809496305906169224	0.0382726492252563095	0.0176830894582479515	0.0205893199478173105	0.0455463423556947003	0.0569882193604415549	0.133677385804693366	0.534055379548442667	0.361759247506897686	0.0956297558710943481	0.0659281407156549239	0.250146551543338019	0.330846615808435117	0.257688779356042251
T:	0.209295453761531185	0.197991963187479145	0.087980662171954499	0.229573112213788028	0.171249686918907629	0.435898011331162532	0.104062624101933349	0.818285144594301218	0.0392285806239764751	0.725663616021399005	0.0451289202709537477	0.620446057231693066	0.182428360414137463	0.705618697327184069	0.126076231822240802	0.123104017508491052	0.391753077566209586	0.697973809691830996	0.418203220445512504	0.478502995679739193	0.0676514385507105992	0.217899724158220034



5	ATG.ATCT.G	0.467534400986835109

