1	CAGATCTG	0.499107009971721982


A:	0.492792244567805858	0.625565103053892048	0.401104454620883225	0.923097691512819489	0.0875832285289128569	0.0912573832233455451	0.249226012787615637	0.00291339683066209401	0.982148611502996068	0.00833826248146377693	0.987135774499335968	0.00582737181955412414	0.00227195785271279795	0.0013361551760302101	0.0336464429843208436	0.432393129304932387	0.602825939600528603	0.226573249726523563	0.0884934323773219151	0.182443118351956017	0.189136687169944788	0.355464208514775928
C:	0.0881834683205224358	0.0881560465566850494	0.111304681612176417	0.00397162828625991914	0.0924294420061622145	0.201748413077870496	0.325747957189422866	0.957991002061383833	0.0126584720972729358	0.00359731784091397778	0.00228068508298843827	0.00475616859812146933	0.985792461824909447	0.00385676122370078626	0.00544915812363322977	0.110598848693221484	0.110834710976754634	0.0678573389535943896	0.0284858204449873288	0.134004783748146143	0.330021407602093624	0.0924673107152684897
G:	0.067221306743437451	0.191062767544759901	0.00737334007318920715	0.0210210822883734956	0.0989626572809065234	0.185531528383580401	0.0613862167531066578	0.00544915812363322977	0.00385676122370078626	0.985792461824909447	0.00475616859812146933	0.00228068508298843827	0.00359731784091397778	0.0126584720972729358	0.957991002061383833	0.220443756056073173	0.165278650553077068	0.469610252704129274	0.0556688614370871144	0.0904371725883338305	0.252446621728313448	0.176707507448786404
T:	0.351802980368234255	0.095216082844663001	0.480217523693751151	0.0519095979125470963	0.721024672184018405	0.521462675315203558	0.363639813269854839	0.0336464429843208436	0.0013361551760302101	0.00227195785271279795	0.00582737181955412414	0.987135774499335968	0.00833826248146377693	0.982148611502996068	0.00291339683066209401	0.236564265945772956	0.121060698869639695	0.235959158615752773	0.827351885740603642	0.59311492531156401	0.228395283499648141	0.375360973321169178



2	C.AGATCT.G	0.498915654965662407


A:	0.307124107351094349	0.329609008113903889	0.512058128711040974	0.563396727945959481	0.402125028845911736	0.222866181934573512	0.128315524169894124	0.0424465515961802362	0.760468299280726239	0.0310952701587415667	0.978542920921598838	0.00279348545055083337	0.00443319043540061309	0.0122850250319491686	0.487333962146363663	0.29562894623534302	0.622211184460591625	0.649816488358372542	0.181630650087568408	0.0290615748932146828	0.313094666508410083	0.189326064540347623	0.539384852514645405
C:	0.274530618774641372	0.369928779779267914	0.139735937351161911	0.055395637175276331	0.177549350633028296	0.383323467853362788	0.503404911206803423	0.463170888557178273	0.184394541507717562	0.0137097171507052702	0.00478697722175557907	0.0138766164060947491	0.95076182225515255	0.0428521341796070297	0.135756673505843216	0.0726506183879594326	0.171275864930779602	0.103445739061104022	0.128340972122982446	0.0485254313197959688	0.280243477302857241	0.0929490360565360246	0.095055516403523777
G:	0.150759056870385193	0.106919180147466077	0.0390901408922537074	0.0489675599616752268	0.0697848453488486355	0.0600545757733969983	0.0726506183879594326	0.181965566845927988	0.0428521341796070297	0.95076182225515255	0.0138766164060947491	0.00478697722175557907	0.0137097171507052702	0.184394541507717562	0.316683824546652445	0.503404911206803423	0.150415894360987226	0.118183349654136984	0.111481118042149905	0.138018612866339924	0.226459151672926718	0.626236015724565811	0.099504071128704959
T:	0.267586217003879087	0.19354303195936212	0.309115793045543408	0.332240074917088961	0.350540775172211332	0.333755774438666702	0.29562894623534302	0.312416993000713503	0.0122850250319491686	0.00443319043540061309	0.00279348545055083337	0.978542920921598838	0.0310952701587415667	0.760468299280726239	0.0602255398011406762	0.128315524169894124	0.0560970562476415469	0.128554422926386452	0.578547259747299241	0.784394380920649425	0.180202704515805958	0.091488883678550542	0.26605555995312586



3	AGATCTG..G	0.498331825486805389


A:	0.625565103053892048	0.401104454620883225	0.923097691512819489	0.0875832285289128569	0.0912573832233455451	0.249226012787615637	0.00291339683066209401	0.883630829440879611	0.012796673227898863	0.975199597168247163	0.00760269929704745579	0.00417719059661180898	0.0056597777542581881	0.193685352450962299	0.432393129304932387	0.602825939600528603	0.226573249726523563	0.0884934323773219151	0.182443118351956017	0.189136687169944788	0.355464208514775928	0.0814454781229080534	0.321826310189965106
C:	0.0881560465566850494	0.111304681612176417	0.00397162828625991914	0.0924294420061622145	0.201748413077870496	0.325747957189422866	0.957991002061383833	0.098072364537257383	0.00812848122418564159	0.00315197839016263847	0.0101915570717392304	0.961116714005574159	0.0606879416975425317	0.0302249790841412906	0.110598848693221484	0.110834710976754634	0.0678573389535943896	0.0284858204449873288	0.134004783748146143	0.330021407602093624	0.0924673107152684897	0.468250829203757347	0.215408368614526174
G:	0.191062767544759901	0.00737334007318920715	0.0210210822883734956	0.0989626572809065234	0.185531528383580401	0.0613862167531066578	0.00544915812363322977	0.0120109442264111153	0.965961812954571014	0.00745988170854762548	0.00386582741997852885	0.0136886938956779883	0.0165583115435159151	0.738596188399316292	0.220443756056073173	0.165278650553077068	0.469610252704129274	0.0556688614370871144	0.0904371725883338305	0.252446621728313448	0.176707507448786404	0.0669982667796059604	0.192417657227534284
T:	0.095216082844663001	0.480217523693751151	0.0519095979125470963	0.721024672184018405	0.521462675315203558	0.363639813269854839	0.0336464429843208436	0.00628586179545189087	0.0131130325933444812	0.0141885427330425727	0.978339916211234785	0.0210174015021360439	0.917093969004683365	0.0374934800655801183	0.236564265945772956	0.121060698869639695	0.235959158615752773	0.827351885740603642	0.59311492531156401	0.228395283499648141	0.375360973321169178	0.383305425893728639	0.270347663967974436



4	TAGATCTA	0.498058890652907323


A:	0.138199733412455653	0.241571905559828603	0.593753635302968775	0.0582429389780774923	0.2908099836693957	0.0867351497472748713	0.157068107645847519	0.0140734651955756797	0.963897371691768926	0.0163712300739754313	0.985020660666981737	0.00492611757359662058	0.001614471990686676	0.00345899352891355654	0.816444793941834738	0.24206285588069429	0.499442975904927928	0.234977905656730812	0.615343070437216144	0.159194855106094141	0.192158081869841233	0.217979019732264549
C:	0.406823311109882859	0.33867286546416896	0.233834668993679691	0.0046856675279072293	0.169214036982346732	0.26888953151782532	0.160563178353219165	0.131283530269489047	0.0150533757973307129	0.00551066987331912032	0.00757773584439820664	0.00247548591502343571	0.976503628062018772	0.0175902589819868049	0.038198210593100535	0.0701167380941290284	0.296739296053261454	0.233157355233473079	0.210909565201173161	0.419018615910245818	0.146117764368920762	0.248511851698197776
G:	0.210604831518059288	0.10632313884995546	0.0249694431223487784	0.851126748757819911	0.342746153979653956	0.15122880831959087	0.011075303441128477	0.038198210593100535	0.0175902589819868049	0.976503628062018772	0.00247548591502343571	0.00757773584439820664	0.00551066987331912032	0.0150533757973307129	0.131283530269489047	0.421995153440856219	0.134656073836052715	0.193190142900456666	0.119596773893954561	0.213963622917498737	0.167177323737745032	0.357379336898842223
T:	0.2443721239596022	0.313432090126046977	0.147442252581002756	0.085944644736195367	0.197229825368603613	0.493146510415308939	0.671293410559804839	0.816444793941834738	0.00345899352891355654	0.001614471990686676	0.00492611757359662058	0.985020660666981737	0.0163712300739754313	0.963897371691768926	0.0140734651955756797	0.265825252584320463	0.0691616542057579032	0.338674596209339443	0.0541505904676561333	0.207822906066161303	0.494546830023492973	0.176129791670695452



5	GATC..GATC	0.497875225292259867

