1	TAGATCTA	0.499596894225044652


A:	0.128812853790436137	0.107875760353442539	0.75611236498562637	0.069222973417561511	0.30562161561707218	0.0918175115576503902	0.19738282391459691	0.0047209078503990473	0.965722948677303824	0.0209123285270093887	0.987627669850118689	0.00467131787371329058	0.00102079786699985121	0.000937147838452332925	0.952079706615679283	0.248843684463819825	0.584893822418245837	0.0437563519931717566	0.515013868052667648	0.0306168961839095185	0.320383014853388023	0.215476634333061647
C:	0.519369469502461903	0.37585028624137108	0.175116953345638807	0.00280345860116775652	0.176088187638033581	0.309881512058775967	0.261800006347712605	0.0402354754147445947	0.00701493993005007672	0.0053249232731613235	0.00324768004394534403	0.00445333223222267687	0.972741950332829437	0.0263249635541937664	0.00296391011917707468	0.0384831137304752978	0.19176482848408668	0.110303163849651364	0.332352687405840522	0.293863413517862744	0.0820843525504441476	0.399897073115131097
G:	0.148007241397991211	0.0986330383981887499	0.0291642339163299443	0.901971424624118963	0.33573853069803398	0.181239700112278117	0.0190798164650583609	0.00296391011917707468	0.0263249635541937664	0.972741950332829437	0.00445333223222267687	0.00324768004394534403	0.00532492327316132351	0.00701493993005007672	0.0402354754147445947	0.347569425107383629	0.118396508151617038	0.233852540857602484	0.112728564698780667	0.220345415353233248	0.206912583430732727	0.238526679107873221
T:	0.203810435309110749	0.417640915006997631	0.0396064477524048788	0.0260021433571517699	0.182551666046860259	0.417061276271295526	0.521737353272632124	0.952079706615679283	0.000937147838452332925	0.00102079786699985121	0.00467131787371329058	0.987627669850118689	0.0209123285270093888	0.965722948677303824	0.0047209078503990473	0.365103776698321249	0.104944840946050445	0.612087943299574395	0.0399048798427111629	0.45517427494499449	0.390620049165435103	0.146099613443934035



2	CAGATCTG	0.499355062757354765


A:	0.274517031549765764	0.468033249292263601	0.821571261173862172	0.929025724830603915	0.258401898047498628	0.0590460155219438178	0.51871168097073707	0.0022153381353474156	0.984093449729235401	0.00974842648512070236	0.988050668439719761	0.00400685759429516692	0.00530239983130326005	0.00128201905263072302	0.0735965028060974827	0.412564578068929485	0.548519844194902255	0.182470702244146543	0.0443025893475142574	0.222893605685238707	0.256339979590108749	0.349020857141355671
C:	0.173034843389393361	0.137285176190220997	0.0734065523872919804	0.00267503867554965159	0.0902742717277444008	0.148233740867615372	0.216667717414446798	0.920944330951605081	0.0055993598889938014	0.00137255228913661925	0.00345135071284413264	0.00449112325314093923	0.983576621394439418	0.00902517132914007472	0.00324382810695002043	0.0360269444978346761	0.090522993362985303	0.104148840940392171	0.0149496055779536369	0.106496313020417117	0.469020430193946337	0.0839374445048906007
G:	0.364333437000516186	0.120037737884718935	0.00808845508255395673	0.0471890998742895083	0.122157440814446601	0.0992879252883063014	0.040680884307017725	0.00324382810695002043	0.00902517132914007472	0.983576621394439418	0.00449112325314093923	0.00345135071284413264	0.00137255228913661925	0.0055993598889938014	0.920944330951605081	0.216496131425061038	0.203258909463842903	0.323149832638616495	0.0360697718932610389	0.0454210787614844463	0.105214140951549099	0.368070534222084938
T:	0.18811468806032469	0.274643836632796468	0.0969337313562918913	0.0211101366195569252	0.52916638941031037	0.693432318322134509	0.223939717307798407	0.0735965028060974827	0.00128201905263072302	0.00530239983130326005	0.00400685759429516692	0.988050668439719761	0.00974842648512070236	0.984093449729235401	0.0022153381353474156	0.334912346008174801	0.15769825297826954	0.390230624176844792	0.904678033181271067	0.625189002532859729	0.169425449264395815	0.19897116413166879



3	A..TAGATCT	0.49897313742780469


A:	0.429965735058021973	0.139588038223799238	0.146099613443934035	0.390620049165435103	0.45517427494499449	0.0399048798427111629	0.612087943299574395	0.104944840946050445	0.365103776698321249	0.0224800961973604578	0.94400522340957854	0.0144950200256489235	0.990184632872115548	0.00459725705742918568	0.00187559812386595636	0.00553786223055904881	0.952079706615679283	0.521737353272632124	0.417061276271295526	0.182551666046860259	0.0260021433571517699	0.0396064477524048787	0.417640915006997631
C:	0.142750269712669077	0.296271553116309083	0.238526679107873221	0.206912583430732727	0.220345415353233248	0.112728564698780667	0.233852540857602484	0.118396508151617038	0.347569425107383629	0.285051391472067539	0.00923967465932670475	0.0031467495295030534	0.0033922803836524559	0.00317414709619522797	0.973808960999596493	0.0251180483949770269	0.00296391011917707468	0.0190798164650583609	0.181239700112278117	0.33573853069803398	0.901971424624118962	0.0291642339163299443	0.0986330383981887499
G:	0.266855735952739857	0.122093738636011196	0.399897073115131097	0.0820843525504441476	0.293863413517862744	0.332352687405840522	0.110303163849651364	0.19176482848408668	0.0384831137304752978	0.0148553198421206695	0.0448978134934663794	0.978996521149320639	0.00212061974930314957	0.00400005711385437444	0.0083462113298012777	0.0344370609792779777	0.0402354754147445947	0.261800006347712605	0.309881512058775967	0.176088187638033581	0.00280345860116775652	0.175116953345638806	0.37585028624137108
T:	0.160428259276569094	0.442046670023880483	0.215476634333061647	0.320383014853388023	0.0306168961839095185	0.515013868052667648	0.0437563519931717566	0.584893822418245837	0.248843684463819825	0.677613192488451333	0.0018572884376283762	0.00336170929552738399	0.00430246699492884655	0.988228538732521212	0.0159692295467362733	0.934907028395185947	0.0047209078503990473	0.19738282391459691	0.0918175115576503902	0.30562161561707218	0.069222973417561511	0.75611236498562637	0.107875760353442539



4	T.AGATCTA	0.498765861002200275


A:	0.0283364204051426857	0.128812853790436137	0.107875760353442539	0.75611236498562637	0.069222973417561511	0.30562161561707218	0.0918175115576503902	0.19738282391459691	0.0047209078503990473	0.966751656453376013	0.0119408558870623604	0.989276264145823207	0.00386916666726424688	0.00348165812625524462	0.00222916958647327991	0.795470424934779052	0.248843684463819825	0.584893822418245837	0.0437563519931717566	0.515013868052667648	0.0306168961839095185	0.320383014853388023	0.215476634333061647
C:	0.36081178278757409	0.519369469502461903	0.37585028624137108	0.175116953345638807	0.00280345860116775652	0.176088187638033581	0.309881512058775967	0.261800006347712605	0.0402354754147445947	0.0101058006197923554	0.00226977508932278977	0.00548125648431999568	0.00717857910210693729	0.98603379784604939	0.017183482868600481	0.0136560778237369636	0.0384831137304752978	0.19176482848408668	0.110303163849651364	0.332352687405840522	0.293863413517862744	0.0820843525504441476	0.399897073115131097
G:	0.0282683242856586844	0.148007241397991211	0.0986330383981887499	0.0291642339163299443	0.901971424624118963	0.33573853069803398	0.181239700112278117	0.0190798164650583609	0.00296391011917707468	0.0220155034023349186	0.983646563163816817	0.00201683141821825988	0.000940034414797084172	0.00418079920780156833	0.00698479633695969849	0.181404780986780896	0.347569425107383629	0.118396508151617038	0.233852540857602484	0.112728564698780667	0.220345415353233248	0.206912583430732727	0.238526679107873221
T:	0.58258347252162454	0.203810435309110749	0.417640915006997631	0.0396064477524048788	0.0260021433571517699	0.182551666046860259	0.417061276271295526	0.521737353272632124	0.952079706615679283	0.00112703952449671314	0.00214280585979803292	0.00322564795163853717	0.988012219815831732	0.00630374481989379709	0.973602551207966541	0.00946871625470308778	0.365103776698321249	0.104944840946050445	0.612087943299574395	0.0399048798427111629	0.45517427494499449	0.390620049165435103	0.146099613443934035



5	CAGATCT..A	0.49825948245303084


A:	0.19897116413166879	0.169425449264395815	0.625189002532859729	0.904678033181271067	0.390230624176844792	0.15769825297826954	0.334912346008174801	0.0117948665886031785	0.968934013803556747	0.0248158556629156722	0.988246543630211002	0.00312358491916715654	0.00389506324061517826	0.00213530600021623676	0.0735965028060974827	0.223939717307798407	0.693432318322134509	0.52916638941031037	0.0211101366195569252	0.0969337313562918913	0.274643836632796468	0.18811468806032469	0.0438752309528338162
C:	0.368070534222084938	0.105214140951549099	0.0454210787614844463	0.0360697718932610389	0.323149832638616495	0.203258909463842903	0.216496131425061038	0.668940690658433175	0.0119286286477746479	0.00156328901756608944	0.00201720911978779895	0.00429137130269512339	0.987886477479929942	0.0104558513144204311	0.00324382810695002043	0.040680884307017725	0.0992879252883063013	0.122157440814446601	0.0471890998742895083	0.00808845508255395673	0.120037737884718935	0.364333437000516186	0.273024045217742933
G:	0.0839374445048906007	0.469020430193946337	0.106496313020417117	0.0149496055779536369	0.104148840940392171	0.090522993362985303	0.0360269444978346761	0.0200252566306972842	0.0175210092026945869	0.970360595917981397	0.00524481143983937421	0.00170490904847105807	0.00367805495878709224	0.0117390009546693971	0.920944330951605081	0.216667717414446798	0.148233740867615372	0.0902742717277444008	0.00267503867554965159	0.0734065523872919804	0.137285176190220997	0.173034843389393361	0.0388808947455800426
T:	0.349020857141355671	0.256339979590108749	0.222893605685238707	0.0443025893475142574	0.182470702244146543	0.548519844194902255	0.412564578068929485	0.299239186122266362	0.00161634834597401844	0.00326025940153684142	0.00449143581016182468	0.990880134729666662	0.00454040432066778714	0.975669841730693935	0.0022153381353474156	0.51871168097073707	0.0590460155219438178	0.258401898047498629	0.929025724830603915	0.821571261173862172	0.468033249292263601	0.274517031549765764	0.644219829083843208



