1	CAGATCTG	0.498044637566660083


A:	0.526656523839193412	0.372901182467358155	0.322697866103857156	0.141723138706621277	0.178353924902030405	0.172453594810337121	0.10288296364542087	0.00779917019703654688	0.953965079444111165	0.0634153874600967978	0.98737326913303341	0.00530764091876021079	0.000282279603519456616	0.00262245191943646503	0.257419855490994215	0.468874753824203447	0.348633612684393095	0.0756929679826178137	0.180176027705055246	0.185408735173643427	0.214477090315814054	0.170041629246438943
C:	0.0246434913068975761	0.309441191532833058	0.407414787763005808	0.143481786226787045	0.636085765840223081	0.218720012177570207	0.358914104021678584	0.698605991301544508	0.00919233905600852384	0.00381519981554022569	0.000990607975146633538	0.00632848197305974577	0.93248713312084352	0.0342201295804438465	0.0361749830104247303	0.218830398526475873	0.187540092984447949	0.457944638029472992	0.217626877359872263	0.0517498905165473753	0.298237827700980431	0.247983948222659855
G:	0.115397372625385037	0.121915731851503931	0.0809959441537571753	0.0433060919393121131	0.130604691144246547	0.1977760367710087	0.0848242320790428183	0.0361749830104247303	0.0342201295804438465	0.93248713312084352	0.00632848197305974577	0.000990607975146633538	0.00381519981554022569	0.00919233905600852384	0.698605991301544508	0.16977759550792488	0.18693941712370836	0.293285659835731746	0.392481379398243755	0.157541149082950385	0.357484839863900711	0.111324638496417724
T:	0.333302612228523974	0.195741894148304855	0.18889140197937986	0.671488983127279565	0.0549556181134999663	0.411050356241083971	0.453378700253857728	0.257419855490994215	0.00262245191943646503	0.000282279603519456616	0.00530764091876021079	0.98737326913303341	0.0634153874600967978	0.953965079444111165	0.00779917019703654688	0.142517252141395799	0.276886877207450596	0.173076734152177448	0.209715715536828737	0.605300225226858813	0.129800242119304804	0.470649784034483478



2	TAGATCTA	0.497289290475485113


A:	0.441420738139752753	0.181430060172570292	0.373526900638542956	0.23792827436145262	0.213493810733430672	0.110769570399520241	0.185898321230858186	0.0121008407793001916	0.859485285509299168	0.0371962730376670203	0.986884014472069911	0.00440780705312944831	0.000315510528419405851	0.0017581101647766413	0.696901533110332737	0.323155147461780649	0.494556551220849818	0.0837422647691979071	0.309325316815440016	0.211324087843606129	0.226065113555580018	0.210278843904685284
C:	0.115604633899259944	0.063678467327444987	0.056242280549243037	0.261428263303096891	0.501943344994126762	0.285045571759507849	0.330579157005636653	0.248808323136643688	0.00453566198955449308	0.00351390587929207748	0.00214790813693298131	0.00656027033786765926	0.958974310554621496	0.134220942336369697	0.0421893029737233836	0.0905543497358724505	0.106222533335018071	0.115856551783259149	0.165938364230987475	0.108761102076771201	0.221578151010415593	0.41425207451003332
G:	0.298134567928217826	0.153460852571821104	0.194266502599407925	0.320570803991153212	0.115430710061048259	0.325975091607352513	0.0486889299189431274	0.0421893029737233836	0.134220942336369697	0.958974310554621496	0.00656027033786765926	0.00214790813693298131	0.00351390587929207748	0.00453566198955449308	0.248808323136643688	0.362027526066883776	0.251305135088576396	0.605226871889870555	0.240256259505369121	0.250224666980923586	0.441734583335880266	0.185937898103868776
T:	0.144840060032769478	0.601430619928163617	0.375964316212806083	0.180072658344297277	0.169132134211394307	0.278209766233619397	0.434833591844562034	0.696901533110332737	0.0017581101647766413	0.000315510528419405851	0.00440780705312944831	0.986884014472069911	0.0371962730376670203	0.859485285509299169	0.0121008407793001916	0.224262976735463124	0.147915780355555715	0.195174311557672389	0.284480059448203388	0.429690143098699083	0.110622152098124123	0.18953118348141262



3	CAGATCT..A	0.497138000668284108


A:	0.470649784034483478	0.129800242119304804	0.605300225226858813	0.209715715536828737	0.173076734152177448	0.276886877207450596	0.142517252141395799	0.0106289906234696299	0.944348156523431853	0.0256316294768655467	0.993360199875415011	0.00350877655975615499	0.000303647641557894602	0.00157316292921462269	0.257419855490994215	0.453378700253857728	0.411050356241083971	0.0549556181134999663	0.671488983127279565	0.18889140197937986	0.195741894148304855	0.333302612228523974	0.206533781415618845
C:	0.111324638496417724	0.357484839863900711	0.157541149082950385	0.392481379398243755	0.293285659835731746	0.18693941712370836	0.16977759550792488	0.542162275879246137	0.0136544028910547984	0.00177887877286905433	0.00118448932156921928	0.00600466863969010803	0.981677625412602993	0.0787459529144509682	0.0361749830104247303	0.0848242320790428183	0.1977760367710087	0.130604691144246547	0.0433060919393121131	0.0809959441537571753	0.121915731851503931	0.115397372625385037	0.148390280054037055
G:	0.247983948222659855	0.298237827700980431	0.0517498905165473753	0.217626877359872263	0.457944638029472992	0.187540092984447949	0.218830398526475873	0.0225962219623949614	0.0362199895501269325	0.97229174261772658	0.0028121080182083518	0.000833961673632629458	0.00606706635482092716	0.0140594232330730671	0.698605991301544508	0.358914104021678584	0.218720012177570207	0.636085765840223081	0.143481786226787045	0.407414787763005808	0.309441191532833058	0.0246434913068975761	0.0438870464588351973
T:	0.170041629246438943	0.214477090315814054	0.185408735173643427	0.180176027705055246	0.0756929679826178137	0.348633612684393094	0.468874753824203447	0.424612511534889272	0.00577745103538641622	0.000297749132538818565	0.00264320278480741774	0.989652593126921107	0.0119516605910181853	0.905621460923261342	0.00779917019703654688	0.10288296364542087	0.172453594810337121	0.178353924902030405	0.141723138706621277	0.322697866103857156	0.372901182467358155	0.526656523839193412	0.601188892071508903



4	CAGATCT.A	0.497070553662270954


A:	0.470649784034483478	0.129800242119304804	0.605300225226858813	0.209715715536828737	0.173076734152177448	0.276886877207450596	0.142517252141395799	0.00863889553245946193	0.918610492319833935	0.0281178518709586737	0.992661557078147137	0.00365251158426346852	0.000462885630936175025	0.00391403347788256183	0.257419855490994215	0.453378700253857728	0.411050356241083971	0.0549556181134999663	0.671488983127279565	0.18889140197937986	0.195741894148304855	0.333302612228523974	0.206533781415618845
C:	0.111324638496417724	0.357484839863900711	0.157541149082950385	0.392481379398243755	0.293285659835731746	0.18693941712370836	0.16977759550792488	0.425032860567383976	0.0285364170101341336	0.00286391986640571384	0.00287503614154003467	0.00260947486926134019	0.973621971896423098	0.071936193372975812	0.0361749830104247303	0.0848242320790428183	0.1977760367710087	0.130604691144246547	0.0433060919393121131	0.0809959441537571753	0.121915731851503931	0.115397372625385037	0.148390280054037055
G:	0.247983948222659855	0.298237827700980431	0.0517498905165473753	0.217626877359872263	0.457944638029472992	0.187540092984447949	0.218830398526475873	0.0334391971103380007	0.0505483825195564642	0.968759961398143288	0.00298148605344385568	0.00104200285328475425	0.00506449561525003328	0.00979629908825238801	0.698605991301544508	0.358914104021678584	0.218720012177570207	0.636085765840223081	0.143481786226787045	0.407414787763005808	0.309441191532833058	0.0246434913068975761	0.0438870464588351973
T:	0.170041629246438943	0.214477090315814054	0.185408735173643427	0.180176027705055246	0.0756929679826178137	0.348633612684393094	0.468874753824203447	0.532889046789818561	0.00230470815047546737	0.000258266864492324211	0.001481920726868973	0.992696010693190437	0.0208506468573906942	0.914353474060889238	0.00779917019703654688	0.10288296364542087	0.172453594810337121	0.178353924902030405	0.141723138706621277	0.322697866103857156	0.372901182467358155	0.526656523839193412	0.601188892071508903



5	C.AGATCTA	0.497058206153998123


A:	0.412002182057135103	0.441420738139752753	0.181430060172570292	0.373526900638542956	0.23792827436145262	0.213493810733430672	0.110769570399520241	0.185898321230858186	0.0121008407793001916	0.926658723103752381	0.0121123146620956055	0.99285398564937747	0.00315722475880528082	0.000278408512281639576	0.0011346020136056976	0.496456040673143122	0.323155147461780649	0.494556551220849818	0.0837422647691979071	0.309325316815440016	0.211324087843606129	0.226065113555580018	0.210278843904685284
C:	0.0604024081927373291	0.115604633899259944	0.063678467327444987	0.056242280549243037	0.261428263303096891	0.501943344994126762	0.285045571759507849	0.330579157005636653	0.248808323136643688	0.0181923401800541417	0.0020715721385356652	0.00203261720028356524	0.00282241771508212809	0.965230336934527277	0.112464904646627789	0.0239285572303597501	0.0905543497358724505	0.106222533335018071	0.115856551783259149	0.165938364230987475	0.108761102076771201	0.221578151010415593	0.41425207451003332
G:	0.299008703500410473	0.298134567928217826	0.153460852571821104	0.194266502599407925	0.320570803991153212	0.115430710061048259	0.325975091607352513	0.0486889299189431274	0.0421893029737233836	0.0490770163330024795	0.984880173264920525	0.00244404015095664523	0.00164968544314106076	0.00360355228574837621	0.00763263830300682908	0.471584335498672718	0.362027526066883776	0.251305135088576396	0.605226871889870555	0.240256259505369121	0.250224666980923586	0.441734583335880266	0.185937898103868776
T:	0.228586706249717095	0.144840060032769478	0.601430619928163617	0.375964316212806083	0.180072658344297277	0.169132134211394307	0.278209766233619397	0.434833591844562034	0.696901533110332737	0.00607192038319099743	0.000935939934448204382	0.00266935699938231931	0.99237067208297153	0.0308877022674427072	0.878767855036759684	0.00803106659782440975	0.224262976735463124	0.147915780355555715	0.195174311557672389	0.284480059448203388	0.429690143098699083	0.110622152098124123	0.18953118348141262



