1	ATGATCAT	0.498047330903345124


A:	0.188243495851554883	0.200786212557874543	0.237012424075336411	0.28819411692762954	0.290446438133559249	0.302716416135381741	0.249490744907930016	0.834199482858592164	0.00489274827798922628	0.00284592954798897851	0.988463502536963771	0.0022819244310327554	0.000560302826716217494	0.945120571653632759	0.0505080490391178782	0.21889251071795062	0.489378458567844304	0.223874944654844667	0.244376913908634157	0.141461893813737508	0.161904210933197375	0.275788754807406925
C:	0.370336622220838169	0.229798622092470649	0.187451490306524275	0.320510650774165971	0.102386740633432955	0.198836166887742555	0.181439172028465343	0.0301217218669170409	0.0487907015727935056	0.0520058820418382921	0.00210417481357139312	0.00715039821843208018	0.944587885583456512	0.00119597849558450879	0.0851707462353729167	0.323990652235241999	0.0874005706013991325	0.179072269255661058	0.131036444597168424	0.0942629732360954254	0.269261513437634942	0.197327576022926933
G:	0.207219524948246777	0.142541069443687587	0.0425118807796218884	0.197899993056498078	0.137919545373732473	0.164057665835401517	0.0869561752222774642	0.0851707462353729167	0.00119597849558450879	0.944587885583456512	0.00715039821843208018	0.00210417481357139312	0.0520058820418382921	0.0487907015727935056	0.0301217218669170409	0.241231105215269241	0.202420197950661846	0.148739334356063262	0.527936799534161507	0.471151752824312733	0.423895512345265919	0.343804065517670955
T:	0.234200356979360171	0.426874095905967222	0.533024204838517425	0.193395239241706412	0.469247275859275323	0.334389751141474187	0.482113907841327176	0.0505080490391178782	0.945120571653632759	0.000560302826716217494	0.0022819244310327554	0.988463502536963771	0.00284592954798897851	0.00489274827798922628	0.834199482858592164	0.215885731831538139	0.220800772880094717	0.448313451733431012	0.0966498419600359114	0.293123380125854333	0.144938763283901763	0.183079603651995187



2	T.ATGATCA	0.497019019007385627


A:	0.183064156984962733	0.0556772179873579814	0.183079603651995187	0.144938763283901763	0.293123380125854333	0.0966498419600359114	0.448313451733431012	0.220800772880094717	0.215885731831538139	0.842410749755960824	0.00328431610133679196	0.00249181271165668894	0.99109954295603046	0.0027772402061225046	0.000466768813587356053	0.911110795948073683	0.0505080490391178782	0.482113907841327176	0.334389751141474187	0.469247275859275323	0.193395239241706412	0.533024204838517425	0.426874095905967222
C:	0.425714952139933512	0.769901040140509036	0.343804065517670955	0.423895512345265919	0.471151752824312733	0.527936799534161507	0.148739334356063262	0.202420197950661846	0.241231105215269241	0.0441189353434252448	0.0214865455756546036	0.0211695952429129102	0.000918139117403735568	0.0016552905282138967	0.981578582611211212	0.00328847739089745636	0.0851707462353729167	0.0869561752222774642	0.164057665835401517	0.137919545373732473	0.197899993056498078	0.0425118807796218884	0.142541069443687587
G:	0.245160312835047012	0.0689529927451081224	0.197327576022926933	0.269261513437634942	0.0942629732360954254	0.131036444597168424	0.179072269255661058	0.0874005706013991325	0.323990652235241999	0.0797158196721980051	0.00178759730691828201	0.975798785412627576	0.00613975030058192714	0.0022403585498420838	0.013237725215221852	0.0832991737544917091	0.0301217218669170409	0.181439172028465343	0.198836166887742555	0.102386740633432955	0.320510650774165971	0.187451490306524275	0.229798622092470649
T:	0.146060578040056743	0.10546874912702486	0.275788754807406925	0.161904210933197375	0.141461893813737508	0.244376913908634157	0.223874944654844667	0.489378458567844304	0.21889251071795062	0.0337544952284159259	0.973441541016090322	0.000539806632802825187	0.00184256762598387732	0.993327110715821515	0.0047169233599795802	0.00230155290653715175	0.834199482858592164	0.249490744907930016	0.302716416135381741	0.290446438133559249	0.28819411692762954	0.237012424075336411	0.200786212557874543



3	ATGATCA..G	0.496922231551911489


A:	0.183079603651995187	0.144938763283901763	0.293123380125854333	0.0966498419600359114	0.448313451733431012	0.220800772880094717	0.215885731831538139	0.533267207889672979	0.00911162791728784444	0.00321285251639108197	0.99248887525633674	0.00237178172837828951	0.000838927878560494714	0.869561503345315516	0.0505080490391178782	0.482113907841327176	0.334389751141474187	0.469247275859275323	0.193395239241706412	0.533024204838517425	0.426874095905967222	0.234200356979360171	0.215627948416701439
C:	0.343804065517670955	0.423895512345265919	0.471151752824312733	0.527936799534161507	0.148739334356063262	0.202420197950661846	0.241231105215269241	0.111225494958244926	0.0323355957075103047	0.0286109639476325207	0.00149355565671432247	0.00256961780866490935	0.988044636314957633	0.00801968854468116234	0.0851707462353729167	0.0869561752222774642	0.164057665835401517	0.137919545373732473	0.197899993056498078	0.0425118807796218884	0.142541069443687587	0.207219524948246777	0.0780481905026191427
G:	0.197327576022926933	0.269261513437634942	0.0942629732360954254	0.131036444597168424	0.179072269255661058	0.0874005706013991325	0.323990652235241999	0.189116067396257636	0.00170978155850418197	0.967583470407552695	0.00367152433472019361	0.00300723593640858663	0.00940287284895091402	0.114796109093210817	0.0301217218669170409	0.181439172028465343	0.198836166887742555	0.102386740633432955	0.320510650774165971	0.187451490306524275	0.229798622092470649	0.370336622220838169	0.448276662940453995
T:	0.275788754807406925	0.161904210933197375	0.141461893813737508	0.244376913908634157	0.223874944654844667	0.489378458567844304	0.21889251071795062	0.166391229755824459	0.956842994816697669	0.000592713128423702651	0.00234604475222874427	0.992051364526548215	0.00171356295753095819	0.00762269901679250449	0.834199482858592164	0.249490744907930016	0.302716416135381741	0.290446438133559249	0.28819411692762954	0.237012424075336411	0.200786212557874543	0.188243495851554883	0.258047198140225423



4	A.ATGATCA	0.496909883433764694


A:	0.183064156984962733	0.0556772179873579814	0.183079603651995187	0.144938763283901763	0.293123380125854333	0.0966498419600359114	0.448313451733431012	0.220800772880094717	0.215885731831538139	0.599265735037258139	0.00524400460476475034	0.0023849780539920079	0.993159278821834284	0.00286007808686360153	0.000496009202071752385	0.898658061355858239	0.0505080490391178782	0.482113907841327176	0.334389751141474187	0.469247275859275323	0.193395239241706412	0.533024204838517425	0.426874095905967222
C:	0.425714952139933512	0.769901040140509036	0.343804065517670955	0.423895512345265919	0.471151752824312733	0.527936799534161507	0.148739334356063262	0.202420197950661846	0.241231105215269241	0.17647465949865958	0.107208711069351055	0.0232559252645456187	0.00233316072312179692	0.00141988829553146043	0.985075531500417501	0.0155919632708649618	0.0851707462353729167	0.0869561752222774642	0.164057665835401517	0.137919545373732473	0.197899993056498078	0.0425118807796218884	0.142541069443687587
G:	0.245160312835047012	0.0689529927451081224	0.197327576022926933	0.269261513437634942	0.0942629732360954254	0.131036444597168424	0.179072269255661058	0.0874005706013991325	0.323990652235241999	0.118578765169226782	0.00171331935918602075	0.973651390794618914	0.00319552776212153504	0.00283473137914077073	0.0112501894727840764	0.075065347798373889	0.0301217218669170409	0.181439172028465343	0.198836166887742555	0.102386740633432955	0.320510650774165971	0.187451490306524275	0.229798622092470649
T:	0.146060578040056743	0.10546874912702486	0.275788754807406925	0.161904210933197375	0.141461893813737508	0.244376913908634157	0.223874944654844667	0.489378458567844304	0.21889251071795062	0.1056808402948555	0.885833964966698174	0.000707705886843459667	0.00131203269292238441	0.992885302238464167	0.00317826982472667068	0.0106846275749029101	0.834199482858592164	0.249490744907930016	0.302716416135381741	0.290446438133559249	0.28819411692762954	0.237012424075336411	0.200786212557874543



5	T..ATGATCA	0.496818386529716851


A:	0.183064156984962733	0.0556772179873579814	0.183079603651995187	0.144938763283901763	0.293123380125854333	0.0966498419600359114	0.448313451733431012	0.220800772880094717	0.215885731831538139	0.643536162041275929	0.00618571939797203084	0.0018112298488888133	0.992839933760615524	0.00229408018494970508	0.000354134066399672031	0.854852257125369665	0.0505080490391178782	0.482113907841327176	0.334389751141474187	0.469247275859275323	0.193395239241706412	0.533024204838517425	0.426874095905967222
C:	0.425714952139933512	0.769901040140509036	0.343804065517670955	0.423895512345265919	0.471151752824312733	0.527936799534161507	0.148739334356063262	0.202420197950661846	0.241231105215269241	0.121563319238582639	0.0472850169008620508	0.0296174353993111863	0.00203249904683158195	0.0017258071737195668	0.985946049894149067	0.00928052258667391612	0.0851707462353729167	0.0869561752222774642	0.164057665835401517	0.137919545373732473	0.197899993056498078	0.0425118807796218884	0.142541069443687587
G:	0.245160312835047012	0.0689529927451081224	0.197327576022926933	0.269261513437634942	0.0942629732360954254	0.131036444597168424	0.179072269255661058	0.0874005706013991325	0.323990652235241999	0.155353565424880343	0.0010919069523567765	0.967877418753941155	0.00322996719848871246	0.00217299187614066086	0.01059321507295665	0.126469671070191986	0.0301217218669170409	0.181439172028465343	0.198836166887742555	0.102386740633432955	0.320510650774165971	0.187451490306524275	0.229798622092470649
T:	0.146060578040056743	0.10546874912702486	0.275788754807406925	0.161904210933197375	0.141461893813737508	0.244376913908634157	0.223874944654844667	0.489378458567844304	0.21889251071795062	0.0795469532952610898	0.945437356748809142	0.000693915997858845487	0.0018975999940641813	0.993807120765190067	0.00310660096649461076	0.00939754921776443299	0.834199482858592164	0.249490744907930016	0.302716416135381741	0.290446438133559249	0.28819411692762954	0.237012424075336411	0.200786212557874543



