1	CAGATCTG	0.499491491789452796


A:	0.269302761052793749	0.391065910486733035	0.515548223677691039	0.867422164017945483	0.103126841349630845	0.0845242709080369044	0.239394178711983101	0.00202836843512056875	0.981625806410499863	0.0355556745416842936	0.984628773694844662	0.00982323022487021144	0.000652507116625590363	0.00125556714946489866	0.0593497378532960885	0.554152181209602476	0.646586253536651863	0.240524685624525708	0.12318024914168365	0.0945394880368291211	0.170052835792385203	0.318762523712499788
C:	0.110265903869653346	0.222511263918557236	0.100702404474247326	0.00420995085872121303	0.0573675252907890113	0.073762916107129109	0.341691123733072568	0.92906911704888126	0.00719419129545273329	0.00321167961660305227	0.00170393040868684906	0.0038440656715982775	0.960580138725087064	0.00992443514458250549	0.00955277666270208307	0.0363718953714671645	0.089632227304463256	0.145766769886149078	0.0164750734769269965	0.182283100096514635	0.537685726306544903	0.0726810555511575393
G:	0.163057000888445949	0.156135768791704543	0.00493884307238788765	0.0184688118032914472	0.0872709102202942277	0.206834455662008425	0.0261184330329796778	0.00955277666270208307	0.00992443514458250549	0.960580138725087064	0.0038440656715982775	0.00170393040868684906	0.00321167961660305227	0.00719419129545273329	0.92906911704888126	0.260745604131851693	0.122402324519877604	0.264553251530015386	0.0529246459335659011	0.0128190493176570296	0.104651195488841914	0.168431730155712822
T:	0.457374334189106956	0.230287056803005187	0.378810528775673748	0.109899073320041857	0.752234723139285916	0.634878357322825562	0.392796264521964653	0.0593497378532960885	0.00125556714946489866	0.000652507116625590363	0.00982323022487021144	0.984628773694844662	0.0355556745416842936	0.981625806410499863	0.00202836843512056875	0.148730319287078667	0.141379194639007277	0.349155292959309828	0.807420031447823453	0.710358362548999215	0.187610242412227981	0.440124690580629851



2	AGATCTGA	0.498973223148699623


A:	0.391065910486733035	0.515548223677691039	0.867422164017945483	0.103126841349630845	0.0845242709080369044	0.239394178711983101	0.00202836843512056875	0.938964309326552582	0.0218585123417453698	0.990848373674266665	0.00569598235329701974	0.00087188405411328268	0.00338506013370894049	0.195654252602544265	0.554152181209602476	0.646586253536651863	0.240524685624525708	0.12318024914168365	0.0945394880368291211	0.170052835792385203	0.318762523712499788	0.163678745838092765
C:	0.222511263918557236	0.100702404474247326	0.00420995085872121303	0.0573675252907890113	0.073762916107129109	0.341691123733072568	0.92906911704888126	0.0142714226024267398	0.00292457725018621274	0.00121286752310215789	0.00287092094246932479	0.985920062741142135	0.0454037413119584688	0.0535783446854126224	0.0363718953714671645	0.089632227304463256	0.145766769886149078	0.0164750734769269965	0.182283100096514635	0.537685726306544903	0.0726810555511575393	0.368785733936389535
G:	0.156135768791704543	0.00493884307238788765	0.0184688118032914472	0.0872709102202942277	0.206834455662008425	0.0261184330329796778	0.00955277666270208307	0.0440721498754166752	0.974630658315511163	0.00258538558648481773	0.00147646502470596301	0.00249383547518255688	0.0215131951215956349	0.715030476220724375	0.260745604131851693	0.122402324519877604	0.264553251530015386	0.0529246459335659011	0.0128190493176570296	0.104651195488841914	0.168431730155712822	0.0794791363451361364
T:	0.230287056803005187	0.378810528775673748	0.109899073320041857	0.752234723139285916	0.634878357322825562	0.392796264521964653	0.0593497378532960885	0.00269211819560400339	0.000586252092557254453	0.00535337321614635895	0.989956631679527692	0.0107142177295620259	0.929698003432736956	0.0357369264913187379	0.148730319287078667	0.141379194639007277	0.349155292959309828	0.807420031447823453	0.710358362548999215	0.187610242412227981	0.440124690580629851	0.388056383880381564



3	CAGATCT.A	0.498613661554750443


A:	0.440124690580629851	0.18761024241222798	0.710358362548999214	0.807420031447823453	0.349155292959309828	0.141379194639007277	0.148730319287078667	0.00649701528804006873	0.94151083404566165	0.0166955189992969993	0.992241160247969702	0.00616831526835120825	0.000902831497682534538	0.00391154796275553136	0.0593497378532960885	0.392796264521964653	0.634878357322825562	0.752234723139285916	0.109899073320041857	0.378810528775673748	0.230287056803005187	0.457374334189106956	0.0431712990699396979
C:	0.168431730155712822	0.104651195488841914	0.0128190493176570296	0.0529246459335659011	0.264553251530015386	0.122402324519877604	0.260745604131851693	0.305741414870088432	0.0121347260560380459	0.00190498513356925837	0.00194000506535537925	0.00218860084622490371	0.984397199295119612	0.028285195588518493	0.00955277666270208307	0.0261184330329796778	0.206834455662008425	0.0872709102202942277	0.0184688118032914472	0.00493884307238788765	0.156135768791704543	0.163057000888445949	0.14400928909854211
G:	0.0726810555511575393	0.537685726306544903	0.182283100096514635	0.0164750734769269965	0.145766769886149078	0.089632227304463256	0.0363718953714671645	0.0223837355133132988	0.0454951505793053835	0.980598386738550519	0.00154100079891990277	0.00117606065436867065	0.00110938013867158267	0.0225359035696895298	0.92906911704888126	0.341691123733072568	0.073762916107129109	0.0573675252907890113	0.00420995085872121303	0.100702404474247326	0.222511263918557236	0.110265903869653346	0.038882035216755367
T:	0.318762523712499788	0.170052835792385203	0.0945394880368291211	0.12318024914168365	0.240524685624525708	0.646586253536651863	0.554152181209602476	0.6653778343285582	0.000859289318994920988	0.000801109128583223092	0.00427783388775501618	0.990467023231055217	0.0135905890685262709	0.945267352879036446	0.00202836843512056875	0.239394178711983101	0.0845242709080369044	0.103126841349630845	0.867422164017945483	0.515548223677691039	0.391065910486733035	0.269302761052793749	0.773937376614762825



4	CAGATCT..A	0.498574973413683091


A:	0.440124690580629851	0.18761024241222798	0.710358362548999214	0.807420031447823453	0.349155292959309828	0.141379194639007277	0.148730319287078667	0.0107977914376216391	0.952124295583221661	0.028438049147897237	0.987666585922406944	0.00533400324022752516	0.000695346666337322645	0.00485819179050586766	0.0593497378532960885	0.392796264521964653	0.634878357322825562	0.752234723139285916	0.109899073320041857	0.378810528775673748	0.230287056803005187	0.457374334189106956	0.0431712990699396979
C:	0.168431730155712822	0.104651195488841914	0.0128190493176570296	0.0529246459335659011	0.264553251530015386	0.122402324519877604	0.260745604131851693	0.553658390627070934	0.012731290449788616	0.00124063004584346392	0.00185593917391375196	0.00291821295292135004	0.981443390493505871	0.0384861419396964765	0.00955277666270208307	0.0261184330329796778	0.206834455662008425	0.0872709102202942277	0.0184688118032914472	0.00493884307238788765	0.156135768791704543	0.163057000888445949	0.14400928909854211
G:	0.0726810555511575393	0.537685726306544903	0.182283100096514635	0.0164750734769269965	0.145766769886149078	0.089632227304463256	0.0363718953714671645	0.0811124528260239064	0.0326762589880341367	0.968575955153791728	0.00325432591836803663	0.00110063134076818408	0.00341523837458184012	0.0178823233038518149	0.92906911704888126	0.341691123733072568	0.073762916107129109	0.0573675252907890113	0.00420995085872121303	0.100702404474247326	0.222511263918557236	0.110265903869653346	0.038882035216755367
T:	0.318762523712499788	0.170052835792385203	0.0945394880368291211	0.12318024914168365	0.240524685624525708	0.646586253536651863	0.554152181209602476	0.354431365109283521	0.00246815497895558634	0.00174536565246757139	0.00722314898531126733	0.990647152466082941	0.0144460244655749666	0.938773342965945841	0.00202836843512056875	0.239394178711983101	0.0845242709080369044	0.103126841349630845	0.867422164017945483	0.515548223677691039	0.391065910486733035	0.269302761052793749	0.773937376614762825



5	T..AGATCTA	0.498557048132751572


A:	0.0437504011421661379	0.167118948637820725	0.256392264288488473	0.661754843343687473	0.15510022637201312	0.135975086169174904	0.132493499032955352	0.176123599565495673	0.0250016559584118867	0.934556327211170781	0.0185462786827574645	0.98937972627901857	0.00562205369956907983	0.00142986220768881355	0.0055942772920750764	0.354431365109283521	0.205608991111458736	0.691876587143691868	0.14369796500636544	0.476261742071746739	0.205610317237357585	0.210113974422348959	0.240210648008148803
C:	0.158225020774387823	0.26471833207911518	0.264567661462465868	0.207913586312732456	0.0107157185597844756	0.130958274523057689	0.22907484866306521	0.125678907136021682	0.19153850453708877	0.0307153720920140944	0.00341748187216790335	0.00280891948091208121	0.00309010116663366417	0.980513806117026037	0.132363596864603371	0.0811124528260239064	0.051513966350982757	0.162468144532874522	0.227985227953826757	0.2772767690977476	0.250524229453685636	0.10092150202955758	0.266075632471934818
G:	0.0702064695144918578	0.105812021096615007	0.151998531004537631	0.025284052668271856	0.752378170541600367	0.57121784781970717	0.0773201177462789879	0.00889453009406963784	0.0429078423113922746	0.0307341002594584347	0.976380374262921475	0.00192907875345129122	0.00199295047933484114	0.0038119081415721603	0.0180551051027336832	0.553658390627070934	0.462438087413989771	0.0811854775904707719	0.276673058694263563	0.153088465683238582	0.308752093616041892	0.0670211643718212546	0.281925510335989307
T:	0.727818108568954182	0.462350698186449088	0.327041543244508028	0.105047517675308215	0.0818058845266020376	0.161848791488060237	0.56111153455770045	0.689302963204413007	0.740551997193107069	0.0039942004373566897	0.00165586518215315662	0.00588227548661805796	0.989294894654462415	0.0142444235337129892	0.84398702074058787	0.0107977914376216391	0.280438955123568736	0.0644697907329628388	0.35164374834554424	0.0933730231472670793	0.235113359692914887	0.621943359176272206	0.211788209183927071



