1	CAGATCTG	0.499595101718348805


A:	0.436114589625304788	0.320058832954202255	0.156808728074343847	0.25467729349017633	0.268182980542205703	0.110333894356682263	0.0505901456428962942	0.00265793615598038901	0.981933888852884741	0.0150139213565255851	0.988384011363447191	0.00730546164264354394	0.00175337098625647347	0.000868428799406420099	0.04870349144791616	0.522500307597149761	0.617550868971216185	0.090344534856271821	0.130835492388310239	0.152647400008884703	0.195630759190416803	0.121017618366521822
C:	0.0559811641551913913	0.346003944460584762	0.378875727246945546	0.349850323089150932	0.327368439108415824	0.169037944035133881	0.656600522226625809	0.945980798966068191	0.00433811621700853658	0.00151252545675553209	0.00222220990426105107	0.00208831708964821354	0.981720182200462409	0.0128595661307003021	0.00265777343003525953	0.115670263717822899	0.103392291410149357	0.259105316021129945	0.572740224900719127	0.0305192474115767792	0.105540138506396163	0.381966747376616731
G:	0.294477595657115322	0.160627170650716483	0.113636109974409132	0.0605207275062553955	0.132272248452945954	0.075753201346735228	0.0269486192199695167	0.00265777343003525953	0.0128595661307003021	0.981720182200462409	0.00208831708964821354	0.00222220990426105107	0.00151252545675553209	0.00433811621700853658	0.945980798966068191	0.215971632406763156	0.138000293455818347	0.298619093327975366	0.171441803029866639	0.140517920681425312	0.374467306908647054	0.130816466916612127
T:	0.213426650562388499	0.1733100519344965	0.350679434704301475	0.334951655914417342	0.272176331896432519	0.644874960261448628	0.26586071291050838	0.04870349144791616	0.000868428799406420099	0.00175337098625647347	0.00730546164264354394	0.988384011363447191	0.0150139213565255851	0.981933888852884741	0.00265793615598038901	0.145857796278264185	0.141056546162816111	0.351931055794622869	0.124982479681103995	0.676315431898113206	0.32436179539453998	0.36619916734024932



2	TAGATCTA	0.498869303313089419


A:	0.356006680349487036	0.315222599318210674	0.623484778196634675	0.143150907612314523	0.232178326334622597	0.165471133031199818	0.106055858039448129	0.0072936077385623171	0.957178091806915674	0.00877993886976245617	0.987285631808606329	0.00339828076214874991	0.0010246315898738763	0.00123299186012341783	0.773141906982028143	0.380330081892252856	0.638510995110134017	0.265848663745922521	0.236015017171770244	0.370598798108456774	0.187943855160956425	0.169453757476044895
C:	0.0999815492137961042	0.194622491240992456	0.02599565016898196	0.120467816015038714	0.379878186371373315	0.492592361149236122	0.364123700462910634	0.209258987646352555	0.00270467705381408089	0.010344569514675139	0.00154623271584453339	0.00776985471340038808	0.979850860025688528	0.0388842392791468278	0.0103054976330569849	0.101511972349582019	0.0183310876898365605	0.0613027372516311315	0.208050288094864005	0.142249438169063794	0.190249612543674164	0.491246693224769752
G:	0.377486703004858195	0.172595368448649225	0.0687005932502415791	0.635129637490488734	0.0798770714186767045	0.0674003263987831308	0.0375527550825167372	0.0103054976330569849	0.0388842392791468278	0.979850860025688529	0.00776985471340038808	0.00154623271584453339	0.010344569514675139	0.00270467705381408089	0.209258987646352555	0.253501345166429143	0.277371296496179403	0.534367872967355192	0.27466035535414797	0.139430588442628216	0.316244219352879386	0.280458623444917879
T:	0.166525067431858665	0.317559540992147645	0.281818978384141786	0.10125163888215803	0.308066415875327383	0.27453617942078093	0.4922676864151245	0.773141906982028143	0.00123299186012341783	0.0010246315898738763	0.00339828076214874991	0.987285631808606329	0.00877993886976245617	0.957178091806915673	0.0072936077385623171	0.264656600591735982	0.06578662070385002	0.138480726035091156	0.281274339379217781	0.347721175279851215	0.305562312942490025	0.0588409258542674742



3	CAGATCT..A	0.498680865282640594


A:	0.36619916734024932	0.32436179539453998	0.676315431898113206	0.124982479681103995	0.351931055794622869	0.141056546162816111	0.145857796278264185	0.0150027261255126562	0.984974948117458413	0.00741020875456609533	0.99071740402224384	0.00436422094240877649	0.000735617719187432445	0.0015260139265830987	0.04870349144791616	0.26586071291050838	0.644874960261448628	0.272176331896432519	0.334951655914417342	0.350679434704301475	0.1733100519344965	0.213426650562388499	0.124796276040670383
C:	0.130816466916612127	0.374467306908647054	0.140517920681425312	0.171441803029866639	0.298619093327975366	0.138000293455818347	0.215971632406763156	0.775216831156736873	0.00151405015433977663	0.00218977309708666086	0.00214728476096159441	0.00246992921308655926	0.984385569526553294	0.0220353870486993031	0.00265777343003525953	0.0269486192199695167	0.075753201346735228	0.132272248452945954	0.0605207275062553955	0.113636109974409132	0.160627170650716483	0.294477595657115322	0.0477371522651969173
G:	0.381966747376616731	0.105540138506396163	0.0305192474115767792	0.572740224900719127	0.259105316021129945	0.103392291410149357	0.115670263717822899	0.0189270880530043018	0.00842012020835628643	0.989372336930940245	0.00124514562124525589	0.00106270810240378588	0.010175352777106401	0.00316831156252412191	0.945980798966068191	0.656600522226625809	0.169037944035133881	0.327368439108415824	0.349850323089150932	0.378875727246945546	0.346003944460584762	0.0559811641551913913	0.059603977296292894
T:	0.121017618366521822	0.195630759190416803	0.152647400008884703	0.130835492388310239	0.090344534856271821	0.617550868971216185	0.522500307597149761	0.190853354664746169	0.00509088151984552348	0.00102768121740699886	0.00589016559554930929	0.992103141742100878	0.00470345997715287283	0.973270287462193476	0.00265793615598038901	0.0505901456428962942	0.110333894356682263	0.268182980542205703	0.25467729349017633	0.156808728074343847	0.320058832954202255	0.436114589625304788	0.767862594397839806



4	AGATCTG.A	0.498583942567345057


A:	0.320058832954202255	0.156808728074343847	0.25467729349017633	0.268182980542205703	0.110333894356682263	0.0505901456428962942	0.00265793615598038901	0.981717904106216243	0.00849661477714334444	0.992256778574676382	0.0048819747879488005	0.00141609754825533252	0.00278584643723525135	0.475989077268811088	0.522500307597149761	0.617550868971216185	0.090344534856271821	0.130835492388310239	0.152647400008884703	0.195630759190416803	0.121017618366521822	0.26763715157217388	0.243503652815648751
C:	0.346003944460584762	0.378875727246945546	0.349850323089150932	0.327368439108415824	0.169037944035133881	0.656600522226625809	0.945980798966068191	0.00224831150210151977	0.00510500214009293531	0.0026752342459659815	0.00206464568208062068	0.989865682062222164	0.0111922543043022521	0.0122204153020096636	0.115670263717822899	0.103392291410149357	0.259105316021129945	0.572740224900719127	0.0305192474115767792	0.105540138506396163	0.381966747376616731	0.0420598381003988342	0.339581716530702939
G:	0.160627170650716483	0.113636109974409132	0.0605207275062553955	0.132272248452945954	0.075753201346735228	0.0269486192199695167	0.00265777343003525953	0.0114756494792557504	0.985469425405010429	0.00148616428349762222	0.001561082510025638	0.00497605589537885744	0.00200738391880538167	0.504544824419874576	0.215971632406763156	0.138000293455818347	0.298619093327975366	0.171441803029866639	0.140517920681425312	0.374467306908647054	0.130816466916612127	0.135215911564628543	0.184122045049403966
T:	0.1733100519344965	0.350679434704301475	0.334951655914417342	0.272176331896432519	0.644874960261448628	0.26586071291050838	0.04870349144791616	0.00455813491242648688	0.000928957677753291735	0.00358182289586001391	0.991492297019944941	0.00374216449414364608	0.984014515339657115	0.00724568300930467182	0.145857796278264185	0.141056546162816111	0.351931055794622869	0.124982479681103995	0.676315431898113206	0.32436179539453998	0.36619916734024932	0.555087098762798742	0.232792585604244344



5	C.AGATCTG	0.49845964834296439


A:	0.767862594397839806	0.436114589625304788	0.320058832954202255	0.156808728074343847	0.25467729349017633	0.268182980542205703	0.110333894356682263	0.0505901456428962942	0.00265793615598038901	0.987857352225817696	0.00545752796658141908	0.992040216606999101	0.00247869117457001055	0.00105460474878708166	0.00160043885230639375	0.190773392205515273	0.522500307597149761	0.617550868971216185	0.090344534856271821	0.130835492388310239	0.152647400008884703	0.195630759190416803	0.121017618366521822
C:	0.059603977296292894	0.0559811641551913913	0.346003944460584762	0.378875727246945546	0.349850323089150932	0.327368439108415824	0.169037944035133881	0.656600522226625809	0.945980798966068191	0.00294021065442340941	0.00261025820682671999	0.00209289783389318958	0.00183659791575947135	0.989596484110940686	0.00829060387054770057	0.00903884710454350317	0.115670263717822899	0.103392291410149357	0.259105316021129945	0.572740224900719127	0.0305192474115767792	0.105540138506396163	0.381966747376616731
G:	0.0477371522651969173	0.294477595657115322	0.160627170650716483	0.113636109974409132	0.0605207275062553955	0.132272248452945954	0.075753201346735228	0.0269486192199695167	0.00265777343003525953	0.00828663952274882667	0.991084201393114729	0.00160755076029213005	0.00236968800632293159	0.00172285059543126694	0.00242706277976072683	0.793533783938926935	0.215971632406763156	0.138000293455818347	0.298619093327975366	0.171441803029866639	0.140517920681425312	0.374467306908647054	0.130816466916612127
T:	0.124796276040670383	0.213426650562388499	0.1733100519344965	0.350679434704301475	0.334951655914417342	0.272176331896432519	0.644874960261448628	0.26586071291050838	0.04870349144791616	0.000915797597010067489	0.000848012433477132349	0.00425933479881557958	0.993315022903347587	0.00762606054484096542	0.987681894497385179	0.00665397675101428893	0.145857796278264185	0.141056546162816111	0.351931055794622869	0.124982479681103995	0.676315431898113206	0.32436179539453998	0.36619916734024932



