1	CAGATCTG	0.498795180722891566


A:	0.154033381058326086	0.319599085278859373	0.263173162047977959	0.283458500460611308	0.159469426525824216	0.13334687341273199	0.0709720756041121018	0.00545782568664546612	0.953836732753985976	0.0516883643211110328	0.975826004568934007	0.00219774565119397034	0.000292400061320037293	0.000954752090335793834	0.0638717838654635383	0.604394129738261652	0.448489895056523995	0.0989218340286086071	0.221682576150655031	0.104616911328513295	0.212341508453970175	0.17672605532467732
C:	0.0675309854542052384	0.196746742172418204	0.457551633071456403	0.374378165646221401	0.560778198362065829	0.298229979862879317	0.440285684854995283	0.915890139772949384	0.013745811219243572	0.00440427139326626695	0.000722255020157629617	0.0212539947597143932	0.943614964224302663	0.0314627039364346585	0.0147802506749416119	0.0622723964567944308	0.155557157003328641	0.284388708176335391	0.371388191812462305	0.0406674195662476119	0.367987951576865993	0.198571934930501493
G:	0.38864135486890888	0.105376307544970712	0.125810521318738156	0.153855529426110623	0.148849446639215653	0.0509228821547094971	0.0688417992290218574	0.0147802506749416119	0.0314627039364346585	0.943614964224302663	0.0212539947597143932	0.000722255020157629617	0.00440427139326626695	0.013745811219243572	0.915890139772949384	0.194689095709951599	0.244532860518990789	0.222159407603687258	0.237406173054810173	0.125574595760813034	0.138523688890919299	0.0699581185838275845
T:	0.389794278618559795	0.378277865003751711	0.153464683561827481	0.188307804467056668	0.130902928472894302	0.517500264569679195	0.419900440311870758	0.0638717838654635383	0.000954752090335793834	0.000292400061320037293	0.00219774565119397034	0.975826004568934007	0.0516883643211110328	0.953836732753985976	0.00545782568664546612	0.138644378094992318	0.151420087421156575	0.394530050191368744	0.169523058982072491	0.729141073344426059	0.281146851078244533	0.554743891160993602



2	TAGATCTA	0.49809904705475732


A:	0.582555531452856972	0.206396018881218781	0.466919830849393145	0.190075038960189369	0.204185015712808324	0.0662802804709732983	0.0924677750499419567	0.00954621827861928537	0.865766092505915466	0.0189205698539593954	0.985301652637627034	0.00430759123555469378	0.000398980979073415158	0.000840358272735024139	0.815369633372286385	0.363454962275911655	0.765433153208871083	0.158379705076053811	0.251022738380684368	0.362223936210011506	0.164875794866310166	0.169171370734218311
C:	0.0425388644117287957	0.267115545674109542	0.0365560989597008064	0.139552102928759816	0.334936497000785237	0.176103121286542915	0.509403396542427723	0.14602107419716118	0.0068900306921899691	0.00688621731554623109	0.00129772886134174258	0.00909302726547652984	0.973794231851420958	0.126503518529159541	0.0290630741519331502	0.234517772898753709	0.0303343977311783035	0.0512291658191983861	0.19264146191883545	0.169028389866178295	0.154214339713864845	0.573193622530332957
G:	0.266144753401488117	0.132160917320274052	0.304920575570098625	0.548714927266681627	0.0984681564910812561	0.0847981582675860219	0.030260169766549224	0.0290630741519331502	0.126503518529159541	0.973794231851420958	0.00909302726547652984	0.00129772886134174258	0.00688621731554623109	0.0068900306921899691	0.14602107419716118	0.324429313997215494	0.159542249449364575	0.53192838994727303	0.403229010776948464	0.212368717429078196	0.53960240154397032	0.151004887764717584
T:	0.108760850733926116	0.394327518124397625	0.191603494620807423	0.121657930844369189	0.362410330795325183	0.672818439974897765	0.367868658641081096	0.815369633372286385	0.000840358272735024139	0.000398980979073415158	0.00430759123555469378	0.985301652637627034	0.0189205698539593954	0.865766092505915466	0.00954621827861928537	0.0775979508281191427	0.0446901996105860381	0.258462739157474773	0.153106788923531718	0.256378956494732003	0.141307463875854669	0.106630118970731148



3	AGATCTA.A	0.497950111138552729


A:	0.16488266896328309	0.421574222439268227	0.200956978906092175	0.103371780792728364	0.110174364179348229	0.038017229023444305	0.0096918840694119043	0.932425182053848907	0.00811974825394817098	0.991648264972596963	0.00284732538883652085	0.000428258597287899512	0.00065645744324046339	0.662074874299292456	0.289740336356275995	0.765433153208871083	0.22861747971595399	0.479322577913491465	0.192467651006811753	0.120232534742106779	0.152971917080412164	0.397729328008097249	0.521273791864746757
C:	0.207200421209924181	0.127438436578617888	0.266282720942575192	0.251362959142601787	0.130904646146729025	0.59066125494663809	0.467327929420914068	0.0303379589762421694	0.00129977891505813123	0.00108082143281214042	0.00561612933405822032	0.984962531456368462	0.0459730806393853436	0.0167719134990672945	0.255504835554685483	0.0303343977311783035	0.227255993065824373	0.196081275446487655	0.164966252192693123	0.330740032147437495	0.54744689004951957	0.0532154266206072385	0.291968517055907613
G:	0.343255130951552399	0.277605978503986914	0.261080182013834518	0.23510596683423319	0.0893053847769581523	0.0987151367021234261	0.0173457485132972775	0.0353994625976188714	0.98937258518653861	0.0033692129245801356	0.000679105269882258968	0.005876007315519141	0.00348253945880782695	0.312572551396709632	0.272499912568639575	0.159542249449364575	0.13404329192137807	0.0895197543585872747	0.0514813309622801047	0.33865939851850952	0.134228149350412721	0.100192995648604738	0.0499478087180691583
T:	0.28466177887524033	0.173381362478126971	0.271680118137498114	0.410159293230436659	0.669615604896964594	0.272606379327794179	0.50563443799637675	0.0018373963722900525	0.00120788764445508796	0.00390170067001076083	0.990857440007223	0.00873320263082449701	0.949887922458566366	0.00858066080493061727	0.182254915520398947	0.0446901996105860381	0.410083235296843566	0.235076392281433606	0.59108476583821502	0.210368034591946206	0.165353043519655545	0.448862249722690775	0.136809882361276472



4	GATC.GATC	0.497772620791432819


A:	0.36121121775496224	0.254564968438273741	0.426993367715752978	0.180339575504313887	0.357052861069498416	0.0900090350486966754	0.663286178320198128	0.0179367511574529214	0.931216096278894606	0.00866063647498658075	0.00461916741712631775	0.544188912885359302	0.088961532832531427	0.966409762264147898	0.0439157872229672058	0.0399802079681989154	0.0272773988812416568	0.455104252368885534	0.666477039334844358	0.374476001284096752	0.346907838438376899	0.189595706416106277	0.192839993768627693
C:	0.283262694345543219	0.26359946142743036	0.202824886150046257	0.330552691733181758	0.128634283134618435	0.633848582077121973	0.203147769652668698	0.0367665300374398309	0.0131751272523032138	0.0166219640948034387	0.821966919225739667	0.159281671059388384	0.0844523805246025888	0.00830763716606208231	0.0116929892458349745	0.905316510836908332	0.128614045510559319	0.0474026255703309946	0.0951412832964918829	0.14169617628659019	0.209651085547411563	0.168488310926522187	0.324094724842268127
G:	0.309252022741278856	0.271558484901704073	0.128142909529295767	0.171982144291261785	0.274416529000878698	0.159891243808724219	0.0591995262748040938	0.905316510836908332	0.0116929892458349745	0.00830763716606208231	0.0844523805246025888	0.260419456744947849	0.821966919225739667	0.0166219640948034387	0.0131751272523032138	0.0367665300374398309	0.0691446331864064477	0.452030226910038131	0.164955414600590699	0.203855595274095872	0.32710847453459847	0.266323071448211475	0.363871870358270988
T:	0.0462740651582156851	0.210277085232591827	0.242038836604904998	0.31712558847124257	0.23989632679500445	0.116251139065457133	0.0743665257523290798	0.0399802079681989154	0.0439157872229672058	0.966409762264147898	0.088961532832531427	0.0361099593103044647	0.00461916741712631775	0.00866063647498658075	0.931216096278894606	0.0179367511574529214	0.774963922421792576	0.0454628951507453404	0.0734262627680730603	0.279972227155217186	0.116332601479613067	0.375592911209160062	0.119193411030833191



5	T..AGATCTA	0.497549463516368925


A:	0.579793941282472129	0.582555531452856972	0.206396018881218781	0.466919830849393145	0.190075038960189369	0.204185015712808324	0.0662802804709732983	0.0924677750499419567	0.00954621827861928537	0.96491799133212944	0.00745444203797027709	0.992467515863759166	0.00176087042634196458	0.00050908167901316929	0.00116265144103197707	0.50563443799637675	0.363454962275911655	0.765433153208871083	0.158379705076053811	0.251022738380684368	0.362223936210011506	0.164875794866310166	0.169171370734218311
C:	0.0778762970878832988	0.0425388644117287957	0.267115545674109542	0.0365560989597008064	0.139552102928759816	0.334936497000785237	0.176103121286542915	0.509403396542427723	0.14602107419716118	0.0119818702985806269	0.00231958132177575026	0.000886953918237824899	0.00480630812574726435	0.987886352030894459	0.0865495335976729452	0.0173457485132972775	0.234517772898753709	0.0303343977311783035	0.0512291658191983861	0.19264146191883545	0.169028389866178295	0.154214339713864845	0.573193622530332957
G:	0.128981841965266514	0.266144753401488117	0.132160917320274052	0.304920575570098625	0.548714927266681627	0.0984681564910812561	0.0847981582675860219	0.030260169766549224	0.0290630741519331502	0.0212045377709862207	0.989476564823930288	0.00452463063607944496	0.000755502557790693325	0.00402579300443720069	0.00478003386398328836	0.467327929420914068	0.324429313997215494	0.159542249449364575	0.53192838994727303	0.403229010776948464	0.212368717429078196	0.53960240154397032	0.151004887764717584
T:	0.213347919664378059	0.108760850733926116	0.394327518124397625	0.191603494620807423	0.121657930844369189	0.362410330795325183	0.672818439974897765	0.367868658641081096	0.815369633372286385	0.00189560059830371254	0.000749411816323685104	0.00212089958192356397	0.992677318890120078	0.00757877328565517098	0.907507781097311789	0.0096918840694119043	0.0775979508281191427	0.0446901996105860381	0.258462739157474773	0.153106788923531718	0.256378956494732003	0.141307463875854669	0.106630118970731148



