1	CAGATCTG	0.499595101718348805


A:	0.303269736317786099	0.426300956227449647	0.127839387266244626	0.295067874208998122	0.193307132384403547	0.142798840463345749	0.127386185239118077	0.00320764733423688679	0.979462640045398552	0.0134716341124284678	0.9857076418426107	0.0104108401952732045	0.00125019630560595242	0.00152334259529745026	0.0940576635237886745	0.389377516748475946	0.504061021977051297	0.094410837629881201	0.291086796594286219	0.241131902768632553	0.274956676554808577	0.211051435923925074
C:	0.0354675796011565343	0.226892584299909744	0.557019803491607295	0.233470238526695338	0.396154501142890221	0.175113135847744687	0.496934103934950468	0.899135156965715676	0.00947774313510777109	0.00332608733018771271	0.00127956194362077377	0.00260195601849532145	0.981952082251777867	0.00953627422419622638	0.00359953217625876291	0.248541602683816822	0.0611390516581501528	0.308077651534432653	0.375751314165386165	0.0233573215710811374	0.0925150359074180384	0.267770541529807191
G:	0.260317397564624146	0.110310811321642411	0.0877023296307214652	0.113910465756340932	0.249421851969317196	0.0853226691746575852	0.0469136045617189465	0.00359953217625876291	0.00953627422419622638	0.981952082251777867	0.00260195601849532145	0.00127956194362077377	0.00332608733018771271	0.00947774313510777109	0.899135156965715676	0.191815739323834285	0.276148571572988975	0.238868622832195145	0.219030406490847678	0.105789459601667351	0.497668089413320671	0.169602932201886201
T:	0.400945286516433221	0.236495648150998198	0.227438479611426614	0.357551421507965608	0.161116514503389036	0.596765354514251978	0.328766106264212508	0.0940576635237886745	0.00152334259529745026	0.00125019630560595242	0.0104108401952732045	0.9857076418426107	0.0134716341124284678	0.979462640045398552	0.00320764733423688679	0.170265141243872947	0.158651354791809575	0.358642888003491001	0.114131482749479938	0.629721316058618959	0.134860198124452714	0.351575090344381534



2	CAGATCT..A	0.498369967893306989


A:	0.351575090344381534	0.134860198124452714	0.629721316058618959	0.114131482749479938	0.358642888003491001	0.158651354791809575	0.170265141243872947	0.0149593308775897653	0.970792787021670819	0.0101054901060355322	0.992004458518783168	0.0037869238055256394	0.000907500187095775404	0.00254120781540650293	0.0940576635237886745	0.328766106264212508	0.596765354514251978	0.161116514503389036	0.357551421507965608	0.227438479611426614	0.236495648150998198	0.400945286516433221	0.218205598136687773
C:	0.169602932201886201	0.497668089413320671	0.105789459601667351	0.219030406490847678	0.238868622832195145	0.276148571572988975	0.191815739323834285	0.739575587967886548	0.00672739782739269479	0.00271574470156754519	0.00204015500261117511	0.00438707900921099065	0.976890618381870668	0.0383875010172633344	0.00359953217625876291	0.0469136045617189465	0.0853226691746575852	0.249421851969317196	0.113910465756340932	0.0877023296307214652	0.110310811321642411	0.260317397564624146	0.0306813371254108018
G:	0.267770541529807191	0.0925150359074180384	0.0233573215710811374	0.375751314165386165	0.308077651534432653	0.0611390516581501528	0.248541602683816822	0.0187373038776234111	0.0158758844563835558	0.986159624524705986	0.00244247174432351937	0.00111884753554716782	0.0186914919662085991	0.00947309115512544336	0.899135156965715676	0.496934103934950468	0.175113135847744687	0.396154501142890221	0.233470238526695338	0.557019803491607295	0.226892584299909744	0.0354675796011565343	0.0551471461883441894
T:	0.211051435923925074	0.274956676554808577	0.241131902768632553	0.291086796594286219	0.094410837629881201	0.504061021977051297	0.389377516748475946	0.226727777276900275	0.00660393069455293079	0.0010191406676909368	0.00351291473428213763	0.990707149649716202	0.00351038946482495748	0.949598200012204719	0.00320764733423688679	0.127386185239118077	0.142798840463345749	0.193307132384403547	0.295067874208998122	0.127839387266244626	0.426300956227449647	0.303269736317786099	0.695965918549557236



3	TAGATCTA	0.498306423739692885


A:	0.313559111493958151	0.203842214824397596	0.574414007396798314	0.212061964241375341	0.297089761615676731	0.12942562058492574	0.105175447469156476	0.00820408448543042246	0.955242507372591147	0.0104955923068608471	0.98640252357216565	0.00375914136046989834	0.0010160137031384303	0.00161134579199447608	0.598170182426202046	0.526667287789068522	0.551690904755490829	0.235032112833414042	0.40453590647498131	0.273172389183962951	0.187181168173379649	0.208764362192398644
C:	0.226285046720376431	0.241398113165433138	0.0420026969732368967	0.188686317992286905	0.305125505771544919	0.460199541868717932	0.202367403231751251	0.38258257713073258	0.0155355015403975583	0.00887835556568591186	0.00240640757076407748	0.00743192749660037377	0.979610038424314811	0.027610645295016819	0.0110431559576349517	0.111278949749255215	0.0374298873173272404	0.0338732886873753111	0.209310525278376008	0.110941261025579327	0.180712836857985608	0.272291359275040548
G:	0.280681682971438025	0.114304852576689833	0.0776653020373344915	0.48997919428705989	0.0402748626360044594	0.0835032604568319357	0.103035242357209604	0.0110431559576349517	0.027610645295016819	0.979610038424314811	0.00743192749660037377	0.00240640757076407748	0.00887835556568591186	0.0155355015403975583	0.38258257713073258	0.254578106494158285	0.285577541425773596	0.64483979512994667	0.174103901153804088	0.12918600728433561	0.254689258369596269	0.296804346338214018
T:	0.179474158814227393	0.440454819433479433	0.305917993592630298	0.109272523479277864	0.357509869976773891	0.326871577089524392	0.58942190694188267	0.598170182426202046	0.00161134579199447608	0.0010160137031384303	0.00375914136046989834	0.98640252357216565	0.0104955923068608471	0.955242507372591147	0.00820408448543042246	0.107475655967517978	0.125301666501408335	0.0862548033492639774	0.212049667092838595	0.486700342506122113	0.377416736599038475	0.222139932194346789



4	AGATCTG.A	0.498125644909877275


A:	0.426300956227449647	0.127839387266244626	0.295067874208998122	0.193307132384403547	0.142798840463345749	0.127386185239118077	0.00320764733423688679	0.957122299660246731	0.00802437492423335911	0.990829719708927586	0.00190232107041340318	0.00123066948082567433	0.00485180382094932007	0.41334347720218108	0.389377516748475946	0.504061021977051297	0.094410837629881201	0.291086796594286219	0.241131902768632553	0.274956676554808577	0.211051435923925074	0.237966735818503076	0.14706651493696721
C:	0.226892584299909744	0.557019803491607295	0.233470238526695338	0.396154501142890221	0.175113135847744687	0.496934103934950468	0.899135156965715676	0.0133598894452297932	0.00363631261086301929	0.00181629558424977394	0.00309409624147404671	0.984375478825301792	0.0228649659465729583	0.0179684584578475661	0.248541602683816822	0.0611390516581501528	0.308077651534432653	0.375751314165386165	0.0233573215710811374	0.0925150359074180384	0.267770541529807191	0.0346658522945731958	0.481657100351253173
G:	0.110310811321642411	0.0877023296307214652	0.113910465756340932	0.249421851969317196	0.0853226691746575852	0.0469136045617189465	0.00359953217625876291	0.0163093453004229386	0.986862207995921788	0.00159899656605654268	0.00211350090679087135	0.00859410858615144423	0.00814987141948233885	0.556832253703039905	0.191815739323834285	0.276148571572988975	0.238868622832195145	0.219030406490847678	0.105789459601667351	0.497668089413320671	0.169602932201886201	0.155815663446903018	0.238313093783787705
T:	0.236495648150998198	0.227438479611426614	0.357551421507965608	0.161116514503389036	0.596765354514251978	0.328766106264212508	0.0940576635237886745	0.0132084655941005372	0.00147710446898183411	0.00575498814076609719	0.992890081781321679	0.00579974310772108947	0.964133358812995383	0.0118558106369314483	0.170265141243872947	0.158651354791809575	0.358642888003491001	0.114131482749479938	0.629721316058618959	0.134860198124452714	0.351575090344381534	0.57155174844002071	0.132963290927991912



5	CAGATCT.A	0.497854620437595693


A:	0.351575090344381534	0.134860198124452714	0.629721316058618959	0.114131482749479938	0.358642888003491001	0.158651354791809575	0.170265141243872947	0.0236314311628765589	0.898104251553673805	0.0143559039158012241	0.990359132493603559	0.00494678003443223038	0.00194766459917810272	0.00564848711903974938	0.0940576635237886745	0.328766106264212508	0.596765354514251978	0.161116514503389036	0.357551421507965608	0.227438479611426614	0.236495648150998198	0.400945286516433221	0.218205598136687773
C:	0.169602932201886201	0.497668089413320671	0.105789459601667351	0.219030406490847678	0.238868622832195145	0.276148571572988975	0.191815739323834285	0.417362892554202096	0.0582347777586286116	0.0082731108005143886	0.00500887367893430598	0.00353299183077999345	0.983193889067787129	0.0540008869083097632	0.00359953217625876291	0.0469136045617189465	0.0853226691746575852	0.249421851969317196	0.113910465756340932	0.0877023296307214652	0.110310811321642411	0.260317397564624146	0.0306813371254108018
G:	0.267770541529807191	0.0925150359074180384	0.0233573215710811374	0.375751314165386165	0.308077651534432653	0.0611390516581501528	0.248541602683816822	0.0568123043638436419	0.0342711640458308354	0.976061879255173585	0.00258760495378004818	0.00180317289319754647	0.00478783494917540456	0.0167721366724451695	0.899135156965715676	0.496934103934950468	0.175113135847744687	0.396154501142890221	0.233470238526695338	0.557019803491607295	0.226892584299909744	0.0354675796011565343	0.0551471461883441894
T:	0.211051435923925074	0.274956676554808577	0.241131902768632553	0.291086796594286219	0.094410837629881201	0.504061021977051297	0.389377516748475946	0.502193371919077704	0.00938980664186674769	0.00130910602851080256	0.00204438887368208679	0.98971705524159023	0.0100706113838593632	0.923578489300205318	0.00320764733423688679	0.127386185239118077	0.142798840463345749	0.193307132384403547	0.295067874208998122	0.127839387266244626	0.426300956227449647	0.303269736317786099	0.695965918549557236



