1	C..AGATCTA	0.49647478638810688


A:	0.271083492431606149	0.11849207046722461	0.154464920027610373	0.619343954932138278	0.0728748565443594149	0.107468662374281588	0.133938183050476849	0.097875003811939395	0.0156765154618853054	0.952364390094547871	0.0055368994977602963	0.990796928642607844	0.00240727718063386084	0.00308807912108649893	0.00166435750786334428	0.797441275373507091	0.275612267025289935	0.564583643419789975	0.406642464460263664	0.543942821569102516	0.537511179138801522	0.287481821943020366	0.190238556619512429
C:	0.0894601757753256923	0.274464684080344602	0.182000545762660214	0.0544156763803981692	0.0979391119316698976	0.167759608895246273	0.604262148939041114	0.313779215550657976	0.435982042937196101	0.0146218376883033608	0.00452514220767180104	0.00182360302452352432	0.00402009875453862253	0.985547999577826428	0.0275343659226114657	0.0180228800209410924	0.277407009055886649	0.0914114872197028377	0.0659309406505121392	0.141415731893060131	0.0746560207857952342	0.252310655993776867	0.387649669185199671
G:	0.0833577933355151565	0.175975593210702688	0.381468586139402852	0.109057716231180651	0.52152665271793241	0.173877329131705046	0.132680326086803631	0.0744087781139971088	0.0126018562604546051	0.0272767357018228062	0.987603067136526912	0.00324034311776924569	0.00182683909736545096	0.00206544425509867415	0.00842835735218939817	0.177028894785514144	0.215367841223298831	0.245054507315099504	0.397438347948217973	0.120195003559793509	0.19357127266335561	0.281596575817564657	0.25250797114883284
T:	0.556098538457553002	0.431067652241728101	0.282065948070326562	0.217182652456282902	0.307659378806038277	0.550894399598767093	0.129119341923678407	0.513937002523405521	0.535739585340463989	0.00573703651532596185	0.00233489115804099012	0.00413912521509938557	0.991745784967462066	0.00929847704598839917	0.962372919217335792	0.0075069498200376729	0.231612882695524585	0.0989503620454076827	0.129988246941006224	0.194446442978043844	0.194261527412047633	0.178610946245638109	0.169603803046455059



2	CAGATCTA	0.496202590489915219


A:	0.11849207046722461	0.154464920027610373	0.619343954932138278	0.0728748565443594149	0.107468662374281588	0.133938183050476849	0.097875003811939395	0.0156765154618853054	0.956676564477231171	0.00770683127561493191	0.992004211621722459	0.00704624484990416953	0.00068147244584350256	0.00110825021351839493	0.611721632691654859	0.275612267025289935	0.564583643419789975	0.406642464460263664	0.543942821569102516	0.537511179138801522	0.287481821943020366	0.190238556619512429
C:	0.274464684080344602	0.182000545762660214	0.0544156763803981692	0.0979391119316698976	0.167759608895246273	0.604262148939041114	0.313779215550657976	0.435982042937196101	0.0217268681109160722	0.00298519253148365012	0.00158689471663118043	0.00157160553392534324	0.985293207381837993	0.0595260778619707035	0.0118101378180324523	0.277407009055886649	0.0914114872197028377	0.0659309406505121392	0.141415731893060131	0.0746560207857952342	0.252310655993776867	0.387649669185199671
G:	0.175975593210702688	0.381468586139402852	0.109057716231180651	0.52152665271793241	0.173877329131705046	0.132680326086803631	0.0744087781139971088	0.0126018562604546051	0.0204596023271283587	0.988543077147929961	0.00232842222103327599	0.00114062001192477392	0.00458987420422953696	0.00205181776083316728	0.373103741746756236	0.215367841223298831	0.245054507315099504	0.397438347948217973	0.120195003559793509	0.19357127266335561	0.281596575817564657	0.25250797114883284
T:	0.431067652241728101	0.282065948070326562	0.217182652456282902	0.307659378806038277	0.550894399598767093	0.129119341923678407	0.513937002523405521	0.535739585340463989	0.00113696508472439795	0.000764899044971456598	0.00408047144061308502	0.990241529604245713	0.00943544596808896779	0.937313854163677734	0.00336448774355645233	0.231612882695524585	0.0989503620454076827	0.129988246941006224	0.194446442978043844	0.194261527412047633	0.178610946245638109	0.169603803046455059



3	AGATCTA..G	0.494767743369388057


A:	0.154464920027610373	0.619343954932138278	0.0728748565443594149	0.107468662374281588	0.133938183050476849	0.097875003811939395	0.0156765154618853054	0.975435265781141067	0.00557237670175453043	0.990480269571115487	0.00390795774004935731	0.00187301345507939052	0.00205850320047767856	0.782527563331132893	0.275612267025289935	0.564583643419789975	0.406642464460263664	0.543942821569102516	0.537511179138801522	0.287481821943020366	0.190238556619512429	0.610507317695551457	0.206053870564338917
C:	0.182000545762660214	0.0544156763803981692	0.0979391119316698976	0.167759608895246273	0.604262148939041114	0.313779215550657976	0.435982042937196101	0.00884227502218647789	0.00349227669746335232	0.00130318886567218538	0.00166281170655724804	0.986871836900104791	0.0421166875067619975	0.0148896870778687407	0.277407009055886649	0.0914114872197028377	0.0659309406505121392	0.141415731893060131	0.0746560207857952342	0.252310655993776867	0.387649669185199671	0.0806132116878550378	0.14106122422632769
G:	0.381468586139402852	0.109057716231180651	0.52152665271793241	0.173877329131705046	0.132680326086803631	0.0744087781139971088	0.0126018562604546051	0.0133926444923065201	0.988834095009123827	0.00277407347544260557	0.00272832961291379311	0.00309115016567831308	0.00330475685949594003	0.193189395607081299	0.215367841223298831	0.245054507315099504	0.397438347948217973	0.120195003559793509	0.19357127266335561	0.281596575817564657	0.25250797114883284	0.145031402070079999	0.323439575822882713
T:	0.282065948070326562	0.217182652456282902	0.307659378806038277	0.550894399598767093	0.129119341923678407	0.513937002523405521	0.535739585340463989	0.00232981470436593528	0.00210125159165828982	0.00544246808776972249	0.991700900940479602	0.00816399947913750584	0.952520052433264384	0.00939335398391706713	0.231612882695524585	0.0989503620454076827	0.129988246941006224	0.194446442978043844	0.194261527412047633	0.178610946245638109	0.169603803046455059	0.163848068546513505	0.32944532938645068



4	TAGATCTA	0.494662519132967955


A:	0.11849207046722461	0.154464920027610373	0.619343954932138278	0.0728748565443594149	0.107468662374281588	0.133938183050476849	0.097875003811939395	0.0156765154618853054	0.906502398285845861	0.0104427868707647202	0.986477178115064532	0.00240127539600967313	0.000802307723749332417	0.000724033732967177381	0.535739585340463989	0.275612267025289935	0.564583643419789975	0.406642464460263664	0.543942821569102516	0.537511179138801522	0.287481821943020366	0.190238556619512429
C:	0.274464684080344602	0.182000545762660214	0.0544156763803981692	0.0979391119316698976	0.167759608895246273	0.604262148939041114	0.313779215550657976	0.435982042937196101	0.00470074309431532537	0.00642777402846539153	0.00241493507394853583	0.00870661141497725927	0.982327131377020556	0.0880728248868716359	0.0126018562604546051	0.277407009055886649	0.0914114872197028377	0.0659309406505121392	0.141415731893060131	0.0746560207857952342	0.252310655993776867	0.387649669185199671
G:	0.175975593210702688	0.381468586139402852	0.109057716231180651	0.52152665271793241	0.173877329131705046	0.132680326086803631	0.0744087781139971088	0.0126018562604546051	0.0880728248868716359	0.982327131377020556	0.00870661141497725927	0.00241493507394853583	0.00642777402846539153	0.00470074309431532537	0.435982042937196101	0.215367841223298831	0.245054507315099504	0.397438347948217973	0.120195003559793509	0.19357127266335561	0.281596575817564657	0.25250797114883284
T:	0.431067652241728101	0.282065948070326562	0.217182652456282902	0.307659378806038277	0.550894399598767093	0.129119341923678407	0.513937002523405521	0.535739585340463989	0.000724033732967177381	0.000802307723749332417	0.00240127539600967313	0.986477178115064532	0.0104427868707647202	0.906502398285845861	0.0156765154618853054	0.231612882695524585	0.0989503620454076827	0.129988246941006224	0.194446442978043844	0.194261527412047633	0.178610946245638109	0.169603803046455059



5	AGATCTA.G	0.494273378619451337


A:	0.154464920027610373	0.619343954932138278	0.0728748565443594149	0.107468662374281588	0.133938183050476849	0.097875003811939395	0.0156765154618853054	0.952999736629732912	0.0119460917585189485	0.988975501572130505	0.00478015454610600528	0.00295591192352737203	0.002011305324313583	0.645373508983372991	0.275612267025289935	0.564583643419789975	0.406642464460263664	0.543942821569102516	0.537511179138801522	0.287481821943020366	0.190238556619512429	0.610507317695551457	0.206053870564338917
C:	0.182000545762660214	0.0544156763803981692	0.0979391119316698976	0.167759608895246273	0.604262148939041114	0.313779215550657976	0.435982042937196101	0.015384806470024414	0.00237517292498194074	0.00194492572471066383	0.0018009793294090769	0.98798673398441999	0.0370749183772380703	0.0207955584184645173	0.277407009055886649	0.0914114872197028377	0.0659309406505121392	0.141415731893060131	0.0746560207857952342	0.252310655993776867	0.387649669185199671	0.0806132116878550378	0.14106122422632769
G:	0.381468586139402852	0.109057716231180651	0.52152665271793241	0.173877329131705046	0.132680326086803631	0.0744087781139971088	0.0126018562604546051	0.0293996416932376353	0.982464536143334009	0.00744408260705515611	0.00173294736587690037	0.0037388006170383696	0.00714061692932795844	0.313980564404396177	0.215367841223298831	0.245054507315099504	0.397438347948217973	0.120195003559793509	0.19357127266335561	0.281596575817564657	0.25250797114883284	0.145031402070079999	0.323439575822882713
T:	0.282065948070326562	0.217182652456282902	0.307659378806038277	0.550894399598767093	0.129119341923678407	0.513937002523405521	0.535739585340463989	0.00221581520700503882	0.00321419917316510179	0.00163549009610367485	0.991685918758608017	0.00531855347501426831	0.953773159369120388	0.0198503681937663151	0.231612882695524585	0.0989503620454076827	0.129988246941006224	0.194446442978043844	0.194261527412047633	0.178610946245638109	0.169603803046455059	0.163848068546513505	0.32944532938645068



