1	CAGATCTG	0.495881888208571993


A:	0.293849880326901003	0.257816432124635869	0.645498985791063244	0.225735531650120605	0.265312469507201607	0.243644479264902419	0.100809332115696363	0.00686518153568160653	0.942376074452147479	0.0234043935002537155	0.980808227558530087	0.0161861457698688692	0.00189217924935722604	0.00149320971263058436	0.159382164370710678	0.311223807155320632	0.484532752132725956	0.15261381969612811	0.457775345199964681	0.166633930466844887	0.173359531881376524	0.362797213726706575
C:	0.193078453416215095	0.143731156660894383	0.189834198840714988	0.23173475096575707	0.48135104379420711	0.215087925961859305	0.211474317610956033	0.823615968581217775	0.0195317612694245546	0.00231940090726477754	0.00135826093603074889	0.00164736573557029446	0.972384026343124281	0.0365989545657973822	0.0101366855123899405	0.0484975578652624146	0.130873052549963912	0.127345102074438534	0.0785956278121235203	0.0933943140901346137	0.200179362221273024	0.398738051635924291
G:	0.206385086371580457	0.194168859265394844	0.0247008570224160295	0.356646508910880065	0.152221655989001616	0.068647006677462157	0.187002986033386973	0.0101366855123899405	0.0365989545657973822	0.972384026343124281	0.00164736573557029446	0.00135826093603074889	0.00231940090726477754	0.0195317612694245546	0.823615968581217775	0.562892876005806222	0.150429038922488038	0.553830629181965595	0.222748383470991825	0.50545136283783167	0.245925543044820466	0.0375215916806570187
T:	0.306686579885303446	0.404283551949074904	0.139965958345805739	0.18588320847324226	0.101114830709589666	0.472620588095776119	0.50071336423996063	0.159382164370710678	0.00149320971263058436	0.00189217924935722604	0.0161861457698688692	0.980808227558530087	0.0234043935002537155	0.942376074452147479	0.00686518153568160653	0.0773857589736107316	0.234165156394822094	0.166210449047467761	0.240880643516919974	0.23452039260518883	0.380535562852529986	0.200943142956712115



2	GATC.GATC	0.494991139858566906


A:	0.360424876507833325	0.0666117694334562913	0.235421886166417411	0.32397083658028228	0.384255594638316982	0.233961851809833545	0.534135120870030376	0.059682328221730611	0.895276126827522896	0.0350466568339519001	0.0131820599451777327	0.414680027321636584	0.0922280020029663177	0.932359036883592489	0.0411884448400345274	0.0497429838105558955	0.0368524995159496031	0.205046149122373544	0.325424231102866967	0.180902669414124222	0.242359786641189759	0.185347080058445131	0.124749418620596106
C:	0.294019128035335917	0.340939974423584324	0.172067628867800689	0.290658114924169131	0.15865104940772175	0.207084085308173255	0.246391539059967709	0.11457071010087487	0.0515627854493555723	0.0140786904052505587	0.827320994446398787	0.291657525849382368	0.0672689436054571622	0.0185156158772050526	0.011972642883087004	0.776003977866838623	0.139068426550678162	0.165194036546221926	0.325007368428262463	0.191595663572502179	0.326206833613191911	0.447126993706212976	0.103984962489558436
G:	0.119000093451757932	0.509743802025677867	0.270266509847437646	0.139299059156916606	0.296757807854227486	0.161649308445231767	0.126822147116535614	0.776003977866838623	0.011972642883087004	0.0185156158772050526	0.0672689436054571622	0.225607544040934293	0.827320994446398787	0.0140786904052505587	0.0515627854493555723	0.11457071010087487	0.316082376876528853	0.572957491970629373	0.201892104892801309	0.399085891231580138	0.157048118321873902	0.185502259216233911	0.0815887055077390344
T:	0.226555902005072826	0.0827044541172815175	0.322243975118344254	0.246071989338631983	0.160335548099733782	0.397304754436761433	0.0926511929534663012	0.0497429838105558955	0.0411884448400345274	0.932359036883592489	0.0922280020029663177	0.0680549027880467542	0.0131820599451777327	0.0350466568339519001	0.895276126827522896	0.059682328221730611	0.507996697056843382	0.0568023223607751572	0.147676295576069261	0.228415775781793461	0.274385261423744428	0.182023667019107982	0.689676913382106424



3	TAGATCTA	0.492618377524317385


A:	0.214841412968247753	0.501384779844293465	0.777560214558515574	0.178404489364641817	0.149717010747039716	0.168227996335219489	0.237534083669582132	0.0642149711422997739	0.91358940939342929	0.0132546484475968137	0.984301323186741498	0.00482287168424030487	0.00142397439008089561	0.0014816940084358327	0.543470915667646144	0.338080688156732126	0.629498837854090965	0.304069900650755679	0.31057130646619412	0.259524127729138817	0.0986346462783935082	0.168100343643036904
C:	0.300091978625119524	0.156518893988576124	0.0431027684703930734	0.202390980330102138	0.373063296394614158	0.404642142804820835	0.295776748510571045	0.363787624716011855	0.0146216117471650497	0.0132103621960605559	0.0027050148117564241	0.00817079031726177301	0.972111014966261735	0.0703072848509698273	0.0285264884740422274	0.142596364700192832	0.0406602176074536935	0.171512660417050782	0.174454177734938116	0.0434750922779151208	0.13926270701440985	0.310835078659401904
G:	0.250810024576117582	0.111165405551029435	0.0584679848519016004	0.51416744324829681	0.174048951847688817	0.15385698659636034	0.0599117009030843236	0.0285264884740422274	0.0703072848509698273	0.972111014966261735	0.00817079031726177301	0.0027050148117564241	0.0132103621960605559	0.0146216117471650497	0.363787624716011855	0.37629807064736247	0.236878592772743784	0.425834364873883875	0.236100479676534269	0.104824757904275389	0.492393864185209876	0.338614000968291612
T:	0.23425658383051514	0.230930920616100976	0.120869032119189753	0.105037087056959236	0.303170741010657308	0.273272874263599336	0.4067774669167625	0.543470915667646144	0.0014816940084358327	0.00142397439008089561	0.00482287168424030487	0.984301323186741498	0.0132546484475968137	0.91358940939342929	0.0642149711422997739	0.143024876495712571	0.0929623517657115581	0.0985830740583096636	0.278874036122333496	0.592176022088670673	0.269708782521986766	0.182450576729269579



4	AGATCTA.A	0.491693422244175517


A:	0.501384779844293465	0.777560214558515574	0.178404489364641817	0.149717010747039716	0.168227996335219489	0.237534083669582132	0.0642149711422997739	0.914160206912429637	0.00398265796786339853	0.984884759826014376	0.00587460981922370561	0.0020751365970842183	0.00264037974128063353	0.621739967034460814	0.338080688156732126	0.629498837854090965	0.304069900650755679	0.31057130646619412	0.259524127729138817	0.0986346462783935082	0.168100343643036904	0.444054116312223037	0.225270173850426868
C:	0.156518893988576124	0.0431027684703930734	0.202390980330102138	0.373063296394614158	0.404642142804820835	0.295776748510571045	0.363787624716011855	0.0405907266057819011	0.00277922053901092215	0.00193338609350978865	0.00430505819814583378	0.982571048935912907	0.0237615251498034079	0.0267577540557939235	0.142596364700192832	0.0406602176074536935	0.171512660417050782	0.174454177734938116	0.0434750922779151208	0.13926270701440985	0.310835078659401904	0.0870249319720556392	0.171847641038241993
G:	0.111165405551029435	0.0584679848519016004	0.51416744324829681	0.174048951847688817	0.15385698659636034	0.0599117009030843236	0.0285264884740422274	0.0421870738226110522	0.990736736792171518	0.00136118335476110149	0.00169425597872180625	0.00953181056387084042	0.00639713217152798515	0.331153746989372081	0.37629807064736247	0.236878592772743784	0.425834364873883875	0.236100479676534269	0.104824757904275389	0.492393864185209876	0.338614000968291612	0.167724684952705424	0.200293940951362993
T:	0.230930920616100976	0.120869032119189753	0.105037087056959236	0.303170741010657308	0.273272874263599336	0.4067774669167625	0.543470915667646144	0.00306199265917740991	0.00250138470095416171	0.0118206707257147338	0.988126076003908654	0.00582200390313203476	0.967200962937387973	0.0203485319203731814	0.143024876495712571	0.0929623517657115581	0.0985830740583096636	0.278874036122333496	0.592176022088670673	0.269708782521986766	0.182450576729269579	0.3011962667630159	0.402588244159968145



5	ATC.GATC.G	0.491522972286504487


A:	0.0666117694334562913	0.235421886166417411	0.32397083658028228	0.384255594638316982	0.233961851809833545	0.534135120870030376	0.059682328221730611	0.772502191952736561	0.0906855328740756565	0.0415814944389342641	0.414680027321636584	0.0856750065783977809	0.953361414791006791	0.031279541346560395	0.0287586768357254927	0.0368524995159496031	0.205046149122373544	0.325424231102866967	0.180902669414124222	0.242359786641189759	0.185347080058445131	0.124749418620596106	0.385958880063652166
C:	0.340939974423584324	0.172067628867800689	0.290658114924169131	0.15865104940772175	0.207084085308173255	0.246391539059967709	0.11457071010087487	0.0555001692998247311	0.0667825489428828829	0.77231641738680153	0.291657525849382368	0.0323854961961089292	0.0148963012983253826	0.00681263354382968609	0.906860197761784399	0.139068426550678162	0.165194036546221926	0.325007368428262463	0.191595663572502179	0.326206833613191911	0.447126993706212976	0.103984962489558436	0.200256235826963818
G:	0.509743802025677867	0.270266509847437646	0.139299059156916606	0.296757807854227486	0.161649308445231767	0.126822147116535614	0.776003977866838623	0.0681760292925597371	0.0721040983131200703	0.134051269295649533	0.225607544040934293	0.862391993874703081	0.00360684912656467222	0.0237627908831199831	0.0210633317417827727	0.316082376876528853	0.572957491970629373	0.201892104892801309	0.399085891231580138	0.157048118321873902	0.185502259216233911	0.0815887055077390344	0.0732189652755458872
T:	0.0827044541172815175	0.322243975118344254	0.246071989338631983	0.160335548099733782	0.397304754436761433	0.0926511929534663012	0.0497429838105558955	0.103821609454878971	0.77042781986992139	0.0520508188786146734	0.0680549027880467542	0.0195475033507902089	0.0281354347841031542	0.938145034226489936	0.0433177936607073351	0.507996697056843382	0.0568023223607751572	0.147676295576069261	0.228415775781793461	0.274385261423744428	0.182023667019107982	0.689676913382106424	0.340565918833838128



