1	CAGATCTG	0.499522498387656893


A:	0.290786296945323489	0.283046299322289516	0.546125937431563622	0.869870422325411424	0.243622556236956132	0.0825099853697516971	0.126105413818745843	0.00838024756566195066	0.941748221785321092	0.0852933520986141865	0.986283472520938607	0.00496777879544127811	0.000225843032554726854	0.000351120923649514894	0.0726515597967947855	0.398262339686238354	0.551514487274166979	0.391918388003905978	0.186565483356771446	0.0497791846991779465	0.307028142951250815	0.156859308288548104
C:	0.0846498561637003474	0.300876378692842418	0.0496025363715706038	0.00961743401283139457	0.053664466898646947	0.0845023537954424163	0.450299591736624707	0.9098937733153915	0.00660378844742545055	0.00316035537170908838	0.00176639641783064302	0.00698235226578947211	0.911320449497121998	0.0512968688436039423	0.00907441932215176398	0.0238178242593953287	0.201586010849082089	0.0553274719380917955	0.0786579436587482491	0.144530237720485277	0.434596545561910369	0.0550286749221259745
G:	0.254505777886034194	0.220622339494029155	0.0302942775350068678	0.0548715083069337099	0.101513307378451065	0.164598460278179745	0.0459897713680036429	0.00907441932215176398	0.0512968688436039423	0.911320449497121998	0.00698235226578947211	0.00176639641783064302	0.00316035537170908838	0.00660378844742545055	0.9098937733153915	0.457171006594059762	0.11989885851131781	0.350295336607970911	0.103743564986707587	0.00697915467099071692	0.105150601210440955	0.4634236703110862
T:	0.370058069004941969	0.195454982490838912	0.373977248661858906	0.065640635354823471	0.601199669485945856	0.668389200556626142	0.377605223076625808	0.0726515597967947855	0.000351120923649514894	0.000225843032554726854	0.00496777879544127811	0.986283472520938607	0.0852933520986141865	0.941748221785321092	0.00838024756566195066	0.120748829460306555	0.127000643365433122	0.202458803450031316	0.631033007997772718	0.798711422909346059	0.153224710276397861	0.324688346478239722



2	CAGATCT..A	0.499092520382842963


A:	0.324688346478239722	0.153224710276397861	0.798711422909346059	0.631033007997772718	0.202458803450031316	0.127000643365433122	0.120748829460306555	0.00696477515951441785	0.951755583664483545	0.0368065918749252327	0.990034755097756009	0.00187815228341050311	0.000466667137680706511	0.000490523313275199513	0.0726515597967947855	0.377605223076625808	0.668389200556626142	0.601199669485945856	0.065640635354823471	0.373977248661858906	0.195454982490838912	0.370058069004941969	0.0178698077662373107
C:	0.4634236703110862	0.105150601210440955	0.00697915467099071692	0.103743564986707587	0.350295336607970911	0.11989885851131781	0.457171006594059762	0.816342896627096006	0.00611109094510335748	0.00180594677706224242	0.00174020160827556387	0.0051519100546679548	0.980214970491633491	0.0583697918617602267	0.00907441932215176398	0.0459897713680036429	0.164598460278179745	0.101513307378451065	0.0548715083069337099	0.0302942775350068678	0.220622339494029155	0.254505777886034194	0.152988773580475435
G:	0.0550286749221259745	0.434596545561910369	0.144530237720485277	0.0786579436587482491	0.0553274719380917955	0.201586010849082089	0.0238178242593953287	0.0693849156627169818	0.0415938742938258301	0.960986329780435355	0.00344102262897674161	0.00132963515140068126	0.0021370826704161214	0.00536418024082312917	0.9098937733153915	0.450299591736624707	0.0845023537954424163	0.053664466898646947	0.00961743401283139457	0.0496025363715706038	0.300876378692842418	0.0846498561637003474	0.22967291348230008
T:	0.156859308288548104	0.307028142951250815	0.0497791846991779465	0.186565483356771446	0.391918388003905978	0.551514487274166979	0.398262339686238354	0.107307412550672594	0.000539451096587267176	0.000401131567577169417	0.00478402066499168557	0.991640302510520861	0.0171812797002696812	0.935775504584141445	0.00838024756566195066	0.126105413818745843	0.0825099853697516971	0.243622556236956132	0.869870422325411424	0.546125937431563622	0.283046299322289516	0.290786296945323489	0.599468505170987174



3	C.AGATCTG	0.499090111998941221


A:	0.599468505170987174	0.290786296945323489	0.283046299322289516	0.546125937431563622	0.869870422325411424	0.243622556236956132	0.0825099853697516971	0.126105413818745843	0.00838024756566195066	0.955407908489178843	0.021033423159015958	0.993263713576927889	0.00131874501797386498	0.000187762879035122982	0.000782942250509862238	0.346142192376348904	0.398262339686238354	0.551514487274166979	0.391918388003905978	0.186565483356771446	0.0497791846991779465	0.307028142951250815	0.156859308288548104
C:	0.22967291348230008	0.0846498561637003474	0.300876378692842418	0.0496025363715706038	0.00961743401283139457	0.053664466898646947	0.0845023537954424163	0.450299591736624707	0.9098937733153915	0.00388001520258201579	0.00220781454845737702	0.0017187886003908839	0.00559563018146170487	0.961245700809916309	0.047205531056453732	0.086002879685770253	0.0238178242593953287	0.201586010849082089	0.0553274719380917955	0.0786579436587482491	0.144530237720485277	0.434596545561910369	0.0550286749221259745
G:	0.152988773580475435	0.254505777886034194	0.220622339494029155	0.0302942775350068678	0.0548715083069337099	0.101513307378451065	0.164598460278179745	0.0459897713680036429	0.00907441932215176398	0.040236750580296418	0.976285020675408916	0.00261888966307886008	0.00201511862420635184	0.00254979034723184622	0.00549265550715775254	0.545367735355115648	0.457171006594059762	0.11989885851131781	0.350295336607970911	0.103743564986707587	0.00697915467099071692	0.105150601210440955	0.4634236703110862
T:	0.0178698077662373107	0.370058069004941969	0.195454982490838912	0.373977248661858906	0.065640635354823471	0.601199669485945856	0.668389200556626142	0.377605223076625808	0.0726515597967947855	0.000475325727942722876	0.000473741617117748641	0.00239860815960236748	0.991070506176358078	0.0360167459638167217	0.946518871185878653	0.0224871925827651958	0.120748829460306555	0.127000643365433122	0.202458803450031316	0.631033007997772718	0.798711422909346059	0.153224710276397861	0.324688346478239722



4	AGATCTG..G	0.498992224092715383


A:	0.283046299322289516	0.546125937431563622	0.869870422325411424	0.243622556236956132	0.0825099853697516971	0.126105413818745843	0.00838024756566195066	0.937467853280074111	0.0356032837338280989	0.992411310918895056	0.0042794220269608287	0.000228577148738329736	0.0010437128506802167	0.315956689211125875	0.398262339686238354	0.551514487274166979	0.391918388003905978	0.186565483356771446	0.0497791846991779465	0.307028142951250815	0.156859308288548104	0.11484783359144149	0.0761362001954047393
C:	0.300876378692842418	0.0496025363715706038	0.00961743401283139457	0.053664466898646947	0.0845023537954424163	0.450299591736624707	0.9098937733153915	0.0096624748432784379	0.0026934564395368736	0.00162023363273581126	0.00230782726337777346	0.93959206605188847	0.100091964349085564	0.0182567061802249501	0.0238178242593953287	0.201586010849082089	0.0553274719380917955	0.0786579436587482491	0.144530237720485277	0.434596545561910369	0.0550286749221259745	0.125947640043521904	0.27179780862933223
G:	0.220622339494029155	0.0302942775350068678	0.0548715083069337099	0.101513307378451065	0.164598460278179745	0.0459897713680036429	0.00907441932215176398	0.0518745587224428795	0.961328099134817601	0.00306761584127533874	0.00176134302556949842	0.00216464002142423466	0.00268789891201137576	0.635223006704845263	0.457171006594059762	0.11989885851131781	0.350295336607970911	0.103743564986707587	0.00697915467099071692	0.105150601210440955	0.4634236703110862	0.0366615089249669903	0.22376752918095021
T:	0.195454982490838912	0.373977248661858906	0.065640635354823471	0.601199669485945856	0.668389200556626142	0.377605223076625808	0.0726515597967947855	0.000995113154204571173	0.000375160691817426876	0.00290083960709379445	0.991651407684091899	0.0580147167779489657	0.896176423888222843	0.0305635979038039123	0.120748829460306555	0.127000643365433122	0.202458803450031316	0.631033007997772718	0.798711422909346059	0.153224710276397861	0.324688346478239722	0.722543017440069616	0.428298461994312821



5	AGATCTGG	0.498734365693865396


A:	0.283046299322289516	0.546125937431563622	0.869870422325411424	0.243622556236956132	0.0825099853697516971	0.126105413818745843	0.00838024756566195066	0.909823203194670989	0.0244995123952338748	0.990973931355505437	0.0018054077578865882	0.000390108256594895158	0.000512732445062680519	0.260645741556498818	0.398262339686238354	0.551514487274166979	0.391918388003905978	0.186565483356771446	0.0497791846991779465	0.307028142951250815	0.156859308288548104	0.11484783359144149
C:	0.300876378692842418	0.0496025363715706038	0.00961743401283139457	0.053664466898646947	0.0845023537954424163	0.450299591736624707	0.9098937733153915	0.00590939244337426856	0.00221030170397606073	0.00154130041344795735	0.00275598384030489921	0.969056058302143105	0.0194078112750827664	0.0667785988451447209	0.0238178242593953287	0.201586010849082089	0.0553274719380917955	0.0786579436587482491	0.144530237720485277	0.434596545561910369	0.0550286749221259745	0.125947640043521904
G:	0.220622339494029155	0.0302942775350068678	0.0548715083069337099	0.101513307378451065	0.164598460278179745	0.0459897713680036429	0.00907441932215176398	0.083544905362090788	0.973009019804747035	0.00602256891823685447	0.00239360331117973646	0.00254324251255293851	0.00542382590994389634	0.626834885794728356	0.457171006594059762	0.11989885851131781	0.350295336607970911	0.103743564986707587	0.00697915467099071692	0.105150601210440955	0.4634236703110862	0.0366615089249669903
T:	0.195454982490838912	0.373977248661858906	0.065640635354823471	0.601199669485945856	0.668389200556626142	0.377605223076625808	0.0726515597967947855	0.000722498999863954702	0.000281166096043029925	0.00146219931280975091	0.993045005090628776	0.0280105909287090608	0.974655630369910657	0.0457407738036281042	0.120748829460306555	0.127000643365433122	0.202458803450031316	0.631033007997772718	0.798711422909346059	0.153224710276397861	0.324688346478239722	0.722543017440069616



