1	CAGATCTG	0.483541697673264871


A:	0.267629502346839229	0.27977340472547914	0.703701978246598406	0.583218092307446271	0.365468701693173952	0.243801564518679098	0.214456243313894809	0.0688148424897780341	0.910696914765233953	0.0429132281823387678	0.981888217825331319	0.00897865619940228733	0.0159552161282346861	0.0262888040285267229	0.117685492960184811	0.311290661072406002	0.201898832878969726	0.289244370212142488	0.369086649200830077	0.0970129303217824881	0.0665120858887379709	0.550068795523251245
C:	0.145853692632003463	0.431083628873011186	0.0865206113530607542	0.0579327322325965007	0.147574367366629147	0.192777218615290274	0.400080272110469181	0.699032325693798114	0.0323350833925538634	0.00993854571707035127	0.00291080968660272347	0.00622231628866367042	0.931193009972356195	0.030679197813685461	0.11446733885623904	0.132606103599624495	0.338449761970176726	0.411795071221920205	0.0688697015747143595	0.044925758936492306	0.318537679239757402	0.131398627718491338
G:	0.206955223084813065	0.0724737550987327732	0.0706453672533925428	0.122610295681143979	0.182907396948742593	0.314109467414907407	0.0793666731838310249	0.11446733885623904	0.030679197813685461	0.931193009972356195	0.00622231628866367042	0.00291080968660272347	0.00993854571707035126	0.0323350833925538634	0.699032325693798114	0.252700040508025935	0.104088094760469303	0.148434715411089398	0.146059877932718487	0.0622086764358452399	0.106362432876871681	0.119617965637555446
T:	0.379561581936344243	0.216669211302776901	0.139132043146948297	0.236238879778813249	0.304049533991454308	0.249311749451123222	0.306096811391804986	0.117685492960184811	0.0262888040285267229	0.0159552161282346861	0.00897865619940228733	0.981888217825331319	0.0429132281823387678	0.910696914765233953	0.0688148424897780341	0.303403194819943567	0.355563310390384245	0.150525843154847909	0.415983771291737077	0.795852634305879966	0.508587801994632946	0.198914611120701972



2	AGATCT.T.C	0.481901500488030837


A:	0.0767115221655835558	0.242213116544187871	0.270931017057547942	0.443422880567425922	0.173683725424525616	0.363740171383668052	0.917042807099522152	0.0103508360546302126	0.986320217126774139	0.00498835760946399323	0.037865027284999551	0.037223069934264488	0.187278278784037355	0.357872954950818069	0.375132853383896681	0.2189826961249119	0.362179031631842403	0.174750699178403726	0.157586088266947503	0.582045719361642284	0.3966806056543478	0.418785059004875661
C:	0.571745963597406015	0.220958960379105308	0.136694270104729498	0.0613262630145682407	0.446689785875984151	0.219735745939664556	0.0323215876182449079	0.00985206455175842987	0.00414757899030126583	0.00349905957209453005	0.94541007964012953	0.0109636561118354353	0.256479635134465595	0.0452808628307461331	0.113918040969746263	0.640806626182339266	0.198256190336314585	0.279494093640533244	0.210388244036673783	0.0548128049922530846	0.199116975574726531	0.120136887355418706
G:	0.114838036110042698	0.131996159123171119	0.236323635862892504	0.357583261172267385	0.217001343487149472	0.121331228233200546	0.0146062976464010178	0.965553607486559223	0.00237507843779881436	0.00483151290221626027	0.00841645769307635818	0.0922877693396902832	0.432461234645570374	0.129652418803014863	0.105949521920750909	0.0848471661290338709	0.10577900892973495	0.222775085159061982	0.119943825763267397	0.161438891232964341	0.234996081037473068	0.188872010637397113
T:	0.236704478126967731	0.404831763953535702	0.356051076974830055	0.137667595245738452	0.162625145212340761	0.295192854443466846	0.0360293076358319226	0.0142434919070521344	0.00715712544512578102	0.986681069916225216	0.00830843538179456089	0.859525504614209793	0.123780851435926676	0.467193763415420934	0.404999583725606146	0.0553635115637149639	0.333785769102108062	0.322980122022001048	0.512081841933111317	0.201702584413140291	0.169206337733452601	0.272206043002308519



3	TAGATCTA	0.479336177813058146


A:	0.503357978060080355	0.112823567178601246	0.209652281749494136	0.228994534228472168	0.187299872876891568	0.271098450258251747	0.187687128332165521	0.110705031898517114	0.827102541222360623	0.0362899697834581701	0.977896873288906059	0.00829890005656456696	0.00352808482132109854	0.0597895173321578726	0.666160881157775601	0.394917345249250135	0.300430819929466021	0.145180243947948614	0.656790275596299522	0.0132103768768265222	0.470576678732577058	0.479412312636220719
C:	0.0766395505166451507	0.189760619559183035	0.0617662463138999166	0.0722048253943343223	0.247621309852130017	0.249737495401570909	0.402509916419430394	0.101281703604719566	0.0737026005787693558	0.0102822318463617599	0.00704611565521628693	0.00675811099931308669	0.949899713548858971	0.0394053408667121484	0.121852383338987719	0.137940069374589567	0.105368396898887711	0.193043204498812124	0.114452039206970794	0.0440357655488980145	0.0508722291365488533	0.0751710263974291442
G:	0.164208415059477478	0.275687614837170847	0.28169502234258416	0.378630784312581537	0.326224860927327376	0.337862185503493901	0.17505223642012911	0.121852383338987719	0.0394053408667121484	0.949899713548858971	0.00675811099931308669	0.00704611565521628693	0.0102822318463617599	0.0737026005787693558	0.101281703604719566	0.288411090091413423	0.102733084432054322	0.176716669843454782	0.158727625878250124	0.0778718867461582581	0.348221886751503577	0.376577753031961487
T:	0.255794056363797016	0.421728198425044872	0.446886449594021787	0.320169856064611973	0.238853956343651039	0.141301868836683443	0.234750718828274975	0.666160881157775601	0.0597895173321578726	0.00352808482132109854	0.00829890005656456696	0.977896873288906059	0.0362899697834581701	0.827102541222360623	0.110705031898517114	0.178731495284746874	0.491467698739591945	0.48505988170978448	0.0700300593184795598	0.864881970828117205	0.130329205379370511	0.0688389079343886505



4	GAT.AGATC	0.478184401210978212


A:	0.401289381312853954	0.14608108997912585	0.0987775897457520402	0.568882976992056533	0.0502967489691924062	0.523233448221574454	0.114063762058137727	0.111084646114579401	0.795916858552525962	0.0886367914689152383	0.107618714906395461	0.715197971280629849	0.0741812837984603779	0.943624411715549363	0.0404722792852172452	0.0337391194433600278	0.173200961966765762	0.512884542245745117	0.425859393382192113	0.249947774892076788	0.162080301400853578	0.203487172751628166	0.0837718073020005024
C:	0.0734510467218930431	0.119849161021725198	0.679841224956806599	0.0423688569811169203	0.288777614106715214	0.0925936398878366486	0.225207434022317414	0.0946056760931510676	0.105502690991415376	0.065458355535159632	0.550761594510527636	0.0642024015971045181	0.0395236318255480881	0.0110282728127638002	0.0148570175582638799	0.785667895222737096	0.056947856644764985	0.206971340843230125	0.074599615035937912	0.242825530986596896	0.552048297250295476	0.155334628039894947	0.278616194660375368
G:	0.0726880204638480602	0.298923746503182589	0.0526669642979390443	0.202282836029292958	0.379616118781029005	0.144834194553793147	0.229662635218105398	0.72684784893492775	0.0534183685849069475	0.0172785639146262367	0.149095195424844931	0.0190294516490364119	0.831330112292993527	0.0110946004763294959	0.00837980128241137695	0.050677757421380708	0.0799121471409830031	0.101744431513026979	0.191825384713842916	0.249947774892076788	0.19555716723804247	0.0764849477108265392	0.188001440189090636
T:	0.452571551501404943	0.435146002495966363	0.168714220999502317	0.186465329997533589	0.281309518143063375	0.239338717336795751	0.431066168701439461	0.0674618288573417817	0.0451620818711517142	0.828626289081298893	0.192524495158231971	0.201570175473229221	0.0549649720829980073	0.0342527149953573406	0.936290901874107498	0.129915227912522168	0.689939034247486249	0.178399685397997778	0.307715606868027058	0.257278919229249528	0.090314234110808476	0.564693251497650348	0.449610557848533494



5	C.AGATCTA	0.477815276192366867


A:	0.142568831514544517	0.503357978060080355	0.112823567178601246	0.209652281749494136	0.228994534228472168	0.187299872876891568	0.271098450258251747	0.187687128332165521	0.110705031898517114	0.802581550691810841	0.0211643808563578272	0.976868928498830325	0.00449993535071388075	0.0130868795207048413	0.0682093548311822371	0.361957934626005885	0.394917345249250135	0.300430819929466021	0.145180243947948614	0.656790275596299522	0.0132103768768265222	0.470576678732577058	0.479412312636220719
C:	0.484660468461728652	0.0766395505166451507	0.189760619559183035	0.0617662463138999166	0.0722048253943343223	0.247621309852130017	0.249737495401570909	0.402509916419430394	0.101281703604719566	0.0962200535911906147	0.021956495087402373	0.00490739489972619195	0.00617395122688383495	0.860885003047811579	0.143723621617965907	0.281731699506201783	0.137940069374589567	0.105368396898887711	0.193043204498812124	0.114452039206970794	0.0440357655488980145	0.0508722291365488533	0.0751710263974291442
G:	0.0565006815699534674	0.164208415059477478	0.275687614837170847	0.28169502234258416	0.378630784312581537	0.326224860927327376	0.337862185503493901	0.17505223642012911	0.121852383338987719	0.0365647613794170048	0.949197624785494656	0.00906812867133022756	0.00659152177337623501	0.0659118898152741431	0.127319983388820625	0.287848087443789147	0.288411090091413423	0.102733084432054322	0.176716669843454782	0.158727625878250124	0.0778718867461582581	0.348221886751503577	0.376577753031961487
T:	0.316270018453773364	0.255794056363797016	0.421728198425044872	0.446886449594021787	0.320169856064611973	0.238853956343651039	0.141301868836683443	0.234750718828274975	0.666160881157775601	0.0646336343375815395	0.00768149927074514417	0.00915554793011325508	0.982734591649026049	0.060116227616209437	0.660747040162031231	0.0684622784240031858	0.178731495284746874	0.491467698739591945	0.48505988170978448	0.0700300593184795598	0.864881970828117205	0.130329205379370511	0.0688389079343886505



