1	AT.CGATCG	0.492676435555114398


A:	0.0828827493575831539	0.398949877842440068	0.188206624236042882	0.820219165633289404	0.310586728349653355	0.221411511119892449	0.338816625696056682	0.761078529828427083	0.187600706035829354	0.49059923101169458	0.0108704294251748628	0.00777863930304377128	0.99212778865342897	0.00344595988812000133	0.00545693010190668311	0.0438012178370445038	0.0597923257971452197	0.36522219072832893	0.242231848568041169	0.220113336624399739	0.126027509827746498	0.0983302220509725299	0.502828591011306532
C:	0.088840386524084631	0.175082695680118658	0.544616036251439514	0.0658183138447959314	0.19092257479959097	0.140718078802579719	0.0553348879632521984	0.0845313307280862994	0.0320397049804866819	0.332049670498575258	0.84024240495031296	0.00674400363780101098	0.00265247285049344114	0.00413749327768696871	0.985051207211997735	0.0044239444302752894	0.301323299833129977	0.25590439123775646	0.313066846755750473	0.367699908082706192	0.461521324329186296	0.138241077126835731	0.122382367426002636
G:	0.472120472677653038	0.0556812430103314385	0.156543658130231883	0.027094570519382558	0.142332984234905361	0.458703087393179109	0.14639072612963336	0.030455080840456366	0.07332850354509223	0.0669830561071447737	0.01120481255213697	0.983054486755187115	0.0024535605530355981	0.00239749734280753786	0.0025557672903941994	0.930883833463440266	0.301323299833129977	0.196694412922586284	0.164040938998689448	0.13834887694140955	0.128672962335026622	0.224757963624119795	0.215780679537791092
T:	0.356156391440679177	0.370286183467109835	0.110633681382285721	0.0868679500025321067	0.356157712615850314	0.179167322684348723	0.45945776021105776	0.123935058603030252	0.707031085438591734	0.110368042382585388	0.137682353072375207	0.00242287030396810292	0.00276617794304199076	0.990019049491385492	0.00693609539570138208	0.0208910042692399408	0.337561074536594826	0.182179005111328325	0.28066036567751891	0.273837878351484519	0.283778203508040584	0.538670737198071944	0.15900836202489974



2	GATCGATC	0.492167733293644888


A:	0.284042021706293678	0.300419664933054042	0.423590374121613481	0.19172601791041918	0.0527485243758564512	0.622831297998912006	0.253723017160664568	0.0667247422050701267	0.929742515935389584	0.022435289596525855	0.0479335298493524152	0.0222038378780486335	0.888465967967002618	0.0262938484198341156	0.0478811149420873233	0.31457485540321459	0.494418424218663093	0.27006337915264039	0.194044293709190699	0.206010923020583848	0.418069431264155051	0.119465772675887112
C:	0.16279841769638453	0.101066746581748238	0.322427041599675988	0.387301953505853866	0.169393976212116288	0.104341171733286164	0.601086929403328017	0.033138980286758611	0.0280674426439158228	0.0697930249121805355	0.920315631879293355	0.00954700039330559629	0.0193057175242909917	0.0158961930008604772	0.852255162566083939	0.397498272938779144	0.0732464409832697018	0.490661689183557997	0.0425674217627698868	0.0638370261894681295	0.072202667901829757	0.277767212442642641
G:	0.430536948081969822	0.111876779359463495	0.0335474815624682025	0.23680551394157187	0.099445248275936125	0.0653344826435395754	0.0324594742142831551	0.852255162566083939	0.0158961930008604772	0.0193057175242909917	0.00954700039330559629	0.920315631879293355	0.0697930249121805355	0.0280674426439158228	0.033138980286758611	0.18549547704986748	0.20564887705582662	0.073720639441073172	0.547837563381751037	0.325452428316198439	0.111006583471776873	0.0616717410591175284
T:	0.12262261251535197	0.486636809125734225	0.220435102716242328	0.184166514642155084	0.678412251136091136	0.207493047624262255	0.11273057922172426	0.0478811149420873233	0.0262938484198341156	0.888465967967002618	0.0222038378780486335	0.0479335298493524152	0.022435289596525855	0.929742515935389584	0.0667247422050701267	0.102431394608138786	0.226686257742240586	0.165554292222728441	0.215550721146288377	0.404699622473749584	0.398721317362238319	0.541095273822352718



3	GATC.GATC	0.491925881827652925


A:	0.0972971428599701159	0.146105770609604805	0.117975807582115883	0.783233707655087361	0.1191273921262671	0.0925849745613973594	0.149124426720149404	0.0895017015621857926	0.910777370011884196	0.0250482798358148772	0.0281520136194055999	0.155568872604095439	0.0526483135094653731	0.951535090156934042	0.0417205217696478852	0.0189842651945013759	0.279818670176348304	0.349786023687333458	0.104873483899043155	0.162643350369408176	0.108420802808555937	0.354317572465211531	0.208571097831264194
C:	0.332951933228179785	0.077229931348791447	0.61371349776119735	0.0501137148228619679	0.119579773115780458	0.050339544954813188	0.240722665395951016	0.0425004757911174215	0.0386845216688262164	0.011319863700321144	0.908580957891204407	0.416403887838179963	0.0106187149799246196	0.0120967663069299368	0.00881758654964170291	0.84901355745219541	0.0211778205155648852	0.175040936347543763	0.0530560644157044111	0.142129652461409018	0.621807614618651716	0.157496953628417977	0.1767543330476594
G:	0.182183327994999143	0.0815011775256712987	0.0824040966971964824	0.155765801411449944	0.0936083179565510022	0.340447524571855803	0.393103706857005315	0.84901355745219541	0.00881758654964170291	0.0120967663069299368	0.0106187149799246196	0.129805610378699599	0.908580957891204407	0.011319863700321144	0.0386845216688262164	0.0425004757911174215	0.589187913038275673	0.192291525252668331	0.0998068431323555333	0.162643350369408176	0.0279806285344753218	0.241477602151799672	0.2659136734074298
T:	0.387567595916850956	0.695163120515932449	0.185906597959490286	0.0108867761106007267	0.66768451680140144	0.51662795591193365	0.217049201026894265	0.0189842651945013759	0.0417205217696478852	0.951535090156934042	0.0526483135094653731	0.298221629179025	0.0281520136194055999	0.0250482798358148772	0.910777370011884196	0.0895017015621857926	0.109815596269811137	0.282881514712454449	0.7422636085528969	0.53258364679977463	0.241790954038317025	0.24670787175457082	0.348760895713646606



4	GATC..GATC	0.491426492716239231

