1	CAGATCTG	0.47869226571414397


A:	0.220017804253875663	0.437604891415918654	0.569864650903030853	0.795252441566942855	0.327486609416606228	0.166923099063292848	0.345124809367116142	0.060069470025405706	0.925560371621458431	0.0125962808857072201	0.976180888171249284	0.0122383535468344384	0.00997552091266048252	0.0453340649172866047	0.0629119299870465453	0.301672408990070878	0.229362999982698971	0.385602439137933495	0.129339991650812721	0.193749362090816948	0.39619424363144176	0.223223869436086551
C:	0.175557185816201946	0.163889660474871617	0.0950148251629919187	0.0344455337007465671	0.118094648419638247	0.3491131832597555	0.270918576059640992	0.858867968241978021	0.0186894632383549348	0.00893887495845293582	0.00411109547680860918	0.00746966280510766808	0.968489323243179362	0.0104161002229000296	0.0181506317455697275	0.0794230567955369326	0.325011878824489191	0.174348292525254594	0.20803303421646617	0.0775176447088642767	0.254607099283459397	0.112705435609160041
G:	0.310866065425993815	0.233110834194452541	0.152962607247937502	0.132039270494268193	0.154187592224132593	0.124957899820682652	0.0608823647004644328	0.0181506317455697275	0.0104161002229000296	0.968489323243179362	0.00746966280510766808	0.00411109547680860918	0.00893887495845293582	0.0186894632383549348	0.858867968241978021	0.236400908175065589	0.116051017793288399	0.29231776893856539	0.143075079997574151	0.134959432767874293	0.186371848607969968	0.48694391902076204
T:	0.293558944503928576	0.165394613914757188	0.182157916686039726	0.0382627542380423854	0.400231149939622933	0.359005817856268999	0.323074249872778433	0.0629119299870465453	0.0453340649172866047	0.00997552091266048252	0.0122383535468344384	0.976180888171249284	0.0125962808857072201	0.925560371621458431	0.060069470025405706	0.3825036260393266	0.329574103399523439	0.14773149939824652	0.519551894135146957	0.593773560432444482	0.162826808477128874	0.177126775933991368



2	C.AGATCT.A	0.456715800618723841


A:	0.355168238051222727	0.199609818477544303	0.177836054877464214	0.359918190584306484	0.212478371144755295	0.0785186370436997653	0.194259467949291765	0.254589459496766919	0.206671903954363892	0.886269780352616411	0.0201708702994593903	0.974720588482091216	0.00663360979821131207	0.0149911902760484748	0.0277896332101612006	0.230263631062638691	0.637845865989377003	0.202281538642659772	0.267173826932768734	0.50331820630331438	0.278575921851870623	0.338644835453706981	0.139879128103099926
C:	0.179362159482994445	0.396274140348774891	0.189650131741541049	0.259623814320739919	0.202718955859962176	0.45871969298731342	0.189544620531463683	0.642123772084247707	0.28053353022496577	0.0272471337143276027	0.0159974630896572276	0.0069745511286414488	0.00742039550082102038	0.95700684877745521	0.133940608510599344	0.174167099102857916	0.0620627756907517772	0.296205633490715561	0.136872573194035239	0.184236006227903404	0.458840603806154989	0.168945441210069175	0.323849387890645365
G:	0.203410355478218759	0.0921660711875138379	0.269393118830634829	0.198231564697394958	0.181012140908954016	0.0783579629503840458	0.237286176729929339	0.0253018482683527601	0.216386077958571057	0.0768873444163051964	0.947266642390327198	0.00403636971474125162	0.0108362776822812123	0.0115684736466780776	0.0263353183603847904	0.300100111809314794	0.0688890128903898633	0.246855458532556466	0.245904880602110991	0.0615057763223222345	0.110381998603892224	0.204682074825208946	0.324486239736630545
T:	0.262059246987564069	0.311949969986166968	0.363120694550359908	0.182226430397558639	0.403790532086328514	0.384403707018602769	0.378909734789315213	0.0779849201506326145	0.296408487862099281	0.00959574151675078981	0.0165650242205561846	0.0142684906745260837	0.975109717018686455	0.0164334872998182373	0.811934439918854665	0.295469158025188599	0.231202345429481357	0.254657369334068201	0.350048719271085035	0.250940011146459982	0.152201475738082164	0.287727648511014898	0.211785244269624163



3	A.T.AGATCT	0.445125481827055106


A:	0.0542264794892086954	0.456664511749612	0.257198860649880347	0.131357803282157617	0.406856115403694387	0.256737319568149937	0.40446657043981749	0.230749322786973971	0.204650943367751173	0.37518724142788735	0.613737321192156051	0.017173732451926733	0.944692863281894898	0.0215667107327721532	0.073211216232317319	0.0546803285737894553	0.386104972039784016	0.0779849201506326145	0.281545636550209925	0.607050613450586115	0.0959275509597426254	0.131958804473652134	0.351813215250421492
C:	0.252316318280743043	0.146439375839938405	0.0989918361700519753	0.163208414071507741	0.282361713463582679	0.200847530871473751	0.177645049893263389	0.0768419197057041352	0.146787289592315791	0.371129426133806722	0.105185639678799378	0.041828659463193006	0.00585548507520644575	0.0121714466581074328	0.803759584284492751	0.0713259603645891862	0.136036332176063602	0.0253018482683527601	0.0647033317233638892	0.0483766494142471192	0.498265248546811642	0.272393523612735336	0.345593348363775692
G:	0.0861060514494369924	0.185871642800288413	0.45567698202558676	0.187921777898176169	0.147143745440637547	0.294976923459546379	0.346609659594590505	0.141222905055288286	0.0538172436952813209	0.0653923780526991716	0.246251065972679239	0.89264064646929337	0.00982242091086557036	0.0128500488853427976	0.095107642707208902	0.0930088031015080403	0.40347932382555928	0.642123772084247707	0.198802562561750925	0.162611763738327274	0.122612559752752496	0.348240046680655129	0.159192937490781063
T:	0.607351150780611269	0.211024469610161182	0.188132321154480918	0.517512004748158473	0.163638425692085388	0.247438226100829933	0.0712787200723286156	0.551185852452033607	0.594744523344651715	0.188290954385606757	0.0348259731563653324	0.0483569616155868907	0.0396292307320330857	0.953411793723777616	0.0279215567759810285	0.780984907960113318	0.0743793719585931014	0.254589459496766919	0.454948469164675261	0.181960973396839493	0.283194640740693237	0.247407625232957401	0.143400498895021752



4	AGATCT.AA	0.444662621600158825


A:	0.127483290485206528	0.256391320330506721	0.501476223813341631	0.328983989714402566	0.151797658116782485	0.253041165189638556	0.105892152984944396	0.880767079795655923	0.0464017067092039564	0.96032666018726149	0.0214828580906307713	0.0142781107267734076	0.0193809511868815089	0.341095370578628983	0.405296820544664152	0.551185852452033607	0.239100750916623096	0.215999903942819487	0.323286092189988898	0.501648720608405895	0.071595089513138261	0.395985854456125608	0.108349169048342527
C:	0.337483050374768575	0.146361898107927398	0.201266146521980584	0.375217361482328914	0.0609544720587403193	0.256487481785454524	0.466167443095480132	0.068505984351177838	0.0437303388678677795	0.0128870488413300614	0.0131287002494646809	0.920921152189885651	0.223482630513345348	0.104717078359221535	0.0219340691250617105	0.141222905055288286	0.132503566889372148	0.330140735397939757	0.354705651769962224	0.0877891586343282643	0.308876655905296883	0.071596404108680696	0.365480010573480806
G:	0.0870268100360603406	0.437301770821812005	0.171186956340398517	0.155163962436510589	0.0789261017421692637	0.159697068075047461	0.257154970043379005	0.0394491626570816461	0.8740959513500335	0.0104886338772607029	0.00810188950853439913	0.0356104910234498054	0.0678567061796145095	0.315678184248246772	0.24850765524539871	0.0768419197057041352	0.332443767151760049	0.0569472415739669905	0.16440542173488937	0.194302579039335458	0.390379062660378995	0.314614525699016296	0.113277022311972874
T:	0.448006849103964556	0.159945010739753876	0.126070673324279268	0.140634686366757932	0.708321768082307932	0.330774284949859459	0.170785433876196468	0.0112777731960845924	0.0357720030728947641	0.0162976570941477456	0.957286552151370149	0.0291902460598911356	0.689279712120158634	0.23850936681390271	0.324261455084875427	0.230749322786973971	0.295951915042244707	0.396912119085273765	0.157602834305159508	0.216259541717930383	0.229149191921185861	0.2178032157361774	0.412893798066203793



5	AGATCT.G.A	0.443961238771154896


A:	0.287727648511014898	0.152201475738082164	0.250940011146459982	0.350048719271085035	0.254657369334068201	0.231202345429481357	0.295469158025188599	0.809944768481754971	0.0308632954348224638	0.953207619585484177	0.0111585165330954123	0.0206661401648757039	0.00890169025061366863	0.296408487862099281	0.0782715565964585186	0.378909734789315213	0.384403707018602769	0.403790532086328514	0.182226430397558639	0.363120694550359908	0.311949969986166968	0.262059246987564069	0.215521967191665765
C:	0.204682074825208946	0.110381998603892224	0.0615057763223222345	0.245904880602110991	0.246855458532556466	0.0688890128903898633	0.300100111809314794	0.0518933908651244392	0.0317256392208428139	0.0240443273831349261	0.00892830337657077752	0.941131957501990825	0.0653332731734223072	0.216386077958571057	0.0897682196096524936	0.237286176729929339	0.0783579629503840458	0.181012140908954016	0.198231564697394958	0.269393118830634829	0.0921660711875138379	0.203410355478218759	0.0559478153944836167
G:	0.168945441210069175	0.458840603806154989	0.184236006227903404	0.136872573194035239	0.296205633490715561	0.0620627756907517772	0.174167099102857916	0.0778033997284709037	0.92647971094438217	0.0151073226728309662	0.00747705626538417933	0.0176089590882607982	0.0884734379650373833	0.28053353022496577	0.583756215883487763	0.189544620531463683	0.45871969298731342	0.202718955859962176	0.259623814320739919	0.189650131741541049	0.396274140348774891	0.179362159482994445	0.466008118343477614
T:	0.338644835453706981	0.278575921851870623	0.50331820630331438	0.267173826932768734	0.202281538642659772	0.637845865989377003	0.230263631062638691	0.0603584409246496863	0.0109313543999525525	0.00764073035854993029	0.972436123824949631	0.0205929432448726728	0.837291598610926641	0.206671903954363892	0.248204007910401225	0.194259467949291765	0.0785186370436997653	0.212478371144755295	0.359918190584306484	0.177836054877464214	0.199609818477544303	0.355168238051222727	0.262522099070373004



