1	CAGATCTG	0.499603115542987548


A:	0.585186245129716961	0.431888098260759497	0.383735885168366421	0.903827523053243228	0.065839052125621994	0.0650005344800961244	0.292571720618785952	0.00242117026819480055	0.984160052050235238	0.00872068342326611141	0.98484949111857738	0.00973300719510419262	0.00270481346388296839	0.00125394869983841792	0.0566008743160946569	0.427084716876324243	0.519921286338685781	0.191326329924527407	0.0791009020565199219	0.324513571414773576	0.171888157487410639	0.402317429334612677
C:	0.110657935268577614	0.17193774879432176	0.111002873943598826	0.00543444664986715534	0.0689364083352523558	0.188268713979163037	0.305737166196307733	0.932449472981977996	0.00647161855502935559	0.00391722407047023667	0.00330454174075410627	0.00211295994556432127	0.984657279042380684	0.00811438069489698805	0.00852848243373254649	0.0584390990178650418	0.0738968847505819184	0.0972134037813661573	0.0160882080100331958	0.117192321956705046	0.377611761927631423	0.0946041664900487299
G:	0.0507793520865390362	0.255385824937317278	0.00403707030425536063	0.0199127091859949203	0.0868422642411417908	0.201029211263162922	0.112321200472674764	0.00852848243373254649	0.00811438069489698805	0.984657279042380684	0.00211295994556432127	0.00330454174075410627	0.00391722407047023667	0.00647161855502935559	0.932449472981977996	0.201602178986195077	0.308495636798438724	0.416831775709716719	0.0460036007583632699	0.0505358834331305201	0.328811860214271424	0.188084771846677147
T:	0.25337646751516639	0.140788328007601465	0.501224170583779393	0.0708253211108946962	0.778382275297983859	0.545701540277577916	0.289369912712231552	0.0566008743160946569	0.00125394869983841792	0.00270481346388296839	0.00973300719510419262	0.98484949111857738	0.00872068342326611141	0.984160052050235238	0.00242117026819480055	0.312874005119615638	0.0976861921122935766	0.294628490584389717	0.858807289175083612	0.507758223195390859	0.121688220370686514	0.314993632328661446



2	C.AGATCT.G	0.498915654965662407


A:	0.256126543718331695	0.227875724335138728	0.437100864888096337	0.636511287113858276	0.402810856163311398	0.223814372560986859	0.182059865173986033	0.0352302265693712565	0.819950008228692125	0.0359105102642889566	0.977530334734813017	0.00261593782703804602	0.00510514763149129409	0.0249532828919342725	0.549302135744444053	0.310161130582081643	0.680506549305171546	0.494868363217458691	0.079417477040028627	0.00964962336720687323	0.289826135061567887	0.182256586116112969	0.449206501464998193
C:	0.247919757452949497	0.302315879045713626	0.299776605325007341	0.0455567720945629595	0.163021176803547293	0.400667138911298064	0.428827598551018178	0.445273819711003713	0.10483452059982546	0.00998597123447131328	0.00468514283746486939	0.0151685846006840681	0.948998370869748436	0.050262188279548142	0.0789810911493332163	0.0789514056929141472	0.126903524034984731	0.13029725787799919	0.12281854485306527	0.0312734362198613867	0.355665626127354945	0.086223359148228502	0.132638382441864589
G:	0.136691017368948994	0.214794649499997486	0.0398981715970070899	0.0367617474888950782	0.050607050162342887	0.0576879203775168185	0.0789514056929141472	0.193376669088367133	0.050262188279548142	0.948998370869748436	0.0151685846006840681	0.00468514283746486939	0.00998597123447131328	0.10483452059982546	0.333669062560255925	0.428827598551018178	0.113023513621087454	0.0945647037610553425	0.0808786651146736458	0.0885956206522170219	0.204985494995480655	0.595767753871775712	0.116355446104917627
T:	0.359262681459769813	0.25501374711915016	0.223224358189889232	0.281170193302683686	0.383560916870798421	0.317830568150198259	0.310161130582081643	0.326119284631257898	0.0249532828919342725	0.00510514763149129409	0.00261593782703804602	0.977530334734813016	0.0359105102642889566	0.819950008228692125	0.0380477105459668059	0.182059865173986033	0.0795664130387562692	0.280269675143486777	0.716885312992232458	0.870481319760714718	0.149522743815596513	0.135752300863882816	0.301799669988219591



3	AGATCTGA	0.498684732975977765


A:	0.431888098260759497	0.383735885168366421	0.903827523053243228	0.065839052125621994	0.0650005344800961244	0.292571720618785952	0.00242117026819480055	0.938842229405979826	0.0173171735101095802	0.984211517157417819	0.00537316623669842366	0.00454781048253003999	0.0071782052166702454	0.237114557685694738	0.427084716876324243	0.519921286338685781	0.191326329924527407	0.0791009020565199219	0.324513571414773576	0.171888157487410639	0.402317429334612677	0.168570296039950333
C:	0.17193774879432176	0.111002873943598826	0.00543444664986715534	0.0689364083352523558	0.188268713979163037	0.305737166196307733	0.932449472981977996	0.0307428503637561154	0.00560785581455702535	0.00217692356062489184	0.0052778012154046461	0.983430517579458565	0.101159289212125525	0.0973487347654205755	0.0584390990178650418	0.0738968847505819184	0.0972134037813661573	0.0160882080100331958	0.117192321956705046	0.377611761927631423	0.0946041664900487299	0.380622178204956676
G:	0.255385824937317278	0.00403707030425536063	0.0199127091859949203	0.0868422642411417908	0.201029211263162922	0.112321200472674764	0.00852848243373254649	0.027726538026886752	0.972958674431776143	0.00419104143360179754	0.00296758800541237815	0.00523370525701105537	0.0110994532019618055	0.626101107724169204	0.201602178986195077	0.308495636798438724	0.416831775709716719	0.0460036007583632699	0.0505358834331305201	0.328811860214271424	0.188084771846677147	0.207641669102756565
T:	0.140788328007601465	0.501224170583779393	0.0708253211108946962	0.778382275297983859	0.545701540277577916	0.289369912712231552	0.0566008743160946569	0.00268838220337730659	0.00411629624355725163	0.00942051784835549135	0.986381444542484552	0.00678796668100034005	0.880563052369242424	0.0394355998247154824	0.312874005119615638	0.0976861921122935766	0.294628490584389717	0.858807289175083612	0.507758223195390859	0.121688220370686514	0.314993632328661446	0.243165856652336426



4	AGATCTG.G	0.49863820230295811


A:	0.431888098260759497	0.383735885168366421	0.903827523053243228	0.065839052125621994	0.0650005344800961244	0.292571720618785952	0.00242117026819480055	0.95260534264659207	0.0102138801737590394	0.989944119945348936	0.0096873200283931564	0.00309594803433554164	0.00326463546657593049	0.240732079524012309	0.427084716876324243	0.519921286338685781	0.191326329924527407	0.0791009020565199219	0.324513571414773576	0.171888157487410639	0.402317429334612677	0.168570296039950333	0.253943394953656423
C:	0.17193774879432176	0.111002873943598826	0.00543444664986715534	0.0689364083352523558	0.188268713979163037	0.305737166196307733	0.932449472981977996	0.0211643677758317798	0.0015066250761629015	0.00308791580089095858	0.00268048855055594292	0.982905749489095225	0.0387514955858374291	0.0516366065987694332	0.0584390990178650418	0.0738968847505819184	0.0972134037813661573	0.0160882080100331958	0.117192321956705046	0.377611761927631423	0.0946041664900487299	0.380622178204956676	0.242893281371194865
G:	0.255385824937317278	0.00403707030425536063	0.0199127091859949203	0.0868422642411417908	0.201029211263162922	0.112321200472674764	0.00852848243373254649	0.0200410785017089056	0.981061483366419111	0.00323064510004510683	0.00268048855055594292	0.00371230953694704982	0.0154091351530552716	0.665644400993459195	0.201602178986195077	0.308495636798438724	0.416831775709716719	0.0460036007583632699	0.0505358834331305201	0.328811860214271424	0.188084771846677147	0.207641669102756565	0.30177050961833626
T:	0.140788328007601465	0.501224170583779393	0.0708253211108946962	0.778382275297983859	0.545701540277577916	0.289369912712231552	0.0566008743160946569	0.00618921107586724413	0.00721801138365894844	0.00373731915371499837	0.984951702870494958	0.0102859929396221835	0.942574733794531369	0.0419869128837590628	0.312874005119615638	0.0976861921122935766	0.294628490584389717	0.858807289175083612	0.507758223195390859	0.121688220370686514	0.314993632328661446	0.243165856652336426	0.201392814056812453



5	AGATCTG..G	0.498583769463626543


A:	0.431888098260759497	0.383735885168366421	0.903827523053243228	0.065839052125621994	0.0650005344800961244	0.292571720618785952	0.00242117026819480055	0.94410896717570904	0.0139030650333884911	0.982009360683793825	0.0067669543425277351	0.00458795827582931659	0.00473619519238764975	0.216527754560953789	0.427084716876324243	0.519921286338685781	0.191326329924527407	0.0791009020565199219	0.324513571414773576	0.171888157487410639	0.402317429334612677	0.168570296039950333	0.253943394953656423
C:	0.17193774879432176	0.111002873943598826	0.00543444664986715534	0.0689364083352523558	0.188268713979163037	0.305737166196307733	0.932449472981977996	0.0328878985897710094	0.00370114032895172376	0.00318505425540540832	0.00662677670891486981	0.977853645203175058	0.0740233927701276981	0.0301061067927044772	0.0584390990178650418	0.0738968847505819184	0.0972134037813661573	0.0160882080100331958	0.117192321956705046	0.377611761927631423	0.0946041664900487299	0.380622178204956676	0.242893281371194865
G:	0.255385824937317278	0.00403707030425536063	0.0199127091859949203	0.0868422642411417908	0.201029211263162922	0.112321200472674764	0.00852848243373254649	0.0189881499297040976	0.975595863829342578	0.00311626228923708507	0.00315440313308089592	0.00713882744140729734	0.00723708175532642567	0.733253813096637887	0.201602178986195077	0.308495636798438724	0.416831775709716719	0.0460036007583632699	0.0505358834331305201	0.328811860214271424	0.188084771846677147	0.207641669102756565	0.30177050961833626
T:	0.140788328007601465	0.501224170583779393	0.0708253211108946962	0.778382275297983859	0.545701540277577916	0.289369912712231552	0.0566008743160946569	0.00401498430481585286	0.00679993080831720718	0.0116893227715636817	0.983451865815476499	0.0104195690795883281	0.914003330282158226	0.0201123255497038462	0.312874005119615638	0.0976861921122935766	0.294628490584389717	0.858807289175083612	0.507758223195390859	0.121688220370686514	0.314993632328661446	0.243165856652336426	0.201392814056812453



