1	CAGATCTG	0.48581374679044045


A:	0.402203202049288946	0.530789278258143939	0.241274830979768641	0.178288214038226668	0.249989264832236584	0.314667011464955734	0.076149484605850163	0.0200845911463234388	0.9682024833995234	0.0104101162664978219	0.974158852243899136	0.0117730445102310018	0.0184931097563382739	0.0113251160979831733	0.0588023165339623964	0.252648037682771923	0.447012197495142229	0.128260497957763652	0.1462349711660726	0.127057897073849842	0.18231209898450482	0.162604662349984303
C:	0.110608187714591462	0.156977446971518005	0.326234126719631269	0.164316567702880007	0.337934858659660438	0.172079843869608049	0.70922594616621896	0.905531099268300658	0.0125434115721534611	0.00202240964245703145	0.00409642240910564566	0.00997168083676421643	0.969074364334706873	0.00792898893033996532	0.0155819930514135067	0.277271425623147654	0.0901446912822171967	0.221820366450770484	0.282816850862563975	0.0374427704728772673	0.116241430462528906	0.466475100757271394
G:	0.144841845724362768	0.132966628796866483	0.16854359933193945	0.0951388828798469187	0.114560917064449727	0.162592107910437263	0.0441471083497297498	0.0155819930514135067	0.00792898893033996532	0.969074364334706873	0.00997168083676421643	0.00409642240910564566	0.00202240964245703145	0.0125434115721534611	0.905531099268300658	0.0920477666332970351	0.199099936063369725	0.302988576710471532	0.327958476695539095	0.250446996668694187	0.254561942833441917	0.157187598619145683
T:	0.342346764511756824	0.179266645973471574	0.26394744296866064	0.562256335379046406	0.297514959443653252	0.350661036754998953	0.170477460878201127	0.0588023165339623964	0.0113251160979831733	0.0184931097563382739	0.0117730445102310018	0.974158852243899136	0.0104101162664978219	0.9682024833995234	0.0200845911463234388	0.378032770060783388	0.263743175159270849	0.346930558880994333	0.24298970127582433	0.585052335784578703	0.446884527719524357	0.21373263827359862



2	TAGATCTA	0.477711943909544265


A:	0.126494875541217412	0.629120303521524598	0.247444564632477891	0.227029560963536257	0.120633739535695383	0.0821816872317039082	0.187042990415596784	0.0599501646954549088	0.83209476751602209	0.0270630972365928789	0.920291203516226879	0.0230546445128252675	0.0537239015025470486	0.0514998154462161891	0.708463219987488636	0.390236089907602904	0.27856491766143803	0.227223033358379962	0.0731188624711106411	0.329764640990560005	0.152671830972246891	0.192432285111479582
C:	0.120048540014059221	0.174037354583410964	0.164293293055141019	0.171658075551237789	0.676924948701476712	0.25787965683098386	0.453791275207278144	0.166988121793564125	0.0467146287359608935	0.0758668262537052063	0.0167989847011562782	0.0398551672697915749	0.843346175007154866	0.0696907883018008271	0.06459849352349233	0.135829498776739561	0.0618654874969308351	0.176729682038462059	0.386477899802836814	0.142130209104796712	0.14248251652176309	0.239388512885792231
G:	0.432805693199879845	0.11245831217772206	0.199208007701703641	0.421156040661458653	0.10011084715007769	0.064740749872905674	0.0634941217077915988	0.06459849352349233	0.0696907883018008271	0.843346175007154866	0.0398551672697915749	0.0167989847011562782	0.0758668262537052063	0.0467146287359608935	0.166988121793564125	0.264049028710349842	0.415650136841737458	0.442224530405573071	0.221741820194489869	0.0968507570940567823	0.194996814610666646	0.0746695505872816573
T:	0.320650891244843521	0.0843840297173423776	0.389054134610677449	0.180156322823767302	0.102330464612750216	0.595197906064406558	0.295671612669333474	0.708463219987488636	0.0514998154462161891	0.0537239015025470486	0.0230546445128252675	0.920291203516226879	0.0270630972365928789	0.83209476751602209	0.0599501646954549088	0.209885382605307693	0.243919457999893677	0.153822754197584908	0.318661417531562676	0.431254392810586501	0.509848837895323373	0.493509651415446529



3	T.AGATCT.A	0.447425072828716733


A:	0.329857833004457204	0.205433845032194682	0.5122369090648713	0.192512187233498734	0.417228682638362012	0.431094888811292712	0.265507963181103812	0.0992757304584428378	0.155922894964420583	0.867394543563696209	0.020071626963859158	0.927167558011184182	0.0321236593533035845	0.0282445217379152482	0.0257492445121214022	0.331672974512338542	0.609529679255189327	0.206199173609780632	0.30041856556752916	0.106015197757715616	0.272579463005975331	0.0782561268230834062	0.199877644834794517
C:	0.203568686561851385	0.221275080407577808	0.249037114101951001	0.331249201827772285	0.235118160542768653	0.269908651605936635	0.256146713899977606	0.202445492627091662	0.308850258675954896	0.0814723083910088845	0.0331963538252628865	0.0307335755194376309	0.00997520711607460219	0.918487497472962707	0.0253839035331735046	0.283307260545785721	0.088749097659276174	0.0600101466256750676	0.140811596429236476	0.20653307798521977	0.0199725687480992822	0.105730226541067183	0.279620835667394787
G:	0.20373128247537461	0.312707479143021603	0.116464547840989099	0.14091789685961435	0.0564971988771908074	0.190254928723022071	0.123805307473760644	0.088749097659276174	0.160249244971030386	0.0253839035331735046	0.918487497472962707	0.00997520711607460219	0.0307335755194376309	0.0331963538252628865	0.0814723083910088845	0.326039042797710131	0.202445492627091662	0.144079088650474649	0.404163801024928071	0.151881524863822749	0.419398533152351236	0.162003345381272774	0.310122627078345451
T:	0.262842197958316801	0.260583595417205908	0.1222614289921886	0.335320714079114631	0.291155957941678527	0.108741530859748582	0.354540015445157938	0.609529679255189327	0.374977601388594136	0.0257492445121214022	0.0282445217379152482	0.0321236593533035845	0.927167558011184182	0.020071626963859158	0.867394543563696209	0.0589807221441656061	0.0992757304584428378	0.589711591114069651	0.154606036978306293	0.535570199393241865	0.288049435093574151	0.654010301254576636	0.210378892419465244



4	C.AGATCTG	0.443402108954412999


A:	0.691566551558634945	0.402203202049288946	0.530789278258143939	0.241274830979768641	0.178288214038226668	0.249989264832236584	0.314667011464955734	0.076149484605850163	0.0200845911463234388	0.923966183377886516	0.0159561619981248724	0.95468920626907815	0.00833314892251330033	0.0256483304167785711	0.030900687709175664	0.124359207412210507	0.252648037682771923	0.447012197495142229	0.128260497957763652	0.1462349711660726	0.127057897073849842	0.18231209898450482	0.162604662349984303
C:	0.171915114127075013	0.110608187714591462	0.156977446971518005	0.326234126719631269	0.164316567702880007	0.337934858659660438	0.172079843869608049	0.70922594616621896	0.905531099268300658	0.0445195548751207846	0.00664844535563505367	0.0138458730643517241	0.0223457306653833374	0.923927826565501612	0.0140442011854892734	0.0478078677070382844	0.277271425623147654	0.0901446912822171967	0.221820366450770484	0.282816850862563975	0.0374427704728772673	0.116241430462528906	0.466475100757271394
G:	0.0345257793404513962	0.144841845724362768	0.132966628796866483	0.16854359933193945	0.0951388828798469187	0.114560917064449727	0.162592107910437263	0.0441471083497297498	0.0155819930514135067	0.00823485727739397713	0.964225109752173297	0.0217738350784027573	0.00702409526683047143	0.0317076724419830729	0.0197557225581701592	0.78842661938006583	0.0920477666332970351	0.199099936063369725	0.302988576710471532	0.327958476695539095	0.250446996668694187	0.254561942833441917	0.157187598619145683
T:	0.101992554973838646	0.342346764511756824	0.179266645973471574	0.26394744296866064	0.562256335379046406	0.297514959443653252	0.350661036754998953	0.170477460878201127	0.0588023165339623964	0.0232794044695987222	0.0131702828940667772	0.009691085588167369	0.962297025145272891	0.0187161705757367439	0.935299388547164903	0.0394063055006853792	0.378032770060783388	0.263743175159270849	0.346930558880994333	0.24298970127582433	0.585052335784578703	0.446884527719524357	0.21373263827359862



5	C..AGATCTA	0.440985084210006421


A:	0.184564271551116337	0.493509651415446529	0.509848837895323373	0.431254392810586501	0.318661417531562676	0.153822754197584908	0.243919457999893677	0.209885382605307693	0.0599501646954549088	0.727064975041241101	0.0487053751533150761	0.811667527555573106	0.0806736279545986246	0.0863869280878639634	0.0746225939776053197	0.55819691810803528	0.295671612669333474	0.595197906064406558	0.102330464612750216	0.180156322823767302	0.389054134610677449	0.0843840297173423776	0.320650891244843521
C:	0.503362565872184123	0.0746695505872816573	0.194996814610666646	0.0968507570940567823	0.221741820194489869	0.442224530405573071	0.415650136841737458	0.264049028710349842	0.166988121793564125	0.0818071909844801676	0.0405382986297266376	0.0260718380474483911	0.0282523080050542207	0.800208849545778567	0.0269087736798223184	0.156979693487829491	0.0634941217077915988	0.064740749872905674	0.10011084715007769	0.421156040661458653	0.199208007701703641	0.112458312177722061	0.432805693199879845
G:	0.155186348816710162	0.239388512885792231	0.14248251652176309	0.142130209104796712	0.386477899802836814	0.176729682038462059	0.0618654874969308351	0.135829498776739561	0.06459849352349233	0.0785552788129131203	0.840270270533841033	0.0560358159360812808	0.0293670899453279021	0.0395068694339265939	0.0922135001487696164	0.230473197663381147	0.453791275207278144	0.25787965683098386	0.676924948701476712	0.171658075551237789	0.164293293055141019	0.174037354583410964	0.120048540014059221
T:	0.156886813759989378	0.192432285111479582	0.152671830972246891	0.329764640990560005	0.0731188624711106411	0.227223033358379962	0.27856491766143803	0.390236089907602904	0.708463219987488636	0.112572555161365611	0.0704860556831172529	0.106224818460897222	0.861706974095019253	0.0738973529324308755	0.806255132193802745	0.0543501907407540822	0.187042990415596784	0.0821816872317039082	0.120633739535695383	0.227029560963536257	0.247444564632477891	0.629120303521524598	0.126494875541217412



