1	GATCGATC	0.494853985966413755


A:	0.449619094149977639	0.220519624275830332	0.145096877477634207	0.398996970238879223	0.311434764556515922	0.347514738684872144	0.114737139890420106	0.0156905991470880798	0.892412095452647647	0.0241447217240776863	0.0171644080859909137	0.0154787305106318142	0.929577100814323337	0.00977195094282619071	0.0349270748740288009	0.0921334797520081473	0.502526302928631677	0.281637832781657426	0.351826712689644418	0.624685915782122214	0.391407029178325058	0.582311861944853809
C:	0.13236183591793327	0.217424075939878903	0.162930096913002408	0.15039885689912641	0.0392548253600527724	0.0478716227352061996	0.2590391573443836	0.0247953948504936292	0.0821072877578736941	0.0255263214776465203	0.962214093128267381	0.00514276827510989105	0.0207518559839524566	0.0157086658466524685	0.92458693112838949	0.0418347072866579247	0.0260993248410894127	0.3606764523140777	0.068109619937852548	0.157549604094183621	0.106000024663213747	0.153685740578828823
G:	0.134845634134272885	0.206943656349980768	0.176144299463143373	0.366579316255083951	0.349113272327679497	0.0156219104956829492	0.171321221681796899	0.92458693112838949	0.0157086658466524685	0.0207518559839524566	0.00514276827510989105	0.962214093128267381	0.0255263214776465203	0.0821072877578736941	0.0247953948504936292	0.769315036875543501	0.329317260873078396	0.0891960720503170814	0.112770811603559654	0.0694011926496787894	0.0847430947852843203	0.183334083773028682
T:	0.283173435797816207	0.355112643434309997	0.515828726146220012	0.0840248566069104164	0.300197137755751809	0.588991728084238707	0.454902481083399396	0.0349270748740288009	0.00977195094282619071	0.929577100814323337	0.0154787305106318142	0.0171644080859909137	0.0241447217240776863	0.892412095452647647	0.0156905991470880799	0.0967167760857904271	0.142057111357200514	0.268489642853947792	0.46729285576894338	0.148363287474015376	0.417849851373176874	0.0806683137032886859



2	CGATCG.AA	0.493636370050020107


A:	0.533758871591177199	0.125900953000025906	0.248368109291218028	0.0918754297981262184	0.398365648166063181	0.201773713175522794	0.299712072656444459	0.01038416195795119	0.00938711233484355407	0.987562055529140724	0.00316299819823130219	0.00330372321090466699	0.0325017297508943765	0.240232996063178878	0.612373676603951383	0.477939267778602093	0.356381600871537391	0.11570799642320847	0.505714316503465691	0.202067194356956167	0.525268200486417081	0.154005898982713139	0.183248097965489859
C:	0.074786798543910237	0.237397364319508494	0.249271367044912455	0.148847297284251034	0.0812567243609991289	0.300013989616589407	0.162819206717476222	0.948351376995001121	0.00279832008624495306	0.00171045846071746838	0.00379664525225735778	0.985366103530264128	0.0067129273368696929	0.434665476875840658	0.135324806936761873	0.0274142630126537483	0.16836306570199017	0.255883878849902926	0.0763229990366217607	0.16035376567789675	0.105613617003729652	0.106209863069970491	0.211189358407951503
G:	0.118633418548510792	0.146684551685836787	0.138421468007527527	0.250307322132453412	0.280929588150940181	0.132587804209783198	0.093489122743870546	0.00213909537486608548	0.984989270916060321	0.00453968349516711521	0.00348707718869820459	0.00325057216317052244	0.944578117489585742	0.224085046995986574	0.13911332454331228	0.0624226664735210686	0.15756470706255882	0.239250504427536216	0.246864154658808784	0.0407089643328351344	0.125167855103566223	0.426607217463761619	0.144358157504579056
T:	0.272820911316401772	0.490017130994628813	0.363939055656341989	0.508969950785169336	0.23944803932199751	0.365624492998104601	0.443979597882208773	0.0391253656721816036	0.00282529666285117214	0.00618780251497469257	0.989553279360813135	0.0080796010956606824	0.0162072254226501889	0.10101648006499389	0.113188191915974464	0.43222380273522309	0.31769062636391362	0.389157620299352387	0.171098529801103764	0.596870075632311949	0.243950327406287044	0.313177020483554751	0.461204386121979581



3	CCGATCGG	0.492543946276910922


A:	0.340650462935438039	0.217371501402241127	0.196806614256848502	0.223869141045310349	0.358781899960457085	0.297721982772979741	0.133200384082068681	0.371367403812078438	0.0553337173827700388	0.00945339014975541743	0.989300276280240832	0.00415989885108849121	0.00529950934427652906	0.0259485349241595038	0.0299143538291931255	0.739011921741475418	0.268534524145816388	0.408396845516415469	0.385764548598209746	0.55040366075492322	0.283920209294731989	0.221063628624766227
C:	0.323062715560039709	0.11365042814058189	0.455401661191157531	0.0794962612418313238	0.0969577233519907142	0.0448609799540494566	0.193317060584310848	0.587588165204249303	0.914024342332089516	0.00134420240299282914	0.00271216815555342258	0.00382765671311725398	0.983902898102975224	0.00469340536098094121	0.0111300771544791333	0.0692399097188726491	0.283257298212233953	0.280839084053979811	0.197548883042298169	0.239126957015542565	0.161571852088102242	0.214781926063606103
G:	0.211693385663604561	0.122772089640066745	0.241535312794413727	0.485986271339450869	0.210892778915082125	0.404475106152634227	0.137787988291783085	0.0111300771544791333	0.00469340536098094121	0.983902898102975224	0.00382765671311725398	0.00271216815555342258	0.00134420240299282914	0.914024342332089516	0.587588165204249303	0.100853358795494963	0.0431419859561419975	0.0676950845810875595	0.192363449552458029	0.0692212164586246789	0.151351283908953901	0.271367847808257959
T:	0.124593435840917691	0.546205980817110239	0.106256411757580241	0.210648326373407459	0.333367597772470076	0.252941931120336576	0.535694567041837386	0.0299143538291931255	0.0259485349241595038	0.00529950934427652906	0.00415989885108849121	0.989300276280240832	0.00945339014975541743	0.0553337173827700388	0.371367403812078438	0.0908948097441569696	0.405066191685807662	0.24306898584851716	0.224323118807034056	0.141248165770909537	0.403156654708211868	0.292786597503369711



4	AT.CGATCG	0.492466195210673423


A:	0.114462698661634063	0.295765986487117228	0.160941918823011209	0.19713403804016188	0.163973522728438365	0.41381534179798742	0.128978398355379076	0.43222380273522309	0.174505567078075611	0.254152639422517779	0.047012921845980618	0.00263356697346428897	0.989312681867141557	0.00272736905464247698	0.00937447733984152011	0.0437269494248645166	0.202005351098024738	0.527859720501648358	0.239307197398612201	0.562159815351743531	0.445797761543617216	0.188650523268093621	0.480463208732386287
C:	0.430726191883326423	0.238170550871618892	0.0567520953952309043	0.0248226716723330196	0.165677791957213453	0.126625811997333618	0.204895435236770025	0.0624226664735210686	0.0894097853337196648	0.554579050145088297	0.861534087522697094	0.0052361702035633084	0.00307489701633756678	0.00493624798895583161	0.978797551968799895	0.00339668522905109539	0.1238688403219269	0.104685134803414772	0.194497895274622221	0.0747532551520038516	0.16416958756546473	0.198705885283196818	0.267647762196628243
G:	0.155502393812469278	0.191437229757311528	0.0508889839472619669	0.104506455647205326	0.445478662981439625	0.206047994367081432	0.373084582266863175	0.0274142630126537483	0.0559718281950991115	0.0237442866081710453	0.00570690859668727232	0.986674306338029307	0.0040406666583008688	0.00385703973236267911	0.00875604305430130734	0.901934398271398382	0.376205033874974324	0.0735424463411135854	0.01660241766636576	0.19471242054201057	0.143837211607367661	0.337212202138291493	0.0382820764585201307
T:	0.299308715642570235	0.274626232883952352	0.73141700183449592	0.673536834640299774	0.224870022332908557	0.25351085183759753	0.293041584140987724	0.477939267778602093	0.680112819393105613	0.167524023824222878	0.0857460820346350158	0.00545595648494309551	0.00357175445822000736	0.988479343224039012	0.00307192763705727732	0.0509419670746860061	0.297920774705074038	0.293912698353823285	0.549592489660399818	0.168374508954242047	0.246195439283550393	0.275431389310418069	0.213606952612465339



5	CCGATCG.A	0.492372326764458932


A:	0.422569908645844888	0.213606952612465339	0.275431389310418069	0.246195439283550393	0.168374508954242047	0.549592489660399818	0.293912698353823285	0.297920774705074038	0.0198402068847665602	0.00832691169724573638	0.984896230654834457	0.00686853568795058286	0.00509783531482039181	0.0426229050174293944	0.167524023824222878	0.535694567041837386	0.477939267778602093	0.293041584140987724	0.25351085183759753	0.224870022332908557	0.673536834640299774	0.73141700183449592	0.274626232883952352
C:	0.157976153431368482	0.0382820764585201307	0.337212202138291493	0.143837211607367661	0.19471242054201057	0.01660241766636576	0.0735424463411135854	0.376205033874974324	0.901775184085589946	0.00629969241753121513	0.00184958666609875784	0.00396810274889733767	0.974172356076539994	0.00735334854052467279	0.0237442866081710453	0.137787988291783085	0.0274142630126537483	0.373084582266863175	0.206047994367081432	0.445478662981439625	0.104506455647205326	0.0508889839472619669	0.191437229757311528
G:	0.111941167554409131	0.267647762196628243	0.198705885283196818	0.16416958756546473	0.0747532551520038516	0.194497895274622221	0.104685134803414772	0.1238688403219269	0.0139283721828894914	0.976411521489186325	0.00747573044077106053	0.00193813932029006893	0.00441454350899948633	0.863419779989794119	0.554579050145088297	0.193317060584310848	0.0624226664735210686	0.204895435236770025	0.126625811997333618	0.165677791957213453	0.0248226716723330196	0.0567520953952309043	0.238170550871618892
T:	0.307512770368377499	0.480463208732386287	0.188650523268093621	0.445797761543617216	0.562159815351743531	0.239307197398612201	0.527859720501648358	0.202005351098024738	0.0644562368467540023	0.00896187439603672338	0.00577845223829572438	0.987225222242862011	0.0163152650996401275	0.0866039664522518141	0.254152639422517779	0.133200384082068681	0.43222380273522309	0.128978398355379076	0.41381534179798742	0.163973522728438365	0.19713403804016188	0.160941918823011209	0.295765986487117228



