1	CAGATCTG	0.499032194351175193


A:	0.126894390015226485	0.465411310495626499	0.201581361010154333	0.328749429326003285	0.429836821988433335	0.16203705122372219	0.0690343818168445207	0.00373945365023885622	0.967238254628779716	0.0348553752127064391	0.987449799664605701	0.00580418412663875023	0.000801248239714203379	0.00299470560785454136	0.1674648918282735	0.430686796378210976	0.529374069242558363	0.210315425281040048	0.311214912922917771	0.245095151170997455	0.26955151712362576	0.21512489724850239
C:	0.0204268625451936541	0.108590028439778924	0.44653941837600779	0.146571109756487113	0.286468153299806362	0.186386095684835061	0.393502769374688048	0.818405415689471773	0.0188833805852872314	0.00236785619769347056	0.00103273294096960758	0.00571328326778594132	0.961975520349885887	0.0108836591780785114	0.0103902388320158709	0.155702059219589364	0.148137115588752674	0.285320515623258261	0.295777298542887733	0.0330810271476584983	0.457456257590788631	0.20501485298421328
G:	0.298112901132887509	0.0525646596045999818	0.0604772519159257149	0.171234923423581469	0.106111668281199533	0.050294856272958043	0.0914374832158193792	0.0103902388320158709	0.0108836591780785114	0.961975520349885887	0.00571328326778594132	0.00103273294096960758	0.00236785619769347056	0.0188833805852872314	0.818405415689471773	0.185861011224767862	0.177290505954934023	0.295339888747364949	0.203661681042392632	0.12971342128335738	0.124488986320096178	0.0489291366539739706
T:	0.554565846306692351	0.373434001459994595	0.291401968697912162	0.353444537493928133	0.17758335643056077	0.601281996818484706	0.446025365592648052	0.1674648918282735	0.00299470560785454136	0.000801248239714203379	0.00580418412663875023	0.987449799664605701	0.0348553752127064391	0.967238254628779716	0.00373945365023885622	0.227750133177431797	0.14519830921375494	0.209024170348336742	0.189346107491801864	0.592110400397986667	0.148503238965489431	0.53093111311331036



2	GATC.GATC	0.498562627210234972


A:	0.315183138577655847	0.249285985701042908	0.36229725352275072	0.232769557516512512	0.448202839049083129	0.073628994346809461	0.711727108609864806	0.0166126475556612746	0.958417651893104024	0.00495839117474965539	0.00336854417695023162	0.407549074635002534	0.0664695854456625755	0.973009665817660211	0.023286801108809006	0.0111272595543584038	0.0324604085433569051	0.456677115922725392	0.650298273795411531	0.307985887846952629	0.395474889942197743	0.231616302537398851	0.230055812114134925
C:	0.351142823563397916	0.226110618319808283	0.237811789366393649	0.351641515674892389	0.15224610427645651	0.66065133453775871	0.181853186433406816	0.0295419290944658843	0.0104237615498409023	0.0125155292529293688	0.90073749126252542	0.279980264383190744	0.029424379114861773	0.00951641375466076445	0.00787178544824606776	0.942718163795514437	0.0667564512899033126	0.0358155075186204945	0.106169794959933242	0.169446187722492062	0.194647687685726002	0.195999292861811244	0.274638240105999012
G:	0.279111063881507072	0.235138303595690245	0.12627674048992588	0.132861623880598025	0.126668353103290965	0.172686854349492445	0.0443676671551227433	0.942718163795514437	0.00787178544824606776	0.00951641375466076445	0.029424379114861773	0.247392998688958641	0.90073749126252542	0.0125155292529293688	0.0104237615498409023	0.0295419290944658843	0.0936336766604538551	0.429968053684525758	0.138250471906617419	0.236586688031472135	0.284722545567697993	0.227865094546403163	0.34618962569261703
T:	0.0545629739774391649	0.289465092383458564	0.27361421662092975	0.282727302927997075	0.272882703571169397	0.0930328167659393842	0.0620520378016056347	0.0111272595543584038	0.023286801108809006	0.973009665817660211	0.0664695854456625755	0.065077662292848081	0.00336854417695023162	0.00495839117474965539	0.958417651893104024	0.0166126475556612746	0.807149463506285927	0.0775393228741283546	0.105281459338037807	0.285981236399083175	0.125154876804378263	0.344519310054386742	0.149116322087249033



3	TAGATCTA	0.498103984594874833


A:	0.425633017623843927	0.316155734426046683	0.567242143799840703	0.220622193079728606	0.203353312402340276	0.116800026714523671	0.0784016656284657806	0.0124475638498312305	0.942358301136642132	0.00909479063484072464	0.986490790943811677	0.00334325623909678172	0.000783526046417900792	0.00207316137794705564	0.747823153926488237	0.382591658813925042	0.727603987385845152	0.348211057577246961	0.251019094770654243	0.556866936001323002	0.125761753706723527	0.220415957505319223
C:	0.10320417094935041	0.271079641585966484	0.0434395159062001613	0.170089628021612567	0.301125698311115341	0.261668583894726215	0.552763776141293633	0.221783650884039567	0.00519118238524040628	0.00744017933254517392	0.00204105782713675021	0.00812489498995479076	0.982681503986196201	0.0503773551001704065	0.0179456313396409657	0.194792080994216589	0.0283721067336636033	0.0402046624872933521	0.154759009101603382	0.0737914971510141191	0.2102577264154946	0.52299610227930136
G:	0.326964504080604281	0.14663463322386699	0.133998119391095117	0.543394277829449965	0.160272470459612533	0.0681454001653436929	0.0579926438377240608	0.0179456313396409657	0.0503773551001704065	0.982681503986196201	0.00812489498995479076	0.00204105782713675021	0.00744017933254517392	0.00519118238524040628	0.221783650884039567	0.3632322534886067	0.184230802290837962	0.424545895911806515	0.323447751870292956	0.106636453469221106	0.414658460168895983	0.157554100174025287
T:	0.144198307346201383	0.266129990764119843	0.255320220902864018	0.0658939010692088624	0.33524851882693185	0.55338598922540642	0.310841914392516525	0.747823153926488237	0.00207316137794705564	0.000783526046417900792	0.00334325623909678172	0.986490790943811677	0.00909479063484072464	0.942358301136642132	0.0124475638498312305	0.0593840067032516681	0.0597931035896532825	0.187038384023653172	0.270774144257449419	0.262705113378441772	0.24932205970888589	0.0990338400413541298



4	TC.GATC.GA	0.497784388268983904


A:	0.559027544778211591	0.32333057778879592	0.587588258922916415	0.503439227058819065	0.111599143332362706	0.413739045383633589	0.0553146874119209725	0.015428584409673992	0.759742571348393167	0.0209314112346457751	0.982006629527504143	0.00307989377963490338	0.00353588448477820716	0.0322849289694781824	0.0550462039596246349	0.840377721157391526	0.264186860620925315	0.113376087048864484	0.264101585669817744	0.469190807390122507	0.531736350647803479	0.398251212845914719	0.258730260610753004
C:	0.144785086428067857	0.177820051513752105	0.1222470042238949	0.129683915010621667	0.0839747074209640924	0.19146506967257815	0.0553146874119209725	0.890603696277427667	0.156869994031819212	0.00635392523091079212	0.00733577083279812899	0.0075777058600628245	0.969178779049665226	0.0435769753748693484	0.0389215153532737063	0.0489929040187665287	0.0345775589961632458	0.590748504644491454	0.205961668187965372	0.132221592304014709	0.211577375378150756	0.261000414356507821	0.128462752124018497
G:	0.137715931825674358	0.113451295328092115	0.192098820063916938	0.23857575724980585	0.670517498855857274	0.24189360274894649	0.0489929040187665286	0.0389215153532737063	0.0494262431742749186	0.969178779049665226	0.0075777058600628245	0.00733577083279812899	0.00635392523091079212	0.222642172024573011	0.890603696277427667	0.0553146874119209725	0.0351162025753989625	0.0598058526276852616	0.182128503779874454	0.128716672466184341	0.168711509202361839	0.223000201379563785	0.271650961864754783
T:	0.158471436968046195	0.38539807536935986	0.0980659167892717466	0.128301100680753418	0.133908650390815928	0.152902282194841771	0.840377721157391526	0.0550462039596246349	0.0339611914455127031	0.00353588448477820716	0.00307989377963490338	0.982006629527504143	0.0209314112346457751	0.701495923631079458	0.015428584409673992	0.0553146874119209725	0.666119377807512477	0.236069555678958801	0.34780824236234243	0.269870927839678443	0.0879747647716839253	0.117748171418013675	0.341156025400473716



5	C.AGATCTA	0.497234158146885958


A:	0.431704249905417731	0.425633017623843927	0.316155734426046683	0.567242143799840703	0.220622193079728606	0.203353312402340276	0.116800026714523671	0.0784016656284657806	0.0124475638498312305	0.939271551577997561	0.00564955564943416969	0.992594467132556197	0.00314867225769970897	0.000907062407263625982	0.00202260489364256906	0.628361364867263382	0.382591658813925042	0.727603987385845152	0.348211057577246961	0.251019094770654243	0.556866936001323002	0.125761753706723527	0.220415957505319223
C:	0.103502913620284665	0.10320417094935041	0.271079641585966484	0.0434395159062001613	0.170089628021612567	0.301125698311115341	0.261668583894726215	0.552763776141293633	0.221783650884039567	0.0274749557769874059	0.00292116411937392587	0.00138162082706011113	0.00303625318934318113	0.982722687921526339	0.0664496482452252519	0.0105056701277986226	0.194792080994216589	0.0283721067336636033	0.0402046624872933521	0.154759009101603382	0.0737914971510141191	0.2102577264154946	0.52299610227930136
G:	0.161629138244098215	0.326964504080604281	0.14663463322386699	0.133998119391095117	0.543394277829449965	0.160272470459612533	0.0681454001653436929	0.0579926438377240608	0.0179456313396409657	0.0290855034407836871	0.98970069270695533	0.00390930683544240132	0.00112959750001900596	0.0072456359589752944	0.0136204785371423258	0.352144880617009395	0.3632322534886067	0.184230802290837962	0.424545895911806515	0.323447751870292956	0.106636453469221106	0.414658460168895983	0.157554100174025287
T:	0.303163698230199388	0.144198307346201383	0.266129990764119843	0.255320220902864018	0.0658939010692088624	0.33524851882693185	0.55338598922540642	0.310841914392516525	0.747823153926488237	0.00416798920423134549	0.00172858752423657454	0.00211460520494129048	0.992685477052938104	0.00912461371223474016	0.917907268323989853	0.00898808438792860012	0.0593840067032516681	0.0597931035896532825	0.187038384023653172	0.270774144257449419	0.262705113378441772	0.24932205970888589	0.0990338400413541298



