1	CAGATCTG	0.498775429587201264


A:	0.259097378949898777	0.283551656079225953	0.169750775296018344	0.30085328244687346	0.245717433616248389	0.172429522405839006	0.212452230448002439	0.00630343744081749143	0.959628995887098571	0.0299121167092848827	0.987124185449392044	0.00700679943296411922	0.00192172076945801395	0.00575145543035537288	0.264420729908687807	0.523244301215138411	0.694338582473287565	0.246849809785293882	0.409611496398559759	0.173856370690364819	0.226922269995450858	0.117205900176588223
C:	0.0369633092336532488	0.173169933180498463	0.575223447180801021	0.152032339248003912	0.314886555990789522	0.16465635040576939	0.322213437285487846	0.719933063034945931	0.0151628410616321462	0.00454264524548112922	0.00215242729436620046	0.00371658782327763584	0.963623517275775974	0.0194567076209139098	0.00934276961554877068	0.122635686318753591	0.0509589883978704245	0.286595520589598159	0.216701698022360332	0.0405471649627701139	0.184752959968832034	0.19842274346040612
G:	0.192392773789364474	0.0601480688507530946	0.114854947628789533	0.0688947260922431163	0.219192309731570088	0.067996121865446828	0.0442974719679632237	0.00934276961554877068	0.0194567076209139098	0.963623517275775974	0.00371658782327763584	0.00215242729436620046	0.00454264524548112922	0.0151628410616321462	0.719933063034945931	0.22099017011709715	0.175797424542809657	0.207557618626471725	0.159680418326189702	0.122939284577742462	0.453483129837855994	0.078613298908270472
T:	0.5115465380270835	0.48313034188952249	0.140170829894391103	0.478219652212879511	0.220203700661392001	0.594918005322944776	0.421036860298546491	0.264420729908687807	0.00575145543035537288	0.00192172076945801395	0.00700679943296411922	0.987124185449392044	0.0299121167092848827	0.959628995887098571	0.00630343744081749143	0.133129842349010848	0.0789050045860323533	0.258997050998636234	0.214006387252890208	0.662657179769122605	0.134841640197861114	0.605758057454735184



2	TAGATCTA	0.498360736680985533


A:	0.398352734791936013	0.282255885864270437	0.627116390180164028	0.229122836037417764	0.372875238100384539	0.141428364572089676	0.120809629735768442	0.0134711757099398471	0.951280694975896175	0.0108335598834116527	0.987194964352865115	0.00671584397192005366	0.0014729872172008549	0.000930073480178092796	0.694648875861931764	0.419846108828695203	0.619987390096845866	0.260673980414310561	0.456254642136581551	0.485129248456532023	0.224871975109962074	0.309168165001724044
C:	0.233521276592643906	0.150148768023899305	0.0519215401792762495	0.158933255771301658	0.326448937255730629	0.244450449597205829	0.328568074589828753	0.285744255966267021	0.00865500800423134169	0.00737258902596742013	0.00266295422926476543	0.00342623744595006574	0.980320863873420072	0.0391342235396943907	0.00613569246186136825	0.127178883830717379	0.041429065428424457	0.042944872982986592	0.140461282027219258	0.0397602273675240884	0.11656437926147354	0.198623977235981525
G:	0.188325826509785509	0.0462839758576702365	0.0509450144377684352	0.408236422763738094	0.0715106646651912492	0.08591091498211294	0.0893612370767031235	0.00613569246186136825	0.0391342235396943907	0.980320863873420072	0.00342623744595006574	0.00266295422926476543	0.00737258902596742013	0.00865500800423134169	0.285744255966267021	0.244181696292475315	0.227334147401891272	0.584171378680323028	0.196102966883318117	0.166251295207026377	0.432937263367726336	0.192878850143953806
T:	0.179800162105634572	0.521311370254160022	0.270017055202791287	0.203707485427542484	0.229165159978693583	0.528210270848591555	0.461261058597699681	0.694648875861931764	0.000930073480178092796	0.0014729872172008549	0.00671584397192005366	0.987194964352865115	0.0108335598834116527	0.951280694975896175	0.0134711757099398471	0.208793311048112103	0.111249397072838405	0.112209767922379819	0.207181108952881074	0.308859228968917512	0.225626382260838049	0.299329007618340625



3	T..AGATCTA	0.497903460388024478


A:	0.250021952554991564	0.398352734791936013	0.282255885864270437	0.627116390180164028	0.229122836037417764	0.372875238100384539	0.141428364572089676	0.120809629735768442	0.0134711757099398471	0.94471917133480505	0.00760931862070989175	0.989012032086640698	0.0142953482130424546	0.00666466764407621976	0.00556416816047020958	0.418202387184141808	0.419846108828695203	0.619987390096845866	0.260673980414310561	0.456254642136581551	0.485129248456532023	0.224871975109962074	0.309168165001724044
C:	0.182759952699467957	0.233521276592643906	0.150148768023899305	0.0519215401792762495	0.158933255771301658	0.326448937255730629	0.244450449597205829	0.328568074589828753	0.285744255966267021	0.0266976493897644191	0.0061306161821630569	0.00238317624345510658	0.00111944139290046064	0.975765495294478085	0.0495009499878138013	0.0252533744630134357	0.127178883830717379	0.041429065428424457	0.042944872982986592	0.140461282027219258	0.0397602273675240884	0.11656437926147354	0.198623977235981525
G:	0.203500920390744916	0.188325826509785509	0.0462839758576702365	0.0509450144377684352	0.408236422763738094	0.0715106646651912492	0.08591091498211294	0.0893612370767031235	0.00613569246186136825	0.0112497886940425718	0.981793421073915827	0.00377303280018136323	0.00162510450686104592	0.0105321217410047122	0.0115947584476967874	0.534781655603546193	0.244181696292475315	0.227334147401891272	0.584171378680323028	0.196102966883318117	0.166251295207026377	0.432937263367726336	0.192878850143953806
T:	0.363717174354795564	0.179800162105634572	0.521311370254160022	0.270017055202791287	0.203707485427542484	0.229165159978693583	0.528210270848591555	0.461261058597699681	0.694648875861931764	0.0173333905813879586	0.00446664412321122482	0.00483175886972283233	0.982960105887196039	0.00703771532044098285	0.933340123404019202	0.0217625827492985628	0.208793311048112103	0.111249397072838405	0.112209767922379819	0.207181108952881074	0.308859228968917512	0.225626382260838049	0.299329007618340625



4	AGATCTG.A	0.497574041142505873


A:	0.283551656079225953	0.169750775296018344	0.30085328244687346	0.245717433616248389	0.172429522405839006	0.212452230448002439	0.00630343744081749143	0.973492265896132694	0.00546045094205241078	0.990667303216050556	0.00182624886108643077	0.00196722317465599985	0.00387423846561630941	0.399765203531899976	0.523244301215138411	0.694338582473287565	0.246849809785293882	0.409611496398559759	0.173856370690364819	0.226922269995450858	0.117205900176588223	0.223030305147798824	0.252949614755889981
C:	0.173169933180498463	0.575223447180801021	0.152032339248003912	0.314886555990789522	0.16465635040576939	0.322213437285487846	0.719933063034945931	0.00650183466771897956	0.00395574702064812214	0.00220866471920603217	0.00426884079365851801	0.985501741528690944	0.0120780891235393335	0.0126969905043837967	0.122635686318753591	0.0509589883978704245	0.286595520589598159	0.216701698022360332	0.0405471649627701139	0.184752959968832034	0.19842274346040612	0.070891223536016802	0.364883588970297447
G:	0.0601480688507530946	0.114854947628789533	0.0688947260922431163	0.219192309731570088	0.067996121865446828	0.0442974719679632237	0.00934276961554877068	0.00814344559075467992	0.988307507219616066	0.001401619646937248	0.00275275904478188202	0.00701186958438275891	0.00803559485267930642	0.575603853938356889	0.22099017011709715	0.175797424542809657	0.207557618626471725	0.159680418326189702	0.122939284577742462	0.453483129837855994	0.078613298908270472	0.142915290825135751	0.171476266975642737
T:	0.48313034188952249	0.140170829894391103	0.478219652212879511	0.220203700661392001	0.594918005322944776	0.421036860298546491	0.264420729908687807	0.0118624538453936463	0.00227629481768340062	0.00572241241780616366	0.991152151300473169	0.00551916571227029755	0.976012077558165051	0.0119339520253593381	0.133129842349010848	0.0789050045860323533	0.258997050998636234	0.214006387252890208	0.662657179769122605	0.134841640197861114	0.605758057454735184	0.563163180491048623	0.210690529298169834



5	AGATCTA.A	0.496975933701051014


A:	0.282255885864270437	0.627116390180164028	0.229122836037417764	0.372875238100384539	0.141428364572089676	0.120809629735768442	0.0134711757099398471	0.936447292775184978	0.00476393640685777958	0.983488444358202944	0.00665378201858549517	0.00264117610994126403	0.00391320529206977158	0.399765203531899976	0.419846108828695203	0.619987390096845866	0.260673980414310561	0.456254642136581551	0.485129248456532023	0.224871975109962074	0.309168165001724044	0.429270702656104294	0.216298407635576034
C:	0.150148768023899305	0.0519215401792762495	0.158933255771301658	0.326448937255730629	0.244450449597205829	0.328568074589828753	0.285744255966267021	0.0160179742714034713	0.00202008573415703087	0.00143181808052749516	0.0022610937474525465	0.986393505498698573	0.0267110553958377725	0.0126969905043837967	0.127178883830717379	0.041429065428424457	0.042944872982986592	0.140461282027219258	0.0397602273675240884	0.11656437926147354	0.198623977235981525	0.128285203953309767	0.084928315389514636
G:	0.0462839758576702365	0.0509450144377684352	0.408236422763738094	0.0715106646651912492	0.08591091498211294	0.0893612370767031235	0.00613569246186136825	0.0435397511247857893	0.98428500750347757	0.00261756603170994309	0.0018699008070318047	0.00703946954832747719	0.0102476891102736068	0.575603853938356889	0.244181696292475315	0.227334147401891272	0.584171378680323028	0.196102966883318117	0.166251295207026377	0.432937263367726336	0.192878850143953806	0.194730625411072813	0.523779970888136851
T:	0.521311370254160022	0.270017055202791287	0.203707485427542484	0.229165159978693583	0.528210270848591555	0.461261058597699681	0.694648875861931764	0.00399498182862576126	0.0089309703555076198	0.0124621715295596178	0.989215223426930154	0.00392584884303268588	0.959128050201818849	0.0119339520253593381	0.208793311048112103	0.111249397072838405	0.112209767922379819	0.207181108952881074	0.308859228968917512	0.225626382260838049	0.299329007618340625	0.247713467979513125	0.174993306086772479



