1	CGATCG.AA	0.493015528103680605


A:	0.225098422936814038	0.210470720991530948	0.296821428400556031	0.117629007010272765	0.506612337494123241	0.3862759854828603	0.238991892507511216	0.0112324452980926688	0.00976920304049876049	0.987215496857541606	0.0030742010723627552	0.00508629404157212565	0.0288141016788618067	0.162884315561791114	0.702795153093844518	0.484389030806746301	0.311000090779579604	0.288348060512325258	0.192625994931098503	0.608526796239693078	0.803341061810915779	0.38829520064272784	0.200999613751281812
C:	0.068919455883902945	0.323266044286127744	0.18877915892271063	0.18853063135980705	0.0269697689095324251	0.108629980906071805	0.414784392836700379	0.954175011845388198	0.00268184039340701509	0.00230815773197879444	0.0042943116584727942	0.982287364776935608	0.00586162350144316207	0.0268858577968870598	0.0757842404545261609	0.0294061598384887057	0.30772918943861476	0.218051376592124802	0.53597805207444725	0.14788277739763913	0.0271286536727882505	0.100535407726039278	0.192551632139296007
G:	0.335399714036601061	0.159855469624075736	0.123760890853520744	0.0883726508707279706	0.239210068717154834	0.0916004715102598181	0.117080839871887185	0.0021531932412095327	0.983832752155613385	0.00473985966762902013	0.00505784398382754941	0.00496728950184349801	0.945485393824672532	0.566333757084981937	0.134098678134790414	0.0739717869994948638	0.263227876799204738	0.173126400321687266	0.175874496831350924	0.0250536853686885388	0.0573684161327642694	0.225765993181647495	0.460943933216435906
T:	0.370582407142681956	0.306407765098265573	0.390638521823212595	0.605467710759192214	0.2272078248791895	0.413493562100808077	0.22914287478390122	0.0324393496153096005	0.00371620441048083913	0.00573648574285057958	0.987573643285336901	0.00765905167964876863	0.019838880995022499	0.243896069556339889	0.0873219283168389071	0.41223302235527013	0.118042842982600899	0.320474162573862675	0.0955214561631033235	0.218536740993979253	0.112161868383531701	0.285403398449585386	0.145504820892986274



2	GATCGATC	0.492944803787641886


A:	0.493166500711204993	0.233533661808295964	0.162104435675366352	0.400624198724125874	0.339150386816333241	0.33055715256725777	0.135867523278370252	0.0239525443642626644	0.833861012318923908	0.0261718816043888888	0.0214587059074014694	0.0191620473789628054	0.917782960476854051	0.0122046427782354551	0.0407782363891097466	0.0917612814810800124	0.460302408667552851	0.242367156747859234	0.380210382906661187	0.646903475715520443	0.390795396696062387	0.566395273972200725
C:	0.108934703603777121	0.216191890506758247	0.132029129166732513	0.189220082293014867	0.0438434236973586185	0.0679437568016571536	0.302949815166418495	0.028172398100508469	0.13076916327933361	0.0350304399136717292	0.952842067312441915	0.0065371794011938102	0.0210147180050853312	0.0231651816235070274	0.90709682114611912	0.0367375973405511994	0.0305957973311548649	0.28994655095069793	0.0618237260641033477	0.185003711365816028	0.110390937360814221	0.230594257877443554
G:	0.0998598421054536864	0.195258324006605503	0.195604634742362337	0.335706394674456479	0.265035878596397661	0.0167076085846909929	0.146004304129565509	0.90709682114611912	0.0231651816235070274	0.0210147180050853312	0.0065371794011938102	0.952842067312441915	0.0350304399136717292	0.13076916327933361	0.028172398100508469	0.798764042339269281	0.356794382225535922	0.101705836557576001	0.0874840206547950893	0.0633276535117821287	0.106164345960088652	0.12260218800039031
T:	0.2980389535795642	0.355016123678340285	0.510261800415538798	0.0744493243084027804	0.35197031088991048	0.584791482046394083	0.415178357425645744	0.0407782363891097466	0.0122046427782354551	0.917782960476854051	0.0191620473789628054	0.0214587059074014694	0.0261718816043888888	0.833861012318923908	0.0239525443642626644	0.0727370788390995076	0.152307411775756362	0.365980455743866835	0.470481870374440376	0.104765159406881401	0.392649319983034741	0.0804082801499654108



3	CCGATCG.A	0.492363066133254309


A:	0.476792112090740873	0.225098422936814038	0.210470720991530948	0.296821428400556031	0.117629007010272765	0.506612337494123241	0.3862759854828603	0.238991892507511216	0.0304757067545625752	0.0125048973571745323	0.982512620116292603	0.00918570708884673158	0.00956289844120758786	0.0398526661231253601	0.162884315561791114	0.626023762118455828	0.484389030806746301	0.311000090779579604	0.288348060512325258	0.192625994931098503	0.608526796239693078	0.803341061810915779	0.38829520064272784
C:	0.229617443175928527	0.068919455883902945	0.323266044286127744	0.18877915892271063	0.18853063135980705	0.0269697689095324251	0.108629980906071805	0.414784392836700379	0.904919685757872268	0.00346397038959954782	0.00232990459282451497	0.00380452193740727315	0.967827319115451393	0.00585548191461575848	0.0268858577968870598	0.082358507017140777	0.0294061598384887057	0.30772918943861476	0.218051376592124802	0.53597805207444725	0.14788277739763913	0.0271286536727882505	0.100535407726039278
G:	0.0648487793645366661	0.335399714036601061	0.159855469624075736	0.123760890853520744	0.0883726508707279706	0.239210068717154834	0.0916004715102598181	0.117080839871887185	0.0068884332231627251	0.972831396117396841	0.0101580845118612793	0.00286155551642351908	0.00360921256155644497	0.900336276587768071	0.566333757084981937	0.180669538739681413	0.0739717869994948638	0.263227876799204738	0.173126400321687266	0.175874496831350924	0.0250536853686885388	0.0573684161327642694	0.225765993181647495
T:	0.228741665368793933	0.370582407142681956	0.306407765098265573	0.390638521823212595	0.605467710759192214	0.2272078248791895	0.413493562100808077	0.22914287478390122	0.0577161742644024312	0.0111997361358290788	0.00499939077902160272	0.984148215457322476	0.0190005698817845736	0.0539555753744908102	0.243896069556339889	0.110948192124721982	0.41223302235527013	0.118042842982600899	0.320474162573862675	0.0955214561631033235	0.218536740993979253	0.112161868383531701	0.285403398449585386



4	AT.CGATCG	0.49215821861689455


A:	0.145504820892986274	0.285403398449585386	0.112161868383531701	0.218536740993979253	0.0955214561631033235	0.320474162573862675	0.118042842982600899	0.41223302235527013	0.182955270530344432	0.243896069556339889	0.0330813763773420205	0.00501406721811822004	0.98601891195134733	0.00415078223937775009	0.0117519854887994569	0.0347851964081425547	0.22914287478390122	0.413493562100808077	0.2272078248791895	0.605467710759192214	0.390638521823212595	0.306407765098265573	0.370582407142681956
C:	0.460943933216435907	0.225765993181647495	0.0573684161327642694	0.0250536853686885388	0.175874496831350924	0.173126400321687266	0.263227876799204738	0.0739717869994948638	0.0949298165669545683	0.566333757084981937	0.889673037841224763	0.00505844092422109416	0.00441286436410381712	0.00449333424184664894	0.977125222576699188	0.00390067132604278395	0.117080839871887185	0.0916004715102598181	0.239210068717154834	0.0883726508707279706	0.123760890853520744	0.159855469624075736	0.335399714036601061
G:	0.192551632139296007	0.100535407726039278	0.0271286536727882505	0.14788277739763913	0.53597805207444725	0.218051376592124802	0.30772918943861476	0.0294061598384887057	0.0483530100260351671	0.0268858577968870598	0.00523074034702333361	0.984594439271174342	0.00480518790097325433	0.00523474168709221403	0.00581699747639639406	0.898171449308295852	0.414784392836700379	0.108629980906071805	0.0269697689095324251	0.18853063135980705	0.18877915892271063	0.323266044286127744	0.068919455883902945
T:	0.200999613751281812	0.38829520064272784	0.803341061810915779	0.608526796239693078	0.192625994931098503	0.288348060512325258	0.311000090779579604	0.484389030806746301	0.673761902876665832	0.162884315561791114	0.0720148454344098825	0.00533305258648634357	0.00476303578357559858	0.986121141831683387	0.00530579445810496152	0.0631426829575188092	0.238991892507511216	0.3862759854828603	0.506612337494123241	0.117629007010272765	0.296821428400556031	0.210470720991530948	0.225098422936814038



5	CCGATCGG	0.492135456879679672


A:	0.186848318193447967	0.286790517229252774	0.161274595425598558	0.308158434864980111	0.192550417677959362	0.415506614418655667	0.0651283094333568035	0.189397190938080808	0.0397868580417329395	0.0078865637852404842	0.989822740007623818	0.00390612202716698323	0.00499806083173901324	0.0183729184358610921	0.0273796403627832931	0.626023762118455828	0.20563199972273506	0.385672066519205578	0.141572913564133796	0.112073320648041217	0.545739310573857255	0.162785520018190413
C:	0.574978855493096099	0.128931809953326318	0.0824677052078124524	0.153165903219061877	0.0580570293070969012	0.0561568142016962579	0.0876855862756572953	0.77165280909499694	0.939379868300621543	0.0014685584110350229	0.00317249778346405826	0.00309864018174514086	0.98564681697198548	0.00246035522178442586	0.0115703596041389588	0.082358507017140777	0.351008829803966864	0.186599597304978068	0.584038847621295971	0.304054697395900385	0.157399654090194221	0.186206098089658528
G:	0.0849439058227088182	0.289079403605660209	0.276375021154843817	0.207813953648725832	0.251648279646582451	0.25995787822173932	0.0357105838668310057	0.0115703596041389588	0.00246035522178442586	0.98564681697198548	0.00309864018174514086	0.00317249778346405826	0.0014685584110350229	0.939379868300621543	0.77165280909499694	0.180669538739681413	0.0689344509824881982	0.116594572937991061	0.0938664599155607022	0.431239690293373806	0.135687797645384609	0.386921668391552819
T:	0.153228920490747115	0.295198269211760699	0.479882678211745172	0.33086170826723218	0.497744273368361286	0.268378693157908755	0.811475520424154895	0.0273796403627832931	0.0183729184358610921	0.00499806083173901324	0.00390612202716698323	0.989822740007623818	0.0078865637852404842	0.0397868580417329395	0.189397190938080808	0.110948192124721982	0.374424719490809877	0.311133763237825293	0.180521778899009531	0.152632291662684593	0.161173237690563915	0.264086713500598241



