1	GTAAACA.A	0.497184768113794636


A:	0.283006329477755556	0.418137109075945507	0.201586406438064045	0.444407868599766267	0.589907170001497654	0.7528406771559203	0.074359096606216911	0.249141337547542598	0.0192330834826211174	0.898041045224995323	0.933846049196764365	0.986798991728931986	0.0029234625520096652	0.984566561963676198	0.586567380327393868	0.776068678854577067	0.31660254454578643	0.211826201001591993	0.0839186469577728823	0.140824600870942661	0.0788918111745580455	0.173692386288470093	0.317484640380486017
C:	0.218666292046689629	0.126078093310788664	0.236427932423092074	0.0861403389807950357	0.0861433755733340667	0.0658739014797644512	0.125933126461601225	0.0034514565806747877	0.00230927684018839581	0.0967939626936574138	0.023743155873641189	0.00419297177316346819	0.927255927964844873	0.00227827835553107202	0.250084330934559925	0.0684246612800969155	0.245082005412570052	0.10265496511415828	0.121559672855615595	0.019031585740731322	0.18004492932766081	0.14906243638886156	0.157389898561372582
G:	0.323743529951637621	0.271773808980166458	0.455708367372297213	0.290912332207480835	0.205352969908928339	0.115760060946967504	0.0982338572911089125	0.745051147273078138	0.00464367072113905274	0.00121564453867693755	0.000753102749437998731	0.00329173278787325013	0.00132082552105756603	0.00595881600677809633	0.0326048765527433383	0.055972289649278803	0.37293135489696186	0.462236598539086071	0.0884460993708586574	0.3172749682437289	0.483311305059604071	0.406692020380166739	0.137909869683656639
T:	0.174583848523917194	0.184010988633099371	0.106277293766546668	0.178539460211957863	0.11859648451623994	0.0655253604173477453	0.701473919641072951	0.00235605859870447613	0.973813968956051434	0.00394934754267032576	0.0416576921801564475	0.00571630371003129596	0.0684997839620878959	0.00719634367401463391	0.130743412185302869	0.099534370216047215	0.0653840951446816582	0.223282235345163656	0.706075580815752865	0.522868845144597117	0.257751954438177073	0.270553156942501608	0.387215591374484762



2	TGTAAACA	0.49594380602327372


A:	0.143894721037454263	0.283006329477755556	0.418137109075945507	0.201586406438064045	0.444407868599766267	0.589907170001497654	0.7528406771559203	0.074359096606216911	0.129534816507466167	0.0149700054339539383	0.827143244404155972	0.818447868266983142	0.98809019861186233	0.00194128062371287032	0.98385284709252439	0.586567380327393868	0.776068678854577067	0.31660254454578643	0.211826201001591993	0.0839186469577728823	0.140824600870942661	0.0788918111745580455
C:	0.587400796513020079	0.218666292046689629	0.126078093310788664	0.236427932423092074	0.0861403389807950357	0.0861433755733340667	0.0658739014797644512	0.125933126461601225	0.0039234663907851376	0.00230085168553997366	0.165091619248424365	0.0301391069343880036	0.00396726249092123257	0.951687756766379544	0.00467994846925119161	0.250084330934559925	0.0684246612800969155	0.245082005412570052	0.10265496511415828	0.121559672855615595	0.019031585740731322	0.18004492932766081
G:	0.0391897237018186177	0.323743529951637621	0.271773808980166458	0.455708367372297213	0.290912332207480835	0.205352969908928339	0.115760060946967504	0.0982338572911089125	0.864517080486313797	0.00368372383809593228	0.000798278164409955125	0.00137619457925737423	0.00181178789005240511	0.00466502618232195414	0.00468381841388576315	0.0326048765527433383	0.055972289649278803	0.37293135489696186	0.462236598539086071	0.0884460993708586574	0.3172749682437289	0.483311305059604071
T:	0.22951475874770704	0.174583848523917194	0.184010988633099371	0.106277293766546668	0.178539460211957863	0.11859648451623994	0.0655253604173477453	0.701473919641072951	0.00202463661543489847	0.979045419042410156	0.00696685818300970813	0.150036830219371481	0.00613075100716403201	0.0417059364275856312	0.00678338602433865521	0.130743412185302869	0.099534370216047215	0.0653840951446816582	0.223282235345163656	0.706075580815752865	0.522868845144597117	0.257751954438177073



3	A.GTAAACA	0.495576505161258458


A:	0.293003816981509002	0.143894721037454263	0.283006329477755556	0.418137109075945507	0.201586406438064045	0.444407868599766267	0.589907170001497654	0.7528406771559203	0.074359096606216911	0.148898861864439897	0.0106670646134460979	0.90966273729724576	0.933300451860183362	0.98942780445244452	0.00239480539751029103	0.986967913509080289	0.586567380327393868	0.776068678854577067	0.31660254454578643	0.211826201001591993	0.0839186469577728823	0.140824600870942661	0.0788918111745580455
C:	0.175516886802941268	0.587400796513020079	0.218666292046689629	0.126078093310788664	0.236427932423092074	0.0861403389807950357	0.0861433755733340667	0.0658739014797644512	0.125933126461601225	0.00477971272302573029	0.00242558087163547105	0.0854154936087870439	0.0352901134919875128	0.00432686738105671882	0.942588879317288883	0.00120826773367085535	0.250084330934559925	0.0684246612800969155	0.245082005412570052	0.10265496511415828	0.121559672855615595	0.019031585740731322	0.18004492932766081
G:	0.343234483671920826	0.0391897237018186177	0.323743529951637621	0.271773808980166458	0.455708367372297213	0.290912332207480835	0.205352969908928339	0.115760060946967504	0.0982338572911089125	0.844885055239643528	0.00314845151038692937	0.00198345372058547625	0.000988022437160741638	0.00344828029093379962	0.00137114292888412229	0.00691777287669219837	0.0326048765527433383	0.055972289649278803	0.37293135489696186	0.462236598539086071	0.0884460993708586574	0.3172749682437289	0.483311305059604071
T:	0.188244812543628904	0.22951475874770704	0.174583848523917194	0.184010988633099371	0.106277293766546668	0.178539460211957863	0.11859648451623994	0.0655253604173477453	0.701473919641072951	0.00143637017289084476	0.983758903004531502	0.00293831537338171999	0.0304214122106683832	0.0027970478755649616	0.0536451723563167037	0.00490604588055665749	0.130743412185302869	0.099534370216047215	0.0653840951446816582	0.223282235345163656	0.706075580815752865	0.522868845144597117	0.257751954438177073



4	GTAAACAA	0.494050657226750089


A:	0.283006329477755556	0.418137109075945507	0.201586406438064045	0.444407868599766267	0.589907170001497654	0.7528406771559203	0.074359096606216911	0.198144976953992924	0.0105736746738792522	0.916680015180998749	0.9230790372227764	0.986661858025516837	0.00202689086327803507	0.983775124777434813	0.586567380327393868	0.776068678854577067	0.31660254454578643	0.211826201001591993	0.0839186469577728823	0.140824600870942661	0.0788918111745580455	0.173692386288470093
C:	0.218666292046689629	0.126078093310788664	0.236427932423092074	0.0861403389807950357	0.0861433755733340667	0.0658739014797644512	0.125933126461601225	0.00471246018308643712	0.00345578230180574565	0.0742319670617123174	0.0365793257043199547	0.00321730881673567838	0.946230694001319402	0.00492437929794483537	0.250084330934559925	0.0684246612800969155	0.245082005412570052	0.10265496511415828	0.121559672855615595	0.019031585740731322	0.18004492932766081	0.14906243638886156
G:	0.323743529951637621	0.271773808980166458	0.455708367372297213	0.290912332207480835	0.205352969908928339	0.115760060946967504	0.0982338572911089125	0.795292101178709586	0.00865089872117585575	0.00137889235247628499	0.00135179647447124278	0.00320008671439077134	0.00241590785017288517	0.0022561346976233856	0.0326048765527433383	0.055972289649278803	0.37293135489696186	0.462236598539086071	0.0884460993708586574	0.3172749682437289	0.483311305059604071	0.406692020380166739
T:	0.174583848523917194	0.184010988633099371	0.106277293766546668	0.178539460211957863	0.11859648451623994	0.0655253604173477453	0.701473919641072951	0.00185046168421105308	0.977319644303139146	0.00770912540481264823	0.0389898405984324025	0.00692074644335671334	0.0493265072852296778	0.00904436122699696569	0.130743412185302869	0.099534370216047215	0.0653840951446816582	0.223282235345163656	0.706075580815752865	0.522868845144597117	0.257751954438177073	0.270553156942501608



5	A..GTAAACA	0.493724483076517845


A:	0.293003816981509002	0.143894721037454263	0.283006329477755556	0.418137109075945507	0.201586406438064045	0.444407868599766267	0.589907170001497654	0.7528406771559203	0.074359096606216911	0.17144326255924419	0.0145406934753359611	0.898902226473293268	0.88004442497331571	0.982740677080849792	0.00476840392467547682	0.983344077854741432	0.586567380327393868	0.776068678854577067	0.31660254454578643	0.211826201001591993	0.0839186469577728823	0.140824600870942661	0.0788918111745580455
C:	0.175516886802941268	0.587400796513020079	0.218666292046689629	0.126078093310788664	0.236427932423092074	0.0861403389807950357	0.0861433755733340667	0.0658739014797644512	0.125933126461601225	0.00345516068036448141	0.00351384473137522764	0.0886989414983496168	0.0640116441131825373	0.00400416709656664081	0.924362250165580399	0.00345812567483898668	0.250084330934559925	0.0684246612800969155	0.245082005412570052	0.10265496511415828	0.121559672855615595	0.019031585740731322	0.18004492932766081
G:	0.343234483671920826	0.0391897237018186177	0.323743529951637621	0.271773808980166458	0.455708367372297213	0.290912332207480835	0.205352969908928339	0.115760060946967504	0.0982338572911089125	0.822123388689205929	0.00731479887570636741	0.00191840151737884309	0.00127863233394868028	0.00309919181443215175	0.00195571461761264043	0.00424355329817234984	0.0326048765527433383	0.055972289649278803	0.37293135489696186	0.462236598539086071	0.0884460993708586574	0.3172749682437289	0.483311305059604071
T:	0.188244812543628904	0.22951475874770704	0.174583848523917194	0.184010988633099371	0.106277293766546668	0.178539460211957863	0.11859648451623994	0.0655253604173477453	0.701473919641072951	0.00297818807118539961	0.974630662917582444	0.0104804305109782721	0.0546652985795530722	0.0101559640081514157	0.0689136312921314839	0.00895424317224723107	0.130743412185302869	0.099534370216047215	0.0653840951446816582	0.223282235345163656	0.706075580815752865	0.522868845144597117	0.257751954438177073



