1	TCCGTACA	0.498773904504012412


A:	0.36789407836799658	0.448982570572628955	0.42571692115094335	0.174238946534468296	0.123371763464215193	0.28247912090047254	0.13209123293306714	0.0916343283822564871	0.0100800073587666747	0.00577117411440502069	0.00480802307180178007	0.00336184321220258557	0.989346183905739991	0.00320758414921053888	0.643204517107279937	0.347339504735510318	0.285652845958064578	0.159664258960526006	0.217156542992079098	0.128105778271909877	0.633200021513521293	0.563704482443968239
C:	0.115032663940853981	0.177765859443763348	0.134956919832666113	0.536706724884216511	0.0667564549234223795	0.348608533536612153	0.0287326600688495887	0.00326575723355469683	0.978866214442243398	0.988099696683641173	0.00112318524987612585	0.00201249271957982372	0.000965517272988067045	0.990544719415711783	0.0118784803776683006	0.0681208336119335292	0.144447394869524947	0.699041977975872503	0.434577935290686229	0.392724569142414046	0.0648258068033071956	0.217381352812842383
G:	0.0413407117387856666	0.123132965146322694	0.121119832976778523	0.10781287521868199	0.184324916657685275	0.268922608772424342	0.211730598356360432	0.083493787203568621	0.000801815005267727063	0.00111623034820400933	0.989804515434975992	0.00381831341088802893	0.00728843732164923857	0.00224131897409786578	0.327634707633280699	0.47239598272001723	0.0629995392538214096	0.0358063921843357185	0.107298177979935523	0.0975835175671970563	0.24182528331942878	0.056319390014575655
T:	0.475732545952363772	0.250118604837285004	0.318206326039612014	0.181241453362633202	0.625546864954677153	0.0999897367904909646	0.627445508641722839	0.821606127180620195	0.0102519631937222001	0.00501289885374979705	0.00426427624334610216	0.990807350657329562	0.00239986149962270312	0.0040063774609798127	0.0172822948817710633	0.112143678932538923	0.506900219918589065	0.105487370879265772	0.240967343737299149	0.38158613501847902	0.060148888363742731	0.162594774728613723



2	GTACGGA..A	0.498388650170395614


A:	0.060148888363742731	0.38158613501847902	0.240967343737299149	0.105487370879265772	0.506900219918589065	0.112143678932538923	0.0172822948817710633	0.0108837418452722627	0.00431572654170536824	0.987895103807393512	0.010998247240056859	0.0080245861197025167	0.00634205019168207054	0.823300171370429988	0.627445508641722839	0.0999897367904909646	0.625546864954677153	0.181241453362633202	0.318206326039612014	0.250118604837285004	0.475732545952363772	0.574424993363136819	0.234528540175341235
C:	0.24182528331942878	0.0975835175671970563	0.107298177979935523	0.0358063921843357185	0.0629995392538214096	0.47239598272001723	0.327634707633280699	0.00330161927445435073	0.00785358714035622636	0.00287994866164413813	0.980219817052755319	0.00251178865492775552	0.00510581789082296576	0.0802488911603265396	0.211730598356360432	0.268922608772424342	0.184324916657685275	0.10781287521868199	0.121119832976778523	0.123132965146322694	0.0413407117387856666	0.0922219346182721153	0.330180367365407429
G:	0.0648258068033071956	0.392724569142414046	0.434577935290686229	0.699041977975872503	0.144447394869524947	0.0681208336119335292	0.0118784803776683006	0.982044678327829221	0.00172176850962170327	0.00214401314208119565	0.00104281002793059404	0.981915712018781146	0.964483699526015347	0.00519886540863143075	0.0287326600688495887	0.348608533536612153	0.0667564549234223795	0.536706724884216511	0.134956919832666113	0.177765859443763348	0.115032663940853981	0.163342603976240452	0.232117437867750127
T:	0.633200021513521293	0.128105778271909877	0.217156542992079098	0.159664258960526006	0.285652845958064578	0.347339504735510318	0.643204517107279937	0.00376996055244416559	0.986108917808316702	0.00708093438888115402	0.00773912567925722762	0.00754791320658858151	0.0240684323914796168	0.0912520720606120422	0.13209123293306714	0.28247912090047254	0.123371763464215193	0.174238946534468296	0.42571692115094335	0.448982570572628955	0.36789407836799658	0.170010468042350614	0.203173654591501209



3	GTACGGAA	0.49828869609683249


A:	0.060148888363742731	0.38158613501847902	0.240967343737299149	0.105487370879265772	0.506900219918589065	0.112143678932538923	0.0172822948817710633	0.00512856787952505346	0.00212291800929802808	0.989299497329109267	0.00378882087220374693	0.0101083039545328938	0.0115901914662081193	0.845009009785621756	0.627445508641722839	0.0999897367904909646	0.625546864954677153	0.181241453362633202	0.318206326039612014	0.250118604837285004	0.475732545952363772	0.574424993363136819
C:	0.24182528331942878	0.0975835175671970563	0.107298177979935523	0.0358063921843357185	0.0629995392538214096	0.47239598272001723	0.327634707633280699	0.0032506956196903432	0.0106720587095859046	0.00254157852240450144	0.98938840930244222	0.00125852932790341892	0.00430565231768830783	0.0413791280009976442	0.211730598356360432	0.268922608772424342	0.184324916657685275	0.10781287521868199	0.121119832976778523	0.123132965146322694	0.0413407117387856666	0.0922219346182721153
G:	0.0648258068033071956	0.392724569142414046	0.434577935290686229	0.699041977975872503	0.144447394869524947	0.0681208336119335292	0.0118784803776683006	0.986762791683789995	0.00141155562749204273	0.00283478787492294057	0.00206153326838864996	0.983568285987644181	0.977429648462894944	0.00390496983400603031	0.0287326600688495887	0.348608533536612153	0.0667564549234223795	0.536706724884216511	0.134956919832666113	0.177765859443763348	0.115032663940853981	0.163342603976240452
T:	0.633200021513521293	0.128105778271909877	0.217156542992079098	0.159664258960526006	0.285652845958064578	0.347339504735510318	0.643204517107279937	0.00485794481699460783	0.985793467653624025	0.00532413627356329144	0.00476123655696538311	0.0050648807299195062	0.00667450775320862865	0.109706892379374569	0.13209123293306714	0.28247912090047254	0.123371763464215193	0.174238946534468296	0.42571692115094335	0.448982570572628955	0.36789407836799658	0.170010468042350614



4	CGTACGGA	0.49801513804514249


A:	0.162594774728613723	0.060148888363742731	0.38158613501847902	0.240967343737299149	0.105487370879265772	0.506900219918589065	0.112143678932538923	0.0172822948817710633	0.0177996647462027957	0.00317814124118577842	0.986766094445371204	0.00629014773221118053	0.0346858306782105857	0.0157278414515980859	0.792564766254190326	0.627445508641722839	0.0999897367904909646	0.625546864954677153	0.181241453362633202	0.318206326039612014	0.250118604837285004	0.475732545952363772
C:	0.056319390014575655	0.24182528331942878	0.0975835175671970563	0.107298177979935523	0.0358063921843357185	0.0629995392538214096	0.47239598272001723	0.327634707633280699	0.00141719822874655642	0.0031655253269966354	0.00303704434457243773	0.984249697473185354	0.00232685211384800838	0.00850461696862549841	0.0688581287299543992	0.211730598356360432	0.268922608772424342	0.184324916657685275	0.10781287521868199	0.121119832976778523	0.123132965146322694	0.0413407117387856666
G:	0.217381352812842383	0.0648258068033071956	0.392724569142414046	0.434577935290686229	0.699041977975872503	0.144447394869524947	0.0681208336119335292	0.0118784803776683006	0.975603183194482334	0.00351861946426393473	0.00387585820221818095	0.00114204643161138707	0.957757332924970332	0.955211087980903101	0.00730831546036947694	0.0287326600688495887	0.348608533536612153	0.0667564549234223795	0.536706724884216511	0.134956919832666113	0.177765859443763348	0.115032663940853981
T:	0.563704482443968239	0.633200021513521293	0.128105778271909877	0.217156542992079098	0.159664258960526006	0.285652845958064578	0.347339504735510318	0.643204517107279937	0.00517995383056831427	0.990137713967553651	0.00632100300783817691	0.00831810836299207879	0.00522998428297107415	0.0205564535988733145	0.131268789555485798	0.13209123293306714	0.28247912090047254	0.123371763464215193	0.174238946534468296	0.42571692115094335	0.448982570572628955	0.36789407836799658



5	T.CCGTACA	0.497647799674025782


A:	0.0265737803747161658	0.222768833146664049	0.511320384834517853	0.174122101881937737	0.341840819871612017	0.176226240076783372	0.258657228809263424	0.123639216909340779	0.0916343283822564871	0.0163074232109134965	0.00904939688138252033	0.00459062219856463374	0.00397984079203851651	0.97986293351668622	0.00477159548616220749	0.652261496071797871	0.461643014333197669	0.44836140409481542	0.38864846919977662	0.261397899091307321	0.0945104010976577421	0.423520792698444917	0.528199500684651634
C:	0.0748191169263752065	0.196128872414518522	0.322224840616467749	0.238674725544703241	0.223793237916786159	0.112164067130053612	0.240938859419974061	0.0306459376023973142	0.00326575723355469683	0.959216392849444773	0.980422907633108283	0.00237153450123857633	0.00201371031669095415	0.00156033133104913232	0.981313896481164977	0.00748808424571783619	0.0939154645794688314	0.177124119797600903	0.36097304556323423	0.416433235496942358	0.226672391589409183	0.269040562019522797	0.147758699385067411
G:	0.140939415455210505	0.187378336184114432	0.0567129489137710415	0.211171113541527908	0.175483530096533588	0.195253979429668748	0.164658543482142068	0.239933605022860843	0.083493787203568621	0.00145514467880122463	0.004655430438130139	0.97908167206821081	0.00593928050778127923	0.010698508205885472	0.00299508474602684998	0.318821347146316112	0.219001114867595752	0.139015488060768001	0.0965938412790107728	0.136295745093944442	0.0439259396433385547	0.0394356669448681787	0.116575430496411463
T:	0.757667687243698123	0.393723958254702997	0.109741825635243357	0.376032059031831114	0.258882412115068236	0.516355713363494268	0.335745368288620446	0.605781240465401064	0.821606127180620195	0.0230210392608405062	0.00587226504737905809	0.0139561712319859801	0.98806716838348925	0.00787822694637917527	0.0109194232866459653	0.0214290725361681807	0.225440406219737747	0.235498988046815677	0.153784643957978378	0.185873120317805879	0.63489126766959452	0.268002978337164108	0.207466369433869492



