1	A..GTACGGA	0.497971776928548977


A:	0.298149706994978426	0.106506535258480076	0.28084740597198822	0.0867999718959903597	0.561411231288490372	0.0779046567553363411	0.474732411933079508	0.0648208797146614866	0.0211257410002030324	0.00442445681577438857	0.00708629381663472822	0.991305718225963822	0.00652131977218153783	0.00742186989533948735	0.00957197048833128713	0.874682147731836935	0.475768897833678021	0.360600276800133579	0.684967225719446562	0.109049882012245152	0.347417131907044439	0.0505957976501526923	0.698186198017596365
C:	0.0586883681451720746	0.0770137332120916013	0.235305967996222673	0.0800546110428985307	0.0199510031152759139	0.0285933433046111801	0.112612033957287611	0.501089451339783325	0.40922255592296505	0.00277755174452730924	0.00147813776649713987	0.00213338039154638219	0.989456921139969946	0.00339084041308752603	0.00285585000386352395	0.0586548258731068647	0.401898755134181175	0.275425901219674516	0.148559926527476497	0.356779293969381345	0.5492095218038819	0.758327034963993957	0.12918039880480177
G:	0.49547599922180383	0.646258934140826873	0.287112893040823797	0.0287454045181046928	0.189174426573807527	0.861991160693204627	0.0720664096139418691	0.105254636694417393	0.0275360884485629667	0.989385752397544475	0.00169501573490397182	0.00449604937604713066	0.00191037184533621225	0.987204773148919416	0.98303894968141073	0.00864743852951066065	0.0181343175790669923	0.240710004424668682	0.0564387517497160221	0.236828268643859352	0.0975837060413224887	0.0723311033644242275	0.114978577802055747
T:	0.147685925638045669	0.170220797388601451	0.196733732990965311	0.804400012543006417	0.229463339022426188	0.0315108392468478521	0.340589144495691012	0.328835032251137795	0.542115614628268951	0.00341223904215382701	0.98974055268196416	0.00206485200644266481	0.00211138724251230359	0.00198251654265357074	0.00453322982639445909	0.0580155878655455399	0.104198029453073813	0.123263817555523223	0.110034096003360919	0.297342555374514151	0.00578964024775117238	0.118746064021429124	0.057654825375546118



2	C.GTACGGA	0.497968468244908763


A:	0.298149706994978426	0.106506535258480076	0.28084740597198822	0.0867999718959903597	0.561411231288490372	0.0779046567553363411	0.474732411933079508	0.0648208797146614866	0.0211257410002030324	0.00332591728569646754	0.00658249086968827868	0.9920616096546089	0.00505114526659311861	0.00449216485660049763	0.0162863344362050941	0.829648566755100815	0.475768897833678021	0.360600276800133579	0.684967225719446562	0.109049882012245152	0.347417131907044439	0.0505957976501526923	0.698186198017596365
C:	0.0586883681451720746	0.0770137332120916013	0.235305967996222673	0.0800546110428985307	0.0199510031152759139	0.0285933433046111801	0.112612033957287611	0.501089451339783325	0.40922255592296505	0.00220942806016220881	0.00280930310190903301	0.00211872318574180873	0.990555768293378006	0.00366142007085734743	0.00561639646451026766	0.0469442429005385641	0.401898755134181175	0.275425901219674516	0.148559926527476497	0.356779293969381345	0.5492095218038819	0.758327034963993957	0.12918039880480177
G:	0.49547599922180383	0.646258934140826873	0.287112893040823797	0.0287454045181046928	0.189174426573807527	0.861991160693204627	0.0720664096139418691	0.105254636694417393	0.0275360884485629667	0.989780883637853342	0.00108799814308719252	0.00249394202231692685	0.0017780026823269369	0.986625239344991707	0.970613683859277385	0.00553182814261889501	0.0181343175790669923	0.240710004424668682	0.0564387517497160221	0.236828268643859352	0.0975837060413224887	0.0723311033644242275	0.114978577802055747
T:	0.147685925638045669	0.170220797388601451	0.196733732990965311	0.804400012543006417	0.229463339022426188	0.0315108392468478521	0.340589144495691012	0.328835032251137795	0.542115614628268951	0.00468377101628798183	0.989520207885315496	0.0033257251373323649	0.00261508375770193873	0.00522117572755044788	0.0074835852400072533	0.117875362201741726	0.104198029453073813	0.123263817555523223	0.110034096003360919	0.297342555374514151	0.00578964024775117238	0.118746064021429124	0.057654825375546118



3	CGTACGGA	0.49789071417936374


A:	0.106506535258480076	0.28084740597198822	0.0867999718959903597	0.561411231288490372	0.0779046567553363411	0.474732411933079508	0.0648208797146614866	0.0211257410002030324	0.00454932917062732705	0.00411084483184044704	0.991839052989673453	0.00541442294675849359	0.00733500883304835133	0.0103114691061121978	0.851037308180018529	0.475768897833678021	0.360600276800133579	0.684967225719446562	0.109049882012245152	0.347417131907044439	0.0505957976501526923	0.698186198017596365
C:	0.0770137332120916013	0.235305967996222673	0.0800546110428985307	0.0199510031152759139	0.0285933433046111801	0.112612033957287611	0.501089451339783325	0.40922255592296505	0.00338237338240994528	0.00150622031336418095	0.00409657193874711998	0.990318564703002348	0.00353945456416137207	0.00430530316613343869	0.0727600592012232685	0.401898755134181175	0.275425901219674516	0.148559926527476497	0.356779293969381345	0.5492095218038819	0.758327034963993957	0.12918039880480177
G:	0.646258934140826873	0.287112893040823797	0.0287454045181046928	0.189174426573807527	0.861991160693204627	0.0720664096139418691	0.105254636694417393	0.0275360884485629667	0.990290214853166513	0.0036101516344063153	0.00160876552406727132	0.00132453543169570841	0.979745353364492524	0.978881641300392336	0.00549973618842229006	0.0181343175790669923	0.240710004424668682	0.0564387517497160221	0.236828268643859352	0.0975837060413224887	0.0723311033644242275	0.114978577802055747
T:	0.170220797388601451	0.196733732990965311	0.804400012543006417	0.229463339022426188	0.0315108392468478521	0.340589144495691012	0.328835032251137795	0.542115614628268951	0.00177808259379621486	0.990772783220389057	0.00245560954751215587	0.00294247691854345029	0.00938018323829775265	0.00650158642736202774	0.070702896430335912	0.104198029453073813	0.123263817555523223	0.110034096003360919	0.297342555374514151	0.00578964024775117238	0.118746064021429124	0.057654825375546118



4	TCCGTACA	0.497620549113034136


A:	0.057654825375546118	0.118746064021429124	0.00578964024775117238	0.297342555374514151	0.110034096003360919	0.123263817555523223	0.104198029453073813	0.0886527261768441807	0.004845590017459298	0.00110235456732905561	0.00397689562246580272	0.00240402037623015002	0.989335645808227143	0.00115913251991375882	0.542115614628268951	0.328835032251137795	0.340589144495691012	0.0315108392468478521	0.229463339022426188	0.804400012543006417	0.196733732990965311	0.170220797388601451
C:	0.114978577802055747	0.0723311033644242275	0.0975837060413224887	0.236828268643859352	0.056438751749716022	0.240710004424668682	0.0181343175790669923	0.00323808130099332446	0.988984340197600822	0.989421441721891132	0.00135046952021957178	0.00197548079112231337	0.000803655504639675475	0.990334212974428458	0.0275360884485629667	0.105254636694417393	0.0720664096139418691	0.861991160693204627	0.189174426573807527	0.0287454045181046928	0.287112893040823797	0.646258934140826873
G:	0.12918039880480177	0.758327034963993957	0.5492095218038819	0.356779293969381345	0.148559926527476497	0.275425901219674516	0.401898755134181175	0.0620377630228060523	0.00104870233241333442	0.0077270804529865778	0.992005401010759469	0.00230619967855022328	0.00498731558885918647	0.00317125631886582928	0.40922255592296505	0.501089451339783325	0.112612033957287611	0.0285933433046111801	0.0199510031152759139	0.0800546110428985307	0.235305967996222673	0.0770137332120916013
T:	0.698186198017596365	0.0505957976501526923	0.347417131907044439	0.109049882012245152	0.684967225719446562	0.360600276800133579	0.475768897833678021	0.846071429499356442	0.00512136745252654528	0.00174912325779323435	0.00266723384655515665	0.993314299154097313	0.00487338309827399493	0.00533539818679195391	0.0211257410002030324	0.0648208797146614866	0.474732411933079508	0.0779046567553363411	0.561411231288490372	0.0867999718959903597	0.28084740597198822	0.106506535258480076



5	GTACGGA..A	0.497445822994210091


A:	0.28084740597198822	0.0867999718959903597	0.561411231288490372	0.0779046567553363411	0.474732411933079508	0.0648208797146614866	0.0211257410002030324	0.00321624144408835701	0.00314419260730606334	0.992481867536207999	0.00182804527364395592	0.00798086406223272733	0.0112873494211632305	0.940115454091454528	0.475768897833678021	0.360600276800133579	0.684967225719446562	0.109049882012245152	0.347417131907044439	0.0505957976501526923	0.698186198017596365	0.235516632915460096	0.0648055588578792223
C:	0.235305967996222673	0.0800546110428985307	0.0199510031152759139	0.0285933433046111801	0.112612033957287611	0.501089451339783325	0.40922255592296505	0.00360874308555977615	0.00203526172733728589	0.00236930587733954767	0.991809894744613509	0.00203219893516347459	0.001653091664383193	0.0171415763380318039	0.401898755134181175	0.275425901219674516	0.148559926527476497	0.356779293969381345	0.5492095218038819	0.758327034963993957	0.12918039880480177	0.123600885966940609	0.136658027117586712
G:	0.287112893040823797	0.0287454045181046928	0.189174426573807527	0.861991160693204627	0.0720664096139418691	0.105254636694417393	0.0275360884485629667	0.991479667998141264	0.00303805998225518535	0.00193379612784113356	0.00253699232493154839	0.987356878296438018	0.980912500978556756	0.00354807495609402159	0.0181343175790669923	0.240710004424668682	0.0564387517497160221	0.236828268643859352	0.0975837060413224887	0.0723311033644242275	0.114978577802055747	0.281837255754826258	0.503495211919967273
T:	0.196733732990965311	0.804400012543006417	0.229463339022426188	0.0315108392468478521	0.340589144495691012	0.328835032251137795	0.542115614628268951	0.00169534747221060272	0.991782485683101465	0.00321503045861131942	0.0038250676568109864	0.00263005870616578016	0.0061470579358968201	0.0391948946144196463	0.104198029453073813	0.123263817555523223	0.110034096003360919	0.297342555374514151	0.00578964024775117238	0.118746064021429124	0.057654825375546118	0.359045225362773037	0.295041202104566793



