1	CAAT.ATTG	0.476098494198963219


A:	0.0990645427695064832	0.0923986774133905995	0.198514544857939845	0.596334805622793998	0.234546782375373313	0.241032871613216085	0.0431442175677743159	0.0372123117115485563	0.926313464274656265	0.959036482033089853	0.0052172357733321516	0.0107964646303599266	0.973360676315434653	0.019646874071669701	0.0456526834221863812	0.142567319270911474	0.521662301237515476	0.12266998835338764	0.21480655108767617	0.132993174822739887	0.40333606982794639	0.36141077300364596	0.0727278664687567305
C:	0.522398116574452411	0.121258276114005861	0.13436099457544043	0.113127933679900539	0.230248268715488627	0.33928240725137028	0.259881554161239646	0.7938231279041383	0.0181746606253811702	0.0122192193644719265	0.00645101368908498705	0.0701215830761142265	0.014971074222148208	0.00909742453076851894	0.00985919167777618325	0.0263972411134016699	0.157030045403038002	0.151308210592228639	0.158388734854953159	0.238324781631727641	0.0821381332076610587	0.299533785502046569	0.627080491969607198
G:	0.215412405990976581	0.411247484801065938	0.444823242821692666	0.117381102365210211	0.122805466289218431	0.0511384865265974766	0.152474250747851154	0.0263972411134016699	0.00985919167777618325	0.00909742453076851894	0.014971074222148208	0.901531818001494612	0.00645101368908498705	0.0122192193644719265	0.0181746606253811702	0.7938231279041383	0.284376790656123789	0.569191815802033277	0.325944909883611689	0.270683400519063433	0.137691638787745632	0.229236726959568079	0.158958655474419452
T:	0.163124934665064524	0.375095561671537602	0.222301217744927058	0.173156158332095252	0.412399482619919628	0.368546234608816158	0.544499977523134885	0.142567319270911474	0.0456526834221863812	0.019646874071669701	0.973360676315434653	0.0175501342920312351	0.0052172357733321516	0.959036482033089853	0.926313464274656265	0.0372123117115485563	0.0369308627033227331	0.156829985252350444	0.300859804173758982	0.357998643026469039	0.376834158176646919	0.109818714534739392	0.14123298608721662



2	AAT.ATTGA	0.472822311124281787


A:	0.0923986774133905995	0.198514544857939845	0.596334805622793998	0.234546782375373313	0.241032871613216085	0.0431442175677743159	0.0372123117115485563	0.788607625441261443	0.861558969888011361	0.00842940237022765337	0.0107964646303599266	0.906847918377169254	0.0830101276065120825	0.073097491930131866	0.116512705924559556	0.521662301237515476	0.12266998835338764	0.21480655108767617	0.132993174822739887	0.40333606982794639	0.36141077300364596	0.0727278664687567305	0.437574852513582455
C:	0.121258276114005861	0.13436099457544043	0.113127933679900539	0.230248268715488627	0.33928240725137028	0.259881554161239646	0.7938231279041383	0.0762088283175981047	0.0219398931423423041	0.0325574347456993506	0.0701215830761142265	0.0506391386174730901	0.0205286432783242689	0.0116955272157934283	0.0523910412690898587	0.157030045403038002	0.151308210592228639	0.158388734854953159	0.238324781631727641	0.0821381332076610587	0.299533785502046569	0.627080491969607198	0.21972045283305421
G:	0.411247484801065938	0.444823242821692666	0.117381102365210211	0.122805466289218431	0.0511384865265974766	0.152474250747851154	0.0263972411134016699	0.0304313398407640579	0.0255695962063722558	0.0111828998131702716	0.901531818001494612	0.0078568483572505486	0.00678704802071938142	0.0481062434839722459	0.779860433375113719	0.284376790656123789	0.569191815802033277	0.325944909883611689	0.270683400519063433	0.137691638787745632	0.229236726959568079	0.158958655474419452	0.214139271870309153
T:	0.375095561671537602	0.222301217744927058	0.173156158332095252	0.412399482619919628	0.368546234608816158	0.544499977523134885	0.142567319270911474	0.104752206400376394	0.0909315407632740796	0.947830263070902724	0.0175501342920312351	0.0346560946481071069	0.889674181094444267	0.86710073737010246	0.0512358194312368655	0.0369308627033227331	0.156829985252350444	0.300859804173758982	0.357998643026469039	0.376834158176646919	0.109818714534739392	0.14123298608721662	0.128565422783054182



3	AATGATTG	0.471881636785696646


A:	0.156947191138961082	0.102443921609491292	0.459806544526555454	0.390142077510234632	0.182244285526130195	0.145060977986983853	0.167850603730781721	0.905168237947348242	0.906378464870175844	0.00687906250069266473	0.0107964646303599266	0.985021408677706124	0.00493544822221589653	0.0120211869654648298	0.0789585923807428607	0.279336650548404504	0.248228157092018321	0.123855456822251408	0.276389369513278742	0.242043828805983981	0.146721834093574506	0.127683710048648387
C:	0.477163077976318636	0.440166388962892389	0.0791556794224183853	0.214297859050021132	0.125240827319470609	0.231733176134920126	0.282803908712058984	0.0240983350490377944	0.0319700026424821393	0.00665464654252416061	0.0701215830761142265	0.00576615098881825144	0.00409749582068935861	0.00516912068673140726	0.00709590258714246666	0.295614887084480001	0.166100858188673816	0.245736400946479407	0.261575985381693023	0.14884167444774955	0.143131949484224387	0.440333059872392506
G:	0.164239842115852719	0.356643457865264319	0.220901711145082072	0.128754814303088162	0.206351735463985663	0.18698938102199396	0.210805161872272533	0.0251204997684880283	0.00332980989734236414	0.00435137940095235895	0.901531818001494612	0.00428722456204544182	0.00407827208205105537	0.00288105460499799622	0.907750313845248652	0.378633728796923995	0.300735277967382399	0.317777716741121963	0.125694264371632687	0.170204593923283615	0.215408600891512534	0.22302457567450186
T:	0.201649888768867563	0.100746231562352001	0.240136064905944089	0.266805249136656074	0.486163151690413533	0.436216464856102061	0.338540325684886762	0.0456129272351259357	0.0583217225899996527	0.982114911555830816	0.0175501342920312351	0.00492521577143018234	0.986888783875043689	0.979928637742805767	0.00619519118686602102	0.0464147335701915004	0.284935706751925465	0.312630425490147222	0.336340380733395548	0.438909902822982854	0.494737615530688573	0.208958654404457248



4	CAAT.ATT.A	0.468235623384534334


A:	0.14123298608721662	0.109818714534739392	0.376834158176646919	0.357998643026469039	0.300859804173758982	0.156829985252350444	0.0369308627033227331	0.0609123043966144519	0.940564211693155408	0.957421610400927322	0.00713878932394525957	0.0175501342920312351	0.975213799890577455	0.0293229784601774641	0.0634077579690706785	0.142567319270911474	0.544499977523134885	0.368546234608816158	0.412399482619919628	0.173156158332095252	0.222301217744927058	0.375095561671537602	0.163124934665064524
C:	0.158958655474419452	0.229236726959568079	0.137691638787745632	0.270683400519063433	0.325944909883611689	0.569191815802033277	0.284376790656123789	0.732033761386269701	0.0128323740805994694	0.0208864330322553784	0.0106841934347128135	0.901531818001494612	0.0113498115545239675	0.00899726475740485335	0.0160563825698058791	0.0263972411134016699	0.152474250747851154	0.0511384865265974766	0.122805466289218431	0.117381102365210211	0.444823242821692666	0.411247484801065938	0.215412405990976581
G:	0.627080491969607198	0.299533785502046569	0.0821381332076610588	0.238324781631727641	0.158388734854953159	0.151308210592228639	0.157030045403038002	0.0111819850160977511	0.0104461184340632245	0.00800309546973107163	0.00449125915873597623	0.0701215830761142265	0.00470555091024128834	0.0152497039368101523	0.0597209119395862234	0.7938231279041383	0.259881554161239646	0.33928240725137028	0.230248268715488627	0.113127933679900539	0.13436099457544043	0.121258276114005861	0.522398116574452411
T:	0.0727278664687567305	0.36141077300364596	0.40333606982794639	0.132993174822739887	0.21480655108767617	0.12266998835338764	0.521662301237515476	0.195871949201018096	0.0361572957921818985	0.0136888610970862276	0.977685758082605951	0.0107964646303599266	0.00873083764465728869	0.94643005284560753	0.860814947521537219	0.0372123117115485563	0.0431442175677743159	0.241032871613216085	0.234546782375373313	0.596334805622793998	0.198514544857939845	0.0923986774133905995	0.0990645427695064832



5	CAATCAT..A	0.460573582917633888


A:	0.208958654404457248	0.494737615530688573	0.438909902822982854	0.336340380733395548	0.312630425490147222	0.284935706751925465	0.0464147335701915004	0.0352065526817371288	0.946566976401482366	0.977914273049086638	0.0139601299032027029	0.0336596373621952505	0.95972351934822767	0.168375412645877043	0.0456129272351259357	0.338540325684886762	0.436216464856102061	0.486163151690413533	0.266805249136656074	0.240136064905944089	0.100746231562352001	0.201649888768867563	0.151275550199667319
C:	0.22302457567450186	0.215408600891512534	0.170204593923283615	0.125694264371632687	0.317777716741121963	0.300735277967382399	0.378633728796923995	0.885809529794085819	0.0107654722393940887	0.00653017481283698108	0.0164784217026073452	0.852081403070163185	0.00420606247532546047	0.0334568088602146177	0.0251204997684880283	0.210805161872272533	0.18698938102199396	0.206351735463985663	0.128754814303088162	0.220901711145082072	0.356643457865264318	0.164239842115852719	0.383463068697357763
G:	0.440333059872392506	0.143131949484224387	0.14884167444774955	0.261575985381693023	0.245736400946479407	0.166100858188673816	0.295614887084480001	0.0220205190133376241	0.025091284468115564	0.00894339652144934629	0.00887766170221559424	0.0619066199146314066	0.0261388717553354047	0.0315942172406095181	0.0240983350490377944	0.282803908712058984	0.231733176134920126	0.125240827319470609	0.214297859050021132	0.0791556794224183853	0.440166388962892389	0.477163077976318636	0.377750144031611064
T:	0.127683710048648387	0.146721834093574506	0.242043828805983981	0.276389369513278742	0.123855456822251408	0.248228157092018321	0.279336650548404504	0.0569633985108394277	0.0175762668910079813	0.00661215561662703434	0.960683786691974358	0.0523523396530101579	0.00993154642111146442	0.766573561253298821	0.905168237947348242	0.167850603730781721	0.145060977986983853	0.182244285526130195	0.390142077510234632	0.459806544526555454	0.102443921609491292	0.156947191138961082	0.0875112370713638539



