1	AATGATTG	0.499651182891292537


A:	0.0780175993573270445	0.200332492356878928	0.190209077229854875	0.32479516916411042	0.20258432870403152	0.1168742701368502	0.0347999438891094878	0.931507482635571112	0.978723299447281854	0.00581654930799187993	0.00478078336603411683	0.992378598489169069	0.00221092033729601549	0.0163701337211324281	0.216788550568790784	0.223473500721431757	0.123972961356805296	0.445254476597933897	0.36848810337271051	0.239372399054969732	0.220726636167876448	0.130684701755428681
C:	0.469938205179719184	0.18998976800938551	0.0941615072740283981	0.185190671557505606	0.432122557221010386	0.451399441125487504	0.518754481286182507	0.018597050903522804	0.0106804802723129123	0.00348875692665839376	0.123210462272764152	0.00291178464365853769	0.00107735803526250869	0.00096974203970629842	0.00153656807483176981	0.245239609331328481	0.326277944918368805	0.199741935610740773	0.290441148731919499	0.432002773974157322	0.366599142775768074	0.401709430565537242
G:	0.158410522004082548	0.277616277884803466	0.251654418385467056	0.132824371502226868	0.103344784606394056	0.192085347309579116	0.0280611897018261836	0.0168623580455201062	0.0009902902412659531	0.000791353572808362871	0.864526421282584806	0.00128239124575036473	0.00638538506683064751	0.00157491503973524692	0.776533244197883558	0.395022529475579495	0.232997445215424979	0.094346679665402278	0.128464946837458869	0.201222031139109145	0.190829216957696516	0.283582319674028025
T:	0.293633673458871224	0.332061461748932095	0.463974997110649671	0.357189787776157105	0.261948329468564038	0.239640941428083181	0.418384385122881822	0.0330331084153859777	0.00960593003913928014	0.989903340192541363	0.00748233307861692496	0.00342722562142202877	0.990326336560610828	0.981085209199426027	0.0051416371584938887	0.136264360471660267	0.31675164850940092	0.260656908125923052	0.212605801057911122	0.127402795831763802	0.221845004098658962	0.184023548005006053



2	CAAT.ATTG	0.499432238953344853


A:	0.179546209042884806	0.0685442788489232884	0.105961939990840566	0.3482653910791269	0.369097317993427042	0.510006736075836609	0.083371746087437565	0.0214973421703525551	0.947406494179288165	0.980805759563946601	0.00529562263162997413	0.00478078336603411683	0.985618158692711269	0.00539122148545463619	0.0374016295201249158	0.373911983869931089	0.140034915786764847	0.0637003277892216617	0.10608563154060808	0.182034156791345536	0.422080239484482528	0.284352020589154154	0.015900253565296816
C:	0.570025291922787569	0.0631236992163095407	0.188471682306170965	0.184782217691626239	0.354405316536359766	0.310570173376886058	0.5350552587742729	0.597441003214051072	0.0114918652255064168	0.0106032053932080832	0.00592044743443510643	0.123210462272764152	0.00316577124122365008	0.00319981355739067983	0.00370001107508050222	0.00714967074566528296	0.173494022950509339	0.0859800801356634368	0.0748413158526728466	0.237866128870634884	0.0786926524918878257	0.25584258012995169	0.666424267076183308
G:	0.181348662902881531	0.268980757061652959	0.32210583429763457	0.185192381812808681	0.0882220241415621376	0.0649076419828701436	0.118580334732840957	0.00714967074566528296	0.00370001107508050222	0.00319981355739067983	0.00316577124122365008	0.864526421282584806	0.00592044743443510643	0.0106032053932080832	0.0114918652255064168	0.597441003214051072	0.59876885310974706	0.711549082675054836	0.446579713107750446	0.223236227763330116	0.335427279841343053	0.319459284008934786	0.10920185872783108
T:	0.0690798361314460938	0.599351264873114212	0.383460543405353899	0.28176000941643818	0.188275341328651054	0.114515448564407189	0.262992660405448579	0.37391198386993109	0.0374016295201249158	0.00539122148545463619	0.985618158692711269	0.00748233307861692496	0.00529562263162997413	0.980805759563946601	0.947406494179288165	0.0214973421703525551	0.0877022081529787531	0.138770509400060066	0.372493339498968627	0.356863486574689463	0.163799828182286593	0.14034611527195937	0.208473620630688796



3	A.CAATCAT	0.498842421099422137


A:	0.318442324600843373	0.0898172351490519716	0.219115570959493355	0.562164259414447582	0.173697522592694819	0.146056541253671742	0.300545665014789413	0.689520672065131628	0.0314183677139501884	0.00376178431472455686	0.986180243697546112	0.986499077181353903	0.00467878119004112267	0.0094493638152777066	0.981746391519135011	0.0417563307518847335	0.0330331084153859777	0.474138869902580254	0.229838204515842627	0.233136734381114268	0.302589203105867039	0.0851689167101751628	0.154997374541625927
C:	0.069155225684918841	0.157043539911247959	0.231662030007545695	0.211338335391570501	0.286426018327069451	0.0573918805087685499	0.276077513989596273	0.100602735772088567	0.619935902449016076	0.825826351223095785	0.00310943002461833564	0.00795564930624648722	0.0012928227482561669	0.962841374630671688	0.000935763239399335794	0.00918692658088828346	0.0168623580455201062	0.0433354250096207399	0.234925045504354557	0.284817867612488928	0.120259113241562631	0.44139766482644629	0.290950545707770037
G:	0.346829198214530175	0.295024067026900825	0.48496679101735392	0.121392103332814489	0.162431280621501631	0.14229102791506792	0.179489024204053608	0.0604304216238279087	0.248197709247196741	0.00154911840182759359	0.00369581990184840604	0.0017810480272930557	0.00695036696840326504	0.015983189180591563	0.00881853984662039878	0.0136882311042334467	0.018597050903522804	0.313485934916725509	0.31133601740884828	0.162415262661957948	0.2883426847999799	0.13668259706999449	0.338519509337105743
T:	0.26557325149970761	0.458115157912799245	0.0642556080156070295	0.105105301861167428	0.377445178458734099	0.654260550322491788	0.243887796791560706	0.149446170538951896	0.100448020589836995	0.168862746060352064	0.00701450637598714607	0.00376422548510655419	0.987078029093299445	0.0117260723734590427	0.00849930539484525462	0.935368511562993536	0.931507482635571112	0.169039770171073496	0.223900732570954537	0.319630135344438856	0.288808998852590431	0.336750821393384057	0.215532570413498292



4	AATGATTA	0.498793031066330814


A:	0.391378089761665051	0.282059477989771141	0.266209138547684032	0.582971295713432736	0.12868786723098611	0.0971663397115801957	0.0206267527346643434	0.91175646222057962	0.963888652779498015	0.012251907771564112	0.0322603407285480117	0.986002000106467066	0.00428095031590119012	0.00735180466466962624	0.216788550568790784	0.0886776562429013347	0.228669067915779676	0.411848816479961788	0.137058796926289784	0.193864495063991763	0.288155376556340852	0.277962560026850501
C:	0.31975858582850633	0.28051000331769847	0.0953816022272280241	0.129224384915760304	0.226988314833001388	0.565580914738731089	0.602637097142331068	0.0371518377537932932	0.0104955156274626626	0.00423803713561822615	0.296709697450623555	0.0020324227917297146	0.00470271076006109445	0.00723655898977196967	0.00153656807483176981	0.182365600682417323	0.210646269017052539	0.1715255006521641	0.18915429736431253	0.402731912855932085	0.0803760207090711979	0.270539334534161515
G:	0.0739891769391717289	0.185639661239408109	0.120388380415053638	0.10881292533062309	0.372118594375776066	0.192190530548073819	0.00398444982694588179	0.0158941436269405731	0.0070644843087978586	0.00161799593702259207	0.662474170481081027	0.00562588599506737879	0.00619971942382038482	0.024281864435943245	0.776533244197883558	0.58776555733932274	0.223572828316396731	0.195992697438006902	0.244647371651096791	0.102322618550450991	0.51228327487231362	0.202012649917924512
T:	0.21487414747065689	0.251790857453122281	0.518020878810034306	0.17899139404018387	0.272205223560236437	0.145062215001614897	0.372751700296058707	0.0351975563986865134	0.0185513472842414641	0.98189205915579507	0.00855579133974740617	0.00633969110673584013	0.984816619500217331	0.961129771909615159	0.0051416371584938887	0.141191185735358602	0.337111834750771054	0.22063298542986721	0.429139534058300896	0.301080973529625161	0.11918532786227433	0.249485455521063471



5	AATCATTG	0.498629358885705818


A:	0.221845004098658962	0.127402795831763802	0.212605801057911122	0.260656908125923052	0.31675164850940092	0.136264360471660267	0.0051416371584938887	0.937045534978356745	0.981519266614548084	0.00631255184078381169	0.00478078336603411683	0.986471542672521482	0.0193864548709990835	0.0199022799884699428	0.418384385122881822	0.239640941428083181	0.261948329468564038	0.357189787776157105	0.463974997110649671	0.332061461748932095	0.293633673458871224	0.144541686346297074
C:	0.190829216957696516	0.201222031139109145	0.128464946837458869	0.094346679665402278	0.232997445215424979	0.395022529475579495	0.776533244197883558	0.0253191727268751429	0.0101235887005497153	0.0029280964348422956	0.123210462272764152	0.00277277837793901063	0.00461091438453945708	0.020770918772414494	0.0280611897018261836	0.192085347309579116	0.103344784606394056	0.132824371502226868	0.251654418385467056	0.277616277884803466	0.158410522004082548	0.260361960360879244
G:	0.366599142775768074	0.432002773974157322	0.290441148731919499	0.199741935610740773	0.326277944918368805	0.245239609331328481	0.00153656807483176981	0.00439347136627706725	0.00184667864376775579	0.00521891438308931164	0.864526421282584806	0.00393336951101268725	0.0142812571689145706	0.0129092305761843747	0.518754481286182507	0.451399441125487504	0.432122557221010386	0.185190671557505606	0.0941615072740283981	0.18998976800938551	0.469938205179719184	0.401914712252266362
T:	0.220726636167876448	0.239372399054969732	0.36848810337271051	0.445254476597933897	0.123972961356805296	0.223473500721431757	0.216788550568790784	0.0332418209284910448	0.00651046604113444489	0.985540437341284581	0.00748233307861692496	0.00682230943852681974	0.961721373575546889	0.946417570662931188	0.0347999438891094878	0.1168742701368502	0.20258432870403152	0.32479516916411042	0.190209077229854875	0.200332492356878928	0.0780175993573270445	0.19318164104055732



