1	GCAATCAA	0.488138369149833739


A:	0.337280368955391273	0.185523109338275309	0.219446208457820278	0.138512597365492453	0.389851852670528541	0.129074721420565352	0.146349768673970379	0.0698698183627589219	0.0143030818773420486	0.937502712666249184	0.943928430019099081	0.0125002720752894795	0.0101303559359953884	0.907328566830742919	0.430133325325851895	0.0942476017315488321	0.0613504332041088518	0.321721197608967631	0.310464422700612807	0.247142346280040477	0.087391933692128503	0.395423968267251195
C:	0.151413632070542567	0.118673772703621225	0.090244341809018297	0.0449790222444008533	0.174072477666825747	0.0878829101021138236	0.0874395330661083379	0.355318946411636346	0.587764777626890755	0.0151187557347784602	0.0179819361858569542	0.0210956151050047264	0.938391652551457153	0.00979622815579792693	0.050744066764329075	0.467710778529838649	0.23762591357739416	0.151488542012400003	0.122889602215501136	0.0163691290125420269	0.166088074919102832	0.214049287666209258
G:	0.327039688425076876	0.0914551222750688421	0.471706290023078981	0.512767604460627418	0.224336325671503479	0.246118481373456849	0.326645177549596869	0.436049599005847871	0.00669395429564460989	0.0330729194420876867	0.0322182785540260619	0.017283460516379448	0.0224477085291987016	0.0275632618607251265	0.0688826384873929988	0.332073356821657318	0.207039578118880188	0.250711130196330258	0.328914447305462585	0.0806896624856211456	0.488840893089844277	0.107023850650787485
T:	0.184266310548989283	0.604347995683034624	0.218603159710082443	0.303740775929479275	0.211739343991142233	0.536923887103863975	0.439565520710324414	0.138761636219756861	0.391238186200122586	0.0143056121568846686	0.00587135524101790253	0.949120652303326346	0.0290302829833487575	0.0553119431527340274	0.450239969422426031	0.105968262916955201	0.4939840750996168	0.276079130182302108	0.237731527778423472	0.655798862221796351	0.257679098298924388	0.283502893415752062



2	CCAATCA.C	0.48734118318526974


A:	0.198230225986403021	0.392289859588186667	0.0469652015374125673	0.102309101416865011	0.27128848255395365	0.400310209524353573	0.178405824200221723	0.135926983994549763	0.0588915331350750645	0.916412546583083267	0.911733077808709204	0.0198678253002978001	0.0507552175608847701	0.91505642378648094	0.487528260550299207	0.0803172990998399615	0.151005899880726715	0.223733573664807161	0.0358406770237408263	0.380870303505409807	0.209652878722303696	0.218603750309850684	0.421740628194053836
C:	0.0232221916904890705	0.116337587954966002	0.19347839675660601	0.225136929018369588	0.338839232338950847	0.263448442621056679	0.169664447166671663	0.543085466367876272	0.642411456264822651	0.0436994975088963328	0.0482865353072889588	0.0391220105519681175	0.847494607857961164	0.0124612743456711072	0.0753567415411138585	0.447613159150588834	0.118017952381519477	0.13653324302561301	0.338331310694820061	0.0132998339165008356	0.275539470620490347	0.221866206049904854	0.145917436449145826
G:	0.123721745223183718	0.259680466052340988	0.577277429387760067	0.255392795902012412	0.095703767812293562	0.165830613616879409	0.486474020213236216	0.253594023384438395	0.0110532593565845838	0.00827599449555893303	0.0192306617304655424	0.0160584053352084918	0.0240581342326551193	0.0407272769770958114	0.0808892674307724807	0.168937383017973646	0.395319352479832642	0.446407168126703492	0.60200292507802305	0.352672224211050119	0.184203426102549604	0.108917705292612228	0.114691125372071164
T:	0.654825837099924191	0.231692086404506343	0.182278972318221356	0.417161173662752988	0.294168517294801941	0.170410734237710339	0.165455708419870398	0.0673935262531355689	0.287643751243517701	0.0316119614124614671	0.0207497251535362949	0.924951758812525591	0.0776920403484989469	0.0317550248907521418	0.356225730477814454	0.303132158731597559	0.335656795257921166	0.193326015182876337	0.023825087203416063	0.253157638367039238	0.330604224554656353	0.450612338347632234	0.317650809984729174



3	T.CAATCAA	0.487127152712293414


A:	0.356026555797417927	0.337280368955391273	0.185523109338275309	0.219446208457820278	0.138512597365492453	0.389851852670528541	0.129074721420565352	0.146349768673970379	0.0698698183627589219	0.0355241840341656066	0.943919674561701373	0.965699701714736749	0.00568315034873021908	0.00836738391324140389	0.909168922806050132	0.658029313005624083	0.0942476017315488321	0.0613504332041088518	0.321721197608967631	0.310464422700612807	0.247142346280040477	0.087391933692128503	0.395423968267251195
C:	0.0489198018376376151	0.151413632070542567	0.118673772703621225	0.090244341809018297	0.0449790222444008533	0.174072477666825747	0.0878829101021138236	0.0874395330661083379	0.355318946411636346	0.767643413464707901	0.00949596718253883966	0.01666561189773875	0.0118112939730980663	0.934002865752579282	0.00828476127818746607	0.0221609814602170751	0.467710778529838649	0.23762591357739416	0.151488542012400003	0.122889602215501136	0.0163691290125420269	0.166088074919102832	0.214049287666209258
G:	0.199404126389597472	0.327039688425076876	0.0914551222750688421	0.471706290023078981	0.512767604460627418	0.224336325671503479	0.246118481373456849	0.326645177549596869	0.436049599005847871	0.010934661952512989	0.00875755664467049749	0.00826292410784204432	0.0221020672259398915	0.0145762959636225412	0.0151810157997227726	0.0381299357736337083	0.332073356821657318	0.207039578118880188	0.250711130196330258	0.328914447305462585	0.0806896624856211456	0.488840893089844277	0.107023850650787485
T:	0.395649515975346985	0.184266310548989283	0.604347995683034624	0.218603159710082443	0.303740775929479275	0.211739343991142233	0.536923887103863975	0.439565520710324414	0.138761636219756861	0.185897740548613504	0.0378268016110892901	0.00937176227968245709	0.960403488452231823	0.0430534543705567732	0.0673653001160396295	0.281679769760525134	0.105968262916955201	0.4939840750996168	0.276079130182302108	0.237731527778423472	0.655798862221796351	0.257679098298924388	0.283502893415752062



4	T..CAATCAA	0.486181075983919798


A:	0.356026555797417927	0.337280368955391273	0.185523109338275309	0.219446208457820278	0.138512597365492453	0.389851852670528541	0.129074721420565352	0.146349768673970379	0.0698698183627589219	0.0301081966332960155	0.924895202754220526	0.945427320370832927	0.0201393943619564961	0.0378477935593102077	0.931414369840844743	0.732738776201375454	0.0942476017315488321	0.0613504332041088518	0.321721197608967631	0.310464422700612807	0.247142346280040477	0.087391933692128503	0.395423968267251195
C:	0.0489198018376376151	0.151413632070542567	0.118673772703621225	0.090244341809018297	0.0449790222444008533	0.174072477666825747	0.0878829101021138236	0.0874395330661083379	0.355318946411636346	0.801096332875608597	0.0493121830285344999	0.0174792115818408646	0.011992304385562771	0.933958975782076358	0.013953233077412125	0.0811872705611570569	0.467710778529838649	0.23762591357739416	0.151488542012400003	0.122889602215501136	0.0163691290125420269	0.166088074919102832	0.214049287666209258
G:	0.199404126389597472	0.327039688425076876	0.0914551222750688421	0.471706290023078981	0.512767604460627418	0.224336325671503479	0.246118481373456849	0.326645177549596869	0.436049599005847871	0.0461567717218439697	0.00372516675392576554	0.0279085224087511693	0.00984698888622833996	0.0110169265004024608	0.0219615999250748137	0.0649108947882524313	0.332073356821657318	0.207039578118880188	0.250711130196330258	0.328914447305462585	0.0806896624856211456	0.488840893089844277	0.107023850650787485
T:	0.395649515975346985	0.184266310548989283	0.604347995683034624	0.218603159710082443	0.303740775929479275	0.211739343991142233	0.536923887103863975	0.439565520710324414	0.138761636219756861	0.122638698769251417	0.0220674474633192088	0.00918494563857503959	0.958021312366252393	0.017176304158210973	0.032670797156668318	0.121163058449215058	0.105968262916955201	0.4939840750996168	0.276079130182302108	0.237731527778423472	0.655798862221796351	0.257679098298924388	0.283502893415752062



5	CCAATCAA	0.48522569358280808


A:	0.337280368955391273	0.185523109338275309	0.219446208457820278	0.138512597365492453	0.389851852670528541	0.129074721420565352	0.146349768673970379	0.0698698183627589219	0.0530409092683399035	0.937986949379144677	0.885868322482916511	0.0110075300240960695	0.0479361842519816685	0.874668548907516151	0.487528260550299207	0.0942476017315488321	0.0613504332041088518	0.321721197608967631	0.310464422700612807	0.247142346280040477	0.087391933692128503	0.395423968267251195
C:	0.151413632070542567	0.118673772703621225	0.090244341809018297	0.0449790222444008533	0.174072477666825747	0.0878829101021138236	0.0874395330661083379	0.355318946411636346	0.5233872674591294	0.019524573709804655	0.0707413596280629492	0.019823759331948632	0.84483890531365456	0.0107996986629148456	0.0753567415411138585	0.467710778529838649	0.23762591357739416	0.151488542012400003	0.122889602215501136	0.0163691290125420269	0.166088074919102832	0.214049287666209258
G:	0.327039688425076876	0.0914551222750688421	0.471706290023078981	0.512767604460627418	0.224336325671503479	0.246118481373456849	0.326645177549596869	0.436049599005847871	0.0387580847846952368	0.0191047230832471701	0.0179630171661546107	0.02943443162868081	0.019409927140005414	0.0114923160272676796	0.0808892674307724807	0.332073356821657318	0.207039578118880188	0.250711130196330258	0.328914447305462585	0.0806896624856211456	0.488840893089844277	0.107023850650787485
T:	0.184266310548989283	0.604347995683034624	0.218603159710082443	0.303740775929479275	0.211739343991142233	0.536923887103863975	0.439565520710324414	0.138761636219756861	0.38481373848783546	0.0233837538278034977	0.0254273007228659287	0.939734279015274489	0.0878149832943583577	0.103039436402301324	0.356225730477814454	0.105968262916955201	0.4939840750996168	0.276079130182302108	0.237731527778423472	0.655798862221796351	0.257679098298924388	0.283502893415752062



