1	CAAGAACA	0.496440830740356596


A:	0.110091253655328926	0.113422767912451808	0.168173368487842021	0.0815236673968723009	0.294631143185272669	0.364113070902312544	0.0787923583002371895	0.00264966466289256408	0.923579294943628055	0.749005769469185288	0.00410790373231168796	0.988148281653119857	0.970180948273701747	0.0017992648793206925	0.928326804937076044	0.195435468716340225	0.184808494399625597	0.159039170780544357	0.494509899936766502	0.110557964103041345	0.298327205856372332	0.158465590678497222
C:	0.420351642133509616	0.276061947670390334	0.337419080321941759	0.158152797334953688	0.0441200049014731865	0.203514261470186887	0.338295794838624353	0.623786917819535623	0.000602805688830284057	0.00348256393560024035	0.00264979930250890747	0.00936795191563856184	0.000436720177156313582	0.989105174510559415	0.00274824253717329185	0.367429192966833376	0.412743518689764438	0.119784995842087585	0.215276105299626916	0.209754579862477988	0.447806646035043868	0.518757613564436913
G:	0.268467429382445947	0.37748261821611551	0.430024754987217315	0.11095496469323772	0.321502656067433064	0.172548131383447341	0.23117028904367284	0.291224683264672916	0.00137948382466430926	0.00147356014787630534	0.991280895102190944	0.00133938152848579865	0.00423380552263763202	0.00372602964234627818	0.0277307303173182582	0.0975461066385556996	0.210869416160964173	0.4333037056091337	0.133219299998890892	0.220299532595024114	0.151999605394537926	0.133670193888025865
T:	0.201089674828715512	0.233032666201042348	0.0643827962029989051	0.649368570574936291	0.339746195845821081	0.259824536244053228	0.351741557817465618	0.0823387342528988972	0.0744384155428773513	0.246038106447338166	0.00196140186298846009	0.00114438490275578269	0.0251485260265043076	0.00536953096777361461	0.0411942222084324054	0.339589231678270699	0.191578570749645792	0.287872127768234359	0.156994694764715691	0.459387923439456553	0.101866542714045874	0.18910660186904



2	A..AAGAACA	0.494606608386427619


A:	0.282712860816097067	0.110091253655328926	0.113422767912451808	0.168173368487842021	0.0815236673968723009	0.294631143185272669	0.364113070902312544	0.0787923583002371895	0.00264966466289256408	0.807328729648866483	0.460966460718937802	0.00220232125228221635	0.983497632732183282	0.96548334909993679	0.00264648345350720809	0.828022955317680772	0.195435468716340225	0.184808494399625597	0.159039170780544357	0.494509899936766502	0.110557964103041345	0.298327205856372332	0.158465590678497222
C:	0.404994244813138937	0.420351642133509616	0.276061947670390334	0.337419080321941759	0.158152797334953688	0.0441200049014731865	0.203514261470186887	0.338295794838624353	0.623786917819535623	0.00115441998625614109	0.00900966730654563024	0.00652611711631029547	0.0123721423453808686	0.000921687076275809676	0.975592084811660006	0.0119097955487708669	0.367429192966833376	0.412743518689764438	0.119784995842087585	0.215276105299626916	0.209754579862477988	0.447806646035043868	0.518757613564436913
G:	0.257644146640807839	0.268467429382445947	0.37748261821611551	0.430024754987217315	0.11095496469323772	0.321502656067433064	0.172548131383447341	0.23117028904367284	0.291224683264672916	0.00228743969110818763	0.00557696692261012869	0.982433128238674897	0.00152232759951542337	0.0146965391831708457	0.0123520975340646557	0.0529581712934609931	0.0975461066385556996	0.210869416160964173	0.4333037056091337	0.133219299998890892	0.220299532595024114	0.151999605394537926	0.133670193888025865
T:	0.0546487477299561573	0.201089674828715512	0.233032666201042348	0.0643827962029989051	0.649368570574936291	0.339746195845821081	0.259824536244053228	0.351741557817465618	0.0823387342528988972	0.189229410673769188	0.524446905051906439	0.00883843339273259128	0.00260789732292042588	0.0188984246406165551	0.00940933420076813062	0.107109077840087368	0.339589231678270699	0.191578570749645792	0.287872127768234359	0.156994694764715691	0.459387923439456553	0.101866542714045874	0.18910660186904



3	AAGAACA..G	0.494540755008972523


A:	0.113422767912451808	0.168173368487842021	0.0815236673968723009	0.294631143185272669	0.364113070902312544	0.0787923583002371895	0.00264966466289256408	0.864306792848969728	0.780956685986207895	0.00366869927723229681	0.98785003793787796	0.972945404779354766	0.00205983494075027053	0.951668051643075941	0.195435468716340225	0.184808494399625597	0.159039170780544357	0.494509899936766502	0.110557964103041345	0.298327205856372332	0.158465590678497222	0.232545150478643171	0.124261787735607107
C:	0.276061947670390334	0.337419080321941759	0.158152797334953688	0.0441200049014731865	0.203514261470186887	0.338295794838624353	0.623786917819535623	0.00164440594472977286	0.0111157678751724297	0.00478429043728985319	0.00730324891057033893	0.000765992633688919849	0.97844164636616851	0.00675364520734949427	0.367429192966833376	0.412743518689764438	0.119784995842087585	0.215276105299626916	0.209754579862477988	0.447806646035043868	0.518757613564436913	0.197450906729607148	0.532708795988324161
G:	0.37748261821611551	0.430024754987217315	0.11095496469323772	0.321502656067433064	0.172548131383447341	0.23117028904367284	0.291224683264672916	0.00256777771389952221	0.004596569301505005	0.989771087687036065	0.000780157091097923071	0.00725703750011140189	0.0071463243844227612	0.0225542355476450498	0.0975461066385556996	0.210869416160964173	0.4333037056091337	0.133219299998890892	0.220299532595024114	0.151999605394537926	0.133670193888025865	0.364028693747251629	0.208853011727015709
T:	0.233032666201042348	0.0643827962029989051	0.649368570574936291	0.339746195845821081	0.259824536244053228	0.351741557817465618	0.0823387342528988972	0.131481023492400977	0.20333097683711467	0.00177592259844178503	0.00406655606045377817	0.0190315650868449118	0.0123521943086584581	0.0190240676019295149	0.339589231678270699	0.191578570749645792	0.287872127768234359	0.156994694764715691	0.459387923439456553	0.101866542714045874	0.18910660186904	0.205975249044498052	0.134176404549053022



4	GAAGAACA	0.494289277423815874


A:	0.110091253655328926	0.113422767912451808	0.168173368487842021	0.0815236673968723009	0.294631143185272669	0.364113070902312544	0.0787923583002371895	0.00264966466289256408	0.904926049777860248	0.7901112717094711	0.000887105640651804655	0.987546874908010154	0.981410607374086765	0.00143454215210895391	0.959867252130312893	0.195435468716340225	0.184808494399625597	0.159039170780544357	0.494509899936766502	0.110557964103041345	0.298327205856372332	0.158465590678497222
C:	0.420351642133509616	0.276061947670390334	0.337419080321941759	0.158152797334953688	0.0441200049014731865	0.203514261470186887	0.338295794838624353	0.623786917819535623	0.00132176396192463058	0.012777654593482311	0.00958161521247366178	0.0098097057011685337	0.00035244397855198758	0.987368508106197118	0.00338160548905741971	0.367429192966833376	0.412743518689764438	0.119784995842087585	0.215276105299626916	0.209754579862477988	0.447806646035043868	0.518757613564436913
G:	0.268467429382445947	0.37748261821611551	0.430024754987217315	0.11095496469323772	0.321502656067433064	0.172548131383447341	0.23117028904367284	0.291224683264672916	0.00110821313770584909	0.00158210261813776008	0.986719766038185595	0.00118023084315818639	0.00640040098380448222	0.00305203900404749263	0.00414407720197129417	0.0975461066385556996	0.210869416160964173	0.4333037056091337	0.133219299998890892	0.220299532595024114	0.151999605394537926	0.133670193888025865
T:	0.201089674828715512	0.233032666201042348	0.0643827962029989051	0.649368570574936291	0.339746195845821081	0.259824536244053228	0.351741557817465618	0.0823387342528988972	0.0926439731225092725	0.195528971078908829	0.00281151310868893813	0.00146318854766312637	0.0118365476635567649	0.00814491073764643536	0.0326070651786583928	0.339589231678270699	0.191578570749645792	0.287872127768234359	0.156994694764715691	0.459387923439456553	0.101866542714045874	0.18910660186904



5	T.AAGAACA	0.493891070282017089


A:	0.282712860816097067	0.110091253655328926	0.113422767912451808	0.168173368487842021	0.0815236673968723009	0.294631143185272669	0.364113070902312544	0.0787923583002371895	0.00264966466289256408	0.756569023650573536	0.698615716330514285	0.00122894365604042982	0.98771375531685612	0.962781788188433171	0.0021977308174535448	0.878985582258935422	0.195435468716340225	0.184808494399625597	0.159039170780544357	0.494509899936766502	0.110557964103041345	0.298327205856372332	0.158465590678497222
C:	0.404994244813138937	0.420351642133509616	0.276061947670390334	0.337419080321941759	0.158152797334953688	0.0441200049014731865	0.203514261470186887	0.338295794838624353	0.623786917819535623	0.00135365543209368723	0.0198694442437248334	0.00410034152010829612	0.00935291293233296645	0.000652596721890701277	0.975236427161420739	0.0143595108547728157	0.367429192966833376	0.412743518689764438	0.119784995842087585	0.215276105299626916	0.209754579862477988	0.447806646035043868	0.518757613564436913
G:	0.257644146640807839	0.268467429382445947	0.37748261821611551	0.430024754987217315	0.11095496469323772	0.321502656067433064	0.172548131383447341	0.23117028904367284	0.291224683264672916	0.00288117159507783797	0.00383452907993765502	0.988086873727485535	0.00126001379865311339	0.0102812143827757607	0.01781675732726176	0.032935629007794521	0.0975461066385556996	0.210869416160964173	0.4333037056091337	0.133219299998890892	0.220299532595024114	0.151999605394537926	0.133670193888025865
T:	0.0546487477299561573	0.201089674828715512	0.233032666201042348	0.0643827962029989051	0.649368570574936291	0.339746195845821081	0.259824536244053228	0.351741557817465618	0.0823387342528988972	0.239196149322254939	0.277680310345823227	0.00658384109636573954	0.00167331795215780052	0.0262844007069003673	0.00474908469386395585	0.0737192778784972414	0.339589231678270699	0.191578570749645792	0.287872127768234359	0.156994694764715691	0.459387923439456553	0.101866542714045874	0.18910660186904



