1	GAAGAACA	0.498359018264840183


A:	0.244183383845317942	0.222076151778418423	0.255923374133988968	0.00206267592695938529	0.093724847337183118	0.323851511767432768	0.0534257258630130509	0.010884184093526553	0.941423486097233983	0.8464228837199386	0.000847368051734581159	0.988361338176104445	0.976525921579460692	0.0025805082048758893	0.936346217002079649	0.267729292683163179	0.167903785838652782	0.316990788388926691	0.142840404157138384	0.23095970517943571	0.202871198202584863	0.465374078710178701
C:	0.193486171605888014	0.236472259177344028	0.11986551776022981	0.141320184558469164	0.698429905963999509	0.296431450648552503	0.319958889930764199	0.280339552261435225	0.000418671165793945025	0.00759732901683542421	0.0147839427831060373	0.00843157772889064039	0.000201374021549276867	0.984914350146524168	0.00375900431149539962	0.300919021011374841	0.389893419392243322	0.0430608462540189685	0.152523522777255984	0.523711091832776426	0.417553816684763432	0.169326138215461415
G:	0.217303940337785532	0.15675414574615261	0.417541136298044637	0.140528475007420783	0.0611810980493386497	0.207883226954669928	0.370936844215380409	0.608651496693487257	0.00265083715798296907	0.00187239351911182614	0.981794353799292788	0.000555497686789879313	0.00722394922985752332	0.00134052684799280848	0.00580983412216385387	0.31948582414496977	0.149823977310029991	0.233903966793503076	0.0178550546042582074	0.173492453314048439	0.0914054725045332248	0.115655309991257284
T:	0.345026504211008512	0.384697443298084939	0.206669971807736585	0.716088664507150667	0.146664148649478724	0.171833810629344801	0.255678539990842341	0.100124766951550964	0.0555070055789891025	0.144107393744114149	0.00257433536586659366	0.00265158640821503585	0.0160487551691325075	0.011164614800607134	0.0540849445642610976	0.11186586216049221	0.292378817459073906	0.406044398563551264	0.686781018461347424	0.0718367496737394249	0.28816951260811848	0.2496444730831026



2	CAAGAACA	0.497239732411221963


A:	0.244183383845317942	0.222076151778418423	0.255923374133988968	0.00206267592695938529	0.093724847337183118	0.323851511767432768	0.0534257258630130509	0.010884184093526553	0.941885062923738749	0.836876574027923675	0.00367389416737443852	0.99017924961218757	0.97792608046399409	0.00120376843082540086	0.920463580283515481	0.267729292683163179	0.167903785838652782	0.316990788388926691	0.142840404157138384	0.23095970517943571	0.202871198202584863	0.465374078710178701
C:	0.193486171605888014	0.236472259177344028	0.11986551776022981	0.141320184558469164	0.698429905963999509	0.296431450648552503	0.319958889930764199	0.280339552261435225	0.00071568987689739124	0.00356235557242098495	0.00208311108570987008	0.00621105623711981283	0.000348267154834058263	0.98828833525287046	0.00673497797459457999	0.300919021011374841	0.389893419392243322	0.0430608462540189685	0.152523522777255984	0.523711091832776426	0.417553816684763432	0.169326138215461415
G:	0.217303940337785532	0.15675414574615261	0.417541136298044637	0.140528475007420783	0.0611810980493386497	0.207883226954669928	0.370936844215380409	0.608651496693487257	0.00150621694573808836	0.00157152589631165941	0.991958565236905231	0.00109884717886524782	0.0101314035964363805	0.00233841222694065418	0.0173428395063848865	0.31948582414496977	0.149823977310029991	0.233903966793503076	0.0178550546042582074	0.173492453314048439	0.0914054725045332248	0.115655309991257284
T:	0.345026504211008512	0.384697443298084939	0.206669971807736585	0.716088664507150667	0.146664148649478724	0.171833810629344801	0.255678539990842341	0.100124766951550964	0.0558930302536257715	0.157989544503343681	0.00228442951001046077	0.00251084697182736958	0.0115942487847354713	0.00816948408936348503	0.0554586022355050528	0.11186586216049221	0.292378817459073906	0.406044398563551264	0.686781018461347424	0.0718367496737394249	0.28816951260811848	0.2496444730831026



3	C.AAGAACA	0.497031490396545734


A:	0.0632178300146806696	0.244183383845317942	0.222076151778418423	0.255923374133988968	0.00206267592695938529	0.093724847337183118	0.323851511767432768	0.0534257258630130509	0.010884184093526553	0.826710438371219924	0.74945191956747139	0.00274276061964180831	0.989277123511586874	0.976730974124840479	0.00140713851981500005	0.887247291867802896	0.267729292683163179	0.167903785838652782	0.316990788388926691	0.142840404157138384	0.23095970517943571	0.202871198202584863	0.465374078710178701
C:	0.309382727518891859	0.193486171605888014	0.236472259177344028	0.11986551776022981	0.141320184558469164	0.698429905963999509	0.296431450648552503	0.319958889930764199	0.280339552261435225	0.000603771534669675718	0.00594953960142993347	0.00246953387941193345	0.00760623418288207896	0.000367532538009903962	0.977444331840973105	0.00584864281379906019	0.300919021011374841	0.389893419392243322	0.0430608462540189685	0.152523522777255984	0.523711091832776426	0.417553816684763432	0.169326138215461415
G:	0.169621572515637938	0.217303940337785532	0.15675414574615261	0.417541136298044637	0.140528475007420783	0.0611810980493386497	0.207883226954669928	0.370936844215380409	0.608651496693487257	0.00317041641440519282	0.00184786763785452683	0.992616877547614985	0.00103214097390593694	0.0132216414913862516	0.0013426988916981559	0.0289111599057074842	0.31948582414496977	0.149823977310029991	0.233903966793503076	0.0178550546042582074	0.173492453314048439	0.0914054725045332248	0.115655309991257284
T:	0.457777869950789533	0.345026504211008512	0.384697443298084939	0.206669971807736585	0.716088664507150667	0.146664148649478724	0.171833810629344801	0.255678539990842341	0.100124766951550964	0.169515373679705207	0.24275067319324415	0.00217082795333127281	0.00208450133162511048	0.00967985184576336504	0.0198058307475137393	0.0779929054126905599	0.11186586216049221	0.292378817459073906	0.406044398563551264	0.686781018461347424	0.0718367496737394249	0.28816951260811848	0.2496444730831026



4	A..TGTTCTT	0.496767829668966202


A:	0.231421667924789798	0.345106437219728363	0.2496444730831026	0.28816951260811848	0.0718367496737394249	0.686781018461347424	0.406044398563551264	0.292378817459073906	0.11186586216049221	0.0324081063873342517	0.00917352030570173562	0.015779962034232635	0.00105582856149916846	0.00220755452750863421	0.183243750927252376	0.112443973679842646	0.100124766951550964	0.255678539990842341	0.171833810629344801	0.146664148649478724	0.716088664507150667	0.206669971807736585	0.384697443298084939
C:	0.0330232622744395376	0.104940692039962825	0.115655309991257284	0.0914054725045332248	0.173492453314048439	0.0178550546042582074	0.233903966793503076	0.149823977310029991	0.31948582414496977	0.0231544925334284643	0.00156854543343760457	0.0121457767546732145	0.00229049351567892455	0.992405625468503117	0.00237925908716618396	0.00169325900835022054	0.608651496693487257	0.370936844215380409	0.207883226954669928	0.0611810980493386497	0.140528475007420783	0.417541136298044637	0.15675414574615261
G:	0.402781751709567516	0.351429681273330608	0.169326138215461415	0.417553816684763432	0.523711091832776426	0.152523522777255984	0.0430608462540189685	0.389893419392243322	0.300919021011374841	0.00411921517428226651	0.986594075908819545	0.000428125275444081141	0.00490302151827236297	0.00327033917898261904	0.00452632121328064661	0.000769949959752687764	0.280339552261435225	0.319958889930764199	0.296431450648552503	0.698429905963999509	0.141320184558469164	0.11986551776022981	0.236472259177344028
T:	0.332773318091203149	0.198523189466978205	0.465374078710178701	0.202871198202584863	0.23095970517943571	0.142840404157138384	0.316990788388926691	0.167903785838652782	0.267729292683163179	0.940318185904955017	0.00266385835204111472	0.971646135935650069	0.991750656404549544	0.00211648082500562933	0.809850668772300793	0.885092817352054446	0.010884184093526553	0.0534257258630130509	0.323851511767432768	0.093724847337183118	0.00206267592695938529	0.255923374133988968	0.222076151778418423



5	G.AAGAACA	0.496758363112964066


A:	0.0632178300146806696	0.244183383845317942	0.222076151778418423	0.255923374133988968	0.00206267592695938529	0.093724847337183118	0.323851511767432768	0.0534257258630130509	0.010884184093526553	0.813663629079433329	0.849955518275412315	0.00116654792977765989	0.991465366526632611	0.981278904714670499	0.00131327517931953489	0.928415798364668732	0.267729292683163179	0.167903785838652782	0.316990788388926691	0.142840404157138384	0.23095970517943571	0.202871198202584863	0.465374078710178701
C:	0.309382727518891859	0.193486171605888014	0.236472259177344028	0.11986551776022981	0.141320184558469164	0.698429905963999509	0.296431450648552503	0.319958889930764199	0.280339552261435225	0.000885638150850258547	0.00492485396403448148	0.0053045269426509858	0.00492287627227877814	0.000661435616840456444	0.988454762909708719	0.00267076438522714897	0.300919021011374841	0.389893419392243322	0.0430608462540189685	0.152523522777255984	0.523711091832776426	0.417553816684763432	0.169326138215461415
G:	0.169621572515637938	0.217303940337785532	0.15675414574615261	0.417541136298044637	0.140528475007420783	0.0611810980493386497	0.207883226954669928	0.370936844215380409	0.608651496693487257	0.00222858658709789154	0.00106102762234569219	0.990802852708029732	0.00218336395949747547	0.0052293385679740372	0.00560283160169724545	0.00405822953441520374	0.31948582414496977	0.149823977310029991	0.233903966793503076	0.0178550546042582074	0.173492453314048439	0.0914054725045332248	0.115655309991257284
T:	0.457777869950789533	0.345026504211008512	0.384697443298084939	0.206669971807736585	0.716088664507150667	0.146664148649478724	0.171833810629344801	0.255678539990842341	0.100124766951550964	0.183222146182618521	0.144058600138207511	0.0027260724195416219	0.00142839324159113529	0.0128303211005150078	0.00462913030927450043	0.0648552077156889157	0.11186586216049221	0.292378817459073906	0.406044398563551264	0.686781018461347424	0.0718367496737394249	0.28816951260811848	0.2496444730831026



