1	GCTAAACC	0.491181324135192814


A:	0.316259332638553913	0.234423505084931316	0.561334903095402844	0.0622219296878648681	0.299614827452716181	0.20657330598651916	0.318079493306661027	0.0817494554806633694	0.0119263432214539416	0.001920195545887559	0.93456115011006684	0.679616299779535289	0.977845579820667458	0.00359054190562706988	0.00127723397238507185	0.304774087825205949	0.252289636153509917	0.312855638515507109	0.063594320390528831	0.0127145497475767137	0.0372433839436917945	0.299099990120960977
C:	0.216276028075843658	0.331187018360394902	0.0666793118026960788	0.731559263137513277	0.0266281038905978672	0.484403611749213496	0.117392657471298447	0.232323088298757097	0.714550312852552959	0.00298542337029224346	0.00811629312305001671	0.28205160129995705	0.0182698475479138632	0.990413531947198957	0.969173019741053538	0.430605619114344337	0.379950143946778964	0.230149827237958243	0.844009093622628921	0.0195384409494502711	0.397611276327163598	0.442597081370431516
G:	0.217153396664090226	0.245042364477826573	0.262293340577159429	0.201908310538388792	0.499239738957375546	0.163042553586828605	0.228620209435171648	0.606399785292651967	0.075583686768354328	0.00763846210166802167	0.0555942233329657917	0.00126576358038923752	0.00105462620850347337	0.00149037504533406962	0.0082592104135722863	0.0497211358119427719	0.0711323791306354983	0.175206374312592009	0.0116978733882945355	0.86448942117974004	0.133672049669388945	0.13028590517076825
T:	0.250311242621512203	0.189347112076847209	0.109692444524741648	0.00431049663623306346	0.174517329699310406	0.14598052867743874	0.335907639786868879	0.0795276709279275662	0.197939657157638771	0.987455918982152176	0.00172833343391735143	0.0370663353401184231	0.00282994642291520506	0.00450555110183990331	0.0212905358729891033	0.214899157248506942	0.296627840769075621	0.281788159933942638	0.0806987125985477126	0.103257588123232975	0.431473290059755662	0.128017023337839257



2	G..TGGTTTA	0.490871135043922775


A:	0.114974832370723504	0.24500838949007539	0.241563199556667336	0.085239542805246236	0.966428617701422818	0.914937691022001369	0.154730485900963957	0.157921772731414952	0.447986186091942054	0.193357494744838667	0.0334170185153746057	0.00877349155651126452	0.00333783472971317551	0.0298668632587356823	0.0078669148615923149	0.986238173042800358	0.305781169015342924	0.109103560515160565	0.118470954813673032	0.572383332354986492	0.0281207535005802741	0.0747616879538979347	0.209485569344049685
C:	0.300907824165875109	0.199549072782105377	0.207907279715508996	0.599365184790611713	0.00463836505871712315	0.0337750359439398914	0.108951230451244915	0.338198110700211243	0.0949646469718794926	0.0548071041579435505	0.00462490046899449483	0.00142667746648086261	0.00250702170838052246	0.00209443916220842479	0.17793849886195981	0.00586986484114554744	0.285395133779436425	0.374106430819692296	0.524342057275511967	0.140657589089597786	0.704280475697903139	0.678031089523008532	0.2535902668158355
G:	0.400381970775018575	0.186625509546975425	0.450049216124945093	0.0633040491124582194	0.0163644047537659216	0.0477676036104640339	0.553300810034397305	0.338198110700211243	0.244293630356801896	0.138426746238014047	0.960078384445780875	0.988646639140204174	0.0110971313392120744	0.265678181935504201	0.00850305485200358207	0.00549584454456071408	0.388096877370183636	0.351278381981738346	0.09328784749895958	0.271958080372153121	0.261446367751125838	0.0249796770911867103	0.333851453786532366
T:	0.183735372688382812	0.368817028180843808	0.100480304602878575	0.252091223291683832	0.0125686124860941374	0.00351966942359470607	0.183017473613393823	0.165682005868162563	0.212755536579376558	0.613408654859203735	0.00187969656985002429	0.00115319183680369864	0.983058012222694228	0.702360515643551691	0.805691531424444293	0.00239611757149338021	0.0207268198350370153	0.165511626683408793	0.263899140411855421	0.0150009981832626021	0.00615240305039074857	0.222227545431906823	0.203072710053582449



3	C..CTAAACC	0.490815313718539525


A:	0.279530648251781428	0.316259332638553913	0.234423505084931316	0.561334903095402844	0.0622219296878648681	0.299614827452716181	0.20657330598651916	0.318079493306661027	0.0817494554806633694	0.0286743128143583668	0.00544217200826095398	0.880729279033969079	0.691834191876743406	0.96569773529969372	0.00492781613737131529	0.0026054514559019177	0.304774087825205949	0.252289636153509917	0.312855638515507109	0.063594320390528831	0.0127145497475767137	0.0372433839436917945	0.299099990120960977
C:	0.0795323321142055365	0.216276028075843658	0.331187018360394902	0.0666793118026960788	0.731559263137513277	0.0266281038905978672	0.484403611749213496	0.117392657471298447	0.232323088298757097	0.500486138685132731	0.00344669376867594561	0.0137998368138745265	0.23978100539716049	0.0237358947820290351	0.982759596917365895	0.956181237860681187	0.430605619114344337	0.379950143946778964	0.230149827237958243	0.844009093622628921	0.0195384409494502711	0.397611276327163598	0.442597081370431516
G:	0.450269353456115761	0.217153396664090226	0.245042364477826573	0.262293340577159429	0.201908310538388792	0.499239738957375546	0.163042553586828605	0.228620209435171648	0.606399785292651967	0.341399810860870446	0.0185606638956926415	0.10327419009265835	0.00237491521695903781	0.00127118850194685029	0.00671851648266299823	0.00929850943336126566	0.0497211358119427719	0.0711323791306354983	0.175206374312592009	0.0116978733882945355	0.86448942117974004	0.133672049669388945	0.13028590517076825
T:	0.190667666177897274	0.250311242621512203	0.189347112076847209	0.109692444524741648	0.00431049663623306346	0.174517329699310406	0.14598052867743874	0.335907639786868879	0.0795276709279275662	0.129439737639638456	0.972550470327370459	0.00219669405949804396	0.0660098875091370662	0.00929518141633039441	0.0055940704625997916	0.0319148012500556297	0.214899157248506942	0.296627840769075621	0.281788159933942638	0.0806987125985477126	0.103257588123232975	0.431473290059755662	0.128017023337839257



4	GTGCACCA	0.490613212229501688


A:	0.334526140632260692	0.399267775519543779	0.00522158381150087875	0.0141838006067159044	0.333339159373656548	0.570424494002609768	0.226977052493956054	0.0375828207145487981	0.00431968427798480997	0.135180269303686202	0.317700569172645344	0.991183944193877691	0.00341046170956610754	0.00684164164017576178	0.626779198075209338	0.173694125691663543	0.244526570623763131	0.0633272677578571682	0.0470248977277946391	0.0616040195356325392	0.297469959305757361	0.0847068941896591993
C:	0.237972193673661152	0.316187392898281532	0.426262692119357615	0.364232897735478196	0.196129559066848564	0.113123600194787142	0.18026972684485335	0.125217523195110565	0.020135166246517558	0.00105309407319897237	0.657512671561748302	0.00221520405291036852	0.976748774252706073	0.967506794230061592	0.114501552269964561	0.418952817497068203	0.313325838720288628	0.0281823917583530703	0.0158039930295787759	0.241375727397671678	0.290669815371172964	0.505277845804043459
G:	0.250548379786260874	0.0239860294732463615	0.300069975694124256	0.115180555560729658	0.185059662234262322	0.11334139851711567	0.467016167762522803	0.772711923583587575	0.00127080131691139647	0.849535182558292074	0.00107523191473105385	0.00235381695941362695	0.016607329748796882	0.0103823947518567729	0.0452585288599788075	0.125416764201840052	0.304640194887129797	0.888674359012976856	0.00232528824358933031	0.0296210360825812743	0.296796205214281665	0.104095356883836637
T:	0.176953285907817282	0.260558802108928328	0.26844574837501725	0.506402746097076241	0.285471619325232565	0.20311050728548742	0.125737052898667792	0.0644877325067530619	0.974274348158586236	0.0142314540648227521	0.0237115273508753002	0.00424703479379831344	0.00323343428893093771	0.0152691693779058734	0.213460720794847293	0.281936292609428202	0.137507395768818444	0.0198159814708129056	0.934845820999037255	0.667399216984114509	0.11506402010878801	0.305919903122460704



5	GGGGTTTA	0.490504640659122494


A:	0.115616608961050591	0.130897297824657851	0.182190325426363419	0.342927712257978961	0.792403039764587501	0.0995868255154749059	0.232230497115908607	0.0624888258553356869	0.104894921334159268	0.0115251276208253304	0.00320816047130420654	0.00203895951068244055	0.0470988407054891314	0.00625610789930193239	0.985109434243652483	0.166379067455869768	0.0553428401369458007	0.0271559832751982448	0.0677619721333028984	0.344497717662451638	0.0721507716663664274	0.250020392022779641
C:	0.360153477686268123	0.171612555770205545	0.409405854469676513	0.503884623728582501	0.0945694078026612146	0.180750164150054899	0.184910221359868488	0.0594366428572978823	0.0412874104162760948	0.00494735433208985848	0.000879188270547751134	0.000654699885672215853	0.00102515136731383693	0.145109897664299707	0.00289901477573836454	0.33414405395541679	0.593136734053080349	0.247360934093215345	0.0298810583116572955	0.451867770963662879	0.308968823825081823	0.481127280738187075
G:	0.309349854259413275	0.27747998721935795	0.19629083440223878	0.129421004280472451	0.0967933684564368129	0.530025672556864512	0.215460254502790988	0.689404285238171195	0.629703310096892337	0.977531118756666668	0.97254420590279599	0.0587963400080523529	0.370138067231258532	0.00868994372063622237	0.00782676683768534714	0.468543412689278198	0.246363221370015422	0.162569640582862397	0.88606036421415667	0.0202101230945744562	0.0310151805475140148	0.195777986576122368
T:	0.21488005909326801	0.420010159185778654	0.212112985701721288	0.0237666597329660873	0.0162341839763144718	0.189637337777605682	0.367399027021431918	0.188670246049195235	0.2241143581526723	0.00599639929041814353	0.0233684453553520524	0.938510000595592991	0.581737940695938499	0.839944050715762138	0.00416478414292380552	0.0309334658994352438	0.105157204439958429	0.562913442048724013	0.0162966053408831361	0.183424388279311027	0.587865223961037734	0.0730743406629109168



