1	GGTGCACC	0.496000395022713806


A:	0.0801060694004435434	0.296427059006432702	0.696252749541421961	0.232575797498384408	0.650150074913566921	0.182967825268233552	0.189659308728453744	0.0260654479506613651	0.00208947065614668428	0.00323079668082402066	0.0269131435498737318	0.0748367849941369741	0.986097326548717624	0.008535043604569861	0.00280459629692949427	0.315997882667556701	0.218390731262830536	0.147895408818917069	0.215013298676816849	0.140562836343902154	0.115365225982729063	0.166883450793186069
C:	0.288385171428090524	0.317216252071527281	0.065887043703422987	0.429466694392631284	0.196895024631559586	0.277377335897131927	0.273399485353899835	0.0226790243325182599	0.0198716509850279964	0.00931800095102427282	0.000392533913319952842	0.897857537542669341	0.00135387581943408239	0.969503834754255458	0.948450931419890881	0.262017041000109713	0.361810951832580698	0.325946101790885851	0.091771075693448814	0.191729024920376421	0.125686530215609432	0.385026629663212695
G:	0.0955495289957142493	0.207148455963763213	0.152040520230874714	0.118930668776944547	0.0643524797779607176	0.216282883327542565	0.113356062383845561	0.948450931419890881	0.969503834754255458	0.00135387581943408239	0.897857537542669341	0.000392533913319952842	0.00931800095102427282	0.0198716509850279964	0.0226790243325182599	0.236987198255930273	0.198219387848562372	0.165072521560445225	0.500890574397318871	0.18366859150343704	0.482130773648904893	0.217095532138408649
T:	0.535959230175751684	0.179208232958276804	0.0858196865242803384	0.219026839332039761	0.0886024206769127753	0.323371955507091956	0.423585143533800859	0.00280459629692949427	0.008535043604569861	0.986097326548717624	0.0748367849941369741	0.0269131435498737318	0.00323079668082402066	0.00208947065614668428	0.0260654479506613651	0.184997878076403313	0.221578929056026394	0.361085967829751855	0.192325051232415466	0.484039547232284385	0.276817470152756611	0.230994387405192587



2	GCTAAACC	0.495278427498438249


A:	0.212478433379482495	0.269414586870296216	0.292119037557638305	0.379207203979047169	0.315632307720052466	0.106946977773016738	0.458784792721278149	0.0245020494931689052	0.00497869055486951623	0.00243335893586936556	0.938192769094825322	0.716440147326211222	0.978926336458009798	0.00548956353268672407	0.00101615683478744989	0.737492660025512389	0.117120071031285971	0.101155042112941515	0.106087717034475008	0.0424051285856070386	0.137314974162960831	0.176591973763428418
C:	0.129267512455772975	0.555124076675342158	0.299875049376532467	0.131866869280790284	0.306719535602955812	0.270736041318003809	0.113136667439541281	0.30219507355680081	0.86059137300955277	0.00289714480115972774	0.00214870424230954877	0.262386813287618922	0.0184035610471206508	0.9914264582598721	0.98894626382633008	0.148333614650585305	0.248477494758597406	0.380824018887277993	0.150054982951447775	0.0760500488507960533	0.164573208581420595	0.364768710345963454
G:	0.396113027729976275	0.0945228582662032604	0.198944603828371944	0.124124911804474695	0.336722442630013336	0.435787908518133434	0.207328555909845257	0.618711412726037501	0.0600290326136450812	0.00241364769736627952	0.0589282942185908246	0.000607214606234054333	0.000592997064463506658	0.00119486529605483868	0.00541898560268941952	0.0459858281978826655	0.10248059456038221	0.0808847189461123382	0.28368396874078392	0.0576698952576508563	0.0831847866049831946	0.382655812788088239
T:	0.262141026434768255	0.0809384781881583651	0.209061309237457283	0.364801014935687852	0.040925714046978386	0.186529072390846019	0.220749983929335314	0.0545914642239927843	0.0744009038219326324	0.992255848565604627	0.000730232444274304142	0.0205658247799358018	0.00207710543040604426	0.00188911291138633754	0.00461859373619305099	0.068187897126019641	0.531921839649734412	0.437136220053668154	0.460173331273293297	0.823874927305946052	0.614927030650635379	0.0759835031025198893



3	CTAAACCA	0.493156055517139188


A:	0.269414586870296216	0.292119037557638305	0.379207203979047169	0.315632307720052466	0.106946977773016738	0.458784792721278149	0.0245020494931689052	0.00513347535600234584	0.00142196421159703346	0.944196706598418451	0.799509684552413151	0.987729376804486553	0.00305717360451724708	0.000886167649980100341	0.737492660025512389	0.117120071031285971	0.101155042112941515	0.106087717034475008	0.0424051285856070386	0.137314974162960831	0.176591973763428418	0.106143073790054927
C:	0.555124076675342158	0.299875049376532467	0.131866869280790284	0.306719535602955812	0.270736041318003809	0.113136667439541281	0.30219507355680081	0.737882548470995161	0.00602470847701055497	0.00218089266767855533	0.170500467928500848	0.00936772330270646666	0.992739386735642271	0.988462118453153986	0.148333614650585305	0.248477494758597406	0.380824018887277993	0.150054982951447775	0.0760500488507960533	0.164573208581420595	0.364768710345963454	0.682928061091460104
G:	0.0945228582662032604	0.198944603828371944	0.124124911804474695	0.336722442630013336	0.435787908518133434	0.207328555909845257	0.618711412726037501	0.152453975630100142	0.00192808576640979426	0.0529466362276424715	0.000567195556272202992	0.00121203203991336072	0.00164523974385154308	0.00233495888918059712	0.0459858281978826655	0.10248059456038221	0.0808847189461123382	0.28368396874078392	0.0576698952576508563	0.0831847866049831946	0.382655812788088239	0.180590372030310986
T:	0.0809384781881583651	0.209061309237457283	0.364801014935687852	0.040925714046978386	0.186529072390846019	0.220749983929335314	0.0545914642239927843	0.104530000542902351	0.990625241544982617	0.000675764506260522344	0.0294226519628137984	0.00169086785289362	0.00255819991598893844	0.00831675500768531701	0.068187897126019641	0.531921839649734412	0.437136220053668154	0.460173331273293297	0.823874927305946052	0.614927030650635379	0.0759835031025198893	0.0303384930881739825



4	G..CTAAACC	0.492509178314482804


A:	0.280373923540413327	0.212478433379482495	0.269414586870296216	0.292119037557638305	0.379207203979047169	0.315632307720052466	0.106946977773016738	0.458784792721278149	0.0245020494931689052	0.00456705191708162492	0.00802987243284101542	0.925487060681424768	0.711902503886475514	0.986188224124202748	0.00315221426076360529	0.00126143429039824097	0.737492660025512389	0.117120071031285971	0.101155042112941515	0.106087717034475008	0.0424051285856070386	0.137314974162960831	0.176591973763428418
C:	0.201516205495366425	0.129267512455772975	0.555124076675342158	0.299875049376532467	0.131866869280790284	0.306719535602955812	0.270736041318003809	0.113136667439541281	0.30219507355680081	0.78488791947459628	0.00435430826853473449	0.00304378873841659596	0.255752707442348253	0.0090036306061415489	0.990720005721044898	0.984370612341269684	0.148333614650585305	0.248477494758597406	0.380824018887277993	0.150054982951447775	0.0760500488507960533	0.164573208581420595	0.364768710345963454
G:	0.233948946403153579	0.396113027729976275	0.0945228582662032604	0.198944603828371944	0.124124911804474695	0.336722442630013336	0.435787908518133434	0.207328555909845257	0.618711412726037501	0.151936324548155305	0.00211079223560506086	0.0702362121555847209	0.0011224744936119959	0.000971335933183272756	0.00268169960866628159	0.00490853067010171112	0.0459858281978826655	0.10248059456038221	0.0808847189461123382	0.28368396874078392	0.0576698952576508563	0.0831847866049831946	0.382655812788088239
T:	0.284160924561066669	0.262141026434768255	0.0809384781881583651	0.209061309237457283	0.364801014935687852	0.040925714046978386	0.186529072390846019	0.220749983929335314	0.0545914642239927843	0.0586087040601667896	0.985505027063019189	0.0012329384245739146	0.0312223141775642368	0.00383680933647243043	0.00344608040952521485	0.00945942269823036389	0.068187897126019641	0.531921839649734412	0.437136220053668154	0.460173331273293297	0.823874927305946052	0.614927030650635379	0.0759835031025198893



5	CCTAAACC	0.492455299812308604


A:	0.212478433379482495	0.269414586870296216	0.292119037557638305	0.379207203979047169	0.315632307720052466	0.106946977773016738	0.458784792721278149	0.0245020494931689052	0.00649683160360328034	0.00528115805263510192	0.944692556738850189	0.680582452302687506	0.98107765813408783	0.00974752437399138655	0.000754537468140646973	0.737492660025512389	0.117120071031285971	0.101155042112941515	0.106087717034475008	0.0424051285856070386	0.137314974162960831	0.176591973763428418
C:	0.129267512455772975	0.555124076675342158	0.299875049376532467	0.131866869280790284	0.306719535602955812	0.270736041318003809	0.113136667439541281	0.30219507355680081	0.746763006593555684	0.0029200175136404582	0.00503299433146876896	0.250873960872539471	0.0144878105955709169	0.986949360289585747	0.976319585474298535	0.148333614650585305	0.248477494758597406	0.380824018887277993	0.150054982951447775	0.0760500488507960533	0.164573208581420595	0.364768710345963454
G:	0.396113027729976275	0.0945228582662032604	0.198944603828371944	0.124124911804474695	0.336722442630013336	0.435787908518133434	0.207328555909845257	0.618711412726037501	0.143957527072819575	0.00290344743393509805	0.0486189578034534087	0.000915682994744054163	0.0031643788559391122	0.00185191991768285124	0.00715448702199179796	0.0459858281978826655	0.10248059456038221	0.0808847189461123382	0.28368396874078392	0.0576698952576508563	0.0831847866049831946	0.382655812788088239
T:	0.262141026434768255	0.0809384781881583651	0.209061309237457283	0.364801014935687852	0.040925714046978386	0.186529072390846019	0.220749983929335314	0.0545914642239927843	0.102782634730021461	0.988895376999789342	0.00165549112622763348	0.0676279038300289686	0.00127015241440214056	0.00145119541874001553	0.0157713900355690197	0.068187897126019641	0.531921839649734412	0.437136220053668154	0.460173331273293297	0.823874927305946052	0.614927030650635379	0.0759835031025198893



