1	CAAT.ATTG	0.499302641323130091


A:	0.148562450552680731	0.0996721866884127375	0.200621241926176167	0.270676497074480421	0.480328910864336226	0.239090806628305482	0.0495509556487129603	0.0213808577382861667	0.95695542207715768	0.973942092340456	0.00346895486830933511	0.0250660257445958581	0.985926370853004763	0.0123053971761497031	0.0214492712212065218	0.065888128987373629	0.641120704840334174	0.269327607929709346	0.333552426699627419	0.117946507175134696	0.255574504399403173	0.262234186593333588	0.184772687395509208
C:	0.163579511706018817	0.115782682782735923	0.223495196059742572	0.300651765035194507	0.276713334615215559	0.323544923085664601	0.303543031206575645	0.890787612787628349	0.018775868753553847	0.00561656301492472021	0.00559771972325886911	0.911688887782703094	0.00500695455542703241	0.0081359474684695765	0.00281943794808195083	0.0219434004867118557	0.0566380705302037312	0.0618666692127958065	0.200868542601664413	0.333628342409856465	0.407057538834374698	0.595032119666069136	0.166665999291471148
G:	0.651538162450739524	0.250077648812734607	0.105700273456044666	0.260022659971410359	0.111932575031635149	0.263131160104419011	0.115168627372545744	0.0219434004867118557	0.00281943794808195083	0.0081359474684695765	0.00500695455542703241	0.0559444985684137695	0.00559771972325886911	0.00561656301492472021	0.018775868753553847	0.890787612787628349	0.213082138369258151	0.374851924080828913	0.259543467287121621	0.111376328580428988	0.157809841423792523	0.0835862141893053397	0.532883380428880041
T:	0.0363198752905609288	0.534467481716116733	0.470183288558036595	0.168649077918914712	0.131025179488813066	0.174233110181610906	0.531737385772165651	0.065888128987373629	0.0214492712212065218	0.0123053971761497031	0.985926370853004763	0.00730058790428727878	0.00346895486830933511	0.973942092340456	0.95695542207715768	0.0213808577382861667	0.0891590862602039442	0.293953798776665935	0.206035563411586546	0.437048821834579851	0.179558115342429606	0.0591474795512919369	0.115677932884139603



2	AATGATTG	0.499070850002469502


A:	0.126269741364434548	0.0683747343882698926	0.383286741561309956	0.737950286821294819	0.230774705746032365	0.185096984167136571	0.242095303892699876	0.872033207340209518	0.846591619705757079	0.00513316204038729447	0.00730058790428727878	0.990606762578947422	0.0033783421385908273	0.0207104665538010705	0.0347136472397171668	0.618365127208657147	0.297693919710734423	0.195569115063130384	0.328539229078377193	0.224040148642833976	0.220160825690787789	0.138827946098881109
C:	0.387214424769544545	0.588545287229405717	0.0492180980798004149	0.127301842793811589	0.387458983611160121	0.15627677835318879	0.245016142728505619	0.0484594392260826277	0.0224599474356820413	0.00772283965620585072	0.0559444985684137695	0.0042473497278965429	0.00281267733964294288	0.00186620973496519115	0.00300162142037362682	0.110296258129404257	0.236854791899734648	0.250832992137508215	0.252050584601667047	0.110055582070747172	0.1283467198743913	0.284871257838698807
G:	0.225109198672467102	0.214131477505779287	0.322766876842793164	0.0467749393058988469	0.0941675914868760794	0.0631208779418454438	0.0830123321639183084	0.00442007797204522055	0.0032775562182933105	0.00082363571584388364	0.911688887782703094	0.00121839329591437814	0.00346382616746848606	0.00154697182798705566	0.957683258184545582	0.247671804546582862	0.152616163871290593	0.290527032841668548	0.122394589160483124	0.222042030863521862	0.548902257753370747	0.494761719749193021
T:	0.261406635193553806	0.128948500876545103	0.244728283516096465	0.087972931078994745	0.287598719155931435	0.595505359537829195	0.429876221214876196	0.075087275461662634	0.127670876640267569	0.986320362587562971	0.0250660257445958581	0.0039274943972416566	0.990345154354297744	0.975876351883246683	0.0046014731553636241	0.0236668101153557338	0.312835124518240337	0.263070859957692854	0.297015597159472637	0.44386223842289699	0.102590196681450163	0.0815390763132270623



3	AAT.ATTGA	0.498189032119984854


A:	0.0591474795512919369	0.179558115342429606	0.437048821834579851	0.206035563411586546	0.293953798776665935	0.0891590862602039442	0.0213808577382861667	0.814838506525339748	0.864235592506595485	0.00380878957185532181	0.00730058790428727878	0.96719571887437614	0.0563184888914368339	0.0459463800968607539	0.0908992485261427936	0.531737385772165651	0.174233110181610906	0.131025179488813066	0.168649077918914712	0.470183288558036595	0.534467481716116733	0.0363198752905609288	0.399283180366872531
C:	0.0835862141893053397	0.157809841423792523	0.111376328580428988	0.259543467287121621	0.374851924080828913	0.213082138369258151	0.890787612787628349	0.107327088509066677	0.0326472763300843958	0.0279300156530130169	0.0559444985684137695	0.0164370616813055646	0.0125402802879877864	0.0093389412836737989	0.0349284544164600536	0.115168627372545744	0.263131160104419011	0.111932575031635149	0.260022659971410359	0.105700273456044666	0.250077648812734607	0.651538162450739524	0.250888668529625812
G:	0.595032119666069136	0.407057538834374698	0.333628342409856465	0.200868542601664413	0.0618666692127958065	0.0566380705302037312	0.0219434004867118557	0.0140971201392966591	0.0380483928331927966	0.00853971780219988296	0.911688887782703094	0.00555642206858470164	0.00967798211728795918	0.0336466648835523195	0.847472481663000263	0.303543031206575645	0.323544923085664601	0.276713334615215559	0.300651765035194507	0.223495196059742572	0.115782682782735923	0.163579511706018817	0.251919566453395718
T:	0.262234186593333588	0.255574504399403173	0.117946507175134696	0.333552426699627419	0.269327607929709346	0.641120704840334174	0.065888128987373629	0.0637372848262969159	0.065068738330127323	0.959721476972931778	0.0250660257445958581	0.0108107973757335933	0.921463248703287421	0.911068013735913128	0.0266998153943968894	0.0495509556487129603	0.239090806628305482	0.480328910864336226	0.270676497074480421	0.200621241926176167	0.0996721866884127375	0.148562450552680731	0.0979085846501059387



4	CAAT.ATT.A	0.497688546451326122


A:	0.148562450552680731	0.0996721866884127375	0.200621241926176167	0.270676497074480421	0.480328910864336226	0.239090806628305482	0.0495509556487129603	0.024987296472460022	0.963555322918191741	0.962629956113674433	0.00336118190089066639	0.0250660257445958581	0.98441035309137544	0.0342924920111069475	0.047217258644575548	0.065888128987373629	0.641120704840334174	0.269327607929709346	0.333552426699627419	0.117946507175134696	0.255574504399403173	0.262234186593333588	0.184772687395509208
C:	0.163579511706018817	0.115782682782735923	0.223495196059742572	0.300651765035194507	0.276713334615215559	0.323544923085664601	0.303543031206575645	0.89380623812377293	0.00685863816985081501	0.0153211508271135397	0.00764954947978668829	0.911688887782703094	0.00497366483511350011	0.00639669623245189708	0.00639465967696931205	0.0219434004867118557	0.0566380705302037312	0.0618666692127958065	0.200868542601664413	0.333628342409856465	0.407057538834374698	0.595032119666069136	0.166665999291471148
G:	0.651538162450739524	0.250077648812734607	0.105700273456044666	0.260022659971410359	0.111932575031635149	0.263131160104419011	0.115168627372545744	0.0110176724152898503	0.00635239246055461473	0.00775602524590297717	0.00475983504335166335	0.0559444985684137695	0.00573575068206540837	0.0174618785406776676	0.0478065770238425577	0.890787612787628349	0.213082138369258151	0.374851924080828913	0.259543467287121621	0.111376328580428988	0.157809841423792523	0.0835862141893053397	0.532883380428880041
T:	0.0363198752905609288	0.534467481716116733	0.470183288558036595	0.168649077918914712	0.131025179488813066	0.174233110181610906	0.531737385772165651	0.0701887929884771975	0.0232336464514028289	0.0142928678133090506	0.984229433575970982	0.00730058790428727878	0.00488023139144565144	0.941848933215763488	0.898581504654612582	0.0213808577382861667	0.0891590862602039442	0.293953798776665935	0.206035563411586546	0.437048821834579851	0.179558115342429606	0.0591474795512919369	0.115677932884139603



5	CAATCAT..A	0.4972967188554683


A:	0.278200542068200933	0.54487580862664239	0.483487729868707956	0.271625631010575172	0.368969367787911028	0.362751446848083729	0.0728155113242565232	0.0104049324752707042	0.973035618679317258	0.982424616067038916	0.00678623712939424104	0.0374383286777184346	0.958201530622726264	0.204902112194849877	0.075087275461662634	0.548698608599418264	0.522332863240753398	0.254303361334678902	0.143801268638447701	0.0942570936510693253	0.164850630221724495	0.136811179985476482	0.0987810408865624103
C:	0.146664413301873049	0.133076051633910689	0.163291404612718042	0.0762415606861037245	0.340039461060262848	0.139394157065963249	0.479114176933621019	0.908778207509693306	0.00840346552726267574	0.00804337611181546589	0.00381390875098152144	0.901702706461931243	0.00226016662039455489	0.0146843978686985145	0.00442007797204522055	0.106437404483265001	0.135787097585351965	0.222823399777858197	0.0642601199380474882	0.525534031055022508	0.312550940049828183	0.527905748976742815	0.508017047773874478
G:	0.415993604712427065	0.131969730580844155	0.230963105175618392	0.168086960389717175	0.115655093689102254	0.156215360954752755	0.129697623667493226	0.00795983170306706329	0.00566757478183403058	0.00536422253554726827	0.0063403754987131321	0.0458228830328084458	0.0364839642545174879	0.0188172575098365363	0.0484594392260826277	0.225224229006581732	0.116372092205987892	0.247061661260588803	0.217549583686369114	0.0682444174523686189	0.41242628432724315	0.228653705283328539	0.208025618339203183
T:	0.159141439917498952	0.190078409158602767	0.122257760342955609	0.484045847913603929	0.17533607746272387	0.341639035131200268	0.318372688074629232	0.0728570283119689269	0.0128933410115860357	0.00416778528559834986	0.983059478620911105	0.0150360818275418771	0.00305433850236169297	0.761596232426615072	0.872033207340209518	0.119639757910735003	0.225507946967906745	0.275811577626874097	0.574389027737135698	0.311964457841539548	0.110172145401204172	0.106629365754452165	0.185176293000359929



