1	CATTAATG	0.498049671653582185


A:	0.173868211717292321	0.37374476700336766	0.144679684673459875	0.447673246058117976	0.102372394158241337	0.191597221365803828	0.125856527366339227	0.191350600447879427	0.951342483693597576	0.0271399313065772139	0.0227094601447203009	0.969139187191631221	0.967630578938734566	0.0430272518340561758	0.0175581834673599553	0.337120517375711832	0.345392373709751536	0.305623614708370388	0.178416386149491339	0.553273573941224498	0.182892125756215499	0.172746339433177619
C:	0.239055864438365012	0.0787513380314787876	0.238778264261191022	0.0789618035260380734	0.272270629494255617	0.115316732857093589	0.0924356713803760981	0.786823424142103856	0.00153065818994653814	0.00281996987017458707	0.00662614236773128987	0.00152521029591718868	0.00240951988451363261	0.00409960628239970997	0.00426779194265676164	0.567757928730142344	0.13917123235691755	0.255182427801652698	0.0877709508227586258	0.144423287389773256	0.183973240421604056	0.2395825378294555
G:	0.164968956035570701	0.205155497025861876	0.0788762064580105421	0.122128492562975086	0.317166899866912211	0.165584188752681304	0.196857902283820053	0.00426779194265676164	0.00409960628239970997	0.00240951988451363261	0.00152521029591718868	0.00662614236773128987	0.00281996987017458707	0.00153065818994653814	0.786823424142103856	0.0269838608169441565	0.134405839304904853	0.15978004072925802	0.44900486065803435	0.0881479618431531138	0.0722008049945762325	0.0989911620913899531
T:	0.422106967808771966	0.342348397939291676	0.537665844607338561	0.351236457852868865	0.308190076480590836	0.527501857024421279	0.584849898969464623	0.0175581834673599553	0.0430272518340561758	0.967630578938734566	0.969139187191631221	0.0227094601447203009	0.0271399313065772139	0.951342483693597576	0.191350600447879427	0.0681376930772016667	0.381030554628426061	0.279413916760718893	0.284807802369715685	0.214155176825849132	0.560933828827604213	0.488679960645976928



2	A..CATTAAT	0.496620477507478693


A:	0.411967753449287606	0.258056809692563317	0.488679960645976928	0.560933828827604213	0.214155176825849132	0.284807802369715685	0.279413916760718893	0.381030554628426061	0.0681376930772016667	0.211022359958910129	0.86752186026306034	0.0379032041075977483	0.0300002045094769978	0.878749995580646541	0.896895609836961087	0.178184163382539398	0.0175581834673599553	0.584849898969464623	0.527501857024421279	0.308190076480590836	0.351236457852868865	0.537665844607338561	0.342348397939291676
C:	0.267772793303005071	0.140858834920450814	0.0989911620913899531	0.0722008049945762325	0.0881479618431531138	0.44900486065803435	0.15978004072925802	0.134405839304904853	0.0269838608169441565	0.441650367328465055	0.00768788120800306157	0.0150271913219314615	0.0173344799029508069	0.00934015840911626793	0.0115838884708329762	0.0329492436869519012	0.00426779194265676164	0.196857902283820053	0.165584188752681304	0.317166899866912211	0.122128492562975086	0.0788762064580105421	0.205155497025861876
G:	0.0932249007997821727	0.125014882808041764	0.2395825378294555	0.183973240421604056	0.144423287389773256	0.0877709508227586258	0.255182427801652698	0.13917123235691755	0.567757928730142344	0.0121696562222098832	0.0266566964878377781	0.0126631592043710798	0.0081008672924220024	0.0371841851760655704	0.0104347100703868276	0.0203872664751993463	0.786823424142103856	0.0924356713803760981	0.115316732857093589	0.272270629494255617	0.0789618035260380734	0.238778264261191022	0.0787513380314787876
T:	0.227034552447925151	0.476069472578944105	0.172746339433177619	0.182892125756215499	0.553273573941224498	0.178416386149491339	0.305623614708370388	0.345392373709751536	0.337120517375711832	0.335157616490414932	0.0981335620410988206	0.93440644536609971	0.944564448295150193	0.0747256608341716208	0.0810857916218191097	0.768479326455309354	0.191350600447879427	0.125856527366339227	0.191597221365803828	0.102372394158241337	0.447673246058117976	0.144679684673459875	0.37374476700336766



3	ATTAATGC	0.496569039034589487


A:	0.37374476700336766	0.144679684673459875	0.447673246058117976	0.102372394158241337	0.191597221365803828	0.125856527366339227	0.191350600447879427	0.828868350165159872	0.0697271357651246145	0.203645832292185008	0.983211676883787008	0.965685637674559591	0.0249464676271417748	0.0434391405875379882	0.337120517375711832	0.345392373709751536	0.305623614708370388	0.178416386149491339	0.553273573941224498	0.182892125756215499	0.172746339433177619	0.476069472578944105
C:	0.0787513380314787876	0.238778264261191022	0.0789618035260380734	0.272270629494255617	0.115316732857093589	0.0924356713803760981	0.786823424142103856	0.00759938337196833197	0.00228381839147082451	0.00518474686896068248	0.0018043104831862133	0.00413210035745727734	0.00845585819708615507	0.00409520538978490298	0.567757928730142344	0.13917123235691755	0.255182427801652698	0.0877709508227586258	0.144423287389773256	0.183973240421604056	0.2395825378294555	0.125014882808041764
G:	0.205155497025861876	0.0788762064580105421	0.122128492562975086	0.317166899866912211	0.165584188752681304	0.196857902283820053	0.00426779194265676164	0.0163186701605978225	0.00310220307498665222	0.00222638570122104075	0.0021076096833295244	0.00744532258296219586	0.00438102710335408013	0.895268722175691407	0.0269838608169441565	0.134405839304904853	0.15978004072925802	0.44900486065803435	0.0881479618431531138	0.0722008049945762325	0.0989911620913899531	0.140858834920450814
T:	0.342348397939291676	0.537665844607338561	0.351236457852868865	0.308190076480590836	0.527501857024421279	0.584849898969464623	0.0175581834673599553	0.147213596302273974	0.924886842768417909	0.788943035137633269	0.0128764029496972541	0.0227369393850209355	0.96221664707241799	0.0571969318469857018	0.0681376930772016667	0.381030554628426061	0.279413916760718893	0.284807802369715685	0.214155176825849132	0.560933828827604213	0.488679960645976928	0.258056809692563317



4	A.TTAATGC	0.496518002667061787


A:	0.169540510935502049	0.412496695262474392	0.112369137131062897	0.0846268785825402813	0.199704577942019657	0.26492814717170339	0.0765164073110995177	0.860252482929900889	0.589147642971769125	0.0581491195283097401	0.167330098118277114	0.987723116097821882	0.927906880731445684	0.0207178430227315978	0.0306833219310150169	0.14579884165639342	0.525765957489405258	0.197669665780765369	0.182978412364535259	0.307248581713117362	0.533581025673881655	0.426629418055492441	0.752683171272317415
C:	0.272795863802250086	0.124308983737499222	0.0635934842662202398	0.596400591830128998	0.215176450209289168	0.19061895794483814	0.573792107615171153	0.0806678352913885894	0.00922973709169186948	0.00241500809162479847	0.00759299430875761286	0.00314224022964519172	0.00547441514544105937	0.00876812131422388069	0.00433413442213054602	0.76296404760378105	0.197893939880023022	0.282699499842264945	0.0793592860818037968	0.173203048029996309	0.164615699201257081	0.291296864296628838	0.0287455682912141914
G:	0.200575390146937429	0.171585327522040738	0.661466636166795598	0.084273385049092692	0.173610838898280222	0.375315255934009545	0.0537531667515840807	0.0202752566490919218	0.0163859812225722161	0.0075670957357694588	0.00487980834167688817	0.00347944693821414237	0.00415476114841010749	0.00697278691863787953	0.918794033311079949	0.0147116140728590029	0.108838550860351584	0.121420220860772016	0.605823818701495488	0.179198614255375986	0.13340176679033203	0.0909164119443713942	0.0866138055896432654
T:	0.357088235115310436	0.291608993477985648	0.162570742435921265	0.234699144538238028	0.411508132950410953	0.169137638949448925	0.295938318322145249	0.0388044251296185994	0.38523663871396679	0.931868776644296003	0.820197099231288385	0.00565519673431878374	0.0624639429747031491	0.963541248744406642	0.0461885103357744886	0.0765254966669665272	0.167501551770220136	0.398210613516197668	0.131838482852165456	0.340349756001510343	0.168401508334529235	0.191157305703507326	0.131957454846825128



5	ATTTAATG	0.49631009175378143


A:	0.571999739212957407	0.475470027872856478	0.311107681908380955	0.346039746934787769	0.152990559526325287	0.148814218198264024	0.162793073959709353	0.877105402462321071	0.589147642971769125	0.0278854573033857375	0.524572507234367925	0.969600388800962707	0.883532965005366011	0.0485026353005694847	0.152275296483572752	0.420457864489962584	0.318857478561614077	0.275937644924964243	0.221849264270391282	0.0490331392088026818	0.201454411907400322	0.154795172040764086
C:	0.0763900609302531579	0.0803515565169151615	0.0807312339326247064	0.154955942821640326	0.127524955595295416	0.101486275340608312	0.60197207726256658	0.0875049682822993134	0.00922973709169186948	0.00627608417478956897	0.00647411303468060678	0.0128529541164108228	0.0174979901686206023	0.0130341895668054888	0.0149584184938881214	0.389945655649301287	0.352879180258790731	0.266894747025831007	0.205849578861776059	0.101505768287290915	0.142724557633110704	0.375469380802767534
G:	0.136543852031501972	0.194119454585185399	0.412155222307694028	0.102272084785573181	0.0830910556161544594	0.436946165293754114	0.0119058862797871276	0.0217649497278902192	0.0163859812225722161	0.0103729146483635239	0.00515461275890730628	0.00511120220208983905	0.00800463813410799228	0.0121197206152258049	0.640956621409711372	0.0671164270208299747	0.0902652881238063759	0.341343949044287658	0.415686004115643604	0.637912405815760363	0.201524014690984496	0.160462305138549963
T:	0.215066347825287463	0.250058961025042961	0.19600586185130031	0.396732225457998724	0.636393429262224838	0.312753341167373551	0.223328962497936939	0.0136246795274893962	0.38523663871396679	0.95546554387346117	0.463798766972044162	0.0124354548805366311	0.0909644066919053947	0.926343454517399222	0.191809663612827754	0.122480052839906154	0.237998053055788816	0.115823659004917091	0.156615152752189056	0.21154868668814604	0.454297015768504478	0.309273142017918417



