1	TGACGTCA	0.497872047189834339


A:	0.277575621329925981	0.124883374318781056	0.0632742757548425721	0.0022290832836708595	0.027572301794616867	0.131104688582006626	0.0703255951718160536	0.187917854476857252	0.00441487346489825905	0.981035774746178897	0.00204912265764915266	0.0264212969649688489	0.00359425524534968967	0.00853850930658003905	0.791078117327612428	0.343911145346363178	0.262074023037292351	0.210550614267208058	0.302243189815490604	0.644115840138501679	0.466327217466316768	0.340349741870289774
C:	0.535512297569706266	0.132078525497170463	0.404653989267751467	0.3844661238219738	0.0829268646600466384	0.31027781768894828	0.41370591430653391	0.0117268876918434474	0.0219414728624879164	0.0137674377659410956	0.968673806612145546	0.00285577376523645282	0.00160253224253031736	0.965105144366033786	0.0092771405036868723	0.408739162284568835	0.309296763521674424	0.505441370357566983	0.27874900025400835	0.226518008432087303	0.121950420750530888	0.0767980305857572878
G:	0.0664319123377027897	0.369524607572052114	0.082485706402018945	0.609293455729166802	0.0783436655776641824	0.28325624071217772	0.39774096443877187	0.0092771405036868723	0.965105144366033786	0.00160253224253031736	0.00285577376523645282	0.968673806612145546	0.0137674377659410956	0.0219414728624879164	0.0117268876918434474	0.145026127482680288	0.166555190403740874	0.116805660476922801	0.238445247020376249	0.0788597993401134241	0.149148140534326373	0.342710433504471948
T:	0.120480168762664964	0.373513492611996367	0.449586028575387016	0.00401133716518853906	0.811157167967672312	0.275361253016867374	0.118227526082878166	0.791078117327612428	0.00853850930658003905	0.00359425524534968967	0.0264212969649688489	0.00204912265764915266	0.981035774746178897	0.00441487346489825905	0.187917854476857252	0.102323564886387699	0.262074023037292351	0.167202354898302158	0.180562562910124798	0.0505063520892975938	0.262574221248825971	0.24014179403948099



2	AGCTGTCA	0.497401581240000467


A:	0.2198984558149821	0.124645980447272469	0.368598668515411572	0.0528023880694342836	0.216904695923655511	0.262207376172597497	0.185957024488800097	0.73543091916672593	0.0275337929852454665	0.027649486759611471	0.00980786720116353099	0.00490345767037677584	0.0282328945957674945	0.00163369622470762562	0.974369535111420896	0.347644689426739384	0.311109198475794378	0.442114447516532192	0.384705561531588995	0.278981257952523574	0.265810293775892911	0.0438215999066899045
C:	0.379826111147934246	0.151488949446300766	0.0839009017423991508	0.559326749375792014	0.40979775932191075	0.231746360825535385	0.347108476946404422	0.0252123469066091465	0.425153189839305171	0.954842819827893187	0.00347737914030937634	0.00147133819594088941	0.000884576947010545245	0.987251549427070497	0.0026403705081033377	0.272562118695514331	0.0739045655608030202	0.194288271476076047	0.241187161433611223	0.328855631152007326	0.116995618023793678	0.288531959137404747
G:	0.162313277676407771	0.23015661728519249	0.0553864841786331505	0.298006788838397905	0.0554411646559894063	0.450415380001038937	0.159442626168152035	0.152340857010211098	0.532284030755056015	0.00775721309985681543	0.0308332720958322911	0.988823523190770712	0.00162491500445833114	0.0084980080621706639	0.0104654460040317675	0.178844589316352887	0.081948011204936728	0.0801767816800755639	0.131171520516416832	0.120986471398985654	0.464564022797048993	0.449388340498285987
T:	0.237962155360675883	0.493708452821234274	0.492113945563556126	0.0898640737163757966	0.317856380098444332	0.0556308830008281808	0.307491872396643445	0.0870158769164538256	0.0150289864203933481	0.00975048031263852623	0.955881481562694802	0.00480168094291162281	0.969257613452763629	0.00261674628605121327	0.0125246483764439983	0.200948602561393398	0.533038224758465874	0.283420499327316197	0.24293575651838295	0.271176639496483446	0.152630065403264418	0.218258100457619361



3	CCTGTCA.A	0.497237249160421526


A:	0.409819700360709234	0.746838002907147433	0.00668695230887393694	0.117217505229620748	0.45535715848063709	0.0453305168130206489	0.7229385796048826	0.00836071650102012359	0.0865238975363242258	0.00256079706142675124	0.0107519160303505574	0.00780857491085948489	0.00216424908100851681	0.983427060900323195	0.271800166114985785	0.745482705917763957	0.0779708137553714064	0.179568944221908797	0.16087896264471278	0.405254461862746482	0.0626185137499563482	0.221705417331188656	0.361045512524650979
C:	0.127021657022731297	0.0598479593249998854	0.206278335795528979	0.700431516480565592	0.231409626576520919	0.465835708015555721	0.0248176712909535542	0.686106875358617988	0.904023356288783715	0.00616629217586391338	0.00036318817281946784	0.00298964167322505941	0.98633349724889695	0.00327584089102031536	0.33084224627124393	0.053730282449503245	0.123692643715257268	0.490199127098466024	0.277296061789629426	0.228110643670625038	0.517946822386809716	0.366749114952909158	0.129961360125757266
G:	0.165216941554890364	0.124663510454910464	0.0213559381733091923	0.0399749353587087417	0.160895060429742617	0.315864240189025707	0.187340050599257473	0.29664941581480302	0.00415637784978300196	0.0212337623642555118	0.978591021362298218	0.00180083949510794871	0.00849949775041939563	0.00537189435632818922	0.0758502461378748081	0.0507246575323682032	0.123692643715257268	0.267752757101367092	0.297280158532540823	0.226799918637364261	0.123734355692360691	0.253654910387394122	0.223258690145710597
T:	0.297941701061669104	0.0686505273129422172	0.765678773722287892	0.142376042931104918	0.152338154513099374	0.172969534982397923	0.0649036985049063727	0.00888299232555886901	0.00529636832510905675	0.970039148398453824	0.0102938744345317563	0.987400943920807507	0.00300275591967513728	0.00792520385232830034	0.321507341475895477	0.150062354100364595	0.674643898814114057	0.0624791715782580868	0.264544817033116971	0.139834975829264219	0.295700308170873245	0.157890557328508064	0.285734437203881158



4	ACCTGTCA	0.49660015882469724


A:	0.2198984558149821	0.124645980447272469	0.368598668515411572	0.0528023880694342836	0.216904695923655511	0.262207376172597497	0.185957024488800097	0.7229385796048826	0.0275337929852454665	0.0896242220457385847	0.00414947950144011451	0.00716890622370836448	0.0102428669155499869	0.0031928111790603362	0.967114564703186544	0.347644689426739384	0.311109198475794378	0.442114447516532192	0.384705561531588995	0.278981257952523574	0.265810293775892911	0.0438215999066899045
C:	0.379826111147934246	0.151488949446300766	0.0839009017423991508	0.559326749375792014	0.40979775932191075	0.231746360825535385	0.347108476946404422	0.0248176712909535542	0.425153189839305171	0.887352944193830127	0.0106397162650951827	0.000449999470825010924	0.00263384315074520982	0.991178436034066437	0.00363008300654509384	0.272562118695514331	0.0739045655608030202	0.194288271476076047	0.241187161433611223	0.328855631152007326	0.116995618023793678	0.288531959137404747
G:	0.162313277676407771	0.23015661728519249	0.0553864841786331505	0.298006788838397905	0.0554411646559894063	0.450415380001038937	0.159442626168152035	0.187340050599257473	0.532284030755056015	0.00589073061970235588	0.0256299777033507674	0.984680752868106537	0.0018972930937178878	0.00365435473211317349	0.00410883875541974444	0.178844589316352887	0.081948011204936728	0.0801767816800755639	0.131171520516416832	0.120986471398985654	0.464564022797048993	0.449388340498285987
T:	0.237962155360675883	0.493708452821234274	0.492113945563556126	0.0898640737163757966	0.317856380098444332	0.0556308830008281808	0.307491872396643445	0.0649036985049063727	0.0150289864203933481	0.0171321031407289325	0.959580826530113935	0.00770034143736008781	0.985225996839986915	0.00197439805476005302	0.0251465135348486176	0.200948602561393398	0.533038224758465874	0.283420499327316197	0.24293575651838295	0.271176639496483446	0.152630065403264418	0.218258100457619361



5	GCTGTCAC	0.496572240420885448


A:	0.213255556850267654	0.0352811712612402112	0.1439337851705802	0.527838009012597011	0.22984841847622586	0.150177097420019411	0.73543091916672593	0.007219422448592958	0.0312051429502053845	0.0174725275023697139	0.00357032008989361325	0.0202342988461172972	0.0029910164494524903	0.956179799994225635	0.257641072094084025	0.271191974748421236	0.154701019232622073	0.625465168048578944	0.439771553558047213	0.340412706560090688	0.10168673863730617	0.173381454824643944
C:	0.165573849722760249	0.0256826878890994865	0.541354523933639016	0.189901109918084478	0.269368833263681051	0.482074459305835385	0.0252123469066091465	0.373136996185950915	0.944587170652262115	0.00427943411993801488	0.00166444057959107686	0.00153752607710111938	0.977970087037895405	0.00460810966689373291	0.567870647447565413	0.0832254208951047835	0.149548260029678365	0.223816661478008963	0.315935035966266804	0.140379954529842341	0.27270722602150435	0.444810747004312547
G:	0.304709687209415748	0.0900729271371991917	0.284412707805194775	0.200394958379760221	0.44427311049458464	0.260727619517350711	0.152340857010211098	0.609407502860889494	0.00785963986918135437	0.0252400015846927561	0.98861064582376109	0.00191344122490689318	0.0180165034864262452	0.00657206693293336937	0.07450084734522379	0.0429454682597866919	0.198204639123122878	0.0112487516899396417	0.040344898667738454	0.451539845872189457	0.161596080566248431	0.179262430850125845
T:	0.316460906217556349	0.848963213712461111	0.0302989830905860088	0.0818659226895582897	0.0565096377655084486	0.107020823756794493	0.0870158769164538256	0.0102360785045666328	0.0163480465283511464	0.953008036792999515	0.00615459350675422013	0.97631473385187469	0.00102239302622585904	0.0326400234059472623	0.0999874331131267716	0.602637136096687288	0.497546081614576683	0.139469418783472451	0.203948511807947529	0.0676674930378775149	0.464009954774941049	0.202545367320917664



