1	AAT.TA.ATT	0.483053265085556598


A:	0.302721589711110853	0.421195874311203248	0.429276946693654847	0.186776154341154143	0.582256228617442657	0.262347840744366231	0.653134132926405573	0.62701868055421728	0.0913738642133889601	0.266917036042555423	0.233087300509468353	0.511691348439331859	0.391028340977099964	0.702332268381160043	0.226422625598706102	0.250793116906850219	0.218885124492736194	0.231213881734259655	0.428682353635496967	0.541231368338568447	0.259348833556737241	0.575752177399444397
C:	0.1102455945640212	0.107489119836990826	0.187101479688144516	0.25556760410296673	0.0785292525465462325	0.312924365400740601	0.0529526253170868732	0.063512900136833631	0.140112215429287744	0.174821258514156663	0.186703624274468624	0.0685177267767311638	0.0357380111878166917	0.0661816519761632526	0.0830457937102429865	0.0431201248496573349	0.110763986646945315	0.290759491499851499	0.318894310390301202	0.101076814337858619	0.0662496631272836663	0.0943929435184365657
G:	0.0799116098710001809	0.0323383154983052273	0.0537079419715178585	0.36227151905427065	0.226040529004890162	0.0921764745150058112	0.0431201248496573349	0.0830457937102429865	0.0661816519761632526	0.101479026800692621	0.0685177267767311638	0.186703624274468624	0.206665024446931034	0.140112215429287744	0.063512900136833631	0.0529526253170868732	0.282208770611813368	0.226069036538473772	0.104507594679173796	0.0201668743520911709	0.211932578382090886	0.0987867882499647954
T:	0.507121205853867767	0.438976690353500699	0.329913631646682779	0.195384722501608477	0.113173989831120948	0.332551319339887357	0.250793116906850219	0.226422625598706102	0.702332268381160043	0.456782678642595294	0.511691348439331859	0.233087300509468353	0.36656862338815231	0.0913738642133889601	0.62701868055421728	0.653134132926405573	0.388142118248505123	0.251957590227415073	0.147915741295028035	0.337524942971481763	0.462468924933888207	0.231068090832154242



2	AT.TATA.AT	0.471171675279505831


A:	0.188015322439385761	0.254222716360527841	0.241415681970362633	0.168942281014472498	0.209860393642140791	0.345187240535793331	0.830646099215498512	0.130271179960404144	0.288951679181220529	0.197914587576716448	0.778957979258896203	0.0919735154346075254	0.665258829880212488	0.283207185543721105	0.785455299477932526	0.0709594220162590992	0.628538062745644471	0.4588991444804077	0.355733176381009432	0.394423484982643897	0.454323324188288371	0.184274569108784649
C:	0.433555061175331581	0.314442605017849423	0.0214645328649272133	0.118763369689655315	0.114993276422618638	0.122631552341343898	0.0482669594472654924	0.0363680290121621735	0.077003817986019364	0.0767583735348482982	0.0874851213244365608	0.0415833839820597109	0.0600682090082227659	0.298017356375052146	0.0479054915495011564	0.0501275193209768963	0.0228765706808449164	0.178552380591381541	0.136826758095382807	0.0928417209698187388	0.121247678687108601	0.248246398460420108
G:	0.105087271989961909	0.108494735765471656	0.222615710301446483	0.261620213952712581	0.0623568138448940034	0.179187664176143976	0.0501275193209768963	0.0479054915495011564	0.198950708691310138	0.0600682090082227659	0.0415833839820597109	0.0874851213244365608	0.0767583735348482982	0.048872173689424866	0.0363680290121621735	0.0482669594472654924	0.0522878893863360089	0.0681218660780933225	0.152664025423176708	0.0396556580034707285	0.162340738012263118	0.26065174841143784
T:	0.273342344395320749	0.32283994285615108	0.514504074863263671	0.450674135343159607	0.612789516090346568	0.352993542946718795	0.0709594220162590992	0.785455299477932526	0.43509379414144997	0.665258829880212488	0.0919735154346075254	0.778957979258896203	0.197914587576716448	0.369903284391801883	0.130271179960404144	0.830646099215498512	0.296297477187174604	0.294426608850117437	0.354776040100431053	0.473079136044066636	0.262088259112339909	0.306827284019357403



3	AA..AATTAT	0.465316739101804293


A:	0.267192582327823336	0.61705653437858652	0.375230892737326967	0.150035988734568402	0.182043244032386736	0.240588857629997927	0.642480898759365137	0.630515773371985255	0.182128891297521814	0.330504016737989438	0.622504089777627263	0.710717406502626165	0.276620775646534143	0.207390700981875563	0.681268538538868895	0.0663381290581388325	0.460933866853921986	0.171389842376899286	0.532310357336143261	0.531133560495026144	0.204944601216157238	0.745275941240547723
C:	0.108410226642880032	0.0551449000911575253	0.129729285992753795	0.0717515725887796342	0.0465602499800387014	0.348409503520980095	0.109065719793438678	0.0618702725943749364	0.0624913001255030691	0.291258040999656738	0.131342683021312392	0.0246088257691358619	0.025166452021593807	0.0316909970505605427	0.109084432806000739	0.0832403369101083996	0.332520931816084263	0.038949525689245749	0.227217517478262024	0.32866619381693105	0.0351829877439489177	0.0506853152537510452
G:	0.126866974337789724	0.120591700689213092	0.25135419402362611	0.150977358077875343	0.205503989290289928	0.0940250085344561236	0.103885724428737321	0.0771203288076888362	0.0739732152972648562	0.0753314517158444803	0.0655938476282097807	0.123767335945607793	0.0148702947647791852	0.0531810209895634097	0.0986860738249147423	0.0972649573555265231	0.0593923499449225331	0.102282962676589986	0.0698649209860935	0.0383183477515745528	0.312799712008197501	0.0150808953269463035
T:	0.497530216691506907	0.207206864841042863	0.243685627246293128	0.627235080598776621	0.565892516697284634	0.316976630314565855	0.144567657018458863	0.230493625225950972	0.68140659327971026	0.302906490546509343	0.180559379572850564	0.14090643178263018	0.683342477567092864	0.707737280978000485	0.110960954830215623	0.753156576676226245	0.147152851385071219	0.687377669257264978	0.170607204199501215	0.101881897936468253	0.447072699031696343	0.188957848178754928



4	AATTAATT	0.464694844953584831


A:	0.790020152933763659	0.0368910302962181453	0.248650409135943725	0.534012394425475204	0.252734188669098319	0.480674026624713354	0.304048605130129856	0.717463975237833588	0.647905567884120996	0.257421502072575994	0.215845865965685025	0.627549262688758715	0.595628722883159552	0.207070136358434059	0.0530768002217513565	0.157732129766674096	0.172406339571316921	0.179897157485965737	0.128581683188949297	0.464016204757797772	0.868966173423266543	0.270428748875736926
C:	0.0670683281179390104	0.0576988782216557568	0.299161483351233977	0.0905872142045016315	0.463928211821033334	0.0825547574660794474	0.409546746777199596	0.116032743587142457	0.0881387523756321405	0.0459441735513359388	0.0440354892692609111	0.112569382076295349	0.101005601492928515	0.0568855433818128049	0.113426480953272598	0.0993178501656020998	0.089573229209125813	0.124134096736252696	0.0404297872972121783	0.145411474765613973	0.0658607377730880216	0.043821316064644011
G:	0.0457959838008133163	0.126756174194993677	0.195553880150007041	0.164256104098165831	0.0674318012366725572	0.317014739624818272	0.0994209478094865153	0.113426480953272598	0.0568855433818128049	0.101005601492928515	0.112569382076295349	0.0440354892692609111	0.0459441735513359388	0.0881387523756321405	0.116032743587142457	0.560422296555471058	0.054403381412177879	0.596790291357740694	0.318859602959209806	0.26685706950505687	0.0461856392853939082	0.113295250046274918
T:	0.0971155351474840147	0.77865391728713242	0.256634227362815256	0.211144287271857333	0.21590579827319579	0.119756476284388927	0.186983700283184032	0.0530768002217513565	0.207070136358434059	0.595628722883159552	0.627549262688758715	0.215845865965685025	0.257421502072575994	0.647905567884120996	0.717463975237833588	0.182527723512252746	0.683617049807379387	0.0991784544200408729	0.512128926554628719	0.123715250971531385	0.0189874495182515272	0.572454685013344145



5	A..TATATTA	0.463270278724420079


A:	0.495980347368435338	0.307074603788724665	0.424103564340350646	0.42051638831082715	0.424862749252672309	0.652759546013068379	0.678377944332936806	0.516079533684069213	0.414877490218900231	0.194302102822010671	0.750492205485619772	0.271048467508385269	0.763644645970136911	0.108710180795470084	0.0470424188867714931	0.753192645814452988	0.176084416699964233	0.53511934422498976	0.179424207076099415	0.357112932478174843	0.187893023866889053	0.232074798665719283	0.322893820689348204
C:	0.231775582126151216	0.0501197870440540377	0.0602355492626934737	0.16503731703733079	0.0773050232804499787	0.189152074499543742	0.0822485158924560455	0.0356537677409461725	0.136431020247116334	0.081049153040036568	0.0844932121675776715	0.0369683994644957884	0.0468150463293578322	0.0239704844550599004	0.0451282457623424806	0.0309133299634229564	0.0887444359730346005	0.0555714559627866892	0.230707746480256372	0.0959910604207788341	0.0964603686402771241	0.217166057655209902	0.0887998432891998213
G:	0.104743245505637036	0.41521618647898254	0.0415448763884564369	0.155473447534362486	0.172399797952580293	0.037618845278946251	0.0430938680535065238	0.13596137912450226	0.115303806820744297	0.0177684276533011721	0.0721419107943403324	0.0506405381021326642	0.0694983188514559717	0.0487887098307737031	0.064968736564612598	0.0871729247324614221	0.0662455952118816755	0.0626083803468322679	0.169800548801894387	0.120540194608426023	0.0911937320114881427	0.114207093256054658	0.07210012354223263
T:	0.16750082499977641	0.227589422688238758	0.474116010008499443	0.258972847117479574	0.32543242951429742	0.120469534208441628	0.196279671721100624	0.312305319450482354	0.333387682713239138	0.706880316484651589	0.0928726715524622243	0.641342594924986279	0.120041988849049285	0.818530624918696313	0.842860598786273428	0.128721099489662634	0.668925552115119491	0.346700819465391283	0.420067497641749826	0.426355812492620301	0.62445287548134568	0.436552050423016156	0.516206212479219344



