1	TGACGTCA	0.499540786095200474


A:	0.404114788709674071	0.169807894063722007	0.159092956768429114	0.118879075185002147	0.354690562506013697	0.161972083053209105	0.114683561253170423	0.0640630187113891033	0.00331471066661953662	0.988366832357155244	0.00112410839937744872	0.0182751226647746758	0.00240818491956771364	0.00107753621393277053	0.928962144202712657	0.296877630739242191	0.37096278812959754	0.27946917434732093	0.28168205779119718	0.445128761423449869	0.194847682604858544	0.466004147495146002
C:	0.177305801384374885	0.168398019390107046	0.248391965137474054	0.461549474061548514	0.25627506440042916	0.533514327215679457	0.112374857213722196	0.00567325701448126841	0.0291706883944995591	0.00672356444460574134	0.978213520211661937	0.00238724872418593814	0.00250141827867130054	0.966437064724948134	0.00130158007141697179	0.38664975041922635	0.240114049760461594	0.0436610498785997268	0.114124810041907661	0.137807320682639018	0.345216040348436304	0.15240737011904569
G:	0.207487638295462066	0.144138635565656228	0.179916859574602469	0.155691506778798134	0.100193995721093895	0.178187886075918777	0.422355001232012608	0.00130158007141697179	0.966437064724948134	0.00250141827867130054	0.00238724872418593814	0.978213520211661937	0.00672356444460574134	0.0291706883944995591	0.00567325701448126841	0.167845886578095664	0.273174389754600829	0.0565161418589726118	0.498195200696006535	0.163858137051829903	0.234886554969882048	0.138035597565250053
T:	0.211091771610488978	0.517655450980514718	0.412598218519494363	0.263879943974651205	0.288840377372463248	0.126325703655192662	0.350586580301094773	0.928962144202712657	0.00107753621393277053	0.00240818491956771364	0.0182751226647746758	0.00112410839937744872	0.988366832357155244	0.00331471066661953662	0.0640630187113891033	0.148626732263435795	0.115748772355340037	0.620353633915106732	0.105997931470888624	0.25320578084208121	0.225049722076823104	0.243552884820558254



2	GCTGTCAC	0.49746793763685155


A:	0.18091929216434189	0.11974830344401969	0.178718643376017578	0.364518888206046311	0.0938187943360370326	0.133361618083921379	0.85948255974537491	0.0504859118103808125	0.0319761379163111233	0.0174003613504143557	0.00474124345401260645	0.0152535695005717033	0.00123329784933443352	0.972097208587308455	0.0768612867773060223	0.614521640726051762	0.196313896018189038	0.100917765620710309	0.182618722555460392	0.266148980657149238	0.316777565287890434	0.151649466144139985
C:	0.28809512800867341	0.300227783398666225	0.135430135714337849	0.318362662125512285	0.186579150716235259	0.378496968294043167	0.0138914203858092328	0.131776167002177682	0.954644821791957523	0.0155583604746667477	0.000903734119921370835	0.00107367301133634992	0.974485846398605039	0.00209206617186583638	0.807156719511416205	0.164501082572835512	0.196584225265306838	0.404139899359416097	0.421796307254103168	0.457759775732080422	0.128457639593940979	0.0573700722696948002
G:	0.258340034981453355	0.296333781304183398	0.324534422634897718	0.147717514231748241	0.534984399336564686	0.406823335456141486	0.0242610425079630422	0.81145304498820014	0.00699467756244433444	0.00312283787009855747	0.987389765457964645	0.00343528301093002004	0.021027082760990915	0.0129450263027693032	0.0330741144602436993	0.0217380904733094511	0.309992269105860756	0.203038071904840603	0.157308450848002922	0.128872321035006358	0.445805984707337627	0.11808613561291414
T:	0.272645544845531345	0.283690131853130687	0.361316798274746855	0.169400935436693163	0.184617655611163022	0.0813180781658939675	0.102364977360852815	0.00628487619924136585	0.00638436272928701953	0.963918440304820339	0.00696525696810137796	0.980237474477161927	0.00325377299106961205	0.0128656989380564057	0.0829078792510340736	0.199239186227803275	0.297109609610643367	0.291904263115032992	0.238276519342433518	0.147218922575763982	0.10895881041083096	0.672894325973251075



3	TGAC..GTCA	0.497136226731842196


A:	0.0387116478613566807	0.167869427705472877	0.110877828054911825	0.138474076277407773	0.0971300463179791516	0.283014336283530323	0.0305804520670090821	0.0197391469030637446	0.951891772690868009	0.0129322894729742179	0.612889160081898866	0.0271906192085369518	0.00758916204387898099	0.033792769642192881	0.00572705923002856375	0.916053316467861366	0.385512683350920698	0.587753423543500345	0.399876410652593413	0.213038341286862809	0.332013469044185432	0.274270395164389015	0.389203071356861131
C:	0.146850975510767959	0.127993775059000484	0.14675314698535779	0.342867657671632844	0.552656950941643265	0.350087834856566996	0.0265286717571266905	0.0253309662520781454	0.0035495761901837893	0.954622177142094034	0.253193976049701425	0.0618149068443557744	0.0248563713410527674	0.0107658814767553211	0.949202827614829546	0.0268375597080028618	0.103018163272465823	0.134391679901484893	0.409464974787142777	0.459350681492687293	0.347353420204457375	0.308252506919014105	0.223000145516956893
G:	0.295441001311777561	0.359195811017495854	0.509182679829764071	0.390705216371499067	0.224404615738186408	0.205196869923853609	0.0268375597080028618	0.949202827614829546	0.0107658814767553211	0.0248563713410527674	0.0860274983572005852	0.0550171362802080976	0.954622177142094034	0.0035495761901837893	0.0253309662520781454	0.0265286717571266905	0.212035302462896492	0.0844302029634402472	0.0334503770569935801	0.169433121721151936	0.135955594015118266	0.238812183854965211	0.269680858242215028
T:	0.5189963753160978	0.344940986218030785	0.233186345129966314	0.127953049679460316	0.125808387002191176	0.161700958936049072	0.916053316467861366	0.00572705923002856375	0.033792769642192881	0.00758916204387898099	0.0478893655111991245	0.855977337666899176	0.0129322894729742179	0.951891772690868009	0.0197391469030637446	0.0305804520670090821	0.299433850913716987	0.193424693591574514	0.157208237503270231	0.158177855499297962	0.184677516736238927	0.178664914061631669	0.118115924883966949



4	AGCTGTCA	0.497047927592869699


A:	0.136281420123878627	0.412419532160006374	0.352060322407372888	0.0835058077503174735	0.214666510699304263	0.183651449612670581	0.0896043405088836523	0.85948255974537491	0.0335747097038852554	0.0125071229604524428	0.0127585987621151259	0.00555479348059922008	0.00988731761238691027	0.00203125589303579905	0.973425365875311803	0.139742011054504892	0.366880134962549545	0.185006127197671251	0.158623462298338956	0.10325777544419395	0.448302923506750841	0.520181044599105352
C:	0.133379912423475188	0.19511029851239411	0.291015943974212853	0.281211989307689086	0.572439099855818781	0.15497499885311059	0.766691616496792859	0.0138914203858092328	0.337628773258692497	0.974060631673831295	0.00208731765724632501	0.00154549189938002281	0.00145763542843671472	0.99232164876724842	0.00108193111757954197	0.623464206027298227	0.0771977563243382593	0.142543352946149162	0.442736693664444046	0.28244442809119433	0.214150173159851265	0.124138608895827523
G:	0.57800766543187901	0.0428428852967381635	0.163987659662206113	0.121705198074971916	0.0505032976436596724	0.188367510606662112	0.102854875087657422	0.0242610425079630422	0.624085207960200892	0.00740015138698630373	0.0154652507603037941	0.990435118136413571	0.0012256368619482556	0.0033947191787772301	0.0166511991942716047	0.0978786146267432467	0.0464061035230105525	0.236395780175720609	0.0743466702702758339	0.316426778415352524	0.0810202905526964462	0.119161655653878329
T:	0.152331002020767176	0.349627284030861352	0.192936073956208146	0.513577004867021524	0.162391091801217284	0.473006040927556717	0.0408491679066660675	0.102364977360852815	0.0047113090772213559	0.00603209397872995831	0.969688832820334755	0.00246459648360718632	0.987429410097228119	0.00225237616093855096	0.00884150381283704991	0.138915168291453634	0.509516005190101644	0.436054739680458979	0.324293173766941164	0.297871018049259197	0.256526612780701447	0.236518690851188795



5	A..TGACGTC	0.496950014817741776


A:	0.249448988444305514	0.530213795901471476	0.243552884820558254	0.225049722076823104	0.25320578084208121	0.105997931470888624	0.620353633915106732	0.115748772355340037	0.148626732263435795	0.0412799029825731927	0.00129123779109475893	0.987768955750430864	0.00456586472047381154	0.0470919742313631663	0.00258640299545127006	0.00314842804536431251	0.928962144202712657	0.350586580301094773	0.126325703655192662	0.288840377372463248	0.263879943974651205	0.412598218519494363	0.517655450980514718
C:	0.401767455128357057	0.174166299017070416	0.138035597565250053	0.234886554969882048	0.163858137051829903	0.498195200696006535	0.0565161418589726118	0.273174389754600829	0.167845886578095664	0.0248726443379703535	0.0358630510611662671	0.00322253234606341516	0.977108545648491904	0.00223492362903720226	0.00254409396538957723	0.862509057251205276	0.00130158007141697179	0.422355001232012608	0.178187886075918777	0.100193995721093895	0.155691506778798134	0.179916859574602469	0.144138635565656228
G:	0.178788152169051248	0.0997134527911985266	0.15240737011904569	0.345216040348436304	0.137807320682639018	0.114124810041907661	0.0436610498785997268	0.240114049760461594	0.38664975041922635	0.00413092773369941453	0.960515734755458711	0.00172347875047797854	0.00074405091571925537	0.946682956234058282	0.0136358435641738449	0.108466384355142638	0.00567325701448126841	0.112374857213722196	0.533514327215679457	0.25627506440042916	0.461549474061548514	0.248391965137474054	0.168398019390107046
T:	0.169995404258286181	0.195906452290259581	0.466004147495146002	0.194847682604858544	0.445128761423449869	0.281682057791197179	0.27946917434732093	0.37096278812959754	0.296877630739242191	0.929716524945757039	0.00232997639228026315	0.00728503315302774279	0.0175815387153150294	0.00399014590554134975	0.981233659474985308	0.0258761303482877738	0.0640630187113891033	0.114683561253170423	0.161972083053209105	0.354690562506013697	0.118879075185002147	0.159092956768429114	0.169807894063722007



