1	TGACGTCA	0.498326091250246889


A:	0.275268365918561686	0.398824362113436521	0.156298848588696699	0.175325188439846341	0.182053769810002001	0.124680851338119484	0.150940443915429245	0.149288034690911667	0.0119711562142769846	0.963697109526286643	0.00127810980440210664	0.0599053223426884809	0.00210241486341623161	0.00153880150719906803	0.824945778667294744	0.295131743666038867	0.376124081837895501	0.350329970800461341	0.229602185971183813	0.2453851098490815	0.201255971614699089	0.14586574924924732
C:	0.104754605094085402	0.0669847262431816769	0.169214874944341957	0.301457743320120725	0.330864990652274249	0.311200783460782755	0.107470293324592402	0.0178087642681209488	0.0590245874162117048	0.032578352091520983	0.93499309107228218	0.00382347678062723264	0.00162212351877614263	0.927465454862312243	0.00795742237367264013	0.251925233008532076	0.118978795523558191	0.14191577037336579	0.176685825310812537	0.266333851259945271	0.312425873678467365	0.141799443397652715
G:	0.100426721306713923	0.178669338871094441	0.483539513471871379	0.141187576478497024	0.240015538631367844	0.15543333650863321	0.278600629579548849	0.00795742237367264013	0.927465454862312243	0.00162212351877614263	0.00382347678062723264	0.93499309107228218	0.032578352091520983	0.0590245874162117048	0.0178087642681209488	0.172841329636595297	0.322958809475268499	0.134070808710653061	0.423851651173772115	0.33214808483088988	0.143132557650675262	0.144034092296164683
T:	0.519550307680638989	0.355521572772287362	0.190946762995089965	0.382029491761535909	0.247065700906355906	0.40868502869246455	0.462988633180429503	0.824945778667294744	0.00153880150719906803	0.00210241486341623161	0.0599053223426884809	0.00127810980440210664	0.963697109526286643	0.0119711562142769846	0.149288034690911667	0.28010169368883376	0.181938313163277809	0.373683450115519808	0.169860337544231535	0.156132954060083349	0.343185597056158285	0.568300715056935281



2	TGAC..GTCA	0.497734217701629937


A:	0.0175878761713792602	0.410935977218477143	0.08020389463571229	0.210079176742655191	0.115019223045820835	0.528611800788288666	0.0344573508614872871	0.0167378353911675508	0.979822955620894629	0.00816792931314673946	0.511379790219036742	0.0410454297424567771	0.00489205303864942869	0.0106697883267527913	0.00365455579809346874	0.89833590240038944	0.16381322784988949	0.333274633853020182	0.38847363327455523	0.093120481401350378	0.389136268260420684	0.366953512866318935	0.443293341142595278
C:	0.0941891071576975841	0.0843315846167302608	0.059063133567989113	0.222807590653268423	0.362946644662527513	0.211655870857537521	0.0438753058311341302	0.0271627716955131227	0.00328017044886890345	0.967910394786529659	0.441321885949986619	0.104463542273448638	0.0190296228616741729	0.00622708560348367619	0.952444837115225858	0.0233314409069891429	0.208037768958212081	0.136431652886657756	0.16755082867824933	0.555039813680916748	0.266158135468215648	0.195075015213365631	0.324040464723633728
G:	0.386271892302575156	0.128963954191993552	0.560432699881927727	0.0954383010184692472	0.197239441090122978	0.0834381068657018386	0.0233314409069891429	0.952444837115225858	0.00622708560348367619	0.0190296228616741729	0.034266849267001321	0.302185952773499166	0.967910394786529659	0.00328017044886890345	0.0271627716955131227	0.0438753058311341302	0.079658329366404782	0.109824730290959687	0.050434358716577652	0.105989154739758814	0.0625916668329746138	0.193177469648558089	0.155288653423741618
T:	0.501951124368348	0.375768483972799045	0.30030027191437087	0.471674931585607139	0.324794691201528673	0.176294221488471974	0.89833590240038944	0.00365455579809346874	0.0106697883267527913	0.00489205303864942869	0.0130314745639753177	0.552305075210595419	0.00816792931314673946	0.979822955620894629	0.0167378353911675508	0.0344573508614872871	0.548490673825493647	0.420468982969362376	0.393541179330617788	0.245850550177974059	0.282113929438389054	0.244794002271757345	0.0773775407100293758



3	ACCTGTCA	0.496693954659949622


A:	0.227305107199406137	0.429529668894794994	0.265544227444505124	0.123690057010278727	0.327479094995903866	0.345076742599620519	0.142138239348165969	0.94528775761306687	0.0106959332667049702	0.0682544048922044694	0.0014518026599585823	0.0091103072330230031	0.0205346704680361321	0.00411779767089051139	0.954103600698727056	0.103669180859601715	0.170939176455626534	0.286791678376232613	0.0840404355438763901	0.257235921260625325	0.307603452169532227	0.186333787404443089
C:	0.103252666544524961	0.269435487606933793	0.358464779567090607	0.512865853795346166	0.461557547265663933	0.233981326346730843	0.571317593567452196	0.00890377003085904356	0.860118899284024219	0.918080333677675517	0.00826258463575835757	0.000790737959125763863	0.00154989103525926946	0.991761917493145381	0.0167743244838677826	0.549384586987541209	0.307648469370297261	0.256019462812685245	0.356790408252237975	0.127963026785495604	0.0955561588196217813	0.290628119843281976
G:	0.605621632238644044	0.151398847990215445	0.244547432008218311	0.223346522426527872	0.0928145457768416126	0.132330728241253665	0.203685883697271907	0.0270007194396640845	0.125171594891680161	0.0120021689543950932	0.0698552826813344793	0.987882113863487267	0.000619730018282303884	0.00259811115759682879	0.0273238179110088988	0.0907110045146898625	0.238274027235944437	0.0716882414201918845	0.0929379654840458513	0.362163105336417968	0.259325127002889725	0.294646955396924859
T:	0.0638205940174248584	0.149635995508055768	0.131443560980185957	0.140097566767847235	0.118148811961590588	0.288611202812394973	0.0828582833871099288	0.0188077529164100016	0.00401357255759064997	0.00166309247572492054	0.920430330022948581	0.00221684094436396586	0.977295708478422295	0.00152217367836727867	0.00179825690639626301	0.256235227638167213	0.283138326938131768	0.385500617390890258	0.466231190719839783	0.252637946617461103	0.337515262007956266	0.228391137355350076



4	GAC.TGTCA	0.49629266064108263


A:	0.0175878761713792602	0.410935977218477143	0.08020389463571229	0.210079176742655191	0.115019223045820835	0.528611800788288666	0.0344573508614872871	0.0687328544397355444	0.875289096103420726	0.0318572875498004309	0.511379790219036742	0.0410454297424567771	0.00759030927799802762	0.0378729860558159201	0.00633786848734760068	0.790822621907095577	0.16381322784988949	0.333274633853020182	0.38847363327455523	0.093120481401350378	0.389136268260420684	0.366953512866318935	0.443293341142595278
C:	0.0941891071576975841	0.0843315846167302608	0.059063133567989113	0.222807590653268423	0.362946644662527513	0.211655870857537521	0.0438753058311341302	0.186534054569315423	0.0231914873119131926	0.829035979311310722	0.441321885949986619	0.104463542273448638	0.0342931507715330489	0.0172177182226180405	0.950308929753912487	0.0510119713737242124	0.208037768958212081	0.136431652886657756	0.16755082867824933	0.555039813680916748	0.266158135468215648	0.195075015213365631	0.324040464723633728
G:	0.386271892302575156	0.128963954191993552	0.560432699881927727	0.0954383010184692472	0.197239441090122978	0.0834381068657018386	0.0233314409069891429	0.673053825403690437	0.0281814943521245737	0.128818912621396979	0.034266849267001321	0.302185952773499166	0.941910139885187367	0.00313224208994804428	0.0317943057487671152	0.109723638548823141	0.079658329366404782	0.109824730290959687	0.050434358716577652	0.105989154739758814	0.0625916668329746138	0.193177469648558089	0.155288653423741618
T:	0.501951124368348	0.375768483972799045	0.30030027191437087	0.471674931585607139	0.324794691201528673	0.176294221488471974	0.89833590240038944	0.0716792655872585958	0.073337922232541508	0.0102878205174918684	0.0130314745639753177	0.552305075210595419	0.0162064000652815562	0.941777053631617995	0.0115588960099727971	0.04844176817035707	0.548490673825493647	0.420468982969362376	0.393541179330617788	0.245850550177974059	0.282113929438389054	0.244794002271757345	0.0773775407100293758



5	CCTGTCA..A	0.495156484088177672


A:	0.396134701477605369	0.525495717554843108	0.0517042787511721518	0.443240839672963615	0.266139694071279917	0.0941900598870426642	0.94528775761306687	0.0395482061789712128	0.040994328181183869	0.00528286695685886044	0.00507423856705115042	0.0273970060996157815	0.00241744761138801592	0.957564947916234293	0.148092359236639457	0.278283208932266839	0.578947579468281305	0.32480435224761439	0.160464332353379286	0.198686804142213667	0.261655947244249146	0.198327112961936503	0.140741683522550588
C:	0.325670149322147995	0.103422921169553838	0.327414528446411611	0.134124576196170921	0.189343848634607477	0.270606613508146962	0.00890377003085904356	0.848339209972328633	0.951945938221273703	0.0058782287859099348	0.00116346537221504756	0.00118035220877517613	0.992353124022064523	0.0143705135846208664	0.548115191020480177	0.176429147639582648	0.214640891361566239	0.299294960405281601	0.135452715991949267	0.224158796623794902	0.0922990009275349517	0.564036623900791885	0.317167950173445853
G:	0.158877826078589561	0.286005100917227181	0.335462401961744198	0.167576352635863944	0.336627744322024377	0.518669236463408746	0.0270007194396640845	0.107406800489294097	0.00401340740124967793	0.010545103168115605	0.990910475016336794	0.000902455145847480614	0.00214749737726999363	0.021236576500981136	0.0749793110678883134	0.0621506014753915955	0.0577133717582638135	0.13228699521710713	0.228692082184987046	0.371833617532824779	0.235028479306465244	0.201195886010938441	0.366526539559062126
T:	0.119317323121657074	0.0850762603583758727	0.28541879084067204	0.25505823149500152	0.207888712972088228	0.116534090141401627	0.0188077529164100016	0.00470578335940605739	0.00304632619629275033	0.9782938010891156	0.00285182104439700815	0.970520186545761562	0.00308193098927746726	0.00682796199816370445	0.228813138674992052	0.483137041952758917	0.148698157411888643	0.243613692129996878	0.475390869469684402	0.205320781701166652	0.411016572521750659	0.0364403771263331707	0.175563826744941433



