1	CAAT.ATTG	0.499784003949642064


A:	0.187130460413280992	0.102197950730392013	0.146456317558282085	0.328367211882037457	0.350725652987910971	0.385105013562838188	0.0817844833549097981	0.00803269654964096484	0.972324352863926597	0.9787246599097717	0.00210103089107524287	0.104109252680714402	0.986977921746993624	0.00212128016405195165	0.0214052101799680882	0.130737393586793566	0.215255509755053108	0.0316101737766585714	0.196014199631357899	0.212969456322062907	0.343238376175437243	0.212073827194572252	0.0476151426163633323
C:	0.425416263377782229	0.0951155911099042676	0.240877160684084816	0.301038769309196613	0.153752321180614913	0.197274206639836838	0.308932712029377555	0.856012327267334958	0.0040030820939719123	0.0170327797621243963	0.00448869335716891901	0.137152902972922637	0.00643235400476221364	0.00212128016405195165	0.00226735486213340235	0.0052175825962305111	0.468274181834739821	0.0656823896504217951	0.183472849024858849	0.214626985380853501	0.0840930048209713985	0.232646967704041969	0.486800208112280642
G:	0.33361453558922293	0.512817716810424777	0.363643643215412961	0.134599463491264931	0.205910527504284956	0.100972504846418787	0.0912093447113948722	0.0052175825962305111	0.00226735486213340235	0.00212128016405195165	0.00643235400476221364	0.610783808914672874	0.00448869335716891901	0.0170327797621243963	0.0040030820939719123	0.856012327267334958	0.237791549183294491	0.825971521997987172	0.487319992797349431	0.16048760840327585	0.436175123231291524	0.416966340028167767	0.102424629860968332
T:	0.0538387406197138496	0.289868741349278942	0.249022878542220138	0.235994555317500999	0.28961149832718916	0.316648274950906187	0.518073459904317775	0.130737393586793566	0.0214052101799680882	0.00212128016405195165	0.986977921746993624	0.147954035431690087	0.00210103089107524287	0.9787246599097717	0.972324352863926597	0.00803269654964096484	0.0786787592269125802	0.0767359145749324613	0.133192958546433821	0.411915949893807743	0.136493495772299835	0.138312865073218011	0.363160019410387694



2	AAT.ATTG.G	0.499634513755124216


A:	0.102197950730392013	0.146456317558282085	0.328367211882037457	0.350725652987910971	0.385105013562838188	0.0817844833549097981	0.00803269654964096484	0.978639788408209507	0.990188445153403095	0.00151981747032219541	0.104109252680714402	0.992741145990216223	0.00137575257871654637	0.00702341000091417936	0.0947298593830476802	0.215255509755053108	0.0316101737766585714	0.196014199631357899	0.212969456322062907	0.343238376175437243	0.212073827194572252	0.0476151426163633323	0.444815401816649795
C:	0.0951155911099042676	0.240877160684084816	0.301038769309196613	0.153752321180614913	0.197274206639836838	0.308932712029377555	0.856012327267334958	0.00758540313713173778	0.00372239192035717073	0.00305647112074519879	0.137152902972922637	0.00251601816088903136	0.00365378058013656684	0.00183225652404475498	0.00190078168465422573	0.468274181834739821	0.0656823896504217951	0.183472849024858849	0.214626985380853501	0.0840930048209713985	0.232646967704041969	0.486800208112280642	0.267254461519325947
G:	0.512817716810424777	0.363643643215412961	0.134599463491264931	0.205910527504284956	0.100972504846418787	0.0912093447113948722	0.0052175825962305111	0.00201498294372249411	0.0014079076809755272	0.00308897817674625762	0.610783808914672874	0.00179113416282423868	0.00429146213680337919	0.00605560321846605583	0.895515934586453997	0.237791549183294491	0.825971521997987172	0.487319992797349431	0.16048760840327585	0.436175123231291524	0.416966340028167767	0.102424629860968332	0.157730101717324873
T:	0.289868741349278942	0.249022878542220138	0.235994555317500999	0.28961149832718916	0.316648274950906187	0.518073459904317775	0.130737393586793566	0.0117598255109362608	0.00468125524526420695	0.992334733232186348	0.147954035431690087	0.00295170168607050734	0.990679004704343508	0.98508873025657501	0.00785342434584409676	0.0786787592269125802	0.0767359145749324613	0.133192958546433821	0.411915949893807743	0.136493495772299835	0.138312865073218011	0.363160019410387694	0.130200034946699384



3	AAT.ATTGC	0.499172716945720354


A:	0.102197950730392013	0.146456317558282085	0.328367211882037457	0.350725652987910971	0.385105013562838188	0.0817844833549097981	0.00803269654964096484	0.934528024755092592	0.982765833771572818	0.00307615272084693293	0.104109252680714402	0.990449296119403989	0.0026999722205279178	0.0183049044800687229	0.126230396851184238	0.215255509755053108	0.0316101737766585714	0.196014199631357899	0.212969456322062907	0.343238376175437243	0.212073827194572252	0.0476151426163633323	0.444815401816649795
C:	0.0951155911099042676	0.240877160684084816	0.301038769309196613	0.153752321180614913	0.197274206639836838	0.308932712029377555	0.856012327267334958	0.0396482395390587279	0.0109355795012032849	0.00309484905403030061	0.137152902972922637	0.00345813891269480794	0.00153202391886853106	0.00520884228304919163	0.00598261747664522152	0.468274181834739821	0.0656823896504217951	0.183472849024858849	0.214626985380853501	0.0840930048209713985	0.232646967704041969	0.486800208112280642	0.267254461519325947
G:	0.512817716810424777	0.363643643215412961	0.134599463491264931	0.205910527504284956	0.100972504846418787	0.0912093447113948722	0.0052175825962305111	0.00618934884527056827	0.00152465541004887546	0.00321917610239629434	0.610783808914672874	0.00307680724069244202	0.0127596412072304665	0.00420068537863108038	0.851543393846862563	0.237791549183294491	0.825971521997987172	0.487319992797349431	0.16048760840327585	0.436175123231291524	0.416966340028167767	0.102424629860968332	0.157730101717324873
T:	0.289868741349278942	0.249022878542220138	0.235994555317500999	0.28961149832718916	0.316648274950906187	0.518073459904317775	0.130737393586793566	0.0196343868605781117	0.00477393131717502173	0.990609822122726472	0.147954035431690087	0.00301575772720876055	0.983008362653373085	0.972285567858251005	0.0162435918253079774	0.0786787592269125802	0.0767359145749324613	0.133192958546433821	0.411915949893807743	0.136493495772299835	0.138312865073218011	0.363160019410387694	0.130200034946699384



4	AATGATTG	0.499132587543833654


A:	0.102197950730392013	0.146456317558282085	0.328367211882037457	0.350725652987910971	0.385105013562838188	0.0817844833549097981	0.00803269654964096484	0.921189495455201076	0.963476631259409158	0.00386964367445310182	0.104109252680714402	0.991554806471366396	0.00131276226965548006	0.0102975442924965483	0.205453474239630186	0.215255509755053108	0.0316101737766585714	0.196014199631357899	0.212969456322062907	0.343238376175437243	0.212073827194572252	0.0476151426163633323
C:	0.0951155911099042676	0.240877160684084816	0.301038769309196613	0.153752321180614913	0.197274206639836838	0.308932712029377555	0.856012327267334958	0.0194576884349112169	0.0311026017991730437	0.00383402000053095385	0.137152902972922637	0.00409386135300358435	0.00224926059299208825	0.0035531223253798532	0.00884573873797144394	0.468274181834739821	0.0656823896504217951	0.183472849024858849	0.214626985380853501	0.0840930048209713985	0.232646967704041969	0.486800208112280642
G:	0.512817716810424777	0.363643643215412961	0.134599463491264931	0.205910527504284956	0.100972504846418787	0.0912093447113948722	0.0052175825962305111	0.00696971398411500787	0.00133855155847463419	0.00189398841322317364	0.610783808914672874	0.00181340013048349313	0.00834796697254874815	0.00320403122259018087	0.778613155024497734	0.237791549183294491	0.825971521997987172	0.487319992797349431	0.16048760840327585	0.436175123231291524	0.416966340028167767	0.102424629860968332
T:	0.289868741349278942	0.249022878542220138	0.235994555317500999	0.28961149832718916	0.316648274950906187	0.518073459904317775	0.130737393586793566	0.0523831021257726997	0.00408221538294316445	0.990402347911792771	0.147954035431690087	0.00253793204514652608	0.988090010164803684	0.982945302159533418	0.00708763199790063634	0.0786787592269125802	0.0767359145749324613	0.133192958546433821	0.411915949893807743	0.136493495772299835	0.138312865073218011	0.363160019410387694



5	CAAT.ATT.A	0.498827809881299287


A:	0.363160019410387694	0.138312865073218011	0.136493495772299835	0.411915949893807743	0.133192958546433821	0.0767359145749324613	0.0786787592269125802	0.0243232158307364467	0.978343588829068935	0.986032141879092453	0.00165208957416421846	0.147954035431690087	0.99181499481239677	0.00769179376771437483	0.0372885364064297245	0.130737393586793566	0.518073459904317775	0.316648274950906187	0.28961149832718916	0.235994555317500999	0.249022878542220138	0.289868741349278942	0.0538387406197138496
C:	0.102424629860968332	0.416966340028167767	0.436175123231291524	0.16048760840327585	0.487319992797349431	0.825971521997987172	0.237791549183294491	0.867690989326251796	0.00192643091163193185	0.010055741619953616	0.00443835884555710823	0.610783808914672874	0.00310925105256643491	0.00132893439174544777	0.00311717608772684952	0.0052175825962305111	0.0912093447113948722	0.100972504846418787	0.205910527504284956	0.134599463491264931	0.363643643215412961	0.512817716810424777	0.33361453558922293
G:	0.486800208112280642	0.232646967704041969	0.0840930048209713985	0.214626985380853501	0.183472849024858849	0.0656823896504217951	0.468274181834739821	0.0056175125489356173	0.00445292004200231196	0.00125350671876321026	0.00229883672579049117	0.137152902972922637	0.00272146589357091081	0.00604368334085611852	0.0104159168976246802	0.856012327267334958	0.308932712029377555	0.197274206639836838	0.153752321180614913	0.301038769309196613	0.240877160684084816	0.0951155911099042676	0.425416263377782229
T:	0.0476151426163633323	0.212073827194572252	0.343238376175437243	0.212969456322062907	0.196014199631357899	0.0316101737766585714	0.215255509755053108	0.10236828229407614	0.0152770602172968208	0.00265860978219072095	0.991610714854488182	0.104109252680714402	0.00235428824146588404	0.984935588499684059	0.949178370608218746	0.00803269654964096484	0.0817844833549097981	0.385105013562838188	0.350725652987910971	0.328367211882037457	0.146456317558282085	0.102197950730392013	0.187130460413280992



