1	AGCTGTCA	0.497757768980135235


A:	0.155726912896357266	0.257047465351198996	0.446583992127270599	0.171376238155266512	0.0652444575150610829	0.364766434801846126	0.11299174502061758	0.887683505697959104	0.0198251100152804881	0.0230557702660409621	0.00520554309307896232	0.00449374258746156054	0.0232869542446253982	0.000959532538134134975	0.981712676804826892	0.336404646041478574	0.376105677883953201	0.0800818897317085769	0.240394967004529223	0.124607626447376167	0.229377011593453627	0.12016032180999753
C:	0.192346941954050913	0.198958474020312122	0.0486630147811412026	0.16982686849345485	0.0693699182205381152	0.382307619621900801	0.299730491860560619	0.00983183780702404496	0.579183457658982961	0.971494562429759461	0.00108903942900968404	0.000674822217049812634	0.000590969925301638555	0.992308302307895823	0.00381413590522119794	0.305931975963916715	0.146779570365998961	0.176534394378183434	0.0961298795566578247	0.709499434127248447	0.0410870694867116534	0.222764569566255872
G:	0.433416857399765351	0.20525819880626961	0.0516737282014534096	0.643297930409547563	0.170457135247136042	0.195823411965804665	0.44588892132873337	0.0248999988292139419	0.397923738033577139	0.00390999075174293484	0.0257794079133099772	0.990888730874683489	0.000876322822837018873	0.0042963670092978347	0.0112889891167351475	0.102964313304898261	0.124413095335455439	0.125522926857603791	0.446020752218916444	0.0209729062797991104	0.631780560308903325	0.31045605532919528
T:	0.21850928774982647	0.338735861822219272	0.453079264890134789	0.0154989629417310753	0.69492848901726476	0.057102533610448408	0.141388841790088431	0.0775846576658029091	0.00306769429215941155	0.00153967655245664162	0.967926009564601377	0.00394270432080513776	0.975245753007235944	0.00243579814467220691	0.00318419817321676252	0.25469906468970645	0.352701656414592399	0.617860789032504199	0.217454401219896508	0.144920033145576275	0.0977553586109313948	0.346619053294551317



2	ACCTGTCA	0.497738609291244789


A:	0.155726912896357266	0.257047465351198996	0.446583992127270599	0.171376238155266512	0.0652444575150610829	0.364766434801846126	0.11299174502061758	0.823515858321716406	0.0198251100152804881	0.0576939472090082595	0.00119510276666993494	0.0133234906049381202	0.0117037792112521332	0.00263432073206780775	0.981359522058148706	0.336404646041478574	0.376105677883953201	0.0800818897317085769	0.240394967004529223	0.124607626447376167	0.229377011593453627	0.12016032180999753
C:	0.192346941954050913	0.198958474020312122	0.0486630147811412026	0.16982686849345485	0.0693699182205381152	0.382307619621900801	0.299730491860560619	0.00722335568899796666	0.579183457658982961	0.93492709926844985	0.00362955399281305656	0.000382720147493322632	0.00151687977565861406	0.99316270484133414	0.00594310162050994645	0.305931975963916715	0.146779570365998961	0.176534394378183434	0.0961298795566578247	0.709499434127248447	0.0410870694867116534	0.222764569566255872
G:	0.433416857399765351	0.20525819880626961	0.0516737282014534096	0.643297930409547563	0.170457135247136042	0.195823411965804665	0.44588892132873337	0.153444211464975918	0.397923738033577139	0.00625869500327933838	0.0203110347493305027	0.983772869108789859	0.000903694109642969577	0.00205479004470849405	0.00722345097020168499	0.102964313304898261	0.124413095335455439	0.125522926857603791	0.446020752218916444	0.0209729062797991104	0.631780560308903325	0.31045605532919528
T:	0.21850928774982647	0.338735861822219272	0.453079264890134789	0.0154989629417310753	0.69492848901726476	0.057102533610448408	0.141388841790088431	0.0158165745243097101	0.00306769429215941155	0.00112025851926255255	0.974864308491186506	0.0025209201387786985	0.985875646903446283	0.00214818438188955848	0.00547392535113966227	0.25469906468970645	0.352701656414592399	0.617860789032504199	0.217454401219896508	0.144920033145576275	0.0977553586109313948	0.346619053294551317



3	A..TGACAGG	0.497670479924562013


A:	0.257040515269837339	0.0951535133863485986	0.359051701939761391	0.0317126471797003629	0.205184180263172228	0.0633392207989887402	0.653425619757170346	0.16349601444762102	0.426050304324774597	0.00362113645254377733	0.00122025968019075957	0.972603727103194587	0.00113603560116623175	0.978050875737434802	0.00299197700796456124	0.00340220912090517394	0.0158165745243097101	0.0668739068822406724	0.10872496547907005	0.23217046348368577	0.131864886024047705	0.300301120627750511	0.182532966673546185
C:	0.10805405256308586	0.500567902865820444	0.211477080449107794	0.123837861634460791	0.0929274186756989677	0.471888277312890242	0.267925217249469514	0.125993829306892797	0.0449527137977405536	0.0159561257385853769	0.00283261867578816703	0.0018843720599916213	0.988444709145386359	0.0162927411255717026	0.00290545053958278795	0.17145665425529487	0.153444211464975918	0.546700689963318921	0.0571585329613461198	0.360127058846795372	0.0226521882332071945	0.0467110486704753893	0.122845378653409883
G:	0.214436503583549007	0.281537504097005049	0.353609056423444881	0.0976638150911551254	0.669567965348139237	0.284900149037053553	0.0450629940140874347	0.149290951529545847	0.426239412950262049	0.00386943284871416495	0.993315341241880676	0.000727071688317165639	0.000834773559494751356	0.004273138227331878	0.978910976077271483	0.812737213314014188	0.00722335568899796666	0.329125823902959245	0.139034888688954991	0.25113705410511587	0.841550014710184181	0.195901604393430735	0.520509739816448822
T:	0.420468928583527794	0.122741079650825909	0.0758621611876859339	0.746785676094683721	0.0323204357129895681	0.179872352851067465	0.033586168979272705	0.561219204715940336	0.102757568927222801	0.976553304960156681	0.00263178040214039698	0.0247848291484966258	0.00958448169395265837	0.00138324490966161696	0.0151915963751811682	0.0124039233097857683	0.823515858321716406	0.057299579251481162	0.69508161287062884	0.156565423564402988	0.00393291103256091875	0.457086226308343365	0.17411191485659511



4	CCTGTCA.A	0.497237249160421526


A:	0.17411191485659511	0.457086226308343365	0.00393291103256091875	0.156565423564402988	0.69508161287062884	0.057299579251481162	0.823515858321716406	0.0145294047083793046	0.0573553837556661833	0.00193783459653607229	0.00739736551806316757	0.00850662789870014368	0.00337927465838048848	0.977194553261915273	0.102757568927222801	0.561219204715940336	0.033586168979272705	0.179872352851067465	0.0323204357129895681	0.746785676094683721	0.0758621611876859339	0.122741079650825909	0.420468928583527794
C:	0.520509739816448822	0.195901604393430735	0.841550014710184181	0.25113705410511587	0.139034888688954991	0.329125823902959245	0.00722335568899796666	0.614038716615946638	0.93735017310622084	0.00521000310083412585	0.000451058974885123597	0.00129986191979712355	0.991273870439090536	0.0101297967615641731	0.426239412950262049	0.149290951529545847	0.0450629940140874347	0.284900149037053553	0.669567965348139237	0.0976638150911551254	0.353609056423444881	0.281537504097005049	0.214436503583549007
G:	0.122845378653409883	0.0467110486704753893	0.0226521882332071945	0.360127058846795372	0.0571585329613461198	0.546700689963318921	0.153444211464975918	0.366069554269088605	0.0042107907825200318	0.0203751932114197425	0.987430714030515937	0.00127594720498706656	0.00363983382027855001	0.0103407185869845174	0.0449527137977405536	0.125993829306892797	0.267925217249469514	0.471888277312890242	0.0929274186756989677	0.123837861634460791	0.211477080449107794	0.500567902865820444	0.10805405256308586
T:	0.182532966673546185	0.300301120627750511	0.131864886024047705	0.23217046348368577	0.10872496547907005	0.0668739068822406724	0.0158165745243097101	0.00536232440658545284	0.00108365235559294449	0.972476969091210059	0.00472086147653577223	0.988917562976515666	0.00170702108225042572	0.0023349313895360365	0.426050304324774597	0.16349601444762102	0.653425619757170346	0.0633392207989887402	0.205184180263172228	0.0317126471797003629	0.359051701939761391	0.0951535133863485986	0.257040515269837339



5	G.CCTGTCA	0.497174384171257465


A:	0.0617123810440383656	0.390362995816901096	0.17411191485659511	0.457086226308343365	0.00393291103256091875	0.156565423564402988	0.69508161287062884	0.057299579251481162	0.823515858321716406	0.017854626737417592	0.0699547393581316892	0.00300720567831867524	0.0130541023329367098	0.0288009683930434422	0.00231217026378562454	0.970752623139815909	0.102757568927222801	0.561219204715940336	0.033586168979272705	0.179872352851067465	0.0323204357129895681	0.746785676094683721	0.0758621611876859339
C:	0.316384565820698787	0.226902357806115639	0.520509739816448822	0.195901604393430735	0.841550014710184181	0.25113705410511587	0.139034888688954991	0.329125823902959245	0.00722335568899796666	0.645127436417400541	0.922416276066172088	0.00819199400011748697	0.000710024490157131297	0.00104686567811122933	0.991466114988594025	0.00524760170836915735	0.426239412950262049	0.149290951529545847	0.0450629940140874347	0.284900149037053553	0.669567965348139237	0.0976638150911551254	0.353609056423444881
G:	0.0234917885789744697	0.263167631027969108	0.122845378653409883	0.0467110486704753893	0.0226521882332071945	0.360127058846795372	0.0571585329613461198	0.546700689963318921	0.153444211464975918	0.332267311565821783	0.00410317075583012766	0.014064312919672636	0.983746957571272266	0.000974937966075879646	0.00399545155029440945	0.0183392646349826357	0.0449527137977405536	0.125993829306892797	0.267925217249469514	0.471888277312890242	0.0929274186756989677	0.123837861634460791	0.211477080449107794
T:	0.598411264556288378	0.119567015349014157	0.182532966673546185	0.300301120627750511	0.131864886024047705	0.23217046348368577	0.10872496547907005	0.0668739068822406724	0.0158165745243097101	0.00475062527936008478	0.00352581381986609509	0.974736487401891202	0.00248891560563389306	0.969177227962769449	0.0022262631973259414	0.00566051051683229763	0.426050304324774597	0.16349601444762102	0.653425619757170346	0.0633392207989887402	0.205184180263172228	0.0317126471797003629	0.359051701939761391



