1	CATTAATG	0.497383043111574143


A:	0.135242003773521176	0.411724882626198463	0.172833203312460782	0.377098894573610207	0.0626899270840872308	0.491181172186399274	0.0655655697784937287	0.363291246620209013	0.920596396385363351	0.0238596813500170423	0.110650982376649652	0.880520191334561041	0.968836512954033149	0.0746300639104980653	0.0519869889883137976	0.183778278195279844	0.240371646207223318	0.0764578768003853987	0.126385213921331769	0.126355655480074412	0.373776634167332005	0.288126036796080076
C:	0.36960220636054798	0.0365225304046330163	0.170740352615774276	0.583626690173093498	0.73464351027188734	0.0648578326700873659	0.337911707294958605	0.578352605339649744	0.0021655610256429595	0.00149578338945115303	0.00725112019567966351	0.00157770609310964318	0.00580802230649865547	0.00260797867849562458	0.00636915905182744476	0.728517533254525082	0.379217898528834889	0.596771837681292017	0.109067728369048769	0.0996220968051392439	0.280720011117527245	0.0916825598962251382
G:	0.112565974445718853	0.356001709975107214	0.563049890890976584	0.03047300472270063	0.0869861723949091392	0.370810935565948893	0.132339488174666785	0.00636915905182744476	0.00260797867849562458	0.00580802230649865547	0.00157770609310964318	0.00725112019567966351	0.00149578338945115303	0.0021655610256429595	0.578352605339649744	0.0447642834716281246	0.107782279374964426	0.137015550065667865	0.708001779972581478	0.632125179370529189	0.146321615257766975	0.383255909473382074
T:	0.382589815420211991	0.195750876994061307	0.0933765531807883587	0.00880141053059566524	0.115680390249116289	0.0731500595775644677	0.464183234751880881	0.0519869889883137976	0.0746300639104980653	0.968836512954033149	0.880520191334561041	0.110650982376649652	0.0238596813500170423	0.920596396385363351	0.363291246620209013	0.0429399050785669496	0.272628175888977367	0.18975473545265472	0.0565452777370379838	0.141897068344257155	0.199181739457373775	0.236935493834312712



2	AAT.AATGC	0.497329271924164971


A:	0.527403011747892046	0.127118312485960054	0.301127328342962607	0.0473824151832819975	0.100624324281588706	0.127323747844025939	0.127340177536017086	0.730294330546682464	0.587400038880721747	0.00279395947936680751	0.373450610005859738	0.984223576038571742	0.947225879265829629	0.0134938353158968417	0.091080642163851645	0.121082012475241872	0.55043154817498009	0.17845616869949412	0.222922928559931223	0.28781872022729238	0.216580296522720521	0.148000144377590354	0.348268185597099856
C:	0.149747038532717911	0.0727326136644068424	0.124707104315494767	0.370617921651654854	0.182186420472354922	0.138740658829641425	0.411713474393357285	0.198747961509681888	0.0149347215157401714	0.00305233830566157546	0.00574215985302330494	0.00297551753461227659	0.0153200896603773565	0.00427993810936469119	0.00611721498212587536	0.741176662025776205	0.0667844314766183045	0.539808604154166018	0.149467265908996127	0.322671505096913174	0.340440034285228491	0.0974986320744628619	0.4552361021387373
G:	0.128693079405157609	0.526790077387015782	0.106432347806889653	0.464960581398061344	0.445811058795411307	0.514698805718780444	0.0301099667408027649	0.0150195120571247769	0.0189733709291158052	0.00281946995955870254	0.0070132187251243291	0.00591207040401618714	0.0109719379329670332	0.0177265813838047467	0.848869593747130829	0.0230856862253041078	0.189997022890517584	0.209728664814739795	0.391915935111675676	0.145987667722803031	0.227415230661414459	0.159622903678866326	0.0738818065863407118
T:	0.194156870314232434	0.273358996462617322	0.467733219534652974	0.117039081767001804	0.271378196450645065	0.219236787607552192	0.430836381329822864	0.0559381958865108708	0.378691868674422277	0.991334232255412914	0.613794011415992628	0.00688883602279979436	0.0264820931408259817	0.96449964519093372	0.0539325491068916506	0.114655639273677815	0.192786997457884021	0.0720065623316000672	0.235693870419396974	0.243522106952991414	0.215564438530636529	0.594878319869080458	0.122613905677822133



3	ATTAAAT.C	0.4971346799675749


A:	0.415359873253227903	0.24513744130431501	0.0264393874635725889	0.0216660251760650835	0.123642291607134217	0.135763328485674968	0.0443921445940498318	0.902086590956205777	0.462554318390344857	0.00841281792463255508	0.504963762772434023	0.985451921856107533	0.688857960910167373	0.0226103693787243664	0.194281002349909917	0.151832167391438815	0.321425506683538216	0.647880532614035241	0.738135306844735501	0.899962466307791547	0.0963125244260551372	0.148872875316768459	0.174335013923230167
C:	0.0861236938637478549	0.0264173911852015421	0.516327907952632211	0.102995032861074555	0.162861468327533774	0.0922175812333123884	0.784447420448647613	0.0405710881116636927	0.00505034020748841264	0.00674355428942606256	0.00496397350612553672	0.00677450420347633964	0.0434292166076955094	0.0132597954334208982	0.0105201945869793798	0.557322136102733415	0.0507739830166164623	0.21756185289671301	0.120012081609514506	0.0202314617247901976	0.403746946768706427	0.321929393440417131	0.377471715689727523
G:	0.476686827127185479	0.104596505573560065	0.0870826685113012223	0.845786453376162515	0.145427242425966951	0.391217157828870798	0.00294132782274396269	0.00401961443826668975	0.0120125836270111282	0.00132528691727857321	0.0109694491622376601	0.00200266670168592762	0.0268537783361977835	0.0475576718566440055	0.655377549135577387	0.0932227019574662252	0.445199652335464377	0.124507063415088577	0.110019410229937292	0.0564777805535476856	0.0351823191952516272	0.144885941072347702	0.221890462326828876
T:	0.0218296057558387628	0.623848661936923382	0.370150036072493978	0.0295524885866978473	0.568068997639365058	0.380801932452141846	0.168219107134558592	0.0533227064938638404	0.520382757775155602	0.983518340868662809	0.47910281455920278	0.00577090723873020017	0.240859044145939335	0.91657216333121073	0.139821253927533316	0.197622994548361544	0.182600857964380945	0.0100505510741631719	0.0318332013158127014	0.0233282914138705702	0.464758209609986809	0.384311790170466708	0.226302808060213433



4	A.TTAATGC	0.497133852796664847


A:	0.291450592899541059	0.0574007052845183473	0.0981849597701456695	0.0249191467875214733	0.155705107210259335	0.351531371752101741	0.0391399821707736867	0.903019235228749837	0.391477563864257465	0.00769602694803631787	0.373450610005859738	0.989952052949377766	0.901917100348064423	0.0190362843933367138	0.0786812078046231896	0.144509229225340212	0.315094472383670176	0.0384657839965889778	0.240906583394991419	0.362172169073364771	0.0764340821224348663	0.269575484060139293	0.465401545599952443
C:	0.191286823400084105	0.0527917662343140303	0.0244240052405743535	0.241823590775671241	0.317114274586022537	0.0761361195450489601	0.804967818508905025	0.0440938867365959803	0.00744775882130459905	0.00185858934068649121	0.00574215985302330494	0.000943966438107671555	0.00824335724153111243	0.00144474272970302617	0.00224457528129792385	0.753951659211248749	0.439934066466337422	0.846785501698334098	0.209831530196713539	0.142866257230993388	0.608542187294492965	0.133649700234378636	0.393254981824642544
G:	0.245898239443983604	0.305231016594430259	0.0256323482565505338	0.534549705118555029	0.300555474938154209	0.51142458903145786	0.0166558956734867401	0.00977029164409963451	0.0136436561791260274	0.00118838165179834383	0.0070132187251243291	0.00229247644625216192	0.0028350613056669204	0.00987247253778342488	0.874829963644917062	0.0221867403710902079	0.0903415615479685414	0.100051096725520483	0.302448431113436372	0.352070164619910806	0.173716616405075035	0.398799232466236183	0.0788887086033518
T:	0.271364344256391232	0.584576511886737364	0.851758686732729443	0.198707557318252257	0.226625143265563919	0.0609079196713914389	0.139236303646834548	0.043116586390554548	0.587431021135311909	0.989257002059478847	0.613794011415992628	0.0068115041662624004	0.0870044811047375442	0.969646500339176835	0.0442442532691618249	0.0793523711923208306	0.154629899602023861	0.0146976175795564416	0.246813455294858671	0.142891409075731035	0.141307114177997133	0.197975583239245889	0.0624547639720532127



5	ATTAATGC	0.496922924214601221


A:	0.411724882626198463	0.172833203312460782	0.377098894573610207	0.0626899270840872308	0.491181172186399274	0.0655655697784937287	0.363291246620209013	0.719948517275523881	0.0180546821807150179	0.22131384252386065	0.981633820632333751	0.979046390136347985	0.00801871583835372188	0.0735578017912325792	0.183778278195279844	0.240371646207223318	0.0764578768003853987	0.126385213921331769	0.126355655480074412	0.373776634167332005	0.288126036796080076	0.437300686333853754
C:	0.0365225304046330163	0.170740352615774276	0.583626690173093498	0.73464351027188734	0.0648578326700873659	0.337911707294958605	0.578352605339649744	0.00284951522915384847	0.000597627265943264974	0.00987925561422936489	0.00135205437235255936	0.00626906585033357051	0.00322390991858377668	0.0025974873366660968	0.728517533254525082	0.379217898528834889	0.596771837681292017	0.109067728369048769	0.0996220968051392439	0.280720011117527245	0.0916825598962251382	0.0466536092467351905
G:	0.356001709975107214	0.563049890890976584	0.03047300472270063	0.0869861723949091392	0.370810935565948893	0.132339488174666785	0.00636915905182744476	0.00693287018168972842	0.00231198390216567084	0.00331621962391716567	0.00214012722445432878	0.00143287996777556585	0.00355648551773027822	0.884240907483879888	0.0447642834716281246	0.107782279374964426	0.137015550065667865	0.708001779972581478	0.632125179370529189	0.146321615257766975	0.383255909473382074	0.455709059935888075
T:	0.195750876994061307	0.0933765531807883587	0.00880141053059566524	0.115680390249116289	0.0731500595775644677	0.464183234751880881	0.0519869889883137976	0.270269097313632542	0.979035706651176046	0.76549068223799282	0.0148739977708593611	0.0132516640455428791	0.985200888725332223	0.0396038033882214356	0.0429399050785669496	0.272628175888977367	0.18975473545265472	0.0565452777370379838	0.141897068344257155	0.199181739457373775	0.236935493834312712	0.0603366444835229803



