1	CATTAATG	0.479844961240310078


A:	0.129353168315728026	0.197163884933847975	0.124623810862897917	0.180303734079768906	0.154438674949401895	0.172654223929976604	0.0784378392937133101	0.369325156280947554	0.887984029506126601	0.0752782157967172131	0.0667824947306665963	0.910314795921410292	0.896147713929060084	0.0623620516730323723	0.0485855190302149649	0.474577324389045799	0.267579016451305847	0.266197726898341076	0.231344175288020994	0.16661269768102106	0.345001418581727133	0.215077892556253514
C:	0.358750926187685369	0.0597791958132734477	0.23993894127010981	0.124320724908094077	0.0741400603358299525	0.167708151602893222	0.285938483625532874	0.519447162114728481	0.00552226080764844593	0.0120580567396332531	0.0162820148464082094	0.00662069450151490253	0.0165160135345894498	0.0441316580131925805	0.0626421625741090003	0.32287194940773377	0.102131419975821504	0.311699568152226327	0.135285743724645857	0.228792254691279654	0.319631768223822778	0.072643453261006483
G:	0.138956916136971689	0.15054059690394682	0.0278997959747712236	0.0642268219216413998	0.612853463891072061	0.112380599638920775	0.272388189077607872	0.0626421625741090003	0.0441316580131925805	0.0165160135345894498	0.00662069450151490253	0.0162820148464082094	0.0120580567396332531	0.00552226080764844593	0.519447162114728481	0.0652882641604585914	0.253601841523898546	0.155927486502714683	0.407921811903124033	0.093234741367664221	0.056312689390605511	0.100319774917359708
T:	0.372938989359614916	0.592516322348931757	0.607537451892221049	0.631148719090495617	0.158567800823696092	0.547257024828209399	0.363235488003145944	0.0485855190302149649	0.0623620516730323723	0.896147713929060084	0.910314795921410292	0.0667824947306665963	0.0752782157967172131	0.887984029506126601	0.369325156280947554	0.13726246204276184	0.376687722048974103	0.266175218446717914	0.225448269084209116	0.511360306260035066	0.279054123803844578	0.611958879265380295



2	A.TTAATGC	0.47623722032893762


A:	0.0791742421474509473	0.31200831745619903	0.132163414061592684	0.198991527631116874	0.22739718782924281	0.137099985444887412	0.105061877067681277	0.897961827737280028	0.594229102008434782	0.0303472772897029917	0.137925442860498611	0.96919223718822159	0.888946301408876274	0.0151196197939639663	0.0398315042523690274	0.0701717802441590719	0.279100347747125514	0.102001231693739486	0.201184189900587158	0.143714184273762688	0.33721282422091494	0.583939588530393905	0.527196474888631209
C:	0.25169716874886067	0.160794702548406056	0.177594893653276923	0.455801612483906532	0.136343567179968656	0.178162585239694904	0.324441109144556969	0.0357266189383153457	0.0280723466890311835	0.0136478212724633164	0.0230204563061210481	0.0105723210680317981	0.0116779096445563414	0.0139957657619097567	0.0115014613357822422	0.784042451565261434	0.146580215829388653	0.381543520953809176	0.0551869038893545108	0.244693901450071178	0.273984564682830806	0.254723242480942714	0.0934194636084607171
G:	0.110559052988324578	0.180506512040383181	0.455320025251372689	0.0585649442969806824	0.262598360884311502	0.39668926881899742	0.209750443476761106	0.0322930406358169122	0.0840025078916727376	0.0108807559941180128	0.0169080416632256165	0.00757947445561111786	0.00555198704411650557	0.0106531738565177559	0.897136005589334805	0.0427876805404660005	0.162660612485798638	0.108569750892434336	0.635506808941833787	0.113239985122479115	0.222241123611439565	0.0273890104984039399	0.286375977381838583
T:	0.558569536115363805	0.346690467955011733	0.234921667033757704	0.286641915587995912	0.373660884106477032	0.288048160496420264	0.360746570311000648	0.0340185126885877143	0.293696043410861297	0.945124145443715679	0.822146059170154725	0.0126559672881354935	0.093823801902450879	0.960231440587608521	0.0515310288225139258	0.102998087650113494	0.411658823937687195	0.407885496460017002	0.108122097268224544	0.498351929153687019	0.166561487484814689	0.133948158490259441	0.0930080841210694911



3	AATTAATG	0.47619591524251704


A:	0.129353168315728026	0.197163884933847975	0.124623810862897917	0.180303734079768906	0.154438674949401895	0.172654223929976604	0.0784378392937133101	0.369325156280947554	0.594229102008434782	0.05698898840293844	0.344637829758834413	0.809619067023598046	0.854540478833963507	0.0714475144880913977	0.133998162486293619	0.474577324389045799	0.267579016451305847	0.266197726898341076	0.231344175288020994	0.16661269768102106	0.345001418581727133	0.215077892556253514
C:	0.358750926187685369	0.0597791958132734477	0.23993894127010981	0.124320724908094077	0.0741400603358299525	0.167708151602893222	0.285938483625532874	0.519447162114728481	0.0280723466890311835	0.0723160904767406171	0.0170286386587278448	0.0138081384081682844	0.0141493396793076338	0.0220075629637875647	0.0177425356195516467	0.32287194940773377	0.102131419975821504	0.311699568152226327	0.135285743724645857	0.228792254691279654	0.319631768223822778	0.072643453261006483
G:	0.138956916136971689	0.15054059690394682	0.0278997959747712236	0.0642268219216413998	0.612853463891072061	0.112380599638920775	0.272388189077607872	0.0626421625741090003	0.0840025078916727376	0.0205199413866953464	0.0167022029266194714	0.0314319725557324889	0.0284041783630877869	0.0540376106321374048	0.644568956836810128	0.0652882641604585914	0.253601841523898546	0.155927486502714683	0.407921811903124033	0.093234741367664221	0.056312689390605511	0.100319774917359708
T:	0.372938989359614916	0.592516322348931757	0.607537451892221049	0.631148719090495617	0.158567800823696092	0.547257024828209399	0.363235488003145944	0.0485855190302149649	0.293696043410861297	0.850174979733625596	0.621631328655818271	0.145140822012501181	0.102906003123641073	0.852507311915983633	0.203690345057344605	0.13726246204276184	0.376687722048974103	0.266175218446717914	0.225448269084209116	0.511360306260035066	0.279054123803844578	0.611958879265380295



4	ATTAATGA	0.475294502617801047


A:	0.197163884933847975	0.124623810862897917	0.180303734079768906	0.154438674949401895	0.172654223929976604	0.0784378392937133101	0.369325156280947554	0.804293450450226542	0.0588894733886724622	0.061464742185545747	0.890066219973362493	0.918602607955090648	0.0584593937546981618	0.0704429257907286878	0.474577324389045799	0.267579016451305847	0.266197726898341076	0.231344175288020994	0.16661269768102106	0.345001418581727133	0.215077892556253514	0.391368459997675416
C:	0.0597791958132734477	0.23993894127010981	0.124320724908094077	0.0741400603358299525	0.167708151602893222	0.285938483625532874	0.519447162114728481	0.0160701745048660585	0.0223283257056044393	0.06188923845214079	0.0158865391654601673	0.0169268862666394198	0.0638158712620623636	0.0441590763207646195	0.32287194940773377	0.102131419975821504	0.311699568152226327	0.135285743724645857	0.228792254691279654	0.319631768223822778	0.072643453261006483	0.125781453220103825
G:	0.15054059690394682	0.0278997959747712236	0.0642268219216413998	0.612853463891072061	0.112380599638920775	0.272388189077607872	0.0626421625741090003	0.0321089906267773123	0.0167483081503585015	0.016697839567969797	0.0309887294073634661	0.0282472685564372645	0.0167182617604576399	0.555305021374508169	0.0652882641604585914	0.253601841523898546	0.155927486502714683	0.407921811903124033	0.093234741367664221	0.056312689390605511	0.100319774917359708	0.268041637060769292
T:	0.592516322348931757	0.607537451892221049	0.631148719090495617	0.158567800823696092	0.547257024828209399	0.363235488003145944	0.0485855190302149649	0.147527384418130087	0.902033892755364597	0.859948179794343666	0.0630585114538138733	0.0362232372218326673	0.861006473222781835	0.330092976513998524	0.13726246204276184	0.376687722048974103	0.266175218446717914	0.225448269084209116	0.511360306260035066	0.279054123803844578	0.611958879265380295	0.214808449721451466



5	CATTAAT..A	0.474110362028942559


A:	0.611958879265380295	0.279054123803844578	0.511360306260035066	0.225448269084209116	0.266175218446717914	0.376687722048974103	0.13726246204276184	0.179924889602477936	0.918838015175258138	0.036823892663953787	0.0542155047278356599	0.873147506784452849	0.929464430162549612	0.0460700727373102391	0.0485855190302149649	0.363235488003145944	0.547257024828209399	0.158567800823696092	0.631148719090495617	0.607537451892221049	0.592516322348931757	0.372938989359614916	0.227698654285393715
C:	0.100319774917359708	0.056312689390605511	0.093234741367664221	0.407921811903124033	0.155927486502714683	0.253601841523898546	0.0652882641604585914	0.763481414345119419	0.0114737754534755971	0.0301736014264390849	0.00771805150383118405	0.0157298616227566201	0.0154202328011826367	0.0299943164851006888	0.0626421625741090003	0.272388189077607872	0.112380599638920775	0.612853463891072061	0.0642268219216413998	0.0278997959747712236	0.15054059690394682	0.138956916136971689	0.254249216682156378
G:	0.072643453261006483	0.319631768223822778	0.228792254691279654	0.135285743724645857	0.311699568152226327	0.102131419975821504	0.32287194940773377	0.0144735893712368749	0.0306979300608487995	0.021934598837292916	0.0116446830767201551	0.0198546623285984512	0.0132495801828926186	0.0222910938532389284	0.519447162114728481	0.285938483625532874	0.167708151602893222	0.0741400603358299525	0.124320724908094077	0.23993894127010981	0.0597791958132734477	0.358750926187685369	0.204764860227314635
T:	0.215077892556253514	0.345001418581727133	0.16661269768102106	0.231344175288020994	0.266197726898341076	0.267579016451305847	0.474577324389045799	0.0421201066811657709	0.0389902793104174652	0.911067907072314212	0.926421760691613001	0.09126796926419208	0.0418657568533751326	0.901644516924350144	0.369325156280947554	0.0784378392937133101	0.172654223929976604	0.154438674949401895	0.180303734079768906	0.124623810862897917	0.197163884933847975	0.129353168315728026	0.313287268805135273



