1	AATGATTG	0.498539907146737788


A:	0.147123023191549645	0.233316725116458828	0.178717916305270799	0.403079021911111562	0.149474750084382605	0.0790410920788046852	0.0302124817731089972	0.899607223688201065	0.953152572481962011	0.00800684343027342602	0.00410495138100268928	0.988394870678540549	0.00519933818540487623	0.0220362618462600718	0.134621925112033377	0.15478233035791762	0.133534319938825198	0.328924960961550433	0.219179594591806277	0.255900795482710807	0.246194251292235637	0.236566873651015809
C:	0.199780863738830536	0.183483935175659464	0.0747260007746066029	0.104969359513461771	0.492929796912695971	0.486773151574369328	0.438857205816651701	0.0221720327497181019	0.0266551216324125505	0.00495176526115034959	0.13008981510139606	0.00396235274219810011	0.00199934793649805534	0.00255579786959074742	0.00476524099029751886	0.336481324072390692	0.381040564971642576	0.239141020383754656	0.286652704763144521	0.407423001608915413	0.366699074766532522	0.353543121082979527
G:	0.0528424746824004353	0.304100731823849651	0.197951647725740726	0.172313393034214987	0.129043871967850232	0.195340791639318775	0.041406607136327985	0.00658784929703915437	0.00297687409354855909	0.00169214927301512504	0.857074923243252785	0.00249325102515491352	0.00597211614393388744	0.00191101403890866262	0.852436796848315117	0.359423772032992489	0.207573510056855201	0.116261890378881205	0.167667952564047346	0.264684100952855436	0.175036959059350554	0.168364533263592687
T:	0.600253638387219383	0.279098607884032056	0.548604435194381872	0.319638225541211681	0.228551581035071192	0.238844964707507212	0.489523705273911317	0.0716328942650416792	0.0172154317920768792	0.985349242035561099	0.00873031027434846569	0.0051495255541064376	0.986829197734163181	0.973496926245240518	0.00817603704935398678	0.149312573536699199	0.277851605032677025	0.315672128275813706	0.326499748081001855	0.0719921019555183443	0.212069714881881286	0.241525472002411977



2	CAAT.ATTG	0.496550234509997531


A:	0.154455006063096369	0.0604879306790472724	0.0684336511768178581	0.38941078153171072	0.179446611174828958	0.375024434428814983	0.193597467832707486	0.0245314900565901775	0.8923970026696211	0.957296281060636931	0.00965263652675107848	0.00410495138100268928	0.9710690660788033	0.0110282018158730639	0.0749059706812007025	0.244411346818027399	0.184622698642326574	0.119508682502182518	0.0587189015577451824	0.1721482560546133	0.463292331584450688	0.270929862948877537	0.0425183603414973911
C:	0.414919641337024586	0.0578137087833605176	0.187916000581480552	0.179360201932274287	0.337846409875895108	0.427740867849794448	0.433201825618444996	0.695987956014187281	0.027850239627910008	0.020998690140282498	0.0116384716489694262	0.13008981510139606	0.00763982574547619526	0.0106768269832075074	0.00484678702126818992	0.0350692071111951424	0.205177785317908635	0.173826085408951541	0.122168640460814288	0.273994476429717692	0.0770078103218226277	0.334227906151503376	0.518656312167820059
G:	0.292283018464932462	0.277413160810761491	0.324822560734543331	0.247762793773466736	0.154103124760756878	0.0815371747393141141	0.114682538031903721	0.0350692071111951424	0.00484678702126818992	0.0106768269832075074	0.00763982574547619526	0.857074923243252785	0.0116384716489694262	0.020998690140282498	0.027850239627910008	0.695987956014187281	0.523330332452827314	0.503870869433358719	0.320632366137947	0.26586919835029478	0.370288400483022686	0.147769596876434589	0.20294367842515889
T:	0.138342334134946583	0.604285199726830719	0.418827787507158259	0.183466222762548257	0.328603854188519057	0.115697522982076454	0.258518168516943797	0.244411346818027399	0.0749059706812007025	0.0110282018158730639	0.9710690660788033	0.00873031027434846569	0.00965263652675107848	0.957296281060636931	0.8923970026696211	0.0245314900565901775	0.0868691835869374777	0.202794362655507222	0.49848009184349353	0.287988069165374227	0.0894114576107039981	0.247072634023184498	0.235881649065523661



3	A.CAATCAT	0.495357336889415716


A:	0.500825396258824704	0.106682853464761578	0.126595160211910759	0.489734923967056467	0.15421527387464926	0.19348568370533935	0.371822586307231177	0.566910254181877547	0.0762981552980343719	0.00813077662752484421	0.955417164158823659	0.959735002121392769	0.0191893229897422975	0.0173345989255543582	0.944270992799015994	0.073905142049553326	0.0716328942650416792	0.621431819978892404	0.22305454527937153	0.113313981010095004	0.183868816639078894	0.0992158003207993457	0.246773618603161719
C:	0.0474110206287128129	0.130484883004407655	0.197185771731460066	0.211228697819619498	0.359683854542585373	0.171347715205222879	0.419583147887226588	0.110631524205320928	0.490923556048257209	0.777682154289980978	0.0101918791092705307	0.0186906763943820646	0.00310953227956402198	0.901459887220715186	0.00685131179305079432	0.026427742874082386	0.00658784929703915437	0.102835600214988392	0.151735257543817774	0.384342384569760593	0.0758145332374252037	0.572828127243483708	0.42880194431728948
G:	0.315672236188198094	0.210561567856738269	0.550589538677334866	0.116357501393578722	0.171766079179588676	0.173156572931043451	0.0866844092890783574	0.0553474537260797356	0.339077978779645171	0.00668467786915356539	0.0119331929978158914	0.00541336266731715798	0.0205592642934579891	0.0398406890703895716	0.0341733352863415846	0.076383151452313301	0.0221720327497181019	0.183970273457176429	0.393890988008450291	0.233384836979034478	0.214275233838060526	0.156354974892013944	0.145775122967432254
T:	0.136091346924264389	0.552270695674092498	0.12562952937929431	0.182678876819745313	0.31433479240317669	0.462010028158394319	0.121909856516463878	0.267110767886721789	0.0937003098740632487	0.207502391213340613	0.0224577637340899186	0.0161609588169080084	0.957141880437235691	0.0413648247833408839	0.0147043601215916275	0.823283963624050987	0.899607223688201065	0.0917623063489427743	0.231319209168360404	0.268958797441109924	0.526041416285435376	0.171601097543703003	0.178649314112116548



4	CAATCAT.A	0.495085691707413444


A:	0.126595160211910759	0.489734923967056467	0.15421527387464926	0.19348568370533935	0.371822586307231177	0.566910254181877547	0.0762981552980343719	0.0141952452458214991	0.965560838364554833	0.968522034171327964	0.0134260057070238287	0.0243214902349364601	0.9684266221279921	0.108512220737777518	0.0716328942650416792	0.621431819978892404	0.22305454527937153	0.113313981010095004	0.183868816639078894	0.0992158003207993457	0.246773618603161719	0.217505648069916283	0.0807346892824416915
C:	0.197185771731460066	0.211228697819619498	0.359683854542585373	0.171347715205222879	0.419583147887226588	0.110631524205320928	0.490923556048257209	0.628341192095083248	0.00419698616770049603	0.0156316291209201579	0.00994806224812265819	0.785598612924202063	0.00575110014679342684	0.016197490120155388	0.00658784929703915437	0.102835600214988392	0.151735257543817774	0.384342384569760593	0.0758145332374252037	0.572828127243483708	0.42880194431728948	0.428424841525681386	0.751739623484521264
G:	0.550589538677334866	0.116357501393578722	0.171766079179588676	0.173156572931043451	0.0866844092890783574	0.0553474537260797356	0.339077978779645171	0.00853277450050442623	0.0173271450724130503	0.00491329299671059591	0.0053965163118215501	0.181833706794908277	0.00911487947181501267	0.0639743807696072005	0.0221720327497181019	0.183970273457176429	0.393890988008450291	0.233384836979034478	0.214275233838060526	0.156354974892013944	0.145775122967432254	0.21788041524334539	0.0568672695019777203
T:	0.12562952937929431	0.182678876819745313	0.31433479240317669	0.462010028158394319	0.121909856516463878	0.267110767886721789	0.0937003098740632487	0.348930788158590826	0.0129150303953316204	0.0109330437110412823	0.971229415733031963	0.0082461900459531993	0.0167073982533994601	0.811315908372459894	0.899607223688201065	0.0917623063489427743	0.231319209168360404	0.268958797441109924	0.526041416285435376	0.171601097543703003	0.178649314112116548	0.136189095161056941	0.110658417731059324



5	AATCATTA	0.494079369783177755


A:	0.212069714881881286	0.0719921019555183443	0.326499748081001855	0.315672128275813706	0.277851605032677025	0.149312573536699199	0.00817603704935398678	0.923245344447362856	0.933597588710278988	0.0177251633326959155	0.0344776842059820422	0.93510989507390986	0.0474067991653597566	0.0813260975789236076	0.489523705273911317	0.238844964707507212	0.228551581035071192	0.319638225541211681	0.548604435194381872	0.279098607884032056	0.600253638387219383	0.231142725812120351
C:	0.175036959059350554	0.264684100952855436	0.167667952564047346	0.116261890378881205	0.207573510056855201	0.359423772032992489	0.852436796848315117	0.0190691189453595494	0.0171566347048774296	0.0188608379679040471	0.550841255616136246	0.00876081069657044693	0.0099537049648075706	0.0962636348846430375	0.041406607136327985	0.195340791639318775	0.129043871967850232	0.172313393034214987	0.197951647725740726	0.304100731823849651	0.0528424746824004353	0.161031386966846341
G:	0.366699074766532522	0.407423001608915413	0.286652704763144521	0.239141020383754656	0.381040564971642576	0.336481324072390692	0.00476524099029751886	0.0300452368311622547	0.0130678198485951948	0.0186936886339135262	0.398142085948803288	0.0154145658811978479	0.0874425846968858717	0.0390076653615251323	0.438857205816651701	0.486773151574369328	0.492929796912695971	0.104969359513461771	0.0747260007746066029	0.183483935175659464	0.199780863738830536	0.408633198151512057
T:	0.246194251292235637	0.255900795482710807	0.219179594591806277	0.328924960961550433	0.133534319938825198	0.15478233035791762	0.134621925112033377	0.0276402997761153399	0.0361779567362483874	0.944720310065486511	0.0165389742290784243	0.0407147283483218451	0.855196911172946801	0.783402602174908223	0.0302124817731089972	0.0790410920788046852	0.149474750084382605	0.403079021911111562	0.178717916305270799	0.233316725116458828	0.147123023191549645	0.19919268906952125



