1	GTCAATCA	0.496544322017073655


A:	0.651224735246400964	0.413518191380832308	0.0490248700860132136	0.0239104450331699548	0.0312598340828276762	0.285197815666969872	0.209931625052876552	0.307680200762705517	0.0115335284575523755	0.0268391583748943018	0.978207649096392484	0.979416759233690397	0.00392373395451957466	0.00182918708538589377	0.973608356214050441	0.357280669188151971	0.0534541861080424469	0.241239862560840114	0.890301877021380727	0.0885812290695008845	0.202844553479947042	0.264421587278765105
C:	0.126898983627778665	0.0926083862277790507	0.819554488936688787	0.346889801474531674	0.176797895065302536	0.325750544442307626	0.226096772266724407	0.0512492366592037713	0.249964865777172425	0.951302959975957274	0.00706886442299077265	0.00207830050687483982	0.00727345556266178074	0.820082327447522913	0.00176909974148305259	0.139043723855658624	0.238566490547480494	0.173644639424427712	0.0661680597687711202	0.0394300305692262358	0.205117486095039951	0.275539005615078537
G:	0.142590715488680116	0.249124601186191941	0.0486417802575181621	0.526300137499641324	0.580943659107586362	0.2026600423011652	0.0465668127554147696	0.624085092014128564	0.0339153680943013404	0.00122295297298375357	0.00101683558529893819	0.0108346180707998254	0.00165626225987520318	0.00798410035087974529	0.00467060314358722123	0.457660891247772397	0.228859110036421117	0.353602388548162435	0.0193023180775701651	0.604373845230679047	0.0362576998010879119	0.139851883204157479
T:	0.0792855656371402543	0.244748821205196701	0.0827788607197798367	0.102899615992657048	0.210998611744283425	0.186391597589557302	0.517404789924984271	0.0169854705639621469	0.704586237670973859	0.020634928676164671	0.013706650895317805	0.00767032218863493748	0.987146548222943441	0.170104385116211448	0.0199519409008792853	0.0460147157084170084	0.479120213308055942	0.231513109466569739	0.0242277451322779875	0.267614895130593833	0.555780260623925095	0.320187523901998879



2	G.CAATCAA	0.495086604794282595


A:	0.119925204714665353	0.599616282253812181	0.0648624351898364742	0.289236870467365051	0.0346592581065426693	0.796948676935821659	0.116996188224881021	0.137773877876836135	0.0487480703655733763	0.0327413139904369444	0.954242732671430321	0.946673178330065222	0.00835328020577758553	0.00974183014284867004	0.954157103807948255	0.709659815399690665	0.0765634644262706197	0.0341614496625812879	0.234395025829618301	0.0825526796399013575	0.0053145680523791385	0.04835101208091234	0.0753085192288098212
C:	0.563408805077568155	0.0585492654016795777	0.212852273279492073	0.0711674944445015493	0.00166665961465553346	0.0560846872726042021	0.318749416035628531	0.0595241494357863913	0.412664613709257795	0.935029410468992915	0.0214398311695039156	0.0073151107545353241	0.0124088647153732516	0.817193236490504629	0.00428796732164053406	0.107979641337898961	0.192430585776083581	0.334056587330205961	0.11739573051218073	0.00721195746189950793	0.265587554557820583	0.2291055226199966	0.198105650872455422
G:	0.168718310070705806	0.259626741357488515	0.448730284118205786	0.590463896111510191	0.95686303273261218	0.110108922011859863	0.136407540734535037	0.659826935576146102	0.139712866971568888	0.0050419217911916607	0.00388180630530551337	0.0371492519103484659	0.00297810758786628707	0.00268800471819401477	0.00345399000483647328	0.141850693680493875	0.276002658259458382	0.0831948869358391362	0.283492453905335859	0.832016414802715538	0.141945005132241567	0.0242430633103082509	0.0934778203217387497
T:	0.147947680137060686	0.0822077109870197265	0.273555007412465666	0.0491317389766232091	0.00681104954618961721	0.0368577137797142761	0.427846855004955411	0.142875037111231372	0.398874448953599941	0.0271873537493784798	0.0204356298537602499	0.00886245900505098819	0.976259747490982876	0.170376928648452686	0.0381009388655747376	0.0405098495819164989	0.455003291538187417	0.548587076071373615	0.364716789752865111	0.078218948095483597	0.587152872257558712	0.698300401988782809	0.633108009576996007



3	CTGATTGA	0.493879969229242146


A:	0.73356264768505272	0.320187523901998879	0.555780260623925095	0.267614895130593833	0.0242277451322779875	0.231513109466569739	0.479120213308055942	0.0460147157084170084	0.0443923195052436809	0.128545299584988738	0.986408966972168423	0.00580925805561825338	0.0147441345813489906	0.0333828399419735469	0.524799428127773371	0.0169854705639621469	0.517404789924984271	0.186391597589557302	0.210998611744283425	0.102899615992657048	0.0827788607197798367	0.244748821205196701
C:	0.0765792561711090742	0.139851883204157479	0.0362576998010879119	0.604373845230679047	0.0193023180775701651	0.353602388548162435	0.228859110036421117	0.457660891247772397	0.00622121994363556412	0.00406206609983794632	0.00498126721740860301	0.0226063073145691696	0.00124841711003972071	0.00178662142661945102	0.0164715746607306931	0.624085092014128564	0.0465668127554147696	0.2026600423011652	0.580943659107586362	0.526300137499641324	0.0486417802575181622	0.249124601186191941
G:	0.130258726096158477	0.275539005615078537	0.205117486095039951	0.0394300305692262358	0.0661680597687711202	0.173644639424427712	0.238566490547480494	0.139043723855658624	0.00196312481032027694	0.863284029037464636	0.00259108011696299337	0.00283218627851236035	0.00586862042429499573	0.947804969686984261	0.440098824739465719	0.0512492366592037713	0.226096772266724407	0.325750544442307626	0.176797895065302536	0.346889801474531674	0.819554488936688788	0.0926083862277790507
T:	0.0595993700476797284	0.264421587278765105	0.202844553479947042	0.0885812290695008845	0.890301877021380727	0.241239862560840114	0.0534541861080424469	0.357280669188151971	0.947423335740800478	0.00410860527770867981	0.0060186856934599811	0.968752248351300217	0.978138827884316293	0.0170255689444227411	0.0186301724720302175	0.307680200762705517	0.209931625052876552	0.285197815666969872	0.0312598340828276762	0.0239104450331699548	0.0490248700860132136	0.413518191380832308



4	C..CCAATCA	0.493464315846940295


A:	0.363194063048074158	0.118346011365215442	0.2148681166364336	0.224392829732322699	0.00748354307448756969	0.0588557085060246411	0.248692837349375875	0.225452236239432646	0.139182820969852998	0.0207318620779057517	0.0841236204647617951	0.982170117738031679	0.981096423891339681	0.00288994724439822694	0.00440450914260450567	0.975620154363252632	0.44446519999543827	0.113040614556399427	0.0492910877734989735	0.198049925807787509	0.261312079563614057	0.153782003570773023	0.141611409698141806
C:	0.238727477846622282	0.138923030229331292	0.0500491083131671911	0.0256769111284761523	0.0315538680310205992	0.14928266218878716	0.507180318826028054	0.17159232009367022	0.106766282044810235	0.59502203346498012	0.893126860738224588	0.00504673417818427358	0.00237749873677400545	0.00420388020265507378	0.883724449715544222	0.0024967854239276346	0.0709012248435846004	0.248703803205040681	0.229797387002758085	0.524762859402886666	0.0114600875083252776	0.316283289177337278	0.0933591150584698609
G:	0.245031150929853777	0.443571004426661676	0.565723841960400538	0.63367935677883877	0.886001442493071283	0.0954908484853254227	0.0731151082468235241	0.169065326437003389	0.415954782277010247	0.0330208956364631504	0.00187749845731785684	0.00186337041063542296	0.013573465807794734	0.00196889813760442175	0.00178126764984004739	0.00401525499042230384	0.417406588475203232	0.46260857278902485	0.17762454596257981	0.070623395976701247	0.675726085282422791	0.0269754231121018596	0.146008239399666217
T:	0.153047308175449783	0.29915995397879159	0.169358933089998671	0.116250902360362378	0.0749611464014205485	0.696370780819862776	0.171011735577772548	0.433890117229893745	0.33809611470832652	0.351225208820650977	0.0208720203396957598	0.010919777673148625	0.00295261156409157995	0.990937274415342277	0.110089773492011225	0.0178678052223974294	0.0672269866857738978	0.175647009449535042	0.543286979261163132	0.206563818812624578	0.0515017476456378751	0.502959284139787839	0.619021235843722116



5	T.TCAATCA	0.492912179264479627


A:	0.155394740436548	0.651224735246400964	0.413518191380832308	0.0490248700860132136	0.0239104450331699548	0.0312598340828276762	0.285197815666969872	0.209931625052876552	0.307680200762705517	0.0294561675678635096	0.0402874703437599111	0.98007531352694336	0.971354828084357366	0.00296443596637576204	0.0039762306959001549	0.956960517139021549	0.357280669188151971	0.0534541861080424469	0.241239862560840114	0.890301877021380727	0.0885812290695008845	0.202844553479947042	0.264421587278765105
C:	0.353781232281514628	0.126898983627778665	0.0926083862277790507	0.819554488936688787	0.346889801474531674	0.176797895065302536	0.325750544442307626	0.226096772266724407	0.0512492366592037713	0.32553686122495371	0.938156435349993183	0.00741593133848886632	0.00427196189619820667	0.00238886756462306664	0.804379802174339335	0.00544699752143143319	0.139043723855658624	0.238566490547480494	0.173644639424427712	0.0661680597687711202	0.0394300305692262358	0.205117486095039951	0.275539005615078537
G:	0.130422751127495559	0.142590715488680116	0.249124601186191941	0.0486417802575181621	0.526300137499641324	0.580943659107586362	0.2026600423011652	0.0465668127554147696	0.624085092014128564	0.0295345946557330831	0.00231997919632233524	0.00165624291510693149	0.0207269638299699958	0.00819121497119136316	0.00373360030775606954	0.006612530739938994	0.457660891247772397	0.228859110036421117	0.353602388548162435	0.0193023180775701651	0.604373845230679047	0.0362576998010879119	0.139851883204157479
T:	0.360401276154441814	0.0792855656371402543	0.244748821205196701	0.0827788607197798367	0.102899615992657048	0.210998611744283425	0.186391597589557302	0.517404789924984271	0.0169854705639621469	0.615472376551449697	0.0192361151099245712	0.0108525122194608425	0.0036462461894744313	0.986455481497809808	0.187910366822004441	0.0309799545996080235	0.0460147157084170084	0.479120213308055942	0.231513109466569739	0.0242277451322779875	0.267614895130593833	0.555780260623925095	0.320187523901998879



