1	TGACGTCA	0.499492819537473469


A:	0.211332374013395415	0.166904896829767171	0.125130161587790854	0.0011551030666051348	0.174354166510886117	0.0911448755763247089	0.127541110821004132	0.138233362175657676	0.00217145990521810849	0.977912690266352912	0.000976419321406892682	0.0630005637720196345	0.00285827248263397133	0.00302958515511811544	0.856936156146752293	0.307803371067426979	0.287453734536667883	0.3699373949909636	0.0731975384810598832	0.703404437488967909	0.206551510065573821	0.0670732810716180588
C:	0.582915094077013505	0.154894731517542117	0.359063172030504623	0.768266448526870665	0.15232306273910549	0.209881181368027795	0.473072064962174612	0.00276327529734145204	0.0163112714499173665	0.018213009038669352	0.934912614177471731	0.00111040272910174171	0.00101602821234376522	0.97848768348974641	0.00206720638024857882	0.339563053852713574	0.255888174533182405	0.345042156559130833	0.139964118504710386	0.140699654044085171	0.583404832806768138	0.0531774654067059024
G:	0.0762155621610139624	0.286022061016173238	0.134172970755443355	0.228724334316815622	0.125046668796684255	0.174743827304009381	0.180330773743474299	0.00206720638024857882	0.97848768348974641	0.00101602821234376522	0.00111040272910174171	0.934912614177471731	0.018213009038669352	0.0163112714499173665	0.00276327529734145204	0.211367435315000963	0.162141256450969759	0.164885514739902954	0.680040059353036216	0.0356240822802814072	0.0682567242238057273	0.62827266104058356
T:	0.129536969748577117	0.392178310636517474	0.381633695626261167	0.00185411408970857852	0.548276101953324138	0.524230115751638115	0.219056050473346958	0.856936156146752293	0.00302958515511811544	0.00285827248263397133	0.0630005637720196345	0.000976419321406892682	0.977912690266352911	0.00217145990521810849	0.138233362175657676	0.141266139764858484	0.294516834479179953	0.120134933710002613	0.106798283661193515	0.120271826186665513	0.141786932903852314	0.251476592481092479



2	AGCTGTCA	0.497565077251865606


A:	0.0730004274338253369	0.241306214548458036	0.214675963485340543	0.129605143429173113	0.197160475271401076	0.38473157464398793	0.111113175425837091	0.936502684089267302	0.012937658758323027	0.00996372864143386199	0.00523772346297755026	0.00708570735025156591	0.0337224027528985915	0.000914584562765043558	0.982231463414996822	0.540868148075483973	0.222104417999742203	0.258152291838379675	0.548300281941834713	0.190372617085397236	0.368426944552109357	0.357489256327855729
C:	0.31269452327953699	0.176581270394619703	0.0678742315152742529	0.318844865669852082	0.0829780289209214204	0.370098708674087117	0.399051288151867818	0.00754448567903474199	0.213876867817040634	0.984588538263273217	0.000606354246684086393	0.000471289242482344671	0.000615029049347189318	0.987748044169124867	0.000912954504391932385	0.21750680536447158	0.138229204106020271	0.229774205108363159	0.112363293881524872	0.356159120516390474	0.142489429987096443	0.194053299042960993
G:	0.388578930997801419	0.340717446626815383	0.0472577501929527147	0.531094369384255512	0.0944145233846826822	0.188721412016408532	0.385255263782569131	0.0158825704769764462	0.769435743716101003	0.00190676371524889916	0.0129706913109874907	0.988632665905462062	0.000632383844008845856	0.0101577327729621004	0.00374041199943656105	0.0646265532347179296	0.0337881223909360543	0.151104545927176483	0.122508776651275736	0.20984991940340816	0.367263105690258674	0.283318525852845751
T:	0.225726118288836254	0.241395068430106878	0.670192054806432489	0.020455621516719293	0.625446972422994822	0.0564483046655164209	0.10458027263972596	0.0400702597547215101	0.00374972970853533627	0.00354096938004402165	0.981185230979350873	0.00381033750180402792	0.965030184353745373	0.0011796384951479893	0.0131151700811746844	0.176998493325326518	0.605878255503301472	0.360968957126080683	0.216827647525364679	0.24361834299480413	0.121820519770535527	0.165138918776337527



3	AGACGTCA	0.495989055985705777


A:	0.383268592382024256	0.306941304458631626	0.133206630694424622	0.151038534315785149	0.190012404880442016	0.0777550028313795358	0.105386204622678951	0.138233362175657676	0.0609849788372122876	0.978458603662454358	0.000928465281690462475	0.015594421236027873	0.00748203262723168884	0.00152014076030697549	0.84415624260051051	0.352996576624357553	0.223259880328615582	0.530277213021367732	0.5955437227210921	0.136163963762962681	0.113365943910915669	0.0840592201132297672
C:	0.306590772675644931	0.24266294100363069	0.253440661426588411	0.190502540055573734	0.0628280784600728814	0.281395752032781314	0.295765383371970465	0.00276327529734145204	0.0274416359057408585	0.0176439023263413851	0.92426385976111712	0.00122465224545088295	0.000936842655729222525	0.987589548367716897	0.002104981257506101	0.37460791152886976	0.322299654987602874	0.172153664856610965	0.00585744689141105304	0.380849933306318331	0.202761577269701837	0.136576056007447127
G:	0.227594183573048507	0.364416039825834649	0.283310969392111751	0.359774023380207058	0.304014875025655349	0.159401403216394834	0.238921768283001075	0.00206720638024857882	0.904308176010080149	0.00276694041576719326	0.00343157062438685859	0.981585735879360033	0.00248758208552642986	0.00810853933156658392	0.00684599087928183951	0.156510935437958276	0.194877487662047253	0.150183216250338947	0.037798777495515563	0.278800134657059063	0.330054130776955216	0.427587253533309777
T:	0.0825464513692823061	0.0859797147119030358	0.330041738486875216	0.29868490224843406	0.443144641633829753	0.481447841919444316	0.359926643722349509	0.856936156146752293	0.00726520924696670542	0.00113055359543706336	0.0713761043328055593	0.00159519063916121065	0.989093542631512659	0.00278177154040954319	0.146892785262701549	0.115884576408814411	0.259562977021734291	0.147385905871682355	0.360800052891981284	0.204185968273659925	0.353818348042427278	0.351777470346013328



4	GCTGTCAC	0.495626116736152472


A:	0.313166067793265993	0.115976284389369237	0.0224734179646179948	0.566387954979400603	0.299108721108971691	0.0752111906491687602	0.936502684089267302	0.0129135115415735859	0.0335127064975951955	0.007433770379943131	0.0034582556659575098	0.0194998990945907169	0.00146029810700722839	0.981025361942426773	0.241325338118177581	0.36435942156866429	0.192731502263003256	0.767661709500781727	0.232282040378136725	0.43288772128970649	0.106531642384298112	0.206639924293172293
C:	0.0942353510278526579	0.0410765745235659626	0.181039578344227681	0.209474999288193843	0.333267767634830099	0.482585346499375154	0.00754448567903474199	0.229767023129921519	0.951412425329517614	0.00280375302003605721	0.000702920456213186527	0.00104114754079570714	0.973701969258132264	0.00193009671679117487	0.589171441227895154	0.169120662257472327	0.10730007716548488	0.080752740932941203	0.532316676950680402	0.299029320796060714	0.269522169620138641	0.40606129563201622
G:	0.458349724885307403	0.0619345937725724067	0.780953802561588285	0.178717335277819772	0.308482816295250472	0.318115292626763988	0.0158825704769764462	0.752913880796167048	0.000812672165891036783	0.00562350882752553638	0.990986413515631843	0.000701334793830316185	0.0244420489568368098	0.00682495009548875736	0.0208591493058640487	0.0422135231601390987	0.15551748527135587	0.0202134284172864305	0.0309767393760908178	0.177454802860708555	0.307917807391470592	0.125192151543762326
T:	0.134248856293573946	0.781012547314492394	0.0155332011295660393	0.0454197104545857821	0.0591406949609477378	0.124088170224692098	0.0400702597547215101	0.00440558453233784648	0.014262196006996154	0.984138967772495275	0.00485241036219746089	0.97875761857078326	0.000395683678023697899	0.0102195912452932947	0.148644071348063216	0.424306393013724284	0.544450935300155994	0.13137212114899064	0.204424543295092056	0.0906281550535242402	0.316028380604092654	0.262106628531049162



5	A.CTGTCA.T	0.495469691598723857


A:	0.0730004274338253369	0.241306214548458036	0.214675963485340543	0.129605143429173113	0.197160475271401076	0.38473157464398793	0.111113175425837091	0.928934455695437072	0.012937658758323027	0.0182160708976958027	0.00761014315210466162	0.0104876209401752375	0.0281550939374753126	0.00196013329189179343	0.982369644681122328	0.540868148075483973	0.222104417999742203	0.258152291838379675	0.548300281941834713	0.190372617085397236	0.368426944552109357	0.357489256327855729	0.189359942979788544
C:	0.31269452327953699	0.176581270394619703	0.0678742315152742529	0.318844865669852082	0.0829780289209214204	0.370098708674087117	0.399051288151867818	0.00645106637164837791	0.213876867817040634	0.967228371927195954	0.00330109282797604588	0.000855779274933942957	0.000614660574296866728	0.993146830316812294	0.00133906318489881009	0.21750680536447158	0.138229204106020271	0.229774205108363159	0.112363293881524872	0.356159120516390474	0.142489429987096443	0.194053299042960993	0.334629945433206527
G:	0.388578930997801419	0.340717446626815383	0.0472577501929527147	0.531094369384255512	0.0944145233846826822	0.188721412016408532	0.385255263782569131	0.0439825246359516098	0.769435743716101003	0.00936557943673905912	0.00876203766668219492	0.986363917760734908	0.000841860246717235852	0.00240210266075710963	0.00644712942277766478	0.0646265532347179296	0.0337881223909360543	0.151104545927176483	0.122508776651275736	0.20984991940340816	0.367263105690258674	0.283318525852845751	0.287055237997684336
T:	0.225726118288836254	0.241395068430106878	0.670192054806432489	0.020455621516719293	0.625446972422994822	0.0564483046655164209	0.10458027263972596	0.0206319532969629407	0.00374972970853533627	0.00518997773836918455	0.980326726353237098	0.00229268202415591188	0.970388385241510585	0.00249093373053880311	0.00984416271120119689	0.176998493325326518	0.605878255503301472	0.360968957126080683	0.216827647525364679	0.24361834299480413	0.121820519770535527	0.165138918776337527	0.188954873589320593



