1	ATCAATCA	0.498938114288536573


A:	0.213118732158723128	0.358093374641284716	0.258788482160456592	0.181905063388402447	0.29311225836676385	0.0927534158330469715	0.537832589761601112	0.770198562879038891	0.00602348324274321974	0.00521117118326443007	0.985236687881076004	0.988270408522741657	0.00301433488013941465	0.00257133786826790223	0.974518112502198607	0.339806071693990622	0.0967188196761803147	0.19764705514273127	0.464859657236147872	0.444837535378783347	0.420760538492141491	0.165599999397002194
C:	0.0850813141593493055	0.105214637439929255	0.214407847954300272	0.0812373854377892152	0.0698490010967638036	0.193064748618224433	0.0774733381680787993	0.0102465311826640428	0.106530876327289458	0.982266582089498635	0.00158426048465159716	0.00172640956237510873	0.00178737574521616427	0.951035439807967091	0.00126030759506148315	0.0634270317717618624	0.306770130607113641	0.127574193898648494	0.0472958864873107024	0.444589785226749534	0.337864655905768471	0.0764115163601002055
G:	0.342907825985816521	0.233985199810537932	0.0977280609895295836	0.578899812167769978	0.167449154578599488	0.161124509923638763	0.0813498170143157037	0.173989640240363089	0.0110733939922592569	0.000861791810724057178	0.0020575065841795545	0.00720294111371964375	0.00561257025276352335	0.00411864101488800194	0.00330827985424534326	0.434967934070499084	0.163446479709515436	0.157796540885820796	0.121972504501912817	0.0326964038418226693	0.0764615267316824008	0.23090442764467433
T:	0.358892127696111045	0.302706788108248097	0.429075608895713552	0.15795773900603836	0.469589585957872859	0.553057325625089832	0.303344255056004385	0.0455652656979339774	0.876372246437708066	0.0116604549165128781	0.0111215450500928444	0.00280024080116359075	0.989585719121880898	0.0422745813088770052	0.0209133000484945661	0.161798962463748432	0.433064570007190608	0.516982210072799441	0.365871951774628609	0.077876275552644449	0.164913278870407638	0.527084056598223271



2	A.TCAATCA	0.498138613127870796


A:	0.465625566636993073	0.213118732158723128	0.358093374641284716	0.258788482160456592	0.181905063388402447	0.29311225836676385	0.0927534158330469715	0.537832589761601112	0.770198562879038891	0.0088188563480536798	0.0190892939661880783	0.951740326060841584	0.96975350320148084	0.00520025770677904726	0.00529181565327134762	0.954524177301780709	0.339806071693990622	0.0967188196761803147	0.19764705514273127	0.464859657236147872	0.444837535378783347	0.420760538492141491	0.165599999397002194
C:	0.107357430787949466	0.0850813141593493055	0.105214637439929255	0.214407847954300272	0.0812373854377892152	0.0698490010967638036	0.193064748618224433	0.0774733381680787993	0.0102465311826640428	0.195051417343117211	0.96142968120103899	0.00287491934719745825	0.00122759461357047814	0.00469358654702153943	0.923902161606421069	0.00255694298609578655	0.0634270317717618624	0.306770130607113641	0.127574193898648494	0.0472958864873107024	0.444589785226749534	0.337864655905768471	0.0764115163601002055
G:	0.243937219764400632	0.342907825985816521	0.233985199810537932	0.0977280609895295836	0.578899812167769978	0.167449154578599488	0.161124509923638763	0.0813498170143157037	0.173989640240363089	0.031290483100169581	0.00264387450878920349	0.00163919108056490896	0.0202264874449180227	0.00582444877955530465	0.00603650490246820311	0.00979741654586047272	0.434967934070499084	0.163446479709515436	0.157796540885820796	0.121972504501912817	0.0326964038418226693	0.0764615267316824008	0.23090442764467433
T:	0.183079782810656829	0.358892127696111045	0.302706788108248097	0.429075608895713552	0.15795773900603836	0.469589585957872859	0.553057325625089832	0.303344255056004385	0.0455652656979339774	0.764839243208659528	0.0168371503239837284	0.0437455635113960487	0.00879241474003065914	0.984281706966644109	0.0647695178378393802	0.0331214631662630319	0.161798962463748432	0.433064570007190608	0.516982210072799441	0.365871951774628609	0.077876275552644449	0.164913278870407638	0.527084056598223271



3	A..CAATCAA	0.497835497835497835


A:	0.164410142189803608	0.467984215040470941	0.21300711811091356	0.407694590964104085	0.129820524087399869	0.189337065662539873	0.581022567015331049	0.383247604546435668	0.0416567989350721343	0.0357096166044493607	0.934847203818394421	0.961260347510926724	0.0131632544369850741	0.0086872623140201097	0.922598187918334943	0.621133408936929332	0.148552901397482099	0.253759645106804284	0.302775304279213684	0.507303971304065577	0.309161433322086142	0.22776533157642891	0.409164755379346913
C:	0.309885280358821299	0.138137358024773756	0.190324100139332949	0.0963259921802053709	0.0268232919656514614	0.252816016800403108	0.0337073702309747172	0.0649272214097391422	0.224059400522721397	0.92227018442042171	0.00863447792110094658	0.00508482731391921794	0.00783971712517029682	0.864833419748130592	0.00749808887274856459	0.0805150891389866698	0.152844467160600331	0.05692015956765205	0.202276997133384852	0.19112365323356736	0.22242226594338007	0.0854338911416625427	0.0867579297524548594
G:	0.45373675902916416	0.0650791365553206855	0.0599936674160500405	0.421402451737761479	0.232606393906511502	0.0703261911638086268	0.131114112676069114	0.165078295260746412	0.0635446664687034477	0.00725344039814802853	0.00668998121628280079	0.00847552529191398837	0.00410689713376859764	0.00388809461985855839	0.00754823521560231178	0.230162960595039946	0.448784617019936968	0.172884433658228652	0.0689520575796090512	0.132912101636525208	0.10170696371721029	0.0590718582226650353	0.348425089559727926
T:	0.0719678184222109332	0.328799290379434617	0.536675114333703451	0.0745769651179290649	0.610749790040437168	0.487520726373248392	0.25415595007762512	0.386746878783078778	0.670739134073503021	0.0347667585769809006	0.0498283370442218311	0.0251792998832400697	0.974890131304076031	0.12259122331799074	0.0623554879933141802	0.0681885413290440522	0.249818014421980602	0.516435761667315014	0.425995641007792413	0.168660273825841856	0.366709337017323499	0.627728919059243512	0.155652225308470302



4	T.A.CAATCA	0.497691015952980689


A:	0.420426171746941003	0.108459598135948593	0.274699150275803289	0.141994372092044936	0.587478122176676945	0.299221589229506715	0.171436959095022887	0.272829362349092258	0.75845812028222028	0.00602348324274321974	0.0102258683720474041	0.976457845326443085	0.980255818900967111	0.00775424911230197273	0.00293197837848650251	0.976865599136096662	0.331951417991205745	0.359518286725442821	0.152473953904471701	0.330637453064403887	0.301079915856111373	0.41651269789608811	0.436706980343036933
C:	0.0483371548233985302	0.288700645781805688	0.26056925367482307	0.399377073568896111	0.0376605154588970214	0.142028038596993737	0.0655535423253355459	0.148001496928569987	0.0159321342817633993	0.106530876327289458	0.971263111487546006	0.00295051560797168726	0.00134269892741945519	0.00282020707747062704	0.957198456410865364	0.00715480306992612583	0.076393022770164768	0.120905661182897206	0.103119485298134669	0.0734652473776449977	0.449335096126385868	0.0599672960498204692	0.113210756254815068
G:	0.276417851697920827	0.31413911030044003	0.272192512281179555	0.221462575149164283	0.307518592815172858	0.358289296080860692	0.0441667491932742838	0.0515148897447559171	0.182150340118834125	0.0110733939922592569	0.0027218828900638999	0.00199027454596518787	0.0133213099423922772	0.00274111240956839467	0.00387219232498693621	0.00236309482207884971	0.416900927658287595	0.256471077666881691	0.183375257479484293	0.0851991227749327168	0.11182648922347963	0.0883151951670161774	0.0445070258731982849
T:	0.25481882173173964	0.288700645781805688	0.192539083768194087	0.23716597918989467	0.0673427695492531757	0.200461076092638857	0.718842749386367283	0.527654250977581838	0.0434594053171821953	0.876372246437708066	0.01578913725034269	0.0186013645196200401	0.00508017222922115645	0.986684431400659006	0.0359973728856611976	0.0136165029718983629	0.174754631580341892	0.263104974424778282	0.561031303317909337	0.510698176783018399	0.137758498794023129	0.435204810887075243	0.405575237528949714



5	T..TCAATCA	0.497244172263927301


A:	0.465625566636993073	0.213118732158723128	0.358093374641284716	0.258788482160456592	0.181905063388402447	0.29311225836676385	0.0927534158330469715	0.537832589761601112	0.770198562879038891	0.0212060232479280554	0.0045580820683872663	0.980253093165479299	0.983884131577064389	0.00489312748297609268	0.00278339952204505343	0.984219770262501376	0.339806071693990622	0.0967188196761803147	0.19764705514273127	0.464859657236147872	0.444837535378783347	0.420760538492141491	0.165599999397002194
C:	0.107357430787949466	0.0850813141593493055	0.105214637439929255	0.214407847954300272	0.0812373854377892152	0.0698490010967638036	0.193064748618224433	0.0774733381680787993	0.0102465311826640428	0.107607105570155998	0.971179107955159951	0.00364998814963730153	0.000787325559125382189	0.00175446510787593868	0.971261410190472969	0.00211488767203903521	0.0634270317717618624	0.306770130607113641	0.127574193898648494	0.0472958864873107024	0.444589785226749534	0.337864655905768471	0.0764115163601002055
G:	0.243937219764400632	0.342907825985816521	0.233985199810537932	0.0977280609895295836	0.578899812167769978	0.167449154578599488	0.161124509923638763	0.0813498170143157037	0.173989640240363089	0.033799080488281948	0.000881996624430304516	0.000890088210034059571	0.0116399816123654278	0.00389018884150265221	0.00233387114489994051	0.00144624539434098601	0.434967934070499084	0.163446479709515436	0.157796540885820796	0.121972504501912817	0.0326964038418226693	0.0764615267316824008	0.23090442764467433
T:	0.183079782810656829	0.358892127696111045	0.302706788108248097	0.429075608895713552	0.15795773900603836	0.469589585957872859	0.553057325625089832	0.303344255056004385	0.0455652656979339774	0.837387790693633999	0.0233808133520224784	0.0152068304748493398	0.00368856125144480096	0.989462218567645316	0.0236213191425820371	0.0122190966711186029	0.161798962463748432	0.433064570007190608	0.516982210072799441	0.365871951774628609	0.077876275552644449	0.164913278870407638	0.527084056598223271



