1	A.TTACCGC	0.498734380402034869


A:	0.085364054738136443	0.19135012284838723	0.220009989925451704	0.471974334934124496	0.295160747225789311	0.486095893066658783	0.275454377365665241	0.909703256672248165	0.276484312888244513	0.00532437174581565607	0.112555774564746094	0.990103884291173944	0.00574287138110504718	0.00550313825687163221	0.0212779592602609597	0.00446885502366620567	0.189496620620031841	0.259151544899517305	0.348566265538933796	0.776410443691498552	0.42030622468099286	0.343589942670174844	0.569064672117876613
C:	0.821501515491263286	0.112345223898771244	0.185126413990315702	0.156065788683206316	0.281074257394122093	0.0449729093337952136	0.208389680563295565	0.00423514710109649531	0.0207652810027613823	0.00561833241128893734	0.014178431770700092	0.0023693440716505376	0.989871081613821207	0.791598861082856289	0.00344798517375511678	0.711440087753894956	0.1301498208561809	0.291639000769784336	0.188841847013752009	0.0287317381037116365	0.045739583268824425	0.213367852452765494	0.234179155058758309
G:	0.0681397226109202198	0.485948952316002587	0.525382659359452252	0.156841068299469037	0.278797358535759621	0.242567354695210125	0.321848670254439829	0.0149191300412344345	0.354174698504792098	0.00467423479145545475	0.00352745539660590848	0.00142923457807308394	0.0017972117751633073	0.00163297240156263513	0.970027708029865098	0.0030383212347344726	0.458548342606262431	0.206650089441825794	0.0949524189253676426	0.0681310435583602504	0.206078293605830748	0.0855587811717564541	0.0216122486542509964
T:	0.0249947071596800517	0.210355700936838939	0.0694809367247803421	0.215118808083200151	0.144967636844328976	0.226363842904335878	0.194307271816599364	0.0711424661854209049	0.348575707604202006	0.984383061051439952	0.869738338267947906	0.00609753705910243443	0.00258883522991043835	0.201265028258709443	0.00524634753611882516	0.281052735987704365	0.221805215917524828	0.242559364888872566	0.367639468521946552	0.126726774646429561	0.327875898444351967	0.357483423705303208	0.175143924169114082



2	A.T.ACCGCG	0.497369287501646253


A:	0.201761798160233849	0.347744931106776332	0.213453511844117566	0.521184669561367652	0.339655299228331863	0.472194048412739417	0.302730001033784923	0.803570981971210634	0.351842897159998236	0.0147812003474421271	0.112555774564746094	0.98695693236236312	0.0124305792771851717	0.0369938873446317233	0.0148858585972228735	0.0102581619732827538	0.185489494901681552	0.1666758576359486	0.120578291434508658	0.344090510981327047	0.374755178669839826	0.373614068940014116	0.539792277743633807
C:	0.501043267232411218	0.168799187113247823	0.325732809742912439	0.0703343151087462503	0.160199855649156879	0.0352316670212144926	0.143220653565413714	0.0158241678920769461	0.0152428978112034894	0.0125794425013687076	0.014178431770700092	0.00422736502175019571	0.980299948799830799	0.803574422701073833	0.0043890543507096234	0.8184370116633107	0.029567781939674512	0.186779041605267845	0.282663105282818544	0.218460888825162901	0.113066973949990743	0.214081876989905783	0.0568834145713207139
G:	0.142845450265032033	0.324279977648795309	0.341871729460335016	0.270049791981780668	0.36034836839718609	0.41037924076890972	0.321850362698802367	0.027560101442215018	0.0489303085945145445	0.00621327841525752721	0.00352745539660590848	0.00194992857613032679	0.00264598012996432592	0.00384135107713238977	0.966558404973330586	0.00228883788068119381	0.686894980777158985	0.395541592871174734	0.138537462506144218	0.322471788901265124	0.256890262780338807	0.193336424542495263	0.0547273696184685711
T:	0.1543494843423229	0.159175904131180535	0.118941948952634978	0.138431223348105429	0.139796476725325168	0.0821950437971363704	0.232198982701998996	0.153044748694497402	0.58398389643428373	0.966426078735931638	0.869738338267947906	0.00686577403975635691	0.00462349179301970362	0.155590338877162054	0.0141666820787369171	0.169015988482725353	0.098047742381484951	0.251003507887608821	0.45822114077652858	0.114976811292244928	0.255287584599830624	0.218967629527584837	0.348596938066576908



3	GCGGTAAA	0.496017731897658797


A:	0.140355232297023337	0.119196191495802158	0.295494336851186021	0.273111824543339228	0.201580042469990139	0.125826019961388826	0.0697678321441404124	0.563527179745742462	0.0120953820277015553	0.219488974570683566	0.00381024017539336209	0.00727029162586382188	0.609168941925066684	0.961062776162831704	0.654940420896446346	0.0711424661854209049	0.299893566354624181	0.469361621019878832	0.15021640107839938	0.234772887955462416	0.217629703494012919	0.160098991238412669
C:	0.078378121536732003	0.134129361884908836	0.234255578665586776	0.20397771845453176	0.073755919279346426	0.416199648916657639	0.807166625327631924	0.00561604472544030089	0.949481763289608741	0.00427295253271565223	0.00346385959550333646	0.00312099701808854391	0.00825226467844095296	0.0102533201204610495	0.175700591329763044	0.0149191300412344345	0.255084110264832141	0.149461311836216525	0.303624741435285664	0.293172274163566241	0.180752057565934644	0.245929581269420046
G:	0.234401792617558946	0.55360297926976722	0.242752260959063221	0.146845843898663316	0.380670143442182395	0.296596685110866114	0.0239982854668860053	0.423003559928910461	0.0193394243882275101	0.76095261375426475	0.985279227960949166	0.00159730763044146096	0.0279196444617347863	0.0104945912207533442	0.0160167842586393713	0.00423514710109649531	0.238404608452737666	0.0996695916639452258	0.3082630848106598	0.0806486896998657988	0.355345239123462044	0.247977628254898496
T:	0.546864853548685714	0.193071467349521786	0.227497823524163983	0.376064613103465697	0.34399389480848104	0.161377646011087421	0.0990672570613416583	0.00785321559990677646	0.0190834302944621938	0.0152854591423360318	0.00744667226815413542	0.988011403725606173	0.354659148934757576	0.0181893124959539019	0.153342203515151238	0.909703256672248165	0.206617714927806013	0.281507475479959418	0.237895772675655156	0.391406148181105545	0.246272999816590393	0.345993799237268789



4	CGCGGT.AA	0.495909887884624883


A:	0.234133757166767039	0.500924898178161175	0.195172950154181145	0.1896018350316563	0.31324311811571631	0.231178568543025901	0.212585448328045426	0.0864295805725618724	0.268633220349679221	0.00729868043181301306	0.255797825535169133	0.00481580090811709588	0.00708995113095909685	0.609168941925066684	0.959631940643212442	0.720923307808036334	0.282896596325766473	0.626848602267502202	0.325046791478573868	0.109032624784877854	0.342569122386032271	0.284233721841293577	0.208005006058120065
C:	0.171437520194303434	0.0234478101401597895	0.297081883212107263	0.202227416130339221	0.231874986186859859	0.0745008422744091003	0.412572189442403881	0.740582320988867076	0.00379227044791312655	0.973294678233371741	0.00248987817460340856	0.00415561528738509784	0.00310863924215890508	0.00825226467844095296	0.011032443322878365	0.0468849434587228315	0.0427873335104543963	0.178402445502154416	0.28822990087167431	0.0948135746345670885	0.14816919352150798	0.064071181970202879	0.10266659943632073
G:	0.395841029350366218	0.327459228258920113	0.339087221001844075	0.299791135613026649	0.121682749562179938	0.486666900864071377	0.166911885769418622	0.0382926133975158419	0.71819611532628111	0.00570786266851330815	0.723968657754262596	0.978924803017222013	0.00381164101688960348	0.0279196444617347863	0.00690340666642196166	0.0121144938118558434	0.00747313318526903419	0.0717457876339696539	0.131119459635947723	0.454604957292904659	0.255918544779468484	0.442815346840201284	0.268636356028702038
T:	0.198587693288563308	0.148168063422758922	0.168657945631867518	0.30837961322497783	0.333199146135243892	0.207653688318493622	0.20793047646013207	0.134695485041055209	0.00937839387612654172	0.0136987786663019378	0.0177436385359648624	0.0121037807872757936	0.985989768609992395	0.354659148934757576	0.0224322093674872316	0.220077254921384991	0.666842936978510096	0.123003164596373728	0.255603848013804099	0.341548843287650399	0.253343139312991266	0.20887974934830226	0.420692038476857167



5	ATT.ACCGC	0.495737022768805255


A:	0.201761798160233849	0.347744931106776332	0.213453511844117566	0.521184669561367652	0.339655299228331863	0.472194048412739417	0.302730001033784923	0.666842936978510096	0.351842897159998236	0.00519249802628762102	0.112555774564746094	0.990947737739925314	0.0103409357943550445	0.00774762224074415945	0.0477155685610470997	0.0211383976784282193	0.185489494901681552	0.1666758576359486	0.120578291434508658	0.344090510981327047	0.374755178669839826	0.373614068940014116	0.539792277743633807
C:	0.501043267232411218	0.168799187113247823	0.325732809742912439	0.0703343151087462503	0.160199855649156879	0.0352316670212144926	0.143220653565413714	0.00747313318526903419	0.0152428978112034894	0.010286075625658652	0.014178431770700092	0.00250842584050866111	0.983730571429524274	0.863064865330335136	0.0037879103028054526	0.818998753162281484	0.029567781939674512	0.186779041605267845	0.282663105282818544	0.218460888825162901	0.113066973949990743	0.214081876989905783	0.0568834145713207139
G:	0.142845450265032033	0.324279977648795309	0.341871729460335016	0.270049791981780668	0.36034836839718609	0.41037924076890972	0.321850362698802367	0.0427873335104543963	0.0489303085945145445	0.00651322535402684506	0.00352745539660590848	0.00308750345013542945	0.00303789001567724794	0.00513786892477879936	0.942395100923806284	0.00454950442376526258	0.686894980777158985	0.395541592871174734	0.138537462506144218	0.322471788901265124	0.256890262780338807	0.193336424542495263	0.0547273696184685711
T:	0.1543494843423229	0.159175904131180535	0.118941948952634978	0.138431223348105429	0.139796476725325168	0.0821950437971363704	0.232198982701998996	0.282896596325766473	0.58398389643428373	0.978008200994026882	0.869738338267947906	0.00345633296943059559	0.00289060276044343339	0.124049643504141906	0.0061014202123411633	0.155313344735525034	0.098047742381484951	0.251003507887608821	0.45822114077652858	0.114976811292244928	0.255287584599830624	0.218967629527584837	0.348596938066576908



