1	GTTAACC..A	0.498392902814519608


A:	0.426263907597137429	0.130346930156964407	0.0184732990326387518	0.258132539977480343	0.0863853968045169999	0.22833101099678786	0.0423724737667730635	0.00259668009332266979	0.0169232484069832579	0.977185156820950646	0.982354784853145569	0.0194203665642271097	0.00686380073323297718	0.337635668752717044	0.220785930698411767	0.778479302586062525	0.0154986461130565587	0.213137830102817363	0.331765371702753842	0.422195071626686005	0.0425865406877780888	0.208331925537383775
C:	0.170306223492287522	0.11621131763786822	0.0670509579218633544	0.263142115060362025	0.164441043849919413	0.0810922901653155812	0.0754508492506785378	0.0388490882357757856	0.00491494023279864418	0.00101810170610116629	0.00547613755338543454	0.94917788440990553	0.707314259091328982	0.45224976766787487	0.192473775497083781	0.0718763592071390673	0.442194066614050082	0.0599217389479498687	0.390899734471151246	0.221650569438827911	0.383187574658839676	0.230412389545135668
G:	0.00397645343427900304	0.602105224268136526	0.107306345021640783	0.129726644176778127	0.28187254594073107	0.685768240234606027	0.844786799735070435	0.00752134104139809785	0.00275755759611428929	0.0130523535576453977	0.00961294308433141624	0.0165672845789596415	0.0334875757162348576	0.0919008856065574716	0.163323894140809004	0.126641657101129848	0.140463027748251021	0.0771914230297129194	0.179464476882582189	0.220298910190323415	0.0869231993710801903	0.141754588129753994
T:	0.399453415476296046	0.151336527937030847	0.807169398023857111	0.348998700785379505	0.467301013404832516	0.00480845860329053152	0.0373898772474779638	0.951032890629503447	0.975404253764103809	0.00874438791530279036	0.00255613450913758051	0.0148344644469077184	0.252334364459203183	0.118213677972850614	0.423416399663695447	0.0230026811056685599	0.401844259524642338	0.649749007919519849	0.0978704169435127226	0.135855448744162669	0.487302685282302045	0.419501096787726562



2	GTTAACCA	0.497422200714711138


A:	0.378715071766227458	0.358812532583990211	0.0574682241481864151	0.0967720209435813775	0.450677195430118017	0.112607963570171869	0.219808024991541557	0.0133052273623135545	0.00440937646978076564	0.0607283921542770107	0.982372471385871839	0.987662449878171036	0.00761939383170587942	0.00381683962209429007	0.607123078558105045	0.313121024749228772	0.778479302586062525	0.0636149616924006228	0.621945440018485715	0.117577545595276146	0.242003694074222536	0.152398522465227629
C:	0.108813931356947493	0.115943154289991874	0.309578311408574744	0.185441081353593292	0.0822183349650741583	0.0953202461138567904	0.0736347899972981055	0.175478248505296261	0.059145979595737938	0.00340166156202006128	0.00124378295206392905	0.00626234471090645892	0.970355614505213368	0.895183393609816297	0.341423742477428874	0.183446523450627029	0.0718763592071390673	0.12107405918756987	0.146237468824601351	0.24803763924383056	0.253620285025572906	0.47101041209687316
G:	0.301116175270340422	0.0187456451001328105	0.611461126285630444	0.0097832013868075206	0.25619330563864019	0.407473506234298084	0.685408689635764709	0.766787219314236398	0.00629939084137674342	0.000946981925872421481	0.00817101831427363527	0.0045219195164751871	0.00680323544977851935	0.00786781137846942175	0.0210358120430644833	0.193672884028019733	0.126641657101129848	0.804637161666827445	0.0116116639297115037	0.128234366691473929	0.117116413896933288	0.0616518240906806061
T:	0.211354821606484627	0.506498668025885104	0.0214923381576083964	0.70800369631601781	0.210911163966167635	0.384598284081673256	0.0211484953753956279	0.044429304818153786	0.930145253093104553	0.934922964357830507	0.00821272734779059655	0.0015532858944473184	0.0152217562133022332	0.0931319553896199907	0.0304173669214015978	0.309759567772124466	0.0230026811056685599	0.0106738174532020622	0.220205427227201431	0.506150448469419365	0.38725960700327127	0.314939241347218605



3	GGTTAACC	0.497128646556856519


A:	0.440791443503401007	0.378715071766227458	0.358812532583990211	0.0574682241481864151	0.0967720209435813775	0.450677195430118017	0.112607963570171869	0.219808024991541557	0.0103674848574311559	0.00368397877509380897	0.0307686969298359912	0.949494645724379089	0.972387158610592656	0.0580988298667690836	0.0211484953753956279	0.607123078558105045	0.313121024749228772	0.778479302586062525	0.0636149616924006228	0.621945440018485715	0.117577545595276146	0.242003694074222536
C:	0.0742343463516462887	0.108813931356947493	0.115943154289991874	0.309578311408574744	0.185441081353593292	0.0822183349650741583	0.0953202461138567904	0.0736347899972981055	0.0455477371279947857	0.0185055876423577763	0.0189814246986308868	0.000755232647154033373	0.0054232749719557583	0.885985948147804975	0.685408689635764709	0.341423742477428874	0.183446523450627029	0.0718763592071390673	0.12107405918756987	0.146237468824601351	0.24803763924383056	0.253620285025572906
G:	0.211195900310633095	0.301116175270340422	0.0187456451001328105	0.611461126285630444	0.0097832013868075206	0.25619330563864019	0.407473506234298084	0.685408689635764709	0.885985948147804975	0.0054232749719557583	0.000755232647154033373	0.0189814246986308868	0.0185055876423577763	0.0455477371279947857	0.0736347899972981055	0.0210358120430644833	0.193672884028019733	0.126641657101129848	0.804637161666827445	0.0116116639297115037	0.128234366691473929	0.117116413896933288
T:	0.27377830983431961	0.211354821606484627	0.506498668025885104	0.0214923381576083964	0.70800369631601781	0.210911163966167635	0.384598284081673256	0.0211484953753956279	0.0580988298667690836	0.972387158610592656	0.949494645724379089	0.0307686969298359912	0.00368397877509380897	0.0103674848574311559	0.219808024991541557	0.0304173669214015978	0.309759567772124466	0.0230026811056685599	0.0106738174532020622	0.220205427227201431	0.506150448469419365	0.38725960700327127



4	T.TGGTTAA	0.49691672043277582


A:	0.798868145581189632	0.226914942427496979	0.0413173094322018153	0.565830561538209969	0.33777349571152186	0.370555764281606042	0.0598946016166132344	0.0432405849984196011	0.168852596461640054	0.0810021140139521009	0.207598355471629165	0.0105859086499555903	0.0032773456337744386	0.0042956755787971613	0.925018816278880138	0.899121263730992534	0.0373898772474779638	0.0940482185760683101	0.324987144905301476	0.334224717857044915	0.212003483414102905	0.26022890217443108	0.292399972039525945
C:	0.0518064626372264592	0.315352609158593732	0.340101177087426029	0.224912278872710667	0.143066790279964664	0.217323816679294322	0.398869569125331723	0.094403328171355403	0.40540032012113613	0.036452066996508984	0.00304712714120803341	0.00480116555507664143	0.00335690392457830789	0.00956506057685991769	0.00173615328753629596	0.0227752997728368976	0.844786799735070435	0.324995303327703294	0.21387423135885478	0.235404784597399577	0.0289670717881694652	0.391148028469500645	0.236921222995773269
G:	0.113237495594658594	0.166848668185212325	0.558977863953242999	0.0969306863996820209	0.0909680560198945621	0.0975076554181697664	0.520882022130764438	0.177877847189603832	0.262040221739642363	0.28444289821804032	0.783514116492120676	0.979781625048377882	0.00847779014020883973	0.00347203071248302097	0.00240721649335759243	0.0701044121502133218	0.0754508492506785378	0.228773120202892475	0.225595066098125243	0.115773093064683074	0.696861680591214513	0.045470794679639472	0.145688020205500901
T:	0.0360878961869253151	0.290883780228696964	0.0596036495271291559	0.112326473189397343	0.428191657988618914	0.31461276362092987	0.0203538071272906042	0.684478239640621164	0.163706861677581453	0.598102920771498595	0.00584040089504212597	0.00483130074658988614	0.984887960301438414	0.9826672331318599	0.0708378139402259735	0.00799902434595724663	0.0423724737667730635	0.35218335789333592	0.235543557637718501	0.314597404480872435	0.0621677642065131165	0.303152274676428803	0.324990784759199885



5	GT..GGTTAA	0.496879911327278442


A:	0.798868145581189632	0.226914942427496979	0.0413173094322018153	0.565830561538209969	0.33777349571152186	0.370555764281606042	0.0598946016166132344	0.0257308235090066885	0.168852596461640054	0.0810021140139521009	0.0722926822851626585	0.00286357069614973947	0.00342390566617344301	0.00686854302790742808	0.908583435628802596	0.956874814971646224	0.0373898772474779638	0.0940482185760683101	0.324987144905301476	0.334224717857044915	0.212003483414102905	0.26022890217443108	0.292399972039525945
C:	0.0518064626372264592	0.315352609158593732	0.340101177087426029	0.224912278872710667	0.143066790279964664	0.217323816679294322	0.398869569125331723	0.0290347005504149088	0.40540032012113613	0.036452066996508984	0.00178667853666771816	0.0113759126981827028	0.00315254704088906408	0.0141126217822064215	0.000754755266789666257	0.0105093016147972909	0.844786799735070435	0.324995303327703294	0.21387423135885478	0.235404784597399577	0.0289670717881694652	0.391148028469500645	0.236921222995773269
G:	0.113237495594658594	0.166848668185212325	0.558977863953242999	0.0969306863996820209	0.0909680560198945621	0.0975076554181697664	0.520882022130764438	0.0296958818396563877	0.262040221739642363	0.28444289821804032	0.92445584041359804	0.977319197518264111	0.0037607501271940176	0.000934270192914038213	0.00400238481460422763	0.0268824343092150857	0.0754508492506785378	0.228773120202892475	0.225595066098125243	0.115773093064683074	0.696861680591214513	0.045470794679639472	0.145688020205500901
T:	0.0360878961869253151	0.290883780228696964	0.0596036495271291559	0.112326473189397343	0.428191657988618914	0.31461276362092987	0.0203538071272906042	0.915538594100922015	0.163706861677581453	0.598102920771498595	0.00146479876457158338	0.00844131908740344697	0.989662797165743475	0.978084564996972112	0.08665942428980351	0.0057334491043413991	0.0423724737667730635	0.35218335789333592	0.235543557637718501	0.314597404480872435	0.0621677642065131165	0.303152274676428803	0.324990784759199885



