1	GGTTAACC	0.497605174797550859


A:	0.153023480775625665	0.195756838311734117	0.284567128162015367	0.211954897782635211	0.0584032947209404724	0.525243438624612201	0.154245568158726132	0.0786856667160591252	0.0193719113859987774	0.00295675219413630299	0.0193886025184006551	0.942776034612218359	0.915366954595515626	0.0540522717244704004	0.0463707869432484766	0.285450451268788219	0.116838191645231991	0.601780113035752218	0.0679112850085402312	0.35588214466185686	0.0909302623913306486	0.226037914644688693
C:	0.131699861925547014	0.103088497405221462	0.160227242256050042	0.210696934426335086	0.370408494339435026	0.227368418512951214	0.399436721716192259	0.0286967272449012113	0.0289565312365410911	0.0360990781314769939	0.032818440195136073	0.00501692267424491327	0.0455772150788710769	0.897619285652989731	0.846246819095791187	0.408486884373372855	0.162800316721643348	0.110076766021366998	0.209384852544069495	0.124000766803627405	0.178104112669781418	0.431317100065247722
G:	0.535711945797355143	0.290889712866808048	0.028181651269633373	0.260318769078265797	0.0988573071823537568	0.0286278442204833668	0.274291717946417962	0.846246819095791187	0.897619285652989731	0.0455772150788710769	0.00501692267424491327	0.032818440195136073	0.0360990781314769939	0.0289565312365410911	0.0286967272449012113	0.196527699692059896	0.358710050826929442	0.224251772710749109	0.465653941456020621	0.247375953482022939	0.0944910379178529308	0.246677767861910044
T:	0.179564711501472178	0.410264951416236373	0.527023978312301218	0.317029398712763906	0.472330903757270745	0.218760298641953218	0.172025992178663647	0.0463707869432484766	0.0540522717244704004	0.915366954595515626	0.942776034612218359	0.0193886025184006551	0.00295675219413630299	0.0193719113859987774	0.0786856667160591252	0.10953496466577903	0.361651440806195219	0.0638913482321316749	0.257049920991369653	0.272741135052492796	0.636474587021035002	0.0959672174281535405



2	GTTAACC..A	0.494400483214745647


A:	0.195756838311734117	0.284567128162015367	0.211954897782635211	0.0584032947209404724	0.525243438624612201	0.154245568158726132	0.0786856667160591252	0.0142519487190082762	0.0235629519326585972	0.0284529785274496779	0.953349885507674808	0.953624701444197845	0.0158285710112853727	0.0147676276202906447	0.285450451268788219	0.116838191645231991	0.601780113035752218	0.0679112850085402312	0.35588214466185686	0.0909302623913306486	0.226037914644688693	0.218796354411886301	0.157304799271777844
C:	0.103088497405221462	0.160227242256050042	0.210696934426335086	0.370408494339435026	0.227368418512951214	0.399436721716192259	0.0286967272449012113	0.0715104645886066271	0.0536011542304450314	0.0196680662027058331	0.00921229444651685483	0.0234363881680178086	0.92985396928132497	0.8418455666550679	0.408486884373372855	0.162800316721643348	0.110076766021366998	0.209384852544069495	0.124000766803627405	0.178104112669781418	0.431317100065247722	0.363327344243324471	0.157713786519230428
G:	0.290889712866808048	0.028181651269633373	0.260318769078265797	0.0988573071823537568	0.0286278442204833668	0.274291717946417962	0.846246819095791187	0.827062757531849188	0.0174067828437523105	0.00288926083808768314	0.0199993342044217718	0.0168429491388102328	0.0296840902607126357	0.0219627785538247148	0.196527699692059896	0.358710050826929442	0.224251772710749109	0.465653941456020621	0.247375953482022939	0.0944910379178529308	0.246677767861910044	0.144210101681014209	0.110539480614466621
T:	0.410264951416236373	0.527023978312301218	0.317029398712763906	0.472330903757270745	0.218760298641953218	0.172025992178663647	0.0463707869432484766	0.087174829160535909	0.905429110993144061	0.948989694431756806	0.0174384858413865655	0.00609596124897411336	0.0246333694466770217	0.12142402717081674	0.10953496466577903	0.361651440806195219	0.0638913482321316749	0.257049920991369653	0.272741135052492796	0.636474587021035002	0.0959672174281535405	0.273666199663775019	0.574441933594525107



3	C..TGGTTAA	0.491649791738693798


A:	0.169079392016464224	0.504917113607199611	0.260836204627255301	0.0324365003124375035	0.452750836507820177	0.204756830168483111	0.0523963697934732044	0.0521112112331532814	0.179289499967872977	0.0608326937910499191	0.0853813312271427468	0.043355563841232426	0.0140537910340896496	0.0334090978961154713	0.841283667671858892	0.839928569049119729	0.245345998108828776	0.135720077376980841	0.279601083856718969	0.366502848504291057	0.18411778986076518	0.385109732553016781	0.383031092871799221
C:	0.0797186738172253749	0.280438173326487829	0.187386091814903356	0.0606345225520528479	0.176004442246529574	0.339121784364105404	0.636537668444321074	0.420284746367181089	0.127673614102761519	0.0521686836119681264	0.02036480482466412	0.0167019053069045899	0.00741830635856509327	0.0412890176313387067	0.0222383389630619257	0.0350148043186365701	0.414831152940577807	0.205685238110391538	0.169881649117098297	0.0391795322196052654	0.391203485610110161	0.171582908613738792	0.100572534155264327
G:	0.256213682652180365	0.141912886542455202	0.322094214377984999	0.854716657273750367	0.250825229608465852	0.212147072760147915	0.191435875661801902	0.290228307479314777	0.59717435931002379	0.237454712366933363	0.8872043866285403	0.926722651901827217	0.0373552153186670829	0.0081586681263452307	0.0152988909594260785	0.110263561982697357	0.29202430895962563	0.268304227568038703	0.247933547118328111	0.164478779507775311	0.327008697537477828	0.209039437921747364	0.0457731032483174614
T:	0.494988251514130036	0.0727318265238573573	0.229683489179856344	0.0522123198617592819	0.120419491637184397	0.243974312707263571	0.119630086100403819	0.237375734920350852	0.0958625266193417141	0.649543910230048591	0.00704947731965283285	0.0132198789500357669	0.941172687288678174	0.917143216346200591	0.121179102405653104	0.0147930646495463436	0.0477985399909677865	0.390290456944588918	0.302583719907854624	0.429838839768328367	0.0976700269916468314	0.234267920911497064	0.47062326972461899



4	A.GGTTAAC	0.490698780005927097


A:	0.574441933594525107	0.273666199663775019	0.0959672174281535405	0.636474587021035002	0.272741135052492796	0.257049920991369653	0.0638913482321316749	0.361651440806195219	0.10953496466577903	0.136370971175306015	0.0361264153163040694	0.0167031177526861485	0.0196341155199173664	0.868865421777695881	0.794542406851964109	0.0616095908780271302	0.0463707869432484766	0.172025992178663647	0.218760298641953218	0.472330903757270745	0.317029398712763906	0.527023978312301218	0.410264951416236373
C:	0.110539480614466621	0.144210101681014209	0.246677767861910044	0.0944910379178529308	0.247375953482022939	0.465653941456020621	0.224251772710749109	0.358710050826929442	0.196527699692059896	0.0521649347245775069	0.0331362721114223008	0.0379976121658741562	0.0708649062738891423	0.0170756523648949301	0.0614706116651827205	0.785552551419026201	0.846246819095791187	0.274291717946417962	0.0286278442204833668	0.0988573071823537568	0.260318769078265797	0.028181651269633373	0.290889712866808048
G:	0.157713786519230428	0.363327344243324471	0.431317100065247722	0.178104112669781418	0.124000766803627405	0.209384852544069495	0.110076766021366998	0.162800316721643348	0.408486884373372855	0.731619470486758755	0.8943380050396287	0.0290922240940241934	0.00794650415889455538	0.0262952500264721986	0.115651713235847252	0.119404160313082907	0.0286967272449012113	0.399436721716192259	0.227368418512951214	0.370408494339435026	0.210696934426335086	0.160227242256050042	0.103088497405221462
T:	0.157304799271777844	0.218796354411886301	0.226037914644688693	0.0909302623913306486	0.35588214466185686	0.0679112850085402312	0.601780113035752218	0.116838191645231991	0.285450451268788219	0.0798446236133577233	0.0363993075326449294	0.916207045987415502	0.901554474047298936	0.0877636758309369902	0.0283352682470059188	0.0334336973898637618	0.0786856667160591252	0.154245568158726132	0.525243438624612201	0.0584032947209404724	0.211954897782635211	0.284567128162015367	0.195756838311734117



5	AACC..GGTT	0.490500172813904113


A:	0.443782970601171782	0.460589738427829753	0.23533728319891343	0.224723205921619327	0.160271030757263412	0.42414183959441134	0.822979641288043047	0.884130553302699646	0.0387345177712986975	0.021174188289298513	0.194491716977169018	0.193731056746141684	0.20049291793064407	0.0396445320686504362	0.0257832496431559789	0.0914026169055797771	0.669466011399320043	0.650398251414127006	0.0711034115366920211	0.300888394362475996	0.464672283799712073	0.137168119870136549
C:	0.148400983013593469	0.159889944383021087	0.0802333319727538992	0.209675853229717473	0.0978975767371159697	0.26372834509220607	0.0370843214832621655	0.0781129295315819563	0.901259722600862849	0.757331511260229355	0.608263209929836008	0.149940432635273205	0.0210013825198280626	0.0203612275591880169	0.0119732675225624191	0.0485334203231150105	0.0411795866000469774	0.136875004397835958	0.703434651272292685	0.440702464550081317	0.231883280254646508	0.166201249959307984
G:	0.190636627844316164	0.108525487162505919	0.48113149616158403	0.208682027938225285	0.120545124667896272	0.0740555980599686542	0.0485334203231150105	0.0119732675225624191	0.0203612275591880169	0.0210013825198280626	0.0974680427617548975	0.267208396599902287	0.757331511260229355	0.901259722600862849	0.0781129295315819564	0.0370843214832621655	0.13839177324843345	0.18379095996100514	0.130642851333859776	0.106505050024879367	0.132070247843989324	0.286461792883621048
T:	0.217179418540918585	0.270994830026643241	0.20329788866674864	0.356918912910437915	0.621286267837724346	0.238074217253413936	0.0914026169055797771	0.0257832496431559789	0.0396445320686504362	0.20049291793064407	0.0997770303312400759	0.389120114018682824	0.021174188289298513	0.0387345177712986975	0.884130553302699646	0.822979641288043047	0.150962628752199529	0.0289357842270318964	0.094819085857155518	0.151904091062563319	0.171374188101652095	0.410168837286934419



