1	GGGTTAA..A	0.491953680727874276


A:	0.11876418974414058	0.341849595854179164	0.487677407156839719	0.0680851123633263266	0.0575446102097700681	0.265110268944626737	0.121949352006394626	0.0483949304984629766	0.0137192785972450909	0.010477253341623443	0.0113383154471062997	0.0306799564837468173	0.930369100044213017	0.664159925753981199	0.0417299032504343106	0.0759092527146545048	0.464957188403379437	0.0668773975384295971	0.00814617366562848793	0.502955294895151268	0.085331619232162764	0.32196518545224125	0.0397046706386317743
C:	0.247469576819310177	0.0444775161677233465	0.103919248732011538	0.741675663367423081	0.348987762458981152	0.183745208969807199	0.276198118249070839	0.173299402532368455	0.00909428318469476223	0.0135647296868584263	0.0050823396692279407	0.0224134743707576745	0.00911271847668916241	0.10003943222216005	0.570550988545229316	0.362660214588431897	0.099823121959502088	0.892472320782865408	0.0251720123221505882	0.0510065853652122581	0.423098377186276452	0.0458193032135568148	0.354976515886893542
G:	0.300669120123743174	0.512171060961197152	0.0853955475296505575	0.0584731765242036863	0.517472202652947878	0.103327524309458997	0.353208703386470319	0.752937156873524137	0.94343178186900554	0.954370356558520616	0.0670965992102130054	0.0145149935938395078	0.0283950796693603749	0.216429345321055447	0.25080471646429861	0.252872207032024593	0.340398220471817526	0.0117870935739395819	0.448465869136705765	0.404574314723438123	0.316386344623526437	0.386980790216425747	0.321689533278781929
T:	0.33309711331280607	0.101501827016900337	0.323007796581498186	0.131766047745046906	0.0759954246783009014	0.447816997776107067	0.248643826358064216	0.0253685100956444319	0.0337546563490546071	0.021587660412997515	0.916482745673452754	0.932391575551656	0.0321231018097374461	0.0193712967028033044	0.136914391740037763	0.308558325664889005	0.0948214691653009486	0.028863188104765413	0.518215944875515159	0.0414638050161983504	0.175183658958034347	0.245234721117776188	0.283629280195692755



2	GT..GGTTAA	0.491718364848545006


A:	0.280706888030464675	0.149264402518294689	0.136143972923168431	0.594207320733275262	0.16931808840163544	0.116289179587528129	0.0440168162146307327	0.0648312029167330453	0.132347085785001143	0.0362091227766174386	0.0732040858716931562	0.00406159640314045789	0.00560317320659891344	0.00907873793897584726	0.618353829657206307	0.869489543040634465	0.146597238075387536	0.059748121010879083	0.0791117694275777266	0.108182732208417976	0.523436250818903246	0.245766925843070009
C:	0.209212168517817985	0.293713900591390786	0.176254953807854887	0.113684373690503799	0.142767865542250836	0.220206864736944129	0.161877463953766782	0.0665468610500512173	0.169701389107831249	0.130764877090684161	0.00200931124473162442	0.0183043678867084747	0.00337948098310932701	0.0783782735503037376	0.00808816947155525703	0.0626435173325462882	0.390990179906914388	0.664652527594677426	0.471177806325000918	0.72852573470632612	0.0822875792217900418	0.200947435950244893
G:	0.162197778199727474	0.405496489418626766	0.504399391450304336	0.190191327410230197	0.118363375083520226	0.122766432331693374	0.751259607733920275	0.113403418641589457	0.487142938810725505	0.683850572913863763	0.917860463505472667	0.967948445776071137	0.0168956435325189543	0.00753420005877564053	0.0132971045846062574	0.0472615231065725662	0.2356931557830652	0.179353120084360037	0.166195313198152603	0.0553589757092824259	0.1859948644111926	0.293455447601362287
T:	0.347883165251989866	0.151525207471687758	0.183201681818672346	0.101916978165990742	0.569550670972593498	0.540737523343834368	0.0428461120976822107	0.75521851739162628	0.210808586296442103	0.149175427218834637	0.00692613937810255283	0.00968558993407993008	0.974121702277772805	0.905008788451944775	0.360260896286632178	0.0206054165202466805	0.226719426234632876	0.0962462313100834542	0.283515111049268752	0.107932557375973478	0.208281305548114113	0.259830190605322811



3	GGGTTAAC	0.49001501315201747


A:	0.11876418974414058	0.341849595854179164	0.487677407156839719	0.0680851123633263266	0.0575446102097700681	0.265110268944626737	0.121949352006394626	0.115655631530718188	0.143108879229308534	0.00746430838227786882	0.00674635585518109996	0.0307874284287885044	0.931674191794887155	0.758318525460947381	0.0417299032504343106	0.0759092527146545048	0.464957188403379437	0.0668773975384295971	0.00814617366562848793	0.502955294895151268	0.085331619232162764	0.32196518545224125
C:	0.247469576819310177	0.0444775161677233465	0.103919248732011538	0.741675663367423081	0.348987762458981152	0.183745208969807199	0.276198118249070839	0.0789215557825858882	0.0444274305800970085	0.012772595855766625	0.0246130536986203231	0.0169221149121433772	0.0184035379133618955	0.0779059119656900275	0.570550988545229316	0.362660214588431897	0.099823121959502088	0.892472320782865408	0.0251720123221505882	0.0510065853652122581	0.423098377186276452	0.0458193032135568148
G:	0.300669120123743174	0.512171060961197152	0.0853955475296505575	0.0584731765242036863	0.517472202652947878	0.103327524309458997	0.353208703386470319	0.631967750134595992	0.800946629030074669	0.674978550064185808	0.0357411217637517118	0.0115881322148063055	0.0213025077500242071	0.157129567743140027	0.25080471646429861	0.252872207032024593	0.340398220471817526	0.0117870935739395819	0.448465869136705765	0.404574314723438123	0.316386344623526437	0.386980790216425747
T:	0.33309711331280607	0.101501827016900337	0.323007796581498186	0.131766047745046906	0.0759954246783009014	0.447816997776107067	0.248643826358064216	0.173455062552099932	0.011517061160519789	0.304784545697769698	0.932899468682446865	0.940702324444261813	0.0286197625417267425	0.00664599483022256431	0.136914391740037763	0.308558325664889005	0.0948214691653009486	0.028863188104765413	0.518215944875515159	0.0414638050161983504	0.175183658958034347	0.245234721117776188



4	AACC..GGTT	0.48968860289427806


A:	0.313673729235934186	0.22581137300227764	0.00468842308232809882	0.395964408175439873	0.335058976414613224	0.170113444164323165	0.649252438112488296	0.749541483977625831	0.0255888063641954935	0.0225811356788226278	0.0716902913090588818	0.0927338458402788345	0.174564225000603649	0.0364924886514484123	0.0110428674756758184	0.215072550541235466	0.749854883439497849	0.529964900834189205	0.150577369158048465	0.157567652898721028	0.103381000871722568	0.281675066397466788	0.457086390820546383
C:	0.303260181557875083	0.465388208570526913	0.705648977211858639	0.27613649091410887	0.384586441275713231	0.131724182849123045	0.0190725596087271445	0.212249791336218807	0.895596550777348706	0.765125912068933696	0.239531373600486736	0.34994268413309974	0.0377287272516400272	0.0423221542070073885	0.0271658572104795436	0.116602451737549094	0.0889159879886008826	0.120633383260556067	0.517570194094404842	0.164838594413994769	0.640299904027534671	0.233512130538600138	0.378951952880682124
G:	0.176689721039627691	0.0834282970841924235	0.154639158721822622	0.172898459248251248	0.129227590898124386	0.0506440620906113537	0.116602451737549094	0.0271658572104795436	0.0423221542070073885	0.0377287272516400272	0.472865308653246079	0.1620901902765708	0.765125912068933696	0.895596550777348706	0.212249791336218807	0.0190725596087271445	0.108682259489911758	0.294467901276940239	0.242318953821077283	0.512755158273289434	0.171867242655670311	0.087327518676761047	0.117569196791721022
T:	0.20637636816656304	0.225372121343003023	0.13502344098399064	0.155000641662200009	0.151126991411549158	0.647518310895942437	0.215072550541235466	0.0110428674756758184	0.0364924886514484123	0.174564225000603649	0.215913026437208302	0.395233279750050626	0.0225811356788226278	0.0255888063641954935	0.749541483977625831	0.649252438112488296	0.0525468690819895105	0.0549338146283144897	0.0895334829264694098	0.164838594413994769	0.0844518524450724502	0.397485284387172028	0.0463924595070504707



5	ACC..GGTTA	0.489379652605459057


A:	0.0493966270124609575	0.181567779514501752	0.127983704021088748	0.537373041607488381	0.184445492851141554	0.583974488838644498	0.60195189363950986	0.0415588172259928356	0.0457347910035581901	0.321513368601338889	0.071147550415399625	0.375228440992659217	0.0146003613351667244	0.00489525910514124038	0.0837222947631683541	0.749854883439497849	0.391420402768496262	0.185931364386664248	0.0995810759727932453	0.187887405676006898	0.584009069731972735	0.456292417212651102	0.178195596668278784
C:	0.63494641581687492	0.208520011994032642	0.23604423447292731	0.28049667895180246	0.460567512949210406	0.0566856123824680606	0.327963506609342877	0.879818485474800878	0.707744215404949252	0.325303252267165111	0.263227829156833274	0.00582274415374302585	0.0260171464350340818	0.0129426485588631028	0.0928616673577188343	0.0889159879886008826	0.0405669113187947134	0.489627133241333958	0.208166777211912097	0.480802718469520371	0.0823390493637362256	0.216628281101027157	0.162949834621332264
G:	0.0227236892440010438	0.20844819172020059	0.251082264402189414	0.117087124300827556	0.273458964717314567	0.270484616174684398	0.0456556460614212103	0.046825242913587404	0.0729809751150275784	0.26300224300421984	0.348228409126363372	0.614744994084265962	0.953608476667743701	0.0301015360904634934	0.0147779882547092859	0.108682259489911758	0.562213829112240362	0.223567585226617342	0.48408536960338256	0.119215452957063225	0.237508332772121068	0.316628729676351367	0.49806318582863111
T:	0.292933267926663079	0.401464016771265015	0.384889797103794528	0.0650431551398816027	0.0815280294823334732	0.0888552826042030438	0.0244289536897260523	0.0317974543856188827	0.17354001847646498	0.09018113612727616	0.317396211301403729	0.00420382076933179507	0.00577401556205549274	0.952060556245532163	0.808638049624403526	0.0525468690819895105	0.00579885680046866215	0.100873917145384452	0.208166777211912097	0.212094422897409506	0.0961435481321699712	0.0104505720099703741	0.160791382881757842



