1	A.ATCCGGG	0.481712437024597451


A:	0.349974126458877721	0.2786457052671898	0.201931308568051297	0.0435733590656305179	0.106942713116113691	0.0892547450024919615	0.126897850262512858	0.729276645691910691	0.431472967647914871	0.836719833872672596	0.120042611434484163	0.0162549385075152065	0.0262092969954151369	0.00859797573961966954	0.0266279202546990144	0.476206539737250907	0.237302237822723354	0.490099635645886129	0.224846627024618149	0.221706879651933013	0.508659463175625287	0.0672751077444883971	0.103116596550310014
C:	0.0638264736110468207	0.265057025379693205	0.359407397076707727	0.942115526396474215	0.158239476032406796	0.273129440453335864	0.36915118332770219	0.0243353730343433159	0.0715803731703091988	0.044278916948478692	0.0920474341849992706	0.806663491126232195	0.893701604440268501	0.298981726827517782	0.283583525705111865	0.0532113369060803118	0.410638560174637638	0.118753195151887135	0.147141662713440387	0.400259181347294548	0.118664113222891429	0.753949026529665328	0.0664598473707912833
G:	0.348965750878769988	0.274726563465534315	0.196810629154839316	0.00990940856732227464	0.68249094772302951	0.288366101948290615	0.441114367809107164	0.0962688974590567809	0.117288313747342902	0.0374352142412326229	0.0304286582800641569	0.140970961147234915	0.0583974006481996701	0.684077703105032317	0.666321441664806776	0.457293006034519013	0.286581819872985585	0.184862294240734153	0.130550150646308032	0.0413449948818736121	0.0721349278196890061	0.140710290827867576	0.716433404342943161
T:	0.23723364905130547	0.18157070588758268	0.24185066520040166	0.00440170597057299284	0.0523268631284500037	0.349249712595881559	0.0628365986006777877	0.150119083814689212	0.379658345434433028	0.0815660349376160891	0.757481296100452409	0.0361106092190176837	0.0216916979161166918	0.00834259432783023127	0.0234671123753823441	0.013289117322149768	0.0654773821296534232	0.206284874961492583	0.497461559615633432	0.336688944118898826	0.300541495781794278	0.0380655748979786989	0.113990151735955541



2	AAA.CCGGG	0.472389607823767658


A:	0.112689181128400357	0.540563001396242837	0.0995459597846491499	0.0183424115040894289	0.0856818855296787063	0.216502969485832818	0.094357943526136819	0.713378713952155828	0.784442026243855796	0.848812796598678102	0.284606018326229489	0.0764824703039522768	0.0178246442774363032	0.0149653477154268328	0.0119354033012091805	0.129012053694774751	0.233693659189216636	0.492576333597968969	0.203673441985545593	0.429530866521070802	0.505496427567579931	0.237371430855146681	0.0427620872644729396
C:	0.220539310496272826	0.138877009103516165	0.552308632048781776	0.9710592524614651	0.423286188191836375	0.135368148521840737	0.164123885183075481	0.0200496377404027606	0.0243395393430281305	0.0573226136388444859	0.259441715058136379	0.777164330504674664	0.810557951421694434	0.131653614986670419	0.225361002139597029	0.159616655012472652	0.206319519206310419	0.207144499992123261	0.121266450148567734	0.281043401050550011	0.198627111183395116	0.294971297458751202	0.0754245090384596498
G:	0.126099594067160777	0.197054229913093742	0.242015452149018686	0.00713482527092277426	0.441829395290324368	0.415296809063337689	0.431428301531812469	0.195701310371398474	0.0381108992640621991	0.0332264451088420889	0.0840252189412229181	0.107586500928904921	0.161141142502943994	0.836047229663543723	0.73813990308008081	0.658889906174860585	0.504639425571969744	0.164371975142197809	0.061466275786362354	0.0777736465044031744	0.0500369030796296243	0.249478721232305868	0.691846500472195965
T:	0.540671914308166039	0.123505759587147256	0.106129956017550388	0.00346351076352269678	0.0492025309881605506	0.232832072928988755	0.310089869758975231	0.0708703379360429369	0.153107535149053874	0.0606381446536353237	0.371927047674411214	0.0387666982624681385	0.0104762617979252682	0.0173338076343590255	0.0245636914791129809	0.0524813851178920113	0.0553473960325032009	0.135907191267709961	0.613593832079524319	0.211652085923976012	0.24583955816939533	0.218178550453796249	0.189966903224871445



3	CG.AATT.CG	0.472206586678516763


A:	0.464532809636624541	0.481334548526725261	0.337335108782005109	0.568462451354447848	0.0536368613653224553	0.0410791053639063069	0.035267861035382577	0.0308984886133603519	0.0493464130233654084	0.793483225307291205	0.839874536092322763	0.10162304223022342	0.0625124213834438588	0.0685811681929095387	0.0120996678973869274	0.0150446818243224377	0.0155246163924165291	0.238531922174109178	0.162833238675992847	0.347553925335599206	0.231073061583672375	0.237610084608132744
C:	0.219513979065125052	0.044233596096502942	0.0669400549649720725	0.111561826242934739	0.474123644755997244	0.759518348483281022	0.816469382679347354	0.0339046930759450221	0.48081550344514297	0.0217235557260826381	0.0264894842815690188	0.0320129373958847978	0.122280797583182299	0.387562394645019873	0.923097150413307699	0.133218074460947631	0.262854732234846182	0.31531669194661231	0.208101909508237998	0.139102736542007143	0.284156493062586438	0.130782734275567658
G:	0.0534814962478538601	0.251561138962464973	0.218011226107754441	0.194340346410403466	0.33620465327540938	0.19182467880212987	0.133218074460947631	0.923097150413307699	0.425814748503534628	0.122280797583182299	0.0320129373958847978	0.0264894842815690188	0.0217235557260826381	0.414698354046337125	0.0339046930759450221	0.816469382679347354	0.655400597495629991	0.330615410863312126	0.118339773683376226	0.0396793597020293114	0.142537357898165448	0.413956709799103424
T:	0.262471715050396547	0.222870716414306824	0.377713610145268378	0.125635375992213946	0.136034840603270921	0.00757786735068280091	0.0150446818243224377	0.0120996678973869274	0.0440233350279569933	0.0625124213834438588	0.10162304223022342	0.839874536092322763	0.793483225307291205	0.129158083115733463	0.0308984886133603519	0.035267861035382577	0.0662200538771072976	0.115535975015966385	0.51072507813239293	0.473663978420364339	0.342233087455575738	0.217650471317196174



4	CCGC.ATT.C	0.472199996707331127


A:	0.047756278042261585	0.491140666138770815	0.510621537731260121	0.199836845316615607	0.136243116768737604	0.170141139940732319	0.0102529056578999692	0.0103259611646302936	0.0146319691200964263	0.0777135855652912369	0.473187622260027786	0.815283381237066348	0.0281139232320281053	0.0129297889953313138	0.0719156106147025015	0.0171234949115745194	0.117795562175002848	0.00357814061309905532	0.0401539088455061886	0.151484016442434484	0.593074956682180186	0.385024614129577872
C:	0.763202865151283854	0.251627517940065333	0.0361814239456568073	0.328268365449016484	0.477555741503613927	0.190717485288060304	0.93168670944163685	0.831689738048140536	0.0496971111964237648	0.791237376311236191	0.0751330895909249251	0.0299352673883848212	0.0172519218135920479	0.0306494750544513889	0.247852490263740347	0.919780826877324871	0.342562646922382045	0.0571578924347893673	0.12086630059591045	0.241854671397507487	0.0670364230898539113	0.10133940483526599
G:	0.0128926743143702557	0.224060848808092418	0.154216452300722235	0.259808070452642844	0.0770004788277838116	0.104906474186677206	0.0505781419618693137	0.153452333894195093	0.931127217631917743	0.0933139972494458638	0.0615066770635444619	0.0296617768648833776	0.00977552504242283243	0.0203923359362804989	0.200198572504399361	0.0203664522614378703	0.511222227063882176	0.886468682718741398	0.725235618584053096	0.393114029540681865	0.0889008612768700812	0.292161923214845061
T:	0.176148182492084306	0.0331709671130714344	0.298980586022360836	0.212086718781725065	0.309200662899864657	0.53423490058453017	0.00748224293859386692	0.0045319668930340776	0.00454370205156206583	0.0377350408740267079	0.390172611085502827	0.125119574509665454	0.944858629911957014	0.936028400013936798	0.480033326617157791	0.0427292259496627391	0.0284195638387329305	0.0527952842333701793	0.113744171974530265	0.213547282619376163	0.250987758951095821	0.221474057820311077



5	CCG.G.ATTC	0.467114917875486821


A:	0.444393351931500684	0.158554563764004451	0.26526208061576376	0.327418460832090651	0.136879559465664981	0.324169013110465209	0.0313484891876906792	0.00252806784824515661	0.0218832737929914986	0.128725862584210045	0.098287170874601666	0.541927753055207525	0.834924741338368191	0.0610512804215700073	0.0435367027277961241	0.0306334107524339948	0.060872670597843221	0.00249597064758124358	0.208888635919869514	0.440538679003856391	0.0468600836047583301	0.588152707834634434
C:	0.0754464359668690294	0.246551739175485504	0.217047338088894953	0.527096001197578027	0.219031374516321297	0.374778370313615325	0.876023483955582161	0.951673491789455547	0.0441819769059981623	0.311892375083866954	0.0334751888037357922	0.0896480763068813733	0.0341263658420731802	0.0154943262356301381	0.136825600363103189	0.78735378116336822	0.26878887618375033	0.0468598836736247808	0.174619277408907735	0.167485687729993351	0.135208172096094757	0.144596578965336851
G:	0.144321986675593393	0.255505685665791294	0.0774479340113234775	0.0848873188766076769	0.308300117624044578	0.0649123930753231056	0.0776126479621949387	0.0324518795224742401	0.923976111203703433	0.314482472221696035	0.796176969684311838	0.140414762478518292	0.0231108515066753922	0.0402777656174749246	0.0114963119363826092	0.042297142070335711	0.527712341815152453	0.945511588611358368	0.586067907071190633	0.296961218896712131	0.656590247589949156	0.0390680843442100883
T:	0.335838225426036894	0.33938801139471875	0.440242647284017809	0.0605982190937236453	0.335788948393969144	0.23614022350059636	0.0150153788945322212	0.0133465608398250563	0.00995863809730690632	0.244899290110226966	0.0720606706373507034	0.228009408159392809	0.107838041312883236	0.88317662772532493	0.808141384972718078	0.139715666013862074	0.142626111403253996	0.00513255706743560813	0.0304241796000321175	0.0950144143694381274	0.161341496709197757	0.228182628855818627



