1	AATTAATT	0.497664428204621766


A:	0.310826939710123756	0.158343576752525949	0.315579273480892693	0.629328421674952523	0.530764767590836676	0.187844641258802863	0.160989489557939015	0.871701364003670034	0.87739728969247868	0.0476907233064686231	0.135290680346591987	0.855492789749621077	0.934804518347075146	0.101928206699292807	0.0748591880360155426	0.322143914091290609	0.692083552529167695	0.343689933686932514	0.215973963431330171	0.150183307398229467	0.211619876878203118	0.186785645297983868
C:	0.30065636815356548	0.263970759241820903	0.397136743503750913	0.223925677559209076	0.126758925763089278	0.0814686389922633293	0.0556716592968803269	0.0229724736451433453	0.0125058589336003132	0.00513034277633428873	0.00676287744168652418	0.0024536524621004121	0.012374415570121942	0.00816864467462819969	0.0304669743151710779	0.166282884722165343	0.104291448607325189	0.160249021897183592	0.377925162702974874	0.106600321732409054	0.512711729708319756	0.131363438785374135
G:	0.295761939326534399	0.336121406694603962	0.0703760816677587182	0.0797646816459554507	0.0710676400895014242	0.082419439014014141	0.0154351627111417449	0.0304669743151710779	0.00816864467462819969	0.012374415570121942	0.0024536524621004121	0.00676287744168652418	0.00513034277633428873	0.0125058589336003132	0.0229724736451433453	0.0730642100227574847	0.0509701698114500364	0.112248893406144171	0.131829985466183098	0.264768855004681582	0.143422975554001329	0.225502325405418432
T:	0.0927547528097763655	0.241564257311049186	0.216907901347597677	0.0669812191198829497	0.271408666556572622	0.648267280734919667	0.767903688434038913	0.0748591880360155426	0.101928206699292807	0.934804518347075146	0.855492789749621077	0.135290680346591987	0.0476907233064686231	0.87739728969247868	0.871701364003670034	0.438508991163786563	0.152654829052057079	0.383812151009739722	0.274270888399511857	0.478447515864679896	0.132245417859475797	0.456348590511223565



2	TTAATTAA	0.496232470867074857


A:	0.167367757300861172	0.303461045424597618	0.277028666406670306	0.161630716456736585	0.431667140204920231	0.774152286987587831	0.451050740784852319	0.0351039818411830265	0.223343349301553758	0.95652378271659691	0.929379381958996086	0.0673116780886825474	0.0335951638587403096	0.765208272672371205	0.915933346954815896	0.0563945646135467489	0.198900291505626175	0.429042961001710829	0.563607493452071671	0.181669510042030009	0.291255742384479512	0.0855566570318461252
C:	0.13856026912882456	0.121244963668976682	0.141414436849115921	0.201630987486830378	0.0627853871943345439	0.102887112651585776	0.114941113591571437	0.0289089815871866919	0.00983243951785395989	0.00803630221685978175	0.00257537811277234282	0.000733561839549023698	0.00184475120780299871	0.00161593850822107667	0.0200536896168143861	0.0836311753667348884	0.162937452110884412	0.104608060872025084	0.0685360141546000685	0.230093738108977482	0.228213438336965907	0.19556138984015786
G:	0.299558586125608726	0.365327906307253174	0.547387328476080461	0.103867577397585144	0.238765440664632921	0.0737535053786856818	0.245100641563124416	0.0200536896168143861	0.00161593850822107667	0.00184475120780299871	0.000733561839549023699	0.00257537811277234282	0.00803630221685978175	0.00983243951785395989	0.0289089815871866919	0.0744342749558921259	0.169091115155974178	0.147637994232571319	0.138897741835809012	0.212393207605678223	0.0866897640432703271	0.50062675328055754
T:	0.394513387444705542	0.209966084599172527	0.0341695682681333128	0.532870718658847894	0.266782031936112303	0.0492070949821407111	0.188907504060451828	0.915933346954815896	0.765208272672371205	0.0335951638587403096	0.0673116780886825474	0.929379381958996086	0.95652378271659691	0.223343349301553758	0.0351039818411830265	0.785539985063826237	0.469071141227515235	0.318710983893692768	0.228958750557519248	0.375843544243314286	0.393841055235284253	0.218255199847438475



3	A..TAATTAA	0.495026795416378544


A:	0.210229050186831286	0.279977022550992296	0.364443778214172537	0.210388422569204818	0.318111429862833574	0.615229119004284053	0.664796985884018489	0.576891823861668965	0.0351039818411830265	0.151178414144683591	0.916603569358138315	0.969781391489754938	0.0320119305914437503	0.124587115372823759	0.610620122794238366	0.81978041050477538	0.135426159483415395	0.140814714412166827	0.335783562883426865	0.642844745792345723	0.256807718451870553	0.230234713199961107	0.44633292334167826
C:	0.0534461724659237144	0.122464522084405991	0.16695978532194368	0.229167295299736676	0.303857061891517132	0.173852591816790566	0.0813185124515897299	0.182571408563033163	0.0289089815871866919	0.0180403797997425366	0.00607705144929323351	0.00255384682735541552	0.00210021899633446202	0.00174576987814382849	0.00140559115691283224	0.0719791480357705285	0.0432257927263742093	0.0799073123022844389	0.18945224768464103	0.0782390482766385012	0.236754375210690291	0.270260742675627913	0.133610894291162949
G:	0.237966045099857264	0.253217884920790428	0.174888247881723309	0.198681290653614936	0.0642903279693482004	0.074330392553194789	0.115472707766628894	0.136435297469226625	0.0200536896168143861	0.00558260723709644015	0.00187046302045957556	0.00311413556717198658	0.00267277686629520213	0.00331040959930214996	0.0120038447208062622	0.0526053750562269666	0.0348419236481889135	0.104292555137440457	0.147772436683539585	0.0700991797526205084	0.100004743166826352	0.15471630767711411	0.234593273304284283
T:	0.498358732247387735	0.344340570443811285	0.293708188582160473	0.36176299147744357	0.313741180276301094	0.136587896625730592	0.138411793897762887	0.104101470106071247	0.915933346954815896	0.825198598818477433	0.0754489161721088757	0.0245506261157176597	0.963215073545926586	0.870356705149730262	0.375970441328042539	0.055635066403227125	0.786506124142021482	0.674985418148108277	0.32699175274839252	0.208817026178395268	0.406433163170612803	0.34478823644729687	0.185462909062874508



4	A.TTAATTA	0.494894053146300504


A:	0.592191407234408314	0.520032491789806392	0.185462909062874508	0.34478823644729687	0.406433163170612803	0.208817026178395268	0.32699175274839252	0.674985418148108277	0.786506124142021482	0.102444543664229183	0.298039701898541761	0.836676643999100847	0.953867041175751058	0.050364308838478491	0.0659991802764716564	0.823718706785027577	0.915933346954815896	0.104101470106071247	0.138411793897762887	0.136587896625730592	0.313741180276301094	0.36176299147744357	0.293708188582160473
C:	0.214096222313484126	0.188000235834268383	0.234593273304284283	0.15471630767711411	0.100004743166826352	0.0700991797526205084	0.147772436683539585	0.104292555137440457	0.0348419236481889135	0.0212251271614817157	0.00631524334163684363	0.00345384405988997705	0.00270892161857812191	0.00240983821863242607	0.00601991124065791198	0.00457461589254035001	0.0200536896168143861	0.136435297469226625	0.115472707766628894	0.074330392553194789	0.0642903279693482004	0.198681290653614936	0.174888247881723309
G:	0.0219876574998659006	0.158752874221105496	0.133610894291162949	0.270260742675627913	0.236754375210690291	0.0782390482766385012	0.18945224768464103	0.0799073123022844389	0.0432257927263742093	0.0801701932705594844	0.00501320384809567403	0.00298481432049456005	0.00195664094363190728	0.00349065902426680029	0.0104539594118345435	0.0892345845095958295	0.0289089815871866919	0.182571408563033163	0.0813185124515897299	0.173852591816790566	0.303857061891517132	0.229167295299736676	0.16695978532194368
T:	0.171724712952241659	0.133214398154819729	0.44633292334167826	0.230234713199961107	0.256807718451870553	0.642844745792345723	0.335783562883426865	0.140814714412166827	0.135426159483415395	0.796160135903729617	0.690631850911725721	0.156884697620514616	0.0414673962620389125	0.943735193918622283	0.917526949071035888	0.0824720928128362436	0.0351039818411830265	0.576891823861668965	0.664796985884018489	0.615229119004284053	0.318111429862833574	0.210388422569204818	0.364443778214172537



5	AATATATT	0.494845208117315953


A:	0.440162476141371018	0.529640679655985612	0.410996539756649393	0.52985045092360596	0.438008889553575555	0.0913190116863041671	0.193836649902659512	0.771200479716848845	0.897831375588155848	0.0127725272441488113	0.729643275468946633	0.253397500142461686	0.967821588932889842	0.0750782439170397258	0.175367156136246817	0.882815163578118917	0.562443503898461697	0.35692662759441559	0.216639476099794641	0.239303332932513878	0.179738704356332593	0.459713174525428666
C:	0.128683643573388717	0.0331481144230274466	0.162443119829857111	0.188317330562768529	0.132818725269249008	0.0793391013959927094	0.193836649902659512	0.0231410804477972034	0.0158460875432757501	0.0163494865307392555	0.0122573150622088023	0.00470190932638287861	0.00305639729222209085	0.0112442929515286755	0.0302912836991071345	0.00408258772525013896	0.163072348633952811	0.0639121424560758666	0.358158834199944121	0.245246863137930927	0.341504127812555741	0.117542882924710487
G:	0.128225113091817485	0.225991486030541213	0.0679947917391324079	0.112083361493118849	0.0913986831009365005	0.271929788531970102	0.0240539218281821315	0.0302912836991071345	0.0112442929515286755	0.00305639729222209085	0.00470190932638287861	0.0122573150622088023	0.0163494865307392555	0.0158460875432757501	0.0231410804477972034	0.0698556029496510273	0.127379018301669486	0.218427092042033563	0.222742338047729402	0.246455768380689986	0.0349149433757153702	0.267264127693775325
T:	0.30292876719342278	0.211219719890445729	0.358565548674361088	0.169748857020506662	0.337773702076238936	0.557412098385733022	0.588272778366498844	0.175367156136246817	0.0750782439170397258	0.967821588932889842	0.253397500142461686	0.729643275468946633	0.0127725272441488113	0.897831375588155848	0.771200479716848845	0.0432466457469799163	0.147105129165916006	0.36073413790747498	0.202459351652531836	0.268994035548865209	0.443842224455396296	0.155479814856085521



