1	AAATATCT	0.499578121897955132


A:	0.166249656205341177	0.348635493829449241	0.0930312539562399366	0.134816264600550371	0.269393953289738789	0.546290432174373986	0.577662161045397214	0.802721109141712573	0.815146905046891951	0.980457500652420872	0.0159561653629460382	0.990367269440179108	0.00554017839256052319	0.00885315566328315324	0.04505443880254819	0.205032685073254423	0.0963173608543114341	0.071576512036672885	0.170078544823046977	0.409071371003732396	0.0786226076005932798	0.112299550582745411
C:	0.126000714564004486	0.161424671603811836	0.645426434327976562	0.277829763230755548	0.167883047301733807	0.129127606155248936	0.116859360123245172	0.0105495449548603223	0.0231956863175577658	0.00184233315247864254	0.00122296251988047966	0.00596183174163430571	0.00159852567253901702	0.98760347481518568	0.0157755011501288319	0.0865301490499948247	0.345671715702455196	0.0369733720925704143	0.547154203935117591	0.348040249235347374	0.37072971169002015	0.104382486435328034
G:	0.273282682136668214	0.110736744222753701	0.172549113617432475	0.555278188116994092	0.236546896929735751	0.185435561721219869	0.129788561985187855	0.0436839860271291055	0.154226954856250231	0.0139984896234206937	0.00747675831596514043	0.00141990361208206942	0.00243849778287759984	0.00132530438760970498	0.0167452118262420638	0.114987647439135339	0.25449843837473667	0.244828200357966475	0.0866429049298895282	0.0456315802356230832	0.0558245534866625067	0.22335952161229213
T:	0.434466947093986123	0.379203090343985223	0.0889931980983510267	0.0320757840516999884	0.326176102478791653	0.139146399949157209	0.175689916846169759	0.143045359876297999	0.00743045377930005279	0.00370167657167979174	0.975344113801208342	0.00225099520610451726	0.99042279815202286	0.00221806513392146139	0.922424848221080914	0.593449518437615414	0.3035124850684967	0.646621915512790226	0.196124346311945904	0.197256799525297147	0.494823127222724063	0.559958441369634425



2	A..AGATATT	0.498382053699935481


A:	0.206513265931854073	0.297706492976563069	0.559958441369634425	0.494823127222724063	0.197256799525297147	0.196124346311945904	0.646621915512790226	0.3035124850684967	0.593449518437615414	0.949599845315457128	0.00255361461839941427	0.990967405196486984	0.00268637091718064436	0.975677434339403036	0.00535156642580727605	0.0107389450548032243	0.143045359876297999	0.175689916846169759	0.139146399949157209	0.326176102478791653	0.0320757840516999884	0.0889931980983510267	0.379203090343985223
C:	0.342100900029731562	0.0933935811439981038	0.22335952161229213	0.0558245534866625067	0.0456315802356230832	0.0866429049298895282	0.244828200357966475	0.25449843837473667	0.114987647439135339	0.00618133004144114216	0.00147139349782798749	0.00259442741640550283	0.00140333431915751079	0.010028155059843373	0.0215901696462060136	0.0456614819534477543	0.0436839860271291055	0.129788561985187855	0.185435561721219869	0.236546896929735751	0.555278188116994092	0.172549113617432475	0.110736744222753701
G:	0.211570517538116558	0.198250985786830272	0.104382486435328034	0.37072971169002015	0.348040249235347374	0.547154203935117591	0.0369733720925704143	0.345671715702455196	0.0865301490499948247	0.0154263805223263293	0.975515577667204234	0.00143664575032698271	0.00865235985198590711	0.00124130672186100826	0.00145105634384613561	0.0359089061900257818	0.0105495449548603223	0.116859360123245172	0.129127606155248936	0.167883047301733807	0.277829763230755548	0.645426434327976562	0.161424671603811836
T:	0.239815316500297807	0.410648940092608555	0.112299550582745411	0.0786226076005932798	0.409071371003732396	0.170078544823046977	0.071576512036672885	0.0963173608543114341	0.205032685073254423	0.0287924441207754001	0.0204594142165683643	0.00500152163678053	0.987257934911675938	0.013053103878892583	0.971607207584140575	0.90769066680172324	0.802721109141712573	0.577662161045397214	0.546290432174373986	0.269393953289738789	0.134816264600550371	0.0930312539562399366	0.348635493829449241



3	AA.ATATCT	0.497826194848379572


A:	0.373055691648072789	0.134267798728473159	0.179495414613655709	0.0440850423121107325	0.0210007132233095385	0.188582141194968914	0.373052540098677898	0.605666432594077547	0.6495136566902982	0.815146905046891951	0.972089550350161306	0.0129660614250170542	0.98034764222332842	0.00295821650719340525	0.0197931472917863535	0.0505647996617784231	0.113928245090044012	0.173862662978778433	0.0449789874213176525	0.0512905482485660924	0.224811546032380845	0.197907116683885928	0.116293307553327519
C:	0.0216519688721413597	0.288372379878779824	0.270992645368190816	0.0577704886649771941	0.008839201339318182	0.352346418373142716	0.167757089853284523	0.0374242802745513579	0.00761846131921558361	0.0231956863175577658	0.00514606627156966398	0.00110344371961599499	0.0106086806547985787	0.00288897724288914294	0.958064634992789713	0.018549062951042376	0.0865280854935099387	0.200714175395673772	0.179911945735158614	0.89909929161063749	0.404315257386506908	0.332673760690244354	0.118828989552249952
G:	0.111824969884223418	0.396303459605269453	0.124914763931382037	0.268362127390985589	0.952266800300536231	0.0372930362241904881	0.332767587712957436	0.102990593178811011	0.0521163089376219937	0.154226954856250231	0.0195174350690403457	0.0145214573065539413	0.00285709403360651519	0.00458283396157389827	0.00325166842869913859	0.0227237430512960424	0.181527005882990762	0.382074398433678052	0.390538428207422417	0.0378320312570153193	0.185058139198621089	0.03092463963839736	0.161434096959185348
T:	0.493467369595562434	0.181056361787477564	0.424597176086771438	0.629782341631926485	0.0178932851368360481	0.421778404207697882	0.126422782335080143	0.253918693952560084	0.290751573052864223	0.00743045377930005279	0.00324694830922868418	0.971409037548813009	0.00618658308826648638	0.989569972288343554	0.0188905492867247947	0.908162394335883159	0.618016663533455287	0.243348763191869743	0.384570638636101316	0.0117781288837810982	0.185815057382491158	0.438494482987472358	0.603443605935237182



4	A.AATATCT	0.497813166906546231


A:	0.0449980887585488378	0.166249656205341177	0.348635493829449241	0.0930312539562399366	0.134816264600550371	0.269393953289738789	0.546290432174373986	0.577662161045397214	0.802721109141712573	0.713260449080610342	0.947741848664339599	0.0452490127863240092	0.983840685072237489	0.00354727189871683352	0.0160196364583789626	0.0599920681864239836	0.205032685073254423	0.0963173608543114341	0.071576512036672885	0.170078544823046977	0.409071371003732396	0.0786226076005932798	0.112299550582745411
C:	0.157054798833381336	0.126000714564004486	0.161424671603811836	0.645426434327976562	0.277829763230755548	0.167883047301733807	0.129127606155248936	0.116859360123245172	0.0105495449548603223	0.102367721364074044	0.00333228922952965921	0.00165973764626303268	0.00895643759860089825	0.00354727189871683352	0.974987406066526333	0.0259125707500597487	0.0865301490499948247	0.345671715702455196	0.0369733720925704143	0.547154203935117591	0.348040249235347374	0.37072971169002015	0.104382486435328034
G:	0.194421188260166924	0.273282682136668214	0.110736744222753701	0.172549113617432475	0.555278188116994092	0.236546896929735751	0.185435561721219869	0.129788561985187855	0.0436839860271291055	0.135728338218889185	0.0391272685847360742	0.00793941509361425852	0.00234723383623286317	0.00388111917425844373	0.0022906922572806833	0.0175484865651777177	0.114987647439135339	0.25449843837473667	0.244828200357966475	0.0866429049298895282	0.0456315802356230832	0.0558245534866625067	0.22335952161229213
T:	0.603525924147902903	0.434466947093986123	0.379203090343985223	0.0889931980983510267	0.0320757840516999884	0.326176102478791653	0.139146399949157209	0.175689916846169759	0.143045359876297999	0.0486434913364264289	0.00979859352139466733	0.9451518344737987	0.00485564349292874921	0.989024337028307889	0.0067022652178140209	0.89654687449833855	0.593449518437615414	0.3035124850684967	0.646621915512790226	0.196124346311945904	0.197256799525297147	0.494823127222724063	0.559958441369634425



5	AAGATATT	0.497599136433569904


A:	0.297706492976563069	0.559958441369634425	0.494823127222724063	0.197256799525297147	0.196124346311945904	0.646621915512790226	0.3035124850684967	0.593449518437615414	0.941245133426635243	0.00321755264458119161	0.987037818857878961	0.00279559213671768571	0.963993965533420353	0.00551233086162899393	0.0304978230165807677	0.143045359876297999	0.175689916846169759	0.139146399949157209	0.326176102478791653	0.0320757840516999884	0.0889931980983510267	0.379203090343985223
C:	0.0933935811439981038	0.22335952161229213	0.0558245534866625067	0.0456315802356230832	0.0866429049298895282	0.244828200357966475	0.25449843837473667	0.114987647439135339	0.00329551444913960832	0.00196872871366208745	0.00348245752842572192	0.00192759494683070816	0.0123892100685098831	0.0355424238532113196	0.14306925659301519	0.0436839860271291055	0.129788561985187855	0.185435561721219869	0.236546896929735751	0.555278188116994092	0.172549113617432475	0.110736744222753701
G:	0.198250985786830272	0.104382486435328034	0.37072971169002015	0.348040249235347374	0.547154203935117591	0.0369733720925704143	0.345671715702455196	0.0865301490499948247	0.0369905253096013718	0.985608860516504015	0.00283688434038300176	0.0070268425812869514	0.00202481980310422406	0.00274034892940393744	0.0468641169530193533	0.0105495449548603223	0.116859360123245172	0.129127606155248936	0.167883047301733807	0.277829763230755548	0.645426434327976562	0.161424671603811836
T:	0.410648940092608555	0.112299550582745411	0.0786226076005932798	0.409071371003732396	0.170078544823046977	0.071576512036672885	0.0963173608543114341	0.205032685073254423	0.0184688268146237769	0.00920485812525270598	0.00664283927331231568	0.988249970335164655	0.02159200459496554	0.956204896355755749	0.779568803437384689	0.802721109141712573	0.577662161045397214	0.546290432174373986	0.269393953289738789	0.134816264600550371	0.0930312539562399366	0.348635493829449241



