1	TAAC.GTTA	0.485768945939274253


A:	0.140886617660465728	0.19693284948232551	0.217471632635671543	0.436312725653495075	0.306593064711430549	0.458373869094399161	0.373467531079927176	0.394662507988495938	0.641260447937080754	0.92321710405070945	0.00482745733380907984	0.126401708473084666	0.0280401894830806456	0.0140024384423679522	0.17993143762016402	0.502845079451075071	0.472928885060305391	0.394877696021356862	0.188123513914682524	0.208597495700460375	0.176030403813531592	0.218891283898316733	0.713646595594198299
C:	0.225796766444399915	0.276122496060616095	0.381180504568175285	0.104884735466078508	0.106157336029647114	0.191512726884578257	0.361873300030279452	0.0706888426739407049	0.0204667201066725717	0.0194918985205734542	0.962049926477229643	0.643302435286115495	0.00508242670588063143	0.0432885589863491431	0.158341394336082654	0.0318035698864882861	0.1233114914812381	0.17774440434781622	0.154464991592642238	0.265460830195185648	0.162973819523526136	0.314256590548180455	0.069924511884999213
G:	0.199162296242567563	0.245299348874355138	0.234220802420467527	0.412241647016806579	0.417502428765895152	0.101003534256293221	0.0306432873849368247	0.0318035698864882861	0.158341394336082654	0.0432885589863491431	0.00508242670588063143	0.190488276070281434	0.962049926477229643	0.0194918985205734542	0.0204667201066725717	0.0706888426739407049	0.153812263104713727	0.160865385503828339	0.158162444329839764	0.276984869918492834	0.135128331832106558	0.178437477470899055	0.0816920162877627779
T:	0.434154319652566795	0.281645305582703257	0.167127060375685645	0.0465608918636198376	0.169747170493027185	0.249109869764729362	0.234015881504856547	0.502845079451075071	0.17993143762016402	0.0140024384423679522	0.0280401894830806456	0.039807580170518406	0.00482745733380907984	0.92321710405070945	0.641260447937080754	0.394662507988495938	0.249947360353742783	0.266512514126998579	0.499249050162835473	0.248956804185861143	0.525867444830835714	0.288414648082603758	0.13473687623303971



2	GACAGTTA	0.484394113288684207


A:	0.252606766774773303	0.179742855104187318	0.375362023074608676	0.186787698328916599	0.381447805208119421	0.258437753010664591	0.400778451151872239	0.172484806930742639	0.77688306159958079	0.00372090656946965109	0.451111120515189444	0.00271985677704054127	0.00611944202149992562	0.0062599622956268682	0.884468141027510461	0.308112737136987003	0.206150449155876058	0.291053216446537201	0.174249660636463927	0.251538983547977775	0.208489735122094152	0.388268694218488545
C:	0.146084207429149424	0.252539396820392873	0.230300763320610916	0.208252424078861361	0.310844088689818879	0.148928116730701186	0.274129585219032948	0.00811655909803616417	0.00848297219084581813	0.973902884678026375	0.425986926997137439	0.00431379445156582458	0.00257604976532082468	0.00247826346792442869	0.003042954277147883	0.186750483726899922	0.171090054689871572	0.284417363480790786	0.100566138528228274	0.181730922453579956	0.154545134593149512	0.154749800687666114
G:	0.250780675614512522	0.10334515395012842	0.188198773912693068	0.0908505714752837022	0.215358057616068214	0.206473783956288838	0.0581861885305968116	0.712102499414717961	0.179466555718463267	0.00276813578464794752	0.121519977054147348	0.987468641949306027	0.00980754499537507371	0.00398878974273013298	0.0886766576701684057	0.300810495758541879	0.326397534569510797	0.162092009254513747	0.252268619107388142	0.299744606829951285	0.253976050335488405	0.297372007100220614
T:	0.35052835018156475	0.464372594125291389	0.20613843969208734	0.514109306116938338	0.0923500484859934852	0.386160346302345385	0.266905775098498002	0.107296134556503237	0.0351674104911101248	0.0196080729678560261	0.00138197543352576864	0.00549770682208760723	0.981496963217804176	0.98727298449371857	0.02381224702517325	0.204326283377571197	0.296361961584741573	0.262437410818158266	0.472915581727919657	0.266985487168490984	0.382989079949267932	0.159609497993624727



3	AACCGTTA	0.483023516627830624


A:	0.19693284948232551	0.217471632635671543	0.436312725653495075	0.306593064711430549	0.458373869094399161	0.373467531079927176	0.394662507988495938	0.458025560557801256	0.934912969817879375	0.0120783283168183109	0.126401708473084666	0.0112465409301833795	0.00999010119362948678	0.0229204485062332318	0.719347429401099753	0.472928885060305391	0.394877696021356862	0.188123513914682524	0.208597495700460375	0.176030403813531592	0.218891283898316733	0.713646595594198299
C:	0.276122496060616095	0.381180504568175285	0.104884735466078508	0.106157336029647114	0.191512726884578257	0.361873300030279452	0.0706888426739407049	0.0143505366185450102	0.0131692217930752669	0.980820791992968188	0.643302435286115495	0.00339786372810673509	0.0241138172828818847	0.076739906583100481	0.0145957337777494708	0.1233114914812381	0.17774440434781622	0.154464991592642238	0.265460830195185648	0.162973819523526136	0.314256590548180455	0.069924511884999213
G:	0.245299348874355138	0.234220802420467527	0.412241647016806579	0.417502428765895152	0.101003534256293221	0.0306432873849368247	0.0318035698864882861	0.45318560320904707	0.0365146116782932052	0.00213267460541293932	0.190488276070281434	0.979713303942198441	0.0348275423153607189	0.0122467291426883288	0.0609073617947145137	0.153812263104713727	0.160865385503828339	0.158162444329839764	0.276984869918492834	0.135128331832106558	0.178437477470899055	0.0816920162877627779
T:	0.281645305582703257	0.167127060375685645	0.0465608918636198376	0.169747170493027185	0.249109869764729362	0.234015881504856547	0.502845079451075071	0.0744382996146066635	0.015403196710752153	0.00496820508480056164	0.039807580170518406	0.00564229139951144448	0.93106853920812791	0.888092915767977958	0.205149475026436263	0.249947360353742783	0.266512514126998579	0.499249050162835473	0.248956804185861143	0.525867444830835714	0.288414648082603758	0.13473687623303971



4	A.AAC.GTTA	0.482443577460615339


A:	0.140886617660465728	0.19693284948232551	0.217471632635671543	0.436312725653495075	0.306593064711430549	0.458373869094399161	0.373467531079927176	0.394662507988495938	0.6024138913383847	0.828396660444669187	0.0114837838880031323	0.126401708473084666	0.0249788019664751322	0.0130675935669473434	0.159149542957692888	0.776554602514723229	0.472928885060305391	0.394877696021356862	0.188123513914682524	0.208597495700460375	0.176030403813531592	0.218891283898316733	0.713646595594198299
C:	0.225796766444399915	0.276122496060616095	0.381180504568175285	0.104884735466078508	0.106157336029647114	0.191512726884578257	0.361873300030279452	0.0706888426739407049	0.00957460174263465785	0.0214728203460353111	0.95929371356362929	0.643302435286115495	0.00343927318379472928	0.0392087507427756998	0.0425902259841331193	0.0280101126323165957	0.1233114914812381	0.17774440434781622	0.154464991592642238	0.265460830195185648	0.162973819523526136	0.314256590548180455	0.069924511884999213
G:	0.199162296242567563	0.245299348874355138	0.234220802420467527	0.412241647016806579	0.417502428765895152	0.101003534256293221	0.0306432873849368247	0.0318035698864882861	0.252076131372341799	0.120036785222876825	0.00544348985407072931	0.190488276070281434	0.951752411442850857	0.0260798058194993141	0.00970980122020967921	0.105409661489757645	0.153812263104713727	0.160865385503828339	0.158162444329839764	0.276984869918492834	0.135128331832106558	0.178437477470899055	0.0816920162877627779
T:	0.434154319652566795	0.281645305582703257	0.167127060375685645	0.0465608918636198376	0.169747170493027185	0.249109869764729362	0.234015881504856547	0.502845079451075071	0.135935375546638843	0.0300937339864186774	0.0237790126942968482	0.039807580170518406	0.0198295134068792814	0.921643849870777643	0.788550429837964313	0.0900256233632025295	0.249947360353742783	0.266512514126998579	0.499249050162835473	0.248956804185861143	0.525867444830835714	0.288414648082603758	0.13473687623303971



5	AAAC.GTTA	0.482201066824714773


A:	0.140886617660465728	0.19693284948232551	0.217471632635671543	0.436312725653495075	0.306593064711430549	0.458373869094399161	0.373467531079927176	0.394662507988495938	0.542734962291751032	0.850468686955437022	0.0185077957897254655	0.126401708473084666	0.0105200144541626728	0.0278362073848662835	0.0193478533834386521	0.786533097597915206	0.472928885060305391	0.394877696021356862	0.188123513914682524	0.208597495700460375	0.176030403813531592	0.218891283898316733	0.713646595594198299
C:	0.225796766444399915	0.276122496060616095	0.381180504568175285	0.104884735466078508	0.106157336029647114	0.191512726884578257	0.361873300030279452	0.0706888426739407049	0.00347198134074525212	0.050780853359163257	0.945557692824539778	0.643302435286115495	0.00649203600632790005	0.0178073644324055463	0.0420603004836779442	0.0101179377384177332	0.1233114914812381	0.17774440434781622	0.154464991592642238	0.265460830195185648	0.162973819523526136	0.314256590548180455	0.069924511884999213
G:	0.199162296242567563	0.245299348874355138	0.234220802420467527	0.412241647016806579	0.417502428765895152	0.101003534256293221	0.0306432873849368247	0.0318035698864882861	0.363168884874890233	0.055560032973155396	0.012270700182708418	0.190488276070281434	0.976032441826804381	0.0112559173822211942	0.0104328658002117003	0.150844507916909104	0.153812263104713727	0.160865385503828339	0.158162444329839764	0.276984869918492834	0.135128331832106558	0.178437477470899055	0.0816920162877627779
T:	0.434154319652566795	0.281645305582703257	0.167127060375685645	0.0465608918636198376	0.169747170493027185	0.249109869764729362	0.234015881504856547	0.502845079451075071	0.0906241714926134827	0.0431904267122443251	0.0236638112030263382	0.039807580170518406	0.00695550771270504583	0.943100510800506976	0.928158980332671703	0.0525044567467579573	0.249947360353742783	0.266512514126998579	0.499249050162835473	0.248956804185861143	0.525867444830835714	0.288414648082603758	0.13473687623303971



