1	GTAGGTA..A	0.497022184723807633


A:	0.04607169900123944	0.0722153050265745849	0.151248226297698316	0.367388234064007111	0.0599283442477028148	0.0389990017422557409	0.00699254009745057923	0.00791924271026425779	0.876945962746622935	0.0110524302317478953	0.0136117649998740536	0.00463351297669190576	0.678133041367973994	0.492508259046525374	0.376360056861199526	0.801232210049182221	0.432056275841625332	0.122738018010051318	0.266506860327520462	0.156881161758105708	0.0920694044742058537	0.295656342561637079
C:	0.107170435323673334	0.205137660863396059	0.102830379701114858	0.177875795494757158	0.210639612814813372	0.100941952401339123	0.0049571172683146508	0.010262563654726642	0.00731503933707594192	0.00432212324204999285	0.00206711400774333896	0.00617043390364912949	0.00595656964732043628	0.107371604019178125	0.309131335354782534	0.13717497300616084	0.0264607599232245723	0.65555734081655074	0.372290317486973907	0.590388504328040166	0.571753599146461941	0.363490778841524912
G:	0.749064886306650612	0.191893335479952911	0.58570238837387117	0.299134438104398926	0.357622722692184788	0.84582664884884613	0.854088370655805567	0.00164361962612654574	0.00415744578942070761	0.977718575033983386	0.971680431354152704	0.00509874641052732914	0.254781546119922545	0.216188253672280875	0.194085232547636369	0.0479777525007744601	0.156287354907443007	0.127491360642650742	0.0595307280103709625	0.146898152946217076	0.0599973996565760196	0.262395398169480136
T:	0.0976929793684366136	0.530753698630076445	0.160219005627315656	0.155601532336836805	0.371809320245299025	0.0142323970075590052	0.133961971978429203	0.980174574008882555	0.111581552126880416	0.00690687149221872607	0.0126406896382299032	0.984097306709131636	0.061128842864783024	0.183931883262015626	0.120423375236381571	0.0136150644438824788	0.385195609327707089	0.0942132805307471999	0.301672094175134668	0.10583218096763705	0.276179596722756186	0.0784574804273578737



2	GGTAGGTA	0.49661604851401026


A:	0.16496340767337658	0.146232147732325305	0.0104924905510079682	0.0826618275994694676	0.0444253705324471214	0.201254235790179774	0.0565167364962350631	0.0833578034321845478	0.00309837403861159598	0.0042774258681684199	0.915198916873864179	0.0104369076482938764	0.00218021553553469592	0.00198915576193145416	0.718178054110028728	0.185398647545165732	0.279597358936143313	0.582077958157087081	0.260786482267908571	0.287087039287140705	0.109004225443251075	0.333199044017596755
C:	0.294918783705770678	0.0924566930560973807	0.0498845286850811756	0.738008228171463652	0.0298471769564666468	0.0949356307631211786	0.0200522019570180681	0.0039992958141014032	0.00120242346625708011	0.0102428406258708102	0.000845869024706708725	0.000580847382582647881	0.00253270138385768975	0.00586278036758036108	0.00253465303403063195	0.128497901539308001	0.34926421658271502	0.0464019646995712973	0.00849079984218307932	0.560914642583840472	0.303650839714603272	0.120416474912897307
G:	0.0976531268890547805	0.660599932102265248	0.402790035788114614	0.147450414991986057	0.671396209213685319	0.451919227326071518	0.374898219993276845	0.909343414966244293	0.847661492921029547	0.000467612769102494256	0.00274343956313825343	0.986510998290911051	0.979949394568324787	0.00106303917623615476	0.26000629551611069	0.159820644429281009	0.244989713228511344	0.179242928267607371	0.712456129122089314	0.100567587238986031	0.0636517242181958521	0.193012837048963955
T:	0.442464681731797962	0.100711227109312067	0.536832944975796242	0.0318795292370808227	0.254331243297400912	0.25189090612062753	0.548532841553470024	0.00329948578746975641	0.148037709574101777	0.985012120736858276	0.0812117745382908592	0.00247124667821242493	0.0153376885122828272	0.99108502469425203	0.0192809973398299493	0.526282806486245258	0.126148711252630324	0.192277148875734251	0.018266588767819036	0.051430730890032791	0.5236932106239498	0.353371644020541983



3	ACCTACCC	0.494400809013301568


A:	0.5236932106239498	0.051430730890032791	0.018266588767819036	0.192277148875734251	0.126148711252630324	0.526282806486245258	0.0192809973398299493	0.985245544661233496	0.0994291966696402748	0.00932214895111416571	0.052776851940459985	0.980111989959042921	0.148259981416652295	0.0110440988822296606	0.548532841553470024	0.25189090612062753	0.254331243297400912	0.0318795292370808227	0.536832944975796242	0.100711227109312067	0.442464681731797962	0.060102042034995593
C:	0.0636517242181958521	0.100567587238986031	0.712456129122089314	0.179242928267607371	0.244989713228511344	0.159820644429281009	0.26000629551611069	0.0012986482456468658	0.893576505169629257	0.980017466224474821	0.0173390043266307284	0.000649726107556767112	0.841990248921277683	0.914781257865803267	0.374898219993276845	0.451919227326071518	0.671396209213685319	0.147450414991986057	0.402790035788114614	0.660599932102265248	0.0976531268890547805	0.327198452857806885
G:	0.303650839714603272	0.560914642583840473	0.00849079984218307932	0.0464019646995712973	0.34926421658271502	0.128497901539308001	0.00253465303403063195	0.00761972036245971219	0.00436837122481210427	0.00535312707869068248	0.00195340452276539222	0.00913424469758893435	0.00287810474685525393	0.00507326529721253476	0.0200522019570180681	0.0949356307631211786	0.0298471769564666468	0.738008228171463652	0.0498845286850811756	0.0924566930560973807	0.294918783705770678	0.311959278137542029
T:	0.109004225443251075	0.287087039287140705	0.260786482267908571	0.582077958157087081	0.279597358936143313	0.185398647545165732	0.718178054110028728	0.00583608673065992579	0.00262592693591836347	0.00530725774572033091	0.927930739210143894	0.0101040392358113775	0.00687166491521476769	0.0691013779547545381	0.0565167364962350631	0.201254235790179774	0.0444253705324471214	0.0826618275994694676	0.0104924905510079682	0.146232147732325305	0.16496340767337658	0.300740226969655492



4	ACCTACC..C	0.49399473919301206


A:	0.5236932106239498	0.051430730890032791	0.018266588767819036	0.192277148875734251	0.126148711252630324	0.526282806486245258	0.0192809973398299493	0.981195332839179017	0.04939420356567974	0.00601866753161519568	0.0225696583141993652	0.986442375405914563	0.0877844333251988576	0.00684093348043775341	0.548532841553470024	0.25189090612062753	0.254331243297400912	0.0318795292370808227	0.536832944975796242	0.100711227109312067	0.442464681731797962	0.060102042034995593	0.274418469521686599
C:	0.0636517242181958521	0.100567587238986031	0.712456129122089314	0.179242928267607371	0.244989713228511344	0.159820644429281009	0.26000629551611069	0.00149176329888683292	0.941213319730885266	0.984487103057079864	0.00643170410009014402	0.00165535644549746077	0.903170524810941494	0.887176468406357174	0.374898219993276845	0.451919227326071518	0.671396209213685319	0.147450414991986057	0.402790035788114614	0.660599932102265248	0.0976531268890547805	0.327198452857806885	0.118739878186529777
G:	0.303650839714603272	0.560914642583840473	0.00849079984218307932	0.0464019646995712973	0.34926421658271502	0.128497901539308001	0.00253465303403063195	0.0103113005283492189	0.005777637845963711	0.00191907163200824522	0.000779401406749242856	0.0070773951724040802	0.0015060667617263558	0.00492822883074085021	0.0200522019570180681	0.0949356307631211786	0.0298471769564666468	0.738008228171463652	0.0498845286850811756	0.0924566930560973807	0.294918783705770678	0.311959278137542029	0.436770366030727139
T:	0.109004225443251075	0.287087039287140705	0.260786482267908571	0.582077958157087081	0.279597358936143313	0.185398647545165732	0.718178054110028728	0.00700160333358493118	0.00361483885747128303	0.00757515777929669532	0.970219236178961248	0.00482487297618389595	0.00753897510213329223	0.101054369282464222	0.0565167364962350631	0.201254235790179774	0.0444253705324471214	0.0826618275994694676	0.0104924905510079682	0.146232147732325305	0.16496340767337658	0.300740226969655492	0.170071286261056484



5	CTACCTAC	0.492870052175334819


A:	0.218942250938291166	0.205112114204781037	0.521280007785196024	0.646818929368561452	0.178904224716412686	0.0136150644438824788	0.151162978912451318	0.134150343016002132	0.0320167127551137182	0.980133756996762087	0.0500423834273351651	0.0094587798470009255	0.166070867986802259	0.979876451594345866	0.130881764842441143	0.00329948578746975641	0.249616162060575082	0.112599067733294581	0.0290168003378048357	0.31991058351421261	0.0440562589905306647	0.269155043453321708
C:	0.0770895306030529469	0.103025386745184896	0.0797712387169427852	0.226683744638287153	0.627666460414115661	0.0479777525007744601	0.243972107995936551	0.733838420085925196	0.0706290328597436357	0.00201794831858499188	0.938061906140720889	0.957520407051060352	0.00923403454151668099	0.00705220272640999314	0.858563181627872259	0.909343414966244293	0.43859569859030463	0.249883187313556926	0.491104025630324761	0.0260893931123004385	0.0566746257596990541	0.195055678405012316
G:	0.661455625736925223	0.377612895964528591	0.0886132377393271531	0.0494619313141780902	0.168133519539520694	0.13717497300616084	0.243234060100050589	0.02818486960311457	0.00242871603221801016	0.0132439606743745894	0.00491113573394277913	0.00332651688984918895	0.00674968905748259983	0.00585650493740054916	0.00216122968815980204	0.0039992958141014032	0.0815822386073402206	0.189010673406444507	0.338966105613338508	0.645486595039890541	0.802911705940715971	0.161475752032644956
T:	0.042512592721730664	0.314249603085505477	0.310335515758534038	0.0770353946789733051	0.025295795329950959	0.801232210049182221	0.361630852991561542	0.103826367294958102	0.894925538352924636	0.0046043340102783321	0.00698457469800116642	0.0296942962120895341	0.81794540841419846	0.0072148407418435918	0.00839382384152679582	0.0833578034321845478	0.230205900741780068	0.448507071546703986	0.140913068418531895	0.00851342833359641043	0.0963574093090543105	0.37431352610902102



