1	A..TTATCCA	0.49748126457888729


A:	0.327573371254339615	0.251040555072594995	0.251181538162380695	0.193487830282980523	0.0515157037616045507	0.249525660882480274	0.678359958679437227	0.0533997664664526064	0.0830244455951446733	0.0323089065957704402	0.0139096591097048111	0.990605735745920411	0.00360002712416266599	0.00500015683095259998	0.00294484907568986952	0.734627646636144988	0.154944501268153639	0.514213906471316979	0.407104951002073256	0.158606331680852815	0.404729493598926692	0.277426939747773327	0.307028183200423254
C:	0.132717146041370238	0.150573696766504086	0.37223183691038472	0.330220749226643724	0.405379767837325643	0.247116492660438969	0.127779211851286065	0.733770404313352676	0.532632770229377417	0.0527653679689288763	0.00787054232448786456	0.00246747484123584666	0.00391704367869088177	0.990337315042846367	0.95364644696874257	0.0114713797106634409	0.42221129561135798	0.0299756643809468894	0.129925342602205104	0.22652168980407825	0.186518565875878626	0.153175425958759223	0.174365187006069301
G:	0.236159323483062483	0.440196236845155513	0.186409100174723938	0.11858481212663617	0.485026948003927363	0.349787160277271396	0.101806614257969128	0.05568888523613554	0.324291634338080141	0.00205513187088793927	0.0128041454421901138	0.00534981765634155349	0.0052721853795015012	0.00184691586475213052	0.00461365505439783822	0.206656646533695183	0.0519405287067003269	0.0249655842665771362	0.135932105332253936	0.187118785757989011	0.331935530933562904	0.105298181453197838	0.30168590356096859
T:	0.303550159221227664	0.158189511315745406	0.190177524752510647	0.357706608363739583	0.0580775803971424439	0.153570686179809362	0.0920542152113075795	0.157140943984059177	0.0600511498373977691	0.912870593564412744	0.965415653123617211	0.00157697175650218943	0.987210743817644951	0.00281561226144890222	0.0387950489011697219	0.0472443271194963874	0.370903674413788054	0.430844844881158995	0.327037601063467704	0.427753192757079924	0.0768164095916317789	0.464099452840269612	0.216920726232538854



2	C.TTATCCA	0.497127649014839446


A:	0.327573371254339615	0.251040555072594995	0.251181538162380695	0.193487830282980523	0.0515157037616045507	0.249525660882480274	0.678359958679437227	0.0533997664664526064	0.0830244455951446733	0.0199490397480352103	0.0281531880966632328	0.986876171697795267	0.00196738092700371301	0.00589549339264427772	0.0027180570183916911	0.675523641086063683	0.154944501268153639	0.514213906471316979	0.407104951002073256	0.158606331680852815	0.404729493598926692	0.277426939747773327	0.307028183200423254
C:	0.132717146041370238	0.150573696766504086	0.37223183691038472	0.330220749226643724	0.405379767837325643	0.247116492660438969	0.127779211851286065	0.733770404313352676	0.532632770229377417	0.0694366343895679105	0.00741745814278252543	0.00183017167509532466	0.00646867810227003546	0.987366732326069521	0.925009766291895135	0.00717269260785581193	0.42221129561135798	0.0299756643809468894	0.129925342602205104	0.22652168980407825	0.186518565875878626	0.153175425958759223	0.174365187006069301
G:	0.236159323483062483	0.440196236845155513	0.186409100174723938	0.11858481212663617	0.485026948003927363	0.349787160277271396	0.101806614257969128	0.05568888523613554	0.324291634338080141	0.00116990652262865857	0.0112310361794175849	0.00821931414499646723	0.00435452251182141046	0.00243447642700347964	0.00609044070014329754	0.258805729029398427	0.0519405287067003269	0.0249655842665771362	0.135932105332253936	0.187118785757989011	0.331935530933562904	0.105298181453197838	0.30168590356096859
T:	0.303550159221227664	0.158189511315745406	0.190177524752510647	0.357706608363739583	0.0580775803971424439	0.153570686179809362	0.0920542152113075795	0.157140943984059177	0.0600511498373977691	0.909444419339768221	0.953198317581136657	0.00307434248211294122	0.987209418458904841	0.00430329785428272149	0.0661817359895698766	0.058497937276682078	0.370903674413788054	0.430844844881158995	0.327037601063467704	0.427753192757079924	0.0768164095916317789	0.464099452840269612	0.216920726232538854



3	A.A.GGATAA	0.497105935778450543


A:	0.328860360213669179	0.0661257297225457573	0.0689098789348956638	0.241292327355059632	0.0155698253891571896	0.15627140645561324	0.713491313567157938	0.534984910240298264	0.724212690119833751	0.0382290864169257365	0.0376890106470179783	0.00498197238360607171	0.985376320337505629	0.0042499915200970381	0.948812715317589302	0.929961463315128203	0.101575651049498553	0.160810011744896488	0.178537952797137791	0.358322292358100792	0.135436945399033839	0.341942775402933846	0.159613684525376566
C:	0.137882557763216713	0.47295241711942208	0.406039293171485233	0.6752572501574539	0.327787710393190327	0.159475838857803105	0.137343774954909093	0.0497075231538022994	0.0845511461282455472	0.414562484096964311	0.0142343283035547187	0.00537211794547856092	0.00548921398112724004	0.00972574516090674586	0.0223111230391526675	0.00609239678337782698	0.174769924230804849	0.0781179471709915677	0.128135435105042148	0.448680587585596379	0.164630153931228415	0.215429740879536564	0.251771858601753392
G:	0.129822287238673467	0.112998070776163841	0.158618425608949795	0.028047278080812139	0.142712719755978557	0.0198737265928625077	0.0494687252354446123	0.105573348997382828	0.126966736682125073	0.00615452727189825653	0.938139384669955504	0.979260478231148357	0.00721386408134482323	0.00337682719302257008	0.0111489878256016431	0.0335550183345898597	0.626836385874556931	0.733413348920948703	0.0461056353428679752	0.170012690891206813	0.141321604480328083	0.256384014412747315	0.121007045101479385
T:	0.403434794784440641	0.347923782381868321	0.366432402284669308	0.0554031444066743289	0.513929744461673927	0.664379028093721147	0.0996961862424883568	0.309734217608516609	0.0642694270697956289	0.541053902214211696	0.00993727637947179942	0.0103854314397670104	0.00192060160002230734	0.982647436125973646	0.0177271738176563872	0.0303911215669041101	0.0968180388451396662	0.0276586921631632412	0.647220976754952086	0.022984429165096016	0.558611296189409663	0.186243469304782275	0.467607411771390658



4	T.TGGATAA	0.496957045014640925


A:	0.0393113507797467145	0.173476791482478919	0.216920726232538854	0.464099452840269612	0.0768164095916317789	0.427753192757079924	0.327037601063467704	0.430844844881158995	0.370903674413788054	0.0426532358414630673	0.0633108840914211703	0.00256329407822098045	0.983160891351509669	0.00179436351892784323	0.951366046258103685	0.889489796424706621	0.0600511498373977691	0.157140943984059177	0.0920542152113075795	0.153570686179809362	0.0580775803971424439	0.357706608363739583	0.190177524752510647
C:	0.0990863624394735129	0.139712199740291548	0.30168590356096859	0.105298181453197838	0.331935530933562904	0.187118785757989011	0.135932105332253936	0.0249655842665771362	0.0519405287067003269	0.372170081635094427	0.00748685710122803786	0.00957000547703541768	0.00265224828940526765	0.0109505705332221305	0.00917746311311855186	0.000938811650622046439	0.324291634338080141	0.05568888523613554	0.101806614257969128	0.349787160277271396	0.485026948003927363	0.11858481212663617	0.186409100174723938
G:	0.0796642671305445465	0.267790234121150279	0.174365187006069301	0.153175425958759223	0.186518565875878626	0.22652168980407825	0.129925342602205104	0.0299756643809468894	0.42221129561135798	0.00419490583114223273	0.927401623562437002	0.984031408447853657	0.00951265350425630063	0.00237325861488978974	0.00836292234856538888	0.0767960507975791773	0.532632770229377417	0.733770404313352676	0.127779211851286065	0.247116492660438969	0.405379767837325643	0.330220749226643724	0.37223183691038472
T:	0.781938019650235226	0.419020774656079253	0.307028183200423254	0.277426939747773327	0.404729493598926692	0.158606331680852815	0.407104951002073256	0.514213906471316979	0.154944501268153639	0.580981776692300273	0.0018006352449137901	0.0038352919968899446	0.00467420685482876267	0.984881807332960237	0.0310935682802123743	0.0327753411270921556	0.0830244455951446733	0.0533997664664526064	0.678359958679437227	0.249525660882480274	0.0515157037616045507	0.193487830282980523	0.251181538162380695



5	A.TGGATAA	0.496860886396347213


A:	0.0393113507797467145	0.173476791482478919	0.216920726232538854	0.464099452840269612	0.0768164095916317789	0.427753192757079924	0.327037601063467704	0.430844844881158995	0.370903674413788054	0.0761960764606221584	0.039211194638212468	0.00438460412951427496	0.989880763879962388	0.0040841649442707493	0.973256507775173873	0.894383749858986904	0.0600511498373977691	0.157140943984059177	0.0920542152113075795	0.153570686179809362	0.0580775803971424439	0.357706608363739583	0.190177524752510647
C:	0.0990863624394735129	0.139712199740291548	0.30168590356096859	0.105298181453197838	0.331935530933562904	0.187118785757989011	0.135932105332253936	0.0249655842665771362	0.0519405287067003269	0.206169432550555109	0.00365984048838623854	0.00231519000330443394	0.00500824866839326046	0.00323035200736972496	0.00680713178341772347	0.00112255624531422167	0.324291634338080141	0.05568888523613554	0.101806614257969128	0.349787160277271396	0.485026948003927363	0.11858481212663617	0.186409100174723938
G:	0.0796642671305445465	0.267790234121150279	0.174365187006069301	0.153175425958759223	0.186518565875878626	0.22652168980407825	0.129925342602205104	0.0299756643809468894	0.42221129561135798	0.00431059058087110527	0.955275905900843999	0.991053398676007931	0.00259420288171051011	0.00164372362328807526	0.00664412573683908234	0.0773332042297162161	0.532632770229377417	0.733770404313352676	0.127779211851286065	0.247116492660438969	0.405379767837325643	0.330220749226643724	0.37223183691038472
T:	0.781938019650235226	0.419020774656079253	0.307028183200423254	0.277426939747773327	0.404729493598926692	0.158606331680852815	0.407104951002073256	0.514213906471316979	0.154944501268153639	0.713323900407951628	0.00185305897255729485	0.00224680719117336048	0.00251678456993384149	0.99104175942507145	0.0132922347045693214	0.0271604896659826584	0.0830244455951446733	0.0533997664664526064	0.678359958679437227	0.249525660882480274	0.0515157037616045507	0.193487830282980523	0.251181538162380695



