1	A..AGGATAA	0.486826031840108


A:	0.391673078122540102	0.0988385503339902687	0.336241580449446515	0.165204674821145529	0.425705650684958429	0.239455970602202252	0.531506278073890364	0.469798010257454607	0.332614538986144194	0.236495720370283317	0.163290913350558539	0.048710249684859945	0.906604237811102741	0.0413024304234720026	0.8514456042959589	0.751008285419809146	0.0523396579060724725	0.412688664910027813	0.1234009692500059	0.134082916119279749	0.305945357414205316	0.200366958129146786
C:	0.203631206914005929	0.321775244961922215	0.100840088440268234	0.277107351230339815	0.096328888247206885	0.0650686822586143056	0.0601118927351488366	0.0593335129030652436	0.259512631776527197	0.366072094836377385	0.0812080240552241548	0.0178610123194383529	0.0123792262151063783	0.0301086611957328695	0.0410058539171638467	0.026108825367628721	0.424367401630230442	0.0638725276206493071	0.681946456545909763	0.0945505411154308964	0.335109200007752572	0.188244453110235456
G:	0.253818188634693963	0.456108096002968388	0.403801210206051599	0.299241422890244833	0.153557824016664336	0.166142839123593979	0.0571574363524224548	0.0366838950265449887	0.159627524013394005	0.0140093730947800713	0.710002520667958832	0.880640513868978829	0.0396025346280476737	0.0181111807081536491	0.0630840698913035495	0.0677484979786983483	0.264004753993279526	0.491597673839406868	0.0727775319558464814	0.213054931038045309	0.221204620462209209	0.263109157623130781
T:	0.150877526328760006	0.123278108701119128	0.159117120904233652	0.258446551058269822	0.324407637051170349	0.529332508015589464	0.351224392838538344	0.43418458181293516	0.248245305223934603	0.383422811698559226	0.0454985419262584751	0.0527882241267228727	0.0414140013457432073	0.910477727672641479	0.0444644718955737039	0.155134391233863784	0.25928818647041756	0.0318411336299160116	0.121875042248237855	0.558311611727244046	0.137740822115832903	0.348279431137486978



2	AA..GGATAA	0.486562824122092162


A:	0.206151520020379325	0.163843629362656128	0.324972089807359928	0.117508957848988483	0.258174979382385931	0.34877053357733259	0.551255812579666401	0.469798010257454607	0.416506314472683761	0.220396267382745657	0.1400002286376804	0.0173656445479721369	0.926836463269765293	0.0248759631896706139	0.873803086455901409	0.798977291118772887	0.082870696931379787	0.324292622352675955	0.178264547682507253	0.342923526581110178	0.137998071770768079	0.0383233747084296783	0.246203088982510755
C:	0.102926655651367545	0.478728674471725626	0.249978717011505167	0.160838949969562697	0.156620412308349536	0.162362555019582352	0.0875069840530398721	0.0593335129030652436	0.102046202489780514	0.350134707549368121	0.0225277400540341926	0.0168109579584720942	0.00701375319801228224	0.0136921420105680419	0.03294368409687822	0.0200783906303669577	0.316171507793393558	0.10581554253071679	0.196689185189053059	0.169260000099159635	0.126535984337781588	0.414570091694292265	0.240477985819482309
G:	0.221462405631679946	0.201515806611898866	0.193038843435544157	0.404009176086792731	0.469161270171908624	0.1307595771494388	0.104101247997974035	0.0366838950265449887	0.125231728071681314	0.0268871296430050643	0.785415074127348935	0.94269034028424341	0.0213228482711896392	0.0103307290052865013	0.0592064527873261495	0.0686432472355372123	0.34976456117484923	0.521660160334058857	0.127388548184946294	0.145492992314466043	0.274644448210025148	0.401924071936489694	0.310164621976089288
T:	0.469459418696573184	0.155911889553719379	0.232010349745590748	0.317642916094656089	0.116043338137355908	0.358107334253646258	0.257135955369319691	0.43418458181293516	0.356215754965854411	0.402581895424881157	0.0520569571809364732	0.0231330572093123587	0.0448269352610327861	0.951101165794474843	0.0340467766598942215	0.112301071015322943	0.251193234100377426	0.0482316747825483983	0.497657718943493394	0.342323481005264144	0.460821495681425185	0.145182461660788363	0.203154303221917648



3	CTTATCC..A	0.486099792561861016


A:	0.182395386936134973	0.276603411864009778	0.307998998708281659	0.363879444725777066	0.217819286493316027	0.0555029092130356959	0.0891660146499237568	0.0369189395997581071	0.0507945169176146484	0.982761129918167726	0.0115701373854096466	0.0150236530110114148	0.0163818537042948251	0.336825521862379174	0.137388703691924834	0.711266747017105175	0.334926903726539112	0.242572889908326232	0.265336553084691438	0.165894359862307675	0.160026221806696803	0.130130113637228777	0.230237263754467907
C:	0.252982977088771758	0.368608822620814975	0.199173742780623194	0.274956760027632381	0.0821792713745737049	0.585070311340937471	0.766144244334972481	0.0611596952759823165	0.0165096662133615915	0.00446670405492868577	0.00729334421276144913	0.968534759094191726	0.818367650977771658	0.0532873031514287215	0.491288323691900341	0.0299625774701447664	0.117423980400868587	0.208098141908186031	0.479717334551796514	0.50415836098308526	0.231213592271034386	0.281158954930447759	0.321457463582027136
G:	0.216879993007101585	0.178426589021774864	0.301883948315448073	0.106950424937612139	0.55485550235296165	0.0505423606111898156	0.071096585486783097	0.0147754750389094962	0.0217901242625743325	0.00635200333044118368	0.00605254989909500828	0.00755792269479816154	0.0115277418749897879	0.447819404393625816	0.217355070445186499	0.0297062192081269401	0.0592045881274634021	0.36836491321167852	0.0698240415883274718	0.267133388272803671	0.325478885385173905	0.518663229092901391	0.25227178849367587
T:	0.347741642967991684	0.176361176493400384	0.190943310195647074	0.254213370308978413	0.145145939779148618	0.308884418834837018	0.0735931555283206647	0.88714589008535008	0.910905692606449428	0.00642016269646240447	0.975083968502733896	0.00888366519999869756	0.153722753442943729	0.162067770592566289	0.153967902170988325	0.229064456304623118	0.488444527745128899	0.180964054971809217	0.185122070775184577	0.0628138908818033943	0.283281300537094905	0.0700477023394220728	0.196033484169829087



4	A.AGGATAA	0.484787869807872771


A:	0.206151520020379325	0.163843629362656128	0.324972089807359928	0.117508957848988483	0.258174979382385931	0.34877053357733259	0.551255812579666401	0.471580233896161508	0.416506314472683761	0.220396267382745657	0.259313458495965302	0.0298897514171094918	0.91420597537506668	0.0248103050894905731	0.769650266201936539	0.695858212506355805	0.082870696931379787	0.324292622352675955	0.178264547682507253	0.342923526581110178	0.137998071770768079	0.0383233747084296783	0.246203088982510755
C:	0.102926655651367545	0.478728674471725626	0.249978717011505167	0.160838949969562697	0.156620412308349536	0.162362555019582352	0.0875069840530398721	0.0606639372176686035	0.102046202489780514	0.350134707549368121	0.0407850214837035389	0.0326347430716826181	0.0157242656160213249	0.0392510116594815144	0.0209806886864591601	0.0782171535360455361	0.316171507793393558	0.10581554253071679	0.196689185189053059	0.169260000099159635	0.126535984337781588	0.414570091694292265	0.240477985819482309
G:	0.221462405631679946	0.201515806611898866	0.193038843435544157	0.404009176086792731	0.469161270171908624	0.1307595771494388	0.104101247997974035	0.0544572358438928286	0.125231728071681314	0.0268871296430050643	0.604051006179657145	0.863075163021443799	0.0242509226325368079	0.0189996975715541651	0.0687204076803955152	0.0922394257377722657	0.34976456117484923	0.521660160334058857	0.127388548184946294	0.145492992314466043	0.274644448210025148	0.401924071936489694	0.310164621976089288
T:	0.469459418696573184	0.155911889553719379	0.232010349745590748	0.317642916094656089	0.116043338137355908	0.358107334253646258	0.257135955369319691	0.41329859304227706	0.356215754965854411	0.402581895424881157	0.0958505138406740142	0.0744003424897640914	0.0458188363763751877	0.916938985679473747	0.140648637431208785	0.133685208219826394	0.251193234100377426	0.0482316747825483983	0.497657718943493394	0.342323481005264144	0.460821495681425185	0.145182461660788363	0.203154303221917648



5	A..TGGATAA	0.482565318318763274


A:	0.266884972232932672	0.0478893148334689692	0.53602432296501079	0.0612891164480882888	0.120614849705128173	0.211761176350334384	0.480347351785831018	0.397380623943485551	0.282593198201821891	0.236495720370283317	0.103111253622499522	0.0169080925666457254	0.897462923309547798	0.0110918011977662285	0.733873169221516576	0.486172958632905985	0.325493108181470107	0.207082040149568099	0.177672426432562123	0.170622817529144369	0.309368298724735935	0.464892882922464101	0.13161119844392468
C:	0.117284922291123854	0.415687305561411959	0.287327400364669566	0.520738230246085913	0.0759377312701761385	0.129683098313805291	0.162820722829028375	0.129040644913980253	0.153501521626946108	0.366072094836377385	0.065342218561292313	0.0208187496123126908	0.00947136284431623236	0.0251697219173899974	0.082361445699415789	0.0260835736142022531	0.246027132736770788	0.260076294182339881	0.516062700561868277	0.0485583759250516619	0.0471356208649711635	0.196274433933101824	0.47733709050965287
G:	0.0587607002873119422	0.423144935384483917	0.0857729350148533333	0.215100080279768156	0.646419879693091738	0.326583687938781472	0.160286673670566304	0.157422473176185527	0.28569972073778516	0.0140093730947800713	0.789055702067440125	0.941698954472873109	0.0656065935730250669	0.00615483675886526787	0.0387432398882704151	0.155466726563325773	0.342157032724765803	0.392180670740674438	0.0666782097964587271	0.0638588137524426442	0.314136250475036979	0.220388056701563486	0.104050831925954117
T:	0.557069405188631531	0.113278444220635156	0.0908753416554663104	0.202872573026057642	0.15702753933160395	0.331972037397078853	0.196545251714574302	0.316156257966348669	0.278205559433446842	0.383422811698559226	0.0424908257487680394	0.020574203348168475	0.0274591202731109028	0.957583640125978506	0.14502214519079722	0.332276741189565988	0.0863227263569933013	0.140660994927417582	0.239586663209110873	0.716959992793361325	0.329359829935255922	0.118444626442870589	0.287000879120468333



