1	ATTA.CATA	0.498157134390280041


A:	0.206067122952149098	0.141434649401016456	0.152414449361944257	0.265725837504213114	0.145846749603085778	0.365790117465668102	0.436941930840020595	0.974259887508486739	0.00727899889749226426	0.0110837399706787801	0.77701384929229489	0.209273873161063778	0.0657591489396444696	0.977701593862976831	0.00785272880882110671	0.912968831372574199	0.305710791075692118	0.220601094458503551	0.354825913585198716	0.703297366203058616	0.419408489850593178	0.411945116900304873	0.122357603174984362
C:	0.0708571759595481392	0.411778400521782408	0.172122878351155388	0.241424818968644933	0.48204388502699723	0.187156226282261071	0.159527686016357093	0.00424617353022630382	0.0021228309146203826	0.0105963203254943176	0.00318850171089582304	0.062855978427979953	0.918127493050957696	0.00709387295723456188	0.00236694009328372901	0.00713317331406028294	0.14496823503886433	0.263101050820487654	0.11890304515571864	0.0835661577082872618	0.200400085972899232	0.261371654621727364	0.393300650680692663
G:	0.549500307102248748	0.278951925292987463	0.242890194402293793	0.110993142244513022	0.14265615240513184	0.20446135563689164	0.105855992539913544	0.00437540815611414581	0.00230873313999164846	0.0010853548347225958	0.00172377822840136892	0.701040823250049071	0.00154041250290299197	0.00610631550357570746	0.00650113746974632397	0.0458956727789446539	0.0622540468715818587	0.0851207316608139172	0.215612980560765584	0.142132876875801911	0.0641203365472950513	0.0943307143320170388	0.120278364076489596
T:	0.173575393986054015	0.167835024784213673	0.432572477884606562	0.381856201282628931	0.229453212964785152	0.242592300615179187	0.297674390603708769	0.0171185308051728118	0.988289437047895705	0.977234584869104306	0.218073870768407918	0.0268293251609071983	0.0145729455064948423	0.00909821767621290003	0.98327919362814884	0.0340023225344208641	0.487066927013861692	0.431177123060194877	0.31065806069831706	0.0710035992128522114	0.316071087629212538	0.232352514145950724	0.364063382067833379



2	ATT.GCATA	0.497415254934887473


A:	0.288135051024394497	0.16615393196657309	0.0570798687444844558	0.329689122413248985	0.171072155906911093	0.236452927380951161	0.390173680055001852	0.69368438596146349	0.0582936850074987793	0.0802207011826215466	0.114980412765441586	0.209273873161063778	0.215776266746974619	0.884468611668542501	0.0402039354275798326	0.717712706165739301	0.376692907994978633	0.208271559725970466	0.122654189809281768	0.647576721246873074	0.574758938344183762	0.285358916347371959	0.302235032152402454
C:	0.174031160711431306	0.265266366354199067	0.231766424040115528	0.303855560114642444	0.255141856815355946	0.218595057371862982	0.0857410039255521463	0.0693797388042765105	0.0336870991787263299	0.104627549311354344	0.00499471211359030485	0.062855978427979953	0.723836280423227461	0.01885952523112746	0.0201113346542938054	0.0392115545310025097	0.0464657848457091717	0.192271455400593577	0.211984926340430943	0.0838410866303753748	0.149554966707828559	0.422143874406953805	0.211462405750987739
G:	0.10729025557836725	0.207889003432811025	0.100704361700963031	0.0714057739735533087	0.399959863744709008	0.310963598818203268	0.0993441751034060959	0.0483786464216861522	0.0229275871021879547	0.0363086947020407361	0.00135765308821800481	0.701040823250049071	0.0132647311300009229	0.0643317687989036969	0.00644252037666335798	0.0765706001535293613	0.02558696021267993	0.174254626386838953	0.448807627219151155	0.133666476857707878	0.140236047883277284	0.102450629526150989	0.292728970678260356
T:	0.430543532685806947	0.360690698246416819	0.610449345514436985	0.295049543498555262	0.173826123533023953	0.233988416428982589	0.424741140916039905	0.188557228812573847	0.885091628711586936	0.778843054803983373	0.878667222032750104	0.0268293251609071983	0.047122721699796997	0.0323400943014263424	0.933242209541463004	0.166505139149728828	0.551254346946632265	0.425202358486597004	0.216553256631136135	0.134915715265043674	0.135450047064710395	0.190046579719523247	0.193573591418349451



3	ATTT.CATA	0.497000378656920367


A:	0.162304626361930002	0.191108660893021395	0.0532023667214477305	0.210101443763090865	0.084401634545184308	0.136496844808331054	0.495060533778870192	0.807499973328326001	0.0401817242137524553	0.355916292276883531	0.77701384929229489	0.124834984941431286	0.607633834742109319	0.919740589634522775	0.0250690208674738433	0.646664285103648274	0.418372693037989166	0.173303335800384333	0.280060656196700839	0.549223176677194391	0.478118918135135173	0.607635427875533579	0.195852160882904386
C:	0.111539018529344615	0.355655117255989271	0.163966360206621349	0.222447622012597684	0.306773314471185985	0.163786053970961362	0.126114659658951785	0.0544118802274477374	0.0379396341658966848	0.12659446707733392	0.00318850171089582304	0.00703199897138558653	0.370226290138476942	0.034275737000412257	0.00607222559624649257	0.0406107980836793247	0.128220821019220834	0.364965531010382728	0.174277627882507691	0.130482460458491429	0.146737854604313112	0.121501142564084785	0.151254393119912182
G:	0.547493087233744634	0.386170046319944425	0.296669946380870874	0.264697099095083406	0.379626638262504131	0.432205992320247548	0.129161183966802332	0.0234371208673547465	0.0032628945359525988	0.0107574083365988247	0.00172377822840136892	0.856904474148632119	0.00833756480196335361	0.0275094687611222547	0.0036500201885708153	0.121072620446267586	0.113042963603202544	0.195818408803320746	0.183609473039047406	0.168690415793708297	0.20093270220914475	0.0810538483257296898	0.0844510796652910288
T:	0.178663267874980749	0.0670661755310449089	0.486161326691060046	0.302753835129228045	0.229198412721125575	0.267511108900460036	0.24966362259537569	0.114651025576871515	0.918615747084398261	0.506731832309183724	0.218073870768407918	0.0112285419385510077	0.0138023103174503847	0.0184742046039427128	0.965208733347708849	0.191652296366404815	0.340363522339587456	0.265912724385912193	0.362052242881744065	0.151603947070605883	0.174210525051406965	0.189809581234651947	0.568442366331892403



4	TATGCAAA	0.496977798083572064


A:	0.277423613845845222	0.162231612585489595	0.383945478597653502	0.148459680278078203	0.395021408905193085	0.530406653497426989	0.409418154489257953	0.0188703969720293101	0.989079841723389924	0.00347722434524753487	0.00511219424488843524	0.00159041471180951579	0.878667222032750104	0.746322236888887869	0.95394116931770501	0.119178130336365197	0.231218188355817212	0.252390387793815868	0.315229555503906606	0.255605870007974569	0.340658946994765488	0.129186199265923179
C:	0.275978882051500295	0.0790886710728814029	0.174927280717004557	0.10071682518850058	0.235782720797685411	0.247797265325312186	0.0253946908160505744	0.0209659868708805886	0.00104303219550905474	0.00537515172646162853	0.000875399324125709001	0.925462592829310514	0.00135765308821800481	0.00611035134838048879	0.00266376858382261083	0.030343157088763523	0.0995114892727943142	0.341705334100699941	0.203988253574569293	0.0439206519730256652	0.0948727838947228847	0.408766658846784341
G:	0.362522385279551495	0.338145316568750988	0.0875841362390421414	0.0895046023078862307	0.0688094986317498016	0.125616737456235445	0.0744064183106469031	0.00572695662104617303	0.00159651437939090164	0.00209990877206530749	0.9052148324838528	0.00587196031380331447	0.00499471211359030485	0.0176146233751806104	0.0386739690580881944	0.0528259899818549414	0.0703689236007885538	0.111320382681692463	0.341121991934801425	0.223827597599028956	0.355891379591859701	0.21201192670700404
T:	0.0840751188231029871	0.420534399772878015	0.353543104446299801	0.661318892225534986	0.300386371665371702	0.09617934372102538	0.49078073638404457	0.954436659536043928	0.00828061170171012013	0.989047715156225529	0.0887975739471330561	0.0670750321450766554	0.114980412765441586	0.229952788387551032	0.00472109304038418491	0.797652722593016339	0.59890139877059992	0.294583895423791728	0.139660198986722676	0.47664588041997081	0.208576889518651926	0.250035215180288441



5	TATGCATA	0.496647244716571203


A:	0.340719826907538385	0.125689323417629116	0.212861149752782534	0.145894348922101751	0.092863007280542478	0.491635781421730141	0.445055909060219067	0.0526158051570377797	0.229952788387551032	0.0107603064361565992	0.0235086789095263703	0.29978644988786593	0.966093134590922138	0.746322236888887869	0.897499796232729398	0.419490604177505305	0.101648636210209982	0.45372085820717348	0.560061042814373612	0.106156927008207954	0.48074171727346471	0.219873422831298735
C:	0.263826336894819338	0.365946569374604275	0.259192672355342415	0.124851612449740185	0.283244024457795229	0.213605730176867087	0.0144143583424432307	0.0308468848444642809	0.0176146233751806104	0.019463913028306177	0.00212165252308039144	0.674583218679527308	0.00368264594461508572	0.00611035134838048879	0.0190375137657685413	0.0810710221597734242	0.116254078408224024	0.256355653700737179	0.0423883579099811712	0.0685927502447325877	0.114071479350345187	0.0716597633488890324
G:	0.256881347834601069	0.114885885951387265	0.0916967455966742498	0.137092315297856676	0.360962498841956893	0.100812826985700486	0.0617870680272637229	0.0190375137657685413	0.00611035134838048879	0.00368264594461508572	0.674583218679527308	0.00212165252308039144	0.019463913028306177	0.0176146233751806104	0.0308468848444642808	0.117938702720365548	0.233960194400397639	0.105334490312748299	0.265344285900989604	0.651193929047474329	0.22756155163360573	0.283451458099102664
T:	0.138572488363041208	0.393478221256379344	0.436249432295200801	0.592161723330301388	0.2629304694197054	0.193945661415702286	0.47874266457007398	0.897499796232729398	0.746322236888887869	0.966093134590922138	0.29978644988786593	0.0235086789095263703	0.0107603064361565992	0.229952788387551032	0.0526158051570377797	0.381499670942355722	0.548137090981168355	0.184588997779341042	0.132206313374655613	0.17405639369958513	0.177625251742584373	0.425015355720709569



