1	CTAATTAG	0.498883762464652478


A:	0.287098375565084356	0.514146836349064216	0.313161081483091134	0.00517834213012291795	0.463150309433014888	0.292296593731264884	0.170613683173145143	0.0126054167428637419	0.0062155480326228241	0.987435017840195397	0.985440029471517281	0.00243886422220018336	0.00280479666187323158	0.984561902533956153	0.00441886053332020093	0.144890676470562783	0.110455320368291038	0.00963419837821315635	0.836147245108362676	0.330806534475627833	0.113958364296760183	0.447632633002046272
C:	0.185667102779674787	0.108144688368554651	0.0378466164754050158	0.00158401674866861655	0.193706651346357361	0.121608305090154345	0.211622697355564164	0.981728950016088591	0.00781242287769865244	0.00488336608962289031	0.0031465300261141991	0.00897457628016833664	0.00487681940830848079	0.0014101265557223706	0.00124677270772746601	0.127113906655852785	0.62297363630975166	0.264304083438899371	0.0861788055680508703	0.104508882578237637	0.130643747253311912	0.12024420910473526
G:	0.061800000940098546	0.307049667144369701	0.208912134644623881	0.961587057791202473	0.193706651346357361	0.293489184125819885	0.457588703919019123	0.00124677270772746601	0.0014101265557223706	0.00487681940830848079	0.00897457628016833664	0.0031465300261141991	0.00488336608962289031	0.00781242287769865244	0.981728950016088591	0.168495854563543399	0.120857761515970098	0.166632817687773443	0.0545309051494993692	0.281415496951903266	0.478632319548498444	0.276811723822735235
T:	0.46543452071514231	0.070658808138011432	0.440080167396879969	0.0316505833300059925	0.14943638787427039	0.292605917052760885	0.16017491555227157	0.00441886053332020093	0.984561902533956153	0.00280479666187323158	0.00243886422220018336	0.985440029471517281	0.987435017840195397	0.0062155480326228241	0.0126054167428637419	0.559499562310041032	0.145713281805987204	0.55942890049511403	0.0231430441740870847	0.283269085994231264	0.276765568901429461	0.155311434070483233



2	TTAATTAA	0.498251227861288882


A:	0.388230230192571579	0.467484857279910155	0.0281145265291302155	0.837847344912541609	0.694556132328826898	0.239288721794255723	0.578970655227566003	0.0139023358244493434	0.0137624838514792947	0.97427384309318755	0.97908641434323829	0.00486443477761293555	0.00925264102540614101	0.965474208985096153	0.960889857830646458	0.0563441048336680326	0.188011897341301279	0.0878055392813532547	0.0166433401998940048	0.0999683547169330759	0.090942028331689498	0.142098437188271634
C:	0.299687549270598906	0.133636379924434961	0.184738209976702653	0.00450894498291119487	0.202788028871443316	0.36977321764508823	0.170612713817199323	0.00854017050021401492	0.0180642391451812798	0.0087662266600615944	0.0110319045110065767	0.00501724636814219778	0.00770728922134471494	0.00269906801824327218	0.0166676358446901832	0.342076488351724742	0.137273675815835651	0.0824277614383323081	0.47367232118549095	0.571485744661709325	0.0707706758372816502	0.170180347983213321
G:	0.101141541821405883	0.0718074329876731174	0.107114291215422671	0.144180613434774207	0.083675099796626612	0.172736361847400807	0.106061991656854709	0.0166676358446901833	0.00269906801824327218	0.00770728922134471494	0.00501724636814219778	0.0110319045110065767	0.0087662266600615944	0.0180642391451812798	0.00854017050021401492	0.173925028983768953	0.48843499824689653	0.631179022879134347	0.0787126124240663985	0.10494760226020834	0.223950220538467347	0.394096827623692456
T:	0.210940678715423632	0.327071329807981767	0.680032972278744461	0.0134630966697729896	0.0189807390031031743	0.21820169871325524	0.144354639298379966	0.960889857830646458	0.965474208985096153	0.00925264102540614101	0.00486443477761293555	0.97908641434323829	0.97427384309318755	0.0137624838514792947	0.0139023358244493434	0.427654377830838273	0.186279428595966541	0.19858767640118009	0.430971726190548647	0.223598298361149259	0.614337075292561504	0.293624387204822588



3	TATGCATA	0.497668188132565985


A:	0.152078979622558954	0.0887479514615758611	0.0571755640719382917	0.948570930327597715	0.0259392299453827872	0.219003317189327436	0.193086095071244123	0.015419075653119543	0.966513643991132671	0.00341759500768673005	0.0161849594336391414	0.00441979607838094092	0.962224466592516101	0.0207741010700840308	0.965816723041739165	0.154314154621065655	0.322291465589430965	0.450562093611052838	0.166053902777946641	0.207594679571780851	0.16975256962408788	0.387483199425146394
C:	0.0882349987683956396	0.161476701966683879	0.0752859125395834064	0.010711268067554557	0.118452082635995591	0.262742999051663171	0.0875769542952857117	0.00442513019557814989	0.00895344700809201023	0.0287174298742600623	0.00252067934560964248	0.976874565142370275	0.00564050852553710647	0.00375880793069128809	0.0143390711095631422	0.390155900572717149	0.09344590311849552	0.145045196032569428	0.404478135235970095	0.623157904500105418	0.0567262497552983791	0.267968039314472278
G:	0.580175446582118602	0.506189196443928957	0.841347480809329884	0.0344638332624025111	0.0520799349180570319	0.190305254389981817	0.252272877717852453	0.0143390711095631422	0.00375880793069128809	0.00564050852553710647	0.976874565142370275	0.00252067934560964248	0.0287174298742600623	0.00895344700809201023	0.00442513019557814989	0.0991815613942016806	0.282310535698242499	0.23472323858799067	0.166053902777946641	0.144188746531362724	0.640419749721323296	0.193430029892074668
T:	0.179510575026926805	0.243586150127811303	0.0261910425791484176	0.00625396834244521715	0.803528752500564589	0.327948429369027576	0.467064072915617711	0.965816723041739165	0.0207741010700840308	0.962224466592516101	0.00441979607838094092	0.0161849594336391414	0.00341759500768673005	0.966513643991132671	0.015419075653119543	0.356348383412015516	0.301952095593831016	0.169669471768387063	0.263414059208136623	0.0250586693967510073	0.133101430899290446	0.15111873136830666



4	TATTAATA	0.49628540953514908


A:	0.247484159989108885	0.0496156051849789279	0.562216055293315163	0.0463081529324812396	0.41036737062353318	0.129520646353327015	0.345515366792186096	0.03857174382973118	0.966814562704794107	0.0151585754651078735	0.00825348488727331474	0.96795494000234749	0.968978607490891089	0.0126516085476247724	0.927924612181549178	0.123479345873715795	0.171689364276604045	0.229952774020067311	0.10389209710103694	0.245221428056236205	0.458578478027322504	0.30081199089361174
C:	0.132955447979377297	0.1388814578987068	0.0622564585005511618	0.0417161835536114677	0.262222954915834788	0.194342898113318348	0.117956275510353633	0.00739140159699017733	0.0122174113775780728	0.00815012236146944031	0.0163800945076102082	0.00741148060276898663	0.00771269468253159707	0.00831641737000304773	0.0261122423917294641	0.27533681441600014	0.274557318850677398	0.0658307459843349148	0.567125645972779415	0.113648101960604582	0.137598623099196867	0.0797065048374508244
G:	0.0757747337409998042	0.100410029199926817	0.152746154625757195	0.896784793447394962	0.185664288294919033	0.156366718713560367	0.266296229765370026	0.0261122423917294641	0.00831641737000304773	0.00771269468253159707	0.00741148060276898663	0.0163800945076102082	0.00815012236146944031	0.0122174113775780728	0.00739140159699017733	0.133239930769218975	0.160826840382766041	0.454680898855039862	0.0292807713162831755	0.478026567488234376	0.29545257173307374	0.225017522870171469
T:	0.543785658290514014	0.711092907716387455	0.22278133158037648	0.015190870066512331	0.141745386165712999	0.51976973681979427	0.270232127932090245	0.927924612181549179	0.0126516085476247724	0.968978607490891089	0.96795494000234749	0.00825348488727331474	0.0151585754651078735	0.966814562704794107	0.03857174382973118	0.46794390894106509	0.392926476489952517	0.249535581140557913	0.29970148560990047	0.163103902494924837	0.108370327140406889	0.394463981398765967



5	A..CTAATTA	0.494484227562830183


A:	0.0864674867964204136	0.0788073775372425093	0.347946693717195951	0.200007572429736307	0.0726914357810981983	0.0269927997899848783	0.55942890049511403	0.125967098321925337	0.405468436240006325	0.21140685321311714	0.0470225335458028679	0.954767594316492244	0.947686130401203525	0.0187587908680113709	0.0185994875465124001	0.935705751723371654	0.615159686935706243	0.243346020976817396	0.0418042953125013882	0.0735743151390661795	0.513646392042364514	0.191449105511311586
C:	0.215675919659699896	0.325396243607302971	0.311477622032005602	0.340914981384429861	0.0572365128749167912	0.133603072984407189	0.166632817687773443	0.268202149155594375	0.158035172722555039	0.603242699220118351	0.0442043077716180422	0.0195119831338460755	0.0150959406069076928	0.0268339157822509785	0.0235573528099873752	0.0210869406318975312	0.202350827319049542	0.140823896455256615	0.662076110986068519	0.343786437162967584	0.0839920335082660827	0.619532912611881149
G:	0.244975228485509668	0.290375088533343795	0.087567636422136826	0.220468057197361077	0.355744684334564208	0.789099653825218788	0.264304083438899371	0.385642674703780204	0.287746220923186005	0.0518293636760989865	0.0164113639112853224	0.0129129746235767488	0.0212301968054191688	0.00943452399182104606	0.0266627877839543932	0.0260308692707060535	0.105525922826490979	0.289025987064193284	0.142352631127475121	0.338297625569783009	0.174097038658982884	0.0854700793443761121
T:	0.452881365058370022	0.305421290322110725	0.253008047828661621	0.238609388988472755	0.514327367009420803	0.0503044734003891451	0.00963419837821315635	0.220188077818700085	0.148750170114252631	0.133521083890665523	0.892361794771293768	0.0128074479260849318	0.0159877321864696137	0.944972769357916605	0.931180371859545831	0.0171764383740247616	0.076963562918753236	0.326804095503732706	0.153766962573954972	0.244341622128183227	0.228264535790386519	0.103547902532431153



