1	GGTAGGTA	0.497138670749576069


A:	0.491123939859193964	0.331617241405609676	0.411912363968775433	0.503242075101184278	0.221444697115469249	0.235666483946904775	0.385152658145011799	0.130946479343156987	0.00195497919947416297	0.00599784344448539982	0.93158594272313706	0.011107007065554162	0.00198770547318511876	0.00539138203301216051	0.946682468978507346	0.320090816251662183	0.226548200950140678	0.138860150986654202	0.16876720853097333	0.391031094484416207	0.119639109746533761	0.354979558952182545
C:	0.158752139712667715	0.287199765928924314	0.455556066291695988	0.302484546356379942	0.1515254631067957	0.266061512539730254	0.0916351035963838736	0.00357534797295849422	0.000728942849081258672	0.0037441397063365198	0.000739515379322547495	0.00280894032257853181	0.0015277993442008361	0.00208841722118757952	0.00212069707821481895	0.182747801636006752	0.162171835636515685	0.260086186389670915	0.109761983322686446	0.0855041531989170065	0.101352467373083931	0.144927588880882757
G:	0.106557718783098993	0.219336417778898439	0.0367497778333540701	0.16048046483320171	0.352936212394179599	0.234889785117816386	0.215334941529965021	0.864507837616071466	0.815795591756257636	0.000814841907799246421	0.00133792293480345647	0.985303915875504532	0.979897581447551864	0.00211238804075748713	0.045724830834880103	0.353748222718663681	0.400468190226687357	0.231884241599465264	0.178724799680593737	0.0871664942800897368	0.413947664789082674	0.106817854646149328
T:	0.243566201645039329	0.161846574886567571	0.0957817919061745084	0.0337929137092340697	0.274093627383555452	0.263382218395548585	0.307877296728639307	0.000970335067813051863	0.181520486195186942	0.989443174941378834	0.0663366189627369358	0.000780136736362774058	0.0165869137350621812	0.990407812705042773	0.00547200310839773176	0.143413159393667384	0.21081177318665628	0.36916942102420962	0.542746008465746487	0.436298258036577049	0.365060758091299634	0.39327499752078537



2	ACCTACCA	0.494045120023708387


A:	0.468806362666044999	0.378153738881556183	0.586397899618788919	0.131948713417148903	0.119723066559700003	0.175598125508635543	0.00547200310839773176	0.987843816627739588	0.0263622219133131031	0.00407960014878411537	0.0770029475346886481	0.979681301335859158	0.179150280021042693	0.00846217615295761969	0.580562706709524311	0.31997828650817772	0.478689006811171117	0.0477732842664267875	0.0802565944547624845	0.189922804427007092	0.230704198211959199	0.242296388808316439
C:	0.0452121466603840932	0.248803986722697279	0.111011345812334386	0.371877614092657452	0.383003528101578611	0.38138357096509241	0.045724830834880103	0.00261062139783731689	0.964652742859744736	0.966909189991364499	0.00269823062727335779	0.000620038981294089134	0.815766147495102444	0.909291990315828499	0.229421071121450013	0.450614039812074439	0.391259657210685765	0.261326677240533614	0.0831671163568344378	0.201160320330485634	0.300730646887604301	0.11435708461828407
G:	0.195806376504549083	0.150754206910246506	0.0715254298539597543	0.380371719716606228	0.141935448920393137	0.115245808416160891	0.00212069707821481895	0.00570001758846555291	0.0040872615911678076	0.00853029242352750305	0.00211809826913947255	0.00493378020710105005	0.00102830700339118154	0.00895769104659931624	0.034425925309750785	0.109147865049850232	0.0627224231205219596	0.297431095497575058	0.307381649352221788	0.445883745135256086	0.189564077644294782	0.0568304733448223509
T:	0.290175114169021825	0.222288067485500032	0.231065324714916942	0.115801952773587417	0.355337956418328248	0.327772495110111157	0.946682468978507346	0.00384554438595754189	0.00489777363577435297	0.0204809174363238827	0.918180723568898522	0.014764879475745703	0.00405526548046368136	0.0732881424846145653	0.155590296859274891	0.120259808629897609	0.0673289128576211586	0.39346894299546454	0.52919463983618129	0.163033130107251189	0.279001077256141718	0.586516053228577141



3	C..ACCTACC	0.493641856406710459


A:	0.293668524240436255	0.151316749678967702	0.468806362666044999	0.378153738881556183	0.586397899618788919	0.131948713417148903	0.119723066559700003	0.175598125508635543	0.00547200310839773176	0.981166003147720727	0.111326887042625308	0.00729451006695924324	0.157786906802089672	0.980101137249346808	0.304476301249488547	0.00686131794756385057	0.580562706709524311	0.31997828650817772	0.478689006811171117	0.0477732842664267875	0.0802565944547624845	0.189922804427007092	0.230704198211959199
C:	0.318451071415778749	0.439635509959922625	0.0452121466603840932	0.248803986722697279	0.111011345812334386	0.371877614092657452	0.383003528101578611	0.38138357096509241	0.045724830834880103	0.00303402612658062346	0.874500518513550151	0.943181540013486092	0.00725817709889556472	0.00101226946958323375	0.687624943314561355	0.788585833171760245	0.229421071121450013	0.450614039812074439	0.391259657210685765	0.261326677240533614	0.0831671163568344378	0.201160320330485634	0.300730646887604301
G:	0.235543521191144573	0.144211137100941692	0.195806376504549083	0.150754206910246506	0.0715254298539597543	0.380371719716606228	0.141935448920393137	0.115245808416160891	0.00212069707821481895	0.00518155849445820288	0.00347690557647523541	0.00167073422859864599	0.00418915926637705755	0.00918007851631489149	0.00305509747355633523	0.0129243153046286741	0.034425925309750785	0.109147865049850232	0.0627224231205219596	0.297431095497575058	0.307381649352221788	0.445883745135256086	0.189564077644294782
T:	0.152336883152640422	0.264836603260167981	0.290175114169021825	0.222288067485500032	0.231065324714916942	0.115801952773587417	0.355337956418328248	0.327772495110111157	0.946682468978507346	0.0106184122312404468	0.0106956888673493058	0.0478532156909560186	0.830765756832637705	0.00970651476475506642	0.00484365796239376359	0.19162853357604723	0.155590296859274891	0.120259808629897609	0.0673289128576211586	0.39346894299546454	0.52919463983618129	0.163033130107251189	0.279001077256141718



4	ACCTACC..C	0.493409517459376698


A:	0.468806362666044999	0.378153738881556183	0.586397899618788919	0.131948713417148903	0.119723066559700003	0.175598125508635543	0.00547200310839773176	0.978454231803975848	0.0421945230486618309	0.0036164051309169114	0.0572540487506022538	0.983196903380952532	0.264470585567630061	0.00434909595259179694	0.580562706709524311	0.31997828650817772	0.478689006811171117	0.0477732842664267875	0.0802565944547624845	0.189922804427007092	0.230704198211959199	0.242296388808316439	0.368740794169334917
C:	0.0452121466603840932	0.248803986722697279	0.111011345812334386	0.371877614092657452	0.383003528101578611	0.38138357096509241	0.045724830834880103	0.00741942328952803771	0.942953926514112515	0.944827100776807554	0.00614669137383073811	0.000856632806733846536	0.731732163023205675	0.867117566166192914	0.229421071121450013	0.450614039812074439	0.391259657210685765	0.261326677240533614	0.0831671163568344378	0.201160320330485634	0.300730646887604301	0.11435708461828407	0.16452996155584367
G:	0.195806376504549083	0.150754206910246506	0.0715254298539597543	0.380371719716606228	0.141935448920393137	0.115245808416160891	0.00212069707821481895	0.00759427235144856942	0.00672221581548540226	0.00482110959264161237	0.00180014742823982189	0.00916611673070084893	0.00173115769199758742	0.00557370580369821323	0.034425925309750785	0.109147865049850232	0.0627224231205219596	0.297431095497575058	0.307381649352221788	0.445883745135256086	0.189564077644294782	0.0568304733448223509	0.157983709085631179
T:	0.290175114169021825	0.222288067485500032	0.231065324714916942	0.115801952773587417	0.355337956418328248	0.327772495110111157	0.946682468978507346	0.00653207255504754472	0.0081293346217402522	0.0467353844996339225	0.934799112447327186	0.00678034708161277278	0.00206609371716667686	0.122959632077517076	0.155590296859274891	0.120259808629897609	0.0673289128576211586	0.39346894299546454	0.52919463983618129	0.163033130107251189	0.279001077256141718	0.586516053228577141	0.308745535189190235



5	ACCTACC..A	0.492407480574213091


A:	0.468806362666044999	0.378153738881556183	0.586397899618788919	0.131948713417148903	0.119723066559700003	0.175598125508635543	0.00547200310839773176	0.984477626685695866	0.0383726101050138995	0.00671831739660781987	0.105683482150117079	0.981208181526723376	0.162632858192287099	0.00539073046807695344	0.580562706709524311	0.31997828650817772	0.478689006811171117	0.0477732842664267875	0.0802565944547624845	0.189922804427007092	0.230704198211959199	0.242296388808316439	0.368740794169334917
C:	0.0452121466603840932	0.248803986722697279	0.111011345812334386	0.371877614092657452	0.383003528101578611	0.38138357096509241	0.045724830834880103	0.0037570886741371305	0.951783138493551899	0.974352177494454037	0.00582604444837606425	0.00079878308675884751	0.832615665913394945	0.890749871238340392	0.229421071121450013	0.450614039812074439	0.391259657210685765	0.261326677240533614	0.0831671163568344378	0.201160320330485634	0.300730646887604301	0.11435708461828407	0.16452996155584367
G:	0.195806376504549083	0.150754206910246506	0.0715254298539597543	0.380371719716606228	0.141935448920393137	0.115245808416160891	0.00212069707821481895	0.00587910483749139523	0.00528837865027564053	0.00271168212574106253	0.00343584552266854783	0.00444330117235093603	0.00220371384784245158	0.00695390713281773048	0.034425925309750785	0.109147865049850232	0.0627224231205219596	0.297431095497575058	0.307381649352221788	0.445883745135256086	0.189564077644294782	0.0568304733448223509	0.157983709085631179
T:	0.290175114169021825	0.222288067485500032	0.231065324714916942	0.115801952773587417	0.355337956418328248	0.327772495110111157	0.946682468978507346	0.00588617980267560865	0.00455587275115856045	0.0162178229831970809	0.885054627878838309	0.0135497342141668403	0.00254776204647550383	0.0969054911607649235	0.155590296859274891	0.120259808629897609	0.0673289128576211586	0.39346894299546454	0.52919463983618129	0.163033130107251189	0.279001077256141718	0.586516053228577141	0.308745535189190235



