1	A.T.ACCGTT	0.491574328108495147


A:	0.236100991078152021	0.21347750880885532	0.226015091224616074	0.459009642668253111	0.619924061925437459	0.159151278386285798	0.812966693407713334	0.441013507757499959	0.0715963307056548641	0.603585299074493904	0.963267174897162344	0.00332094511713019977	0.0280516829652037349	0.00889072006540685865	0.00746048478991345423	0.00737794382441964636	0.89704296229968802	0.253090079654071216	0.256448420792421631	0.251927143362919627	0.153766949550549034	0.871068229199571143	0.431145794552703868
C:	0.0520588447551987771	0.144260145145316209	0.558384106785612971	0.0295948790703077226	0.0283765794523707571	0.0775830914012114938	0.138879465838127491	0.0877275704696931385	0.0397238143343025959	0.00902161123144112109	0.00371879169066908108	0.983788881604870477	0.951176659296411018	0.0038587773674803355	0.00334879555547885002	0.011836244740132556	0.00967627004551347647	0.0716485638470336748	0.439388435163224008	0.250953280016488506	0.653814948608438896	0.0647649904763738144	0.119549159942196207
G:	0.414989024855565201	0.41678583490534577	0.0730221788976761825	0.14928526075688372	0.12546993343052928	0.0854535772130094927	0.0256084353974239451	0.243429511309411259	0.0153488845943249407	0.139928175090746045	0.0170821648560310072	0.00242641678777737803	0.0152102960062356133	0.98514170056834696	0.0410826106773246969	0.00308769203002492908	0.0673783942921058434	0.527370341643018986	0.0865643969096229758	0.268029668907190096	0.0104883161973590236	0.0430480619642397994	0.144558197231820958
T:	0.296851139311084001	0.225476511140482701	0.142578623092094773	0.362110217504555446	0.226229425191662503	0.677812052999493215	0.02254540535673523	0.227829410463395643	0.873330970365717599	0.24746491460331893	0.0159318685561375675	0.0104637564902219449	0.00556136173214963389	0.00210880199876584625	0.948108108977282999	0.977698119405422868	0.0259023733626926605	0.147891014855876123	0.217598747134731385	0.22908990771340177	0.181929785643653046	0.0211187183598152427	0.304746848273278967



2	T.ACCGTTA	0.490117375552136582


A:	0.300699895887817351	0.127176644715204851	0.316965955153709891	0.0456782761740109514	0.326120428373085084	0.581516815917320261	0.147820138345802433	0.165831682649439764	0.525796563817067376	0.965322165646653077	0.00834657491063654689	0.071319216318908969	0.00899598612936992725	0.005661959294067593	0.015779021621735951	0.89704296229968802	0.320111693116438971	0.286503328711994724	0.0518554867028262217	0.214844222870463479	0.641826769790280159	0.146991982125208141	0.301891826229545784
C:	0.163600810783950195	0.28500068892864928	0.34826564286535404	0.0354936777643160445	0.292934512559277353	0.127718449441912417	0.119335315031495212	0.0597862850501138276	0.00856991894954145126	0.0063261701610368783	0.973819682344904044	0.7636494834848977	0.00482186940489660531	0.00343831006504827599	0.0079301732342015017	0.00967627004551347647	0.176324085252533509	0.507941716983586257	0.151550416907861857	0.136530963638165942	0.127198043003845155	0.193408940853226844	0.11766982235584179
G:	0.332719153579775186	0.363215972633930808	0.217127246600521542	0.125938682070102167	0.205553269012537252	0.17878229817019049	0.229278615350845333	0.0144614016196683831	0.287295781993519163	0.0177478587137392218	0.0040275385379196914	0.159663837159269594	0.981316709254544018	0.0732840464837728403	0.00479580616820535224	0.0673783942921058434	0.260763186826566219	0.1179243134148433	0.116750537412611927	0.207711682432133314	0.157337600245556714	0.329016543302250532	0.144762722985501347
T:	0.202980139748457268	0.224606693722215062	0.117641155380414527	0.792889363991570837	0.17539179005510031	0.111982436470576832	0.503565931271857021	0.759920630680778025	0.178337735239872009	0.0106038054785708227	0.0138062042065397174	0.00536746303692373751	0.00486543521118944961	0.917615684157111291	0.971494998975857195	0.0259023733626926605	0.242801034804461302	0.0876306408895757199	0.679843558976699994	0.440913131059237264	0.0736375869603179722	0.330582533719314483	0.435675628429111079



3	AACGGTTA	0.487315738534842168


A:	0.55700067307988176	0.103966955296757652	0.364650091049222996	0.689938033273878255	0.159778326904544226	0.386053587665143396	0.125384290025299062	0.734083028819506076	0.883632393202157811	0.00587400395088017143	0.0497909506423752867	0.0110960155760032909	0.00779566357413602171	0.24746491460331893	0.501427107135715975	0.456538823908141575	0.102497431251070146	0.178965353557584325	0.15448547633620347	0.278746252738964703	0.313862395198239002	0.196872659552430075
C:	0.16203293357712929	0.187116743335988141	0.0159086586216848824	0.121488892484181091	0.0249009132205781514	0.310392165379128016	0.0932603006239345624	0.00491373399425761217	0.0473822850343273037	0.980786542765546672	0.543741123436445934	0.00337609361347312869	0.012970633348290599	0.139928175090746045	0.0101923242181382624	0.213181026478880243	0.107368816901884883	0.223845127867267705	0.286044449880913833	0.15933845857516757	0.182158069522467531	0.477031780159414308
G:	0.126433607361467909	0.131500928270112153	0.220776063195956282	0.149720295155338782	0.301866698135348517	0.0929390531439946167	0.0409340371386124134	0.219879549281093071	0.049439086953843591	0.00466501892455774264	0.393519068134111475	0.973470605660322504	0.010421902987819295	0.00902161123144112109	0.326383068941859168	0.222987130588095909	0.170452309884284357	0.160757808188392542	0.00388819596904962876	0.185858924932937834	0.342780664455518989	0.178687154171477097
T:	0.154532785981521041	0.577415373097142054	0.39866518713313584	0.0388527790866018727	0.513454061739529106	0.210615193811733971	0.740421372212153962	0.0411236879051432406	0.019546234809671294	0.00867443435901541426	0.0129488577870673042	0.0120572851502010762	0.968811800089754084	0.603585299074493904	0.161997499704286594	0.107293019024882274	0.619681441962760614	0.436431710386755428	0.555581877813833069	0.376056363752929893	0.161198870823774477	0.147408406116678519



4	AACCGTTA	0.485878790886980692


A:	0.127176644715204851	0.316965955153709891	0.0456782761740109514	0.326120428373085084	0.581516815917320261	0.147820138345802433	0.165831682649439764	0.525796563817067376	0.959881848571479048	0.00810913859198311934	0.0497909506423752867	0.00770755952928449227	0.0118859749821095159	0.0305339322004758684	0.740421372212153962	0.320111693116438971	0.286503328711994724	0.0518554867028262217	0.214844222870463479	0.641826769790280159	0.146991982125208141	0.301891826229545784
C:	0.28500068892864928	0.34826564286535404	0.0354936777643160445	0.292934512559277353	0.127718449441912417	0.119335315031495212	0.0597862850501138276	0.00856991894954145126	0.00850069314800320145	0.978188094004883493	0.543741123436445934	0.00516779419792200324	0.0132223704812801478	0.0911192211805958172	0.0409340371386124134	0.176324085252533509	0.507941716983586257	0.151550416907861857	0.136530963638165942	0.127198043003845155	0.193408940853226844	0.11766982235584179
G:	0.363215972633930808	0.217127246600521542	0.125938682070102167	0.205553269012537252	0.17878229817019049	0.229278615350845333	0.0144614016196683831	0.287295781993519163	0.0209842563714248019	0.00280835616235510765	0.393519068134111475	0.983341237432874862	0.0200762165095962883	0.00454883358298228828	0.0932603006239345624	0.260763186826566219	0.1179243134148433	0.116750537412611927	0.207711682432133314	0.157337600245556714	0.329016543302250532	0.144762722985501347
T:	0.224606693722215062	0.117641155380414527	0.792889363991570837	0.17539179005510031	0.111982436470576832	0.503565931271857021	0.759920630680778025	0.178337735239872009	0.0106332019090929491	0.0108944112407782797	0.0129488577870673042	0.00378340883991864194	0.954815438027014048	0.873798013035946026	0.125384290025299062	0.242801034804461302	0.0876306408895757199	0.679843558976699994	0.440913131059237264	0.0736375869603179722	0.330582533719314483	0.435675628429111079



5	A..AACCGTT	0.485875930521091811


A:	0.0931034623235645053	0.147408406116678519	0.161198870823774477	0.376056363752929893	0.555581877813833069	0.436431710386755428	0.619681441962760614	0.107293019024882274	0.161997499704286594	0.638200628614227306	0.85898987163435699	0.0091889223363647938	0.0152879162166756405	0.0124203205597807822	0.0145356035401574028	0.0169998348950957509	0.740421372212153962	0.210615193811733971	0.513454061739529106	0.0388527790866018727	0.39866518713313584	0.577415373097142054	0.154532785981521041
C:	0.294418998990136425	0.178687154171477097	0.342780664455518989	0.185858924932937834	0.00388819596904962876	0.160757808188392542	0.170452309884284357	0.222987130588095909	0.326383068941859168	0.0217542839192706909	0.0117564377324278422	0.941430072561213286	0.732355200016676084	0.0108099640443133424	0.0282329180701685024	0.15628523623271334	0.0409340371386124134	0.0929390531439946167	0.301866698135348517	0.149720295155338782	0.220776063195956282	0.131500928270112153	0.126433607361467909
G:	0.083729463418526477	0.477031780159414308	0.182158069522467531	0.15933845857516757	0.286044449880913833	0.223845127867267705	0.107368816901884883	0.213181026478880243	0.0101923242181382624	0.231073485798072826	0.105408815225905324	0.00476780345902942879	0.214367627262990225	0.969142753113993137	0.0382630934349373264	0.00878856468507907788	0.0932603006239345624	0.310392165379128016	0.0249009132205781514	0.121488892484181091	0.0159086586216848824	0.187116743335988141	0.16203293357712929
T:	0.528748075267772592	0.196872659552430075	0.313862395198239002	0.278746252738964703	0.15448547633620347	0.178965353557584325	0.102497431251070146	0.456538823908141575	0.501427107135715975	0.108971601668429177	0.0238448754073098439	0.0446132016433924915	0.0379892565036580507	0.00762696228191273816	0.918968384954736768	0.817926364187111832	0.125384290025299062	0.386053587665143396	0.159778326904544226	0.689938033273878255	0.364650091049222996	0.103966955296757652	0.55700067307988176



