1	C.AGATTCC	0.495222337465632769


A:	0.195242558879049925	0.170574089847468461	0.0896816900098823476	0.382484708468573721	0.220086318883009279	0.151511207047272298	0.155855111697400547	0.0649156177294371615	0.343574948794341858	0.917045051337787043	0.00108622379756881013	0.985274636224108221	0.0755142077468449894	0.0542300394452594316	0.00349248108410363494	0.0130108281611509383	0.198616217157323916	0.365959504407026631	0.314936639684649317	0.29750859522054101	0.251452251031548185	0.13189802858966589	0.36740287664937678
C:	0.103095231067129701	0.204698192936696446	0.0596332657793467764	0.165761717973052057	0.151115655289030986	0.296579239254170795	0.207712997254617529	0.596863393786456536	0.362812952033425037	0.00158513203586051178	0.000550435641534523682	0.00137914501676114249	0.000824492226010714531	0.0253300823052756182	0.992331968894927405	0.741823351220524594	0.214760348483036261	0.197077398722450516	0.238912054445772475	0.388943231148662606	0.304177311325170548	0.147501759760164507	0.394391752525486794
G:	0.336333894458946886	0.259777440082390688	0.296469590215990779	0.159513103148327224	0.398735175513466999	0.200722476150113587	0.245899355649032157	0.171159821827956871	0.0658664642324918162	0.058781792533675315	0.912818088744346624	0.0127467482412082653	0.000673021084968021511	0.00027548308277469988	0.00128117290917166426	0.0603884890534722917	0.365990027183191947	0.2003711047327185	0.294366886610917878	0.176411034655795803	0.230701501375083344	0.385457667317841435	0.116180184532896764
T:	0.365328315594873488	0.364950277133444405	0.554215453994780097	0.292240470410046999	0.230062850314492735	0.35118707754844332	0.390532535398949767	0.167061166656149431	0.227745634939741288	0.0225880240926771301	0.0855452518165500423	0.000599470517922370941	0.922988278942176275	0.92016439516669025	0.00289437711179729541	0.184777331564852176	0.220633407176447875	0.236591992137804353	0.15178441925866033	0.13713713897500058	0.213668936268197924	0.335142544332328169	0.122025186292239662



2	AGATTCT..C	0.493730758466274839


A:	0.146097883424745991	0.155598076118854651	0.0988484636301095146	0.314226576017882878	0.111329233865510052	0.279115041590668776	0.212719689658414896	0.950487738174160215	0.0011614734801309832	0.986468431569606441	0.440155112834936981	0.0390759991444924732	0.00246537407731751937	0.00703721578228557016	0.338069324717188565	0.38400896474689274	0.124989971380078695	0.0585882129730004087	0.0834980707416402915	0.285119162932250543	0.0494874155816954965	0.249988825568593839	0.570686943587853576
C:	0.41267983167279641	0.397131674242750405	0.129057330973042638	0.149177017023725738	0.355645594202789226	0.19419192105463664	0.144508475597915628	0.000416522027245836285	0.000945415686917089271	0.00137633511614874404	0.00104297916846662533	0.0101946427841374231	0.993061634324227856	0.285295948885994349	0.182717036784984007	0.351302766077931218	0.486647960703807584	0.215441972727954199	0.167108414268633717	0.343577905463593388	0.140031187680464249	0.22266176902865749	0.0777661234646097134
G:	0.346821378938605592	0.246698099454688052	0.423286463630574591	0.445219304374599965	0.358477853429231471	0.233862358222390489	0.469545660861006623	0.0368141506390179115	0.90637338356388995	0.011517923986890313	0.000548275794619647031	0.000373251817687123292	0.00277458870933723916	0.0828807170185939897	0.345626255479843259	0.177537384191750355	0.0737433394663961024	0.630090269056931287	0.114337046932756892	0.198592900294084916	0.583873466191787027	0.446857858699229084	0.172828229824667549
T:	0.0944009059638520066	0.200572150183706892	0.348807741766273257	0.0913771025837914186	0.174547318502469251	0.292830679132304094	0.173226173882662852	0.0122815891595760374	0.0915197272690619779	0.000637309327354502155	0.558253632201976747	0.95035610625368298	0.00169840288911738585	0.624786118313126091	0.13358738301798417	0.0871508849834256873	0.314618728449717619	0.0958795452421141048	0.6350564680569691	0.172710031310071154	0.226607930546053227	0.0804915467035195879	0.178718703122869162



3	AGATTCTA	0.493177664723896078


A:	0.146097883424745991	0.155598076118854651	0.0988484636301095146	0.314226576017882878	0.111329233865510052	0.279115041590668776	0.212719689658414896	0.946846669528439111	0.00392945870575930641	0.974184253069414211	0.469965768375982047	0.0448117716281266305	0.00636073016470813491	0.00479968979534998611	0.338069324717188565	0.38400896474689274	0.124989971380078695	0.0585882129730004087	0.0834980707416402915	0.285119162932250543	0.0494874155816954965	0.249988825568593839
C:	0.41267983167279641	0.397131674242750405	0.129057330973042638	0.149177017023725738	0.355645594202789226	0.19419192105463664	0.144508475597915628	0.00087806386064747165	0.000696389993932077784	0.00152120950893493948	0.00101833040785398309	0.0121693373388794765	0.986619207315165968	0.318416341386511199	0.182717036784984007	0.351302766077931218	0.486647960703807584	0.215441972727954199	0.167108414268633717	0.343577905463593388	0.140031187680464249	0.22266176902865749
G:	0.346821378938605592	0.246698099454688052	0.423286463630574591	0.445219304374599965	0.358477853429231471	0.233862358222390489	0.469545660861006623	0.0316235881666859648	0.891175489621902206	0.023167476385679985	0.000877009250148511354	0.00057429405006482549	0.00510437159302659824	0.220735555001029642	0.345626255479843259	0.177537384191750355	0.0737433394663961024	0.630090269056931287	0.114337046932756892	0.198592900294084916	0.583873466191787027	0.446857858699229084
T:	0.0944009059638520066	0.200572150183706892	0.348807741766273257	0.0913771025837914186	0.174547318502469251	0.292830679132304094	0.173226173882662852	0.0206516784442274528	0.10419866167840641	0.00112706103597086413	0.528138891966015458	0.942444596982929068	0.00191569092709929863	0.456048413817109173	0.13358738301798417	0.0871508849834256873	0.314618728449717619	0.0958795452421141048	0.6350564680569691	0.172710031310071154	0.226607930546053227	0.0804915467035195879



4	AGAATCTC	0.492396646251111331


A:	0.226607930546053227	0.172710031310071154	0.6350564680569691	0.0958795452421141048	0.314618728449717619	0.0871508849834256873	0.13358738301798417	0.776426426688878654	0.0016646683223322238	0.968264959048893154	0.626849590374662754	0.000573897240439867533	0.107650242179089052	0.00835478819101937423	0.173226173882662852	0.292830679132304094	0.174547318502469251	0.0913771025837914186	0.348807741766273257	0.200572150183706892	0.0944009059638520066	0.214513433448721113
C:	0.583873466191787027	0.198592900294084916	0.114337046932756892	0.630090269056931287	0.0737433394663961024	0.177537384191750355	0.345626255479843259	0.0793297346813301511	0.00136451483002813659	0.000437551740536458749	0.000661857896692987869	0.0189846780342403465	0.890153246589552671	0.022081165942097894	0.469545660861006623	0.233862358222390489	0.358477853429231471	0.445219304374599965	0.423286463630574591	0.246698099454688051	0.346821378938605592	0.568034827953492181
G:	0.140031187680464249	0.343577905463593388	0.167108414268633717	0.215441972727954199	0.486647960703807584	0.351302766077931218	0.182717036784984007	0.13665222177877123	0.992636293132759501	0.00739720017166609957	0.000899358245720039725	0.00100896426176272565	0.000598829818603695849	0.000807612949688284167	0.144508475597915628	0.19419192105463664	0.355645594202789226	0.149177017023725738	0.129057330973042638	0.397131674242750405	0.41267983167279641	0.0861009455775802003
T:	0.0494874155816954965	0.285119162932250543	0.0834980707416402915	0.0585882129730004087	0.124989971380078695	0.38400896474689274	0.338069324717188565	0.00759161685101996508	0.00433452371488013862	0.0239002890389042881	0.371589193482924218	0.97943246046355706	0.00159768141275458099	0.968756432917194448	0.212719689658414896	0.279115041590668776	0.111329233865510052	0.314226576017882878	0.0988484636301095146	0.155598076118854651	0.146097883424745991	0.131350793020206506



5	AGATTCC.A	0.492103768459524868


A:	0.0896816900098823476	0.382484708468573721	0.220086318883009279	0.151511207047272298	0.155855111697400547	0.0649156177294371615	0.343574948794341858	0.861986442703542475	0.00151603073145908748	0.983932581734240764	0.133525555650652442	0.0761422143024854501	0.00287633971642861337	0.00762967867601263282	0.198616217157323916	0.365959504407026631	0.314936639684649317	0.29750859522054101	0.251452251031548185	0.13189802858966589	0.36740287664937678	0.233786753715981461	0.0883665496459473782
C:	0.0596332657793467764	0.165761717973052057	0.151115655289030986	0.296579239254170795	0.207712997254617529	0.596863393786456536	0.362812952033425037	0.000735343094944147765	0.000881730095533812766	0.00168282230059358956	0.000890806021247577455	0.0266908463091233058	0.993014586543011843	0.407728276461391682	0.214760348483036261	0.197077398722450516	0.238912054445772475	0.388943231148662606	0.304177311325170548	0.147501759760164507	0.394391752525486794	0.190886720195970643	0.202854448261322097
G:	0.296469590215990779	0.159513103148327224	0.398735175513466999	0.200722476150113587	0.245899355649032157	0.171159821827956871	0.0658664642324918162	0.11563907310821352	0.9260027155787067	0.0136834153109421965	0.0010889870800724279	0.000403004330566479075	0.00244199686261682295	0.0343678276180577427	0.365990027183191947	0.2003711047327185	0.294366886610917878	0.176411034655795803	0.230701501375083344	0.385457667317841435	0.116180184532896764	0.164056342714055505	0.299058623066209168
T:	0.554215453994780097	0.292240470410046999	0.230062850314492735	0.35118707754844332	0.390532535398949767	0.167061166656149431	0.227745634939741288	0.0216391410932998576	0.0715995235943003999	0.000701180654223449849	0.864494651248027552	0.896763935057824765	0.00166707687794272119	0.550274217244537942	0.220633407176447875	0.236591992137804353	0.15178441925866033	0.13713713897500058	0.213668936268197924	0.335142544332328169	0.122025186292239662	0.411270183373992391	0.409720379026521357



