1	AA..GGATAA	0.497907097347755223


A:	0.0693429062114858187	0.263323694064953131	0.384060018069417728	0.118653618830265315	0.297443005479389127	0.387557291675990496	0.670167052424097559	0.681342037696265196	0.414425566427717307	0.223738786668909077	0.127963629504480055	0.00613931014507815912	0.98392658474402593	0.00426421363261475276	0.947901742336185463	0.899170184856611867	0.0317080103285226538	0.236200467787845266	0.031379504468975622	0.360312594241393071	0.406630123910415424	0.132783809409107288	0.0945559916723914024
C:	0.499716012028686891	0.235813405493927369	0.280845237763064478	0.255533285132318696	0.122752342225681633	0.240045215906308032	0.05364625844838522	0.0248083036571429475	0.0536487912969017305	0.20712671812879702	0.00499704407221050861	0.00146085883799383713	0.00620815705073556425	0.00399729010224361341	0.0126769302457543449	0.00168280431149712233	0.212449614564320448	0.0351112051115891097	0.472093997606512194	0.369508345439125177	0.200371753998938621	0.435493942204678832	0.243956127563545118
G:	0.286587175559990414	0.172656227599868918	0.179027851633941713	0.241795090358081045	0.365246351214437872	0.0609908580371779501	0.204569117048073909	0.0122187466707487205	0.202712033099004441	0.00744129454052707571	0.863407942750910696	0.988220694034457357	0.00779196342766010213	0.00197725352523546353	0.0175252231323347641	0.0754583329399329056	0.688201610726213629	0.719709642292027513	0.0406699664820840007	0.174469001126236441	0.229786060401896411	0.320293962243608419	0.157154291799741417
T:	0.144353906199836875	0.328206672841250582	0.15606689253357608	0.384018005679334944	0.214558301080491368	0.311406634380523522	0.0716175720794433118	0.281630911975843136	0.329213609176376521	0.561693200661766827	0.00363138367239873998	0.0041791369824706466	0.0020732947775784033	0.98976124273990617	0.0218961042857254275	0.0236886778919581053	0.0676407643809432695	0.00897868480853811064	0.455856531442428183	0.095710059193245312	0.163212061688749545	0.11142828614260546	0.504333588964322063



2	CTTATCCA	0.497360720106682471


A:	0.256577282524223982	0.478839976679910685	0.0997724839224288534	0.183945802958868905	0.385760432176487602	0.517972701111617865	0.031852908481771417	0.0299550291189082204	0.023866835014751364	0.0119426292000430461	0.992566204204754563	0.000468300866202799797	0.00509617124042567153	0.00159272132865368984	0.674642504203684832	0.353198082136404414	0.485168473403093253	0.452427543699984438	0.199322133137046888	0.418519982643648315	0.132388377596797056	0.136681954704241897
C:	0.104015965907330397	0.0825539854166177544	0.247326962357454232	0.180011719486460635	0.227370321348262319	0.0864894472539952166	0.655308667966579588	0.737566423707083195	0.0291262140503741285	0.0121922456386475075	0.00109908256141989184	0.00616427201289910636	0.990612506039773179	0.871021531675540843	0.00858791388229215827	0.397497247931442997	0.0176224922739785246	0.0881221878525963651	0.150884323269289576	0.263462177934755635	0.434511491486081593	0.206973811359408389
G:	0.271582402426415692	0.343279594601491031	0.401604349669757589	0.115926085334784737	0.19108059041024793	0.323504099316231024	0.0589109345767269834	0.183009704479835978	0.00178047499077375822	0.00544904917942535879	0.00320533973415783362	0.00898325289333665282	0.000836469669881729957	0.00455554706651636073	0.125499240426583445	0.11339588219163613	0.020700779673512733	0.132570834945659337	0.338615478673822893	0.204014860776486455	0.225363497232101194	0.295090262379149791
T:	0.367824349142029929	0.0953264433019805296	0.251296204050359326	0.520116392219885724	0.195788656065002149	0.0720337523181558946	0.253927488974922011	0.0494688426941726063	0.945226475944100749	0.970416075981884088	0.00312937349966771178	0.984384174227561441	0.00345485304991941936	0.122830199929289106	0.191270341487439565	0.13590878774051646	0.476508254649415489	0.32687943350175986	0.311178064919840643	0.114002978645109595	0.207736633685020157	0.361253971557199923



3	CTTATCC..A	0.497119943695362276


A:	0.256577282524223982	0.478839976679910685	0.0997724839224288534	0.183945802958868905	0.385760432176487602	0.517972701111617865	0.031852908481771417	0.0747327813432993851	0.00924963288951354051	0.0225218776827459285	0.992917670798786957	0.000861326086648808087	0.00270023154108947995	0.00156038915418292967	0.674642504203684832	0.353198082136404414	0.485168473403093253	0.452427543699984438	0.199322133137046888	0.418519982643648315	0.132388377596797056	0.136681954704241897	0.157257179476306782
C:	0.104015965907330397	0.0825539854166177544	0.247326962357454232	0.180011719486460635	0.227370321348262319	0.0864894472539952166	0.655308667966579588	0.787077390789628731	0.0679030566716954531	0.00552721576957528454	0.00119040124451914537	0.00368639658496570104	0.992203529268226276	0.844503605260068703	0.00858791388229215827	0.397497247931442997	0.0176224922739785246	0.0881221878525963651	0.150884323269289576	0.263462177934755635	0.434511491486081593	0.206973811359408389	0.533434123259740752
G:	0.271582402426415692	0.343279594601491031	0.401604349669757589	0.115926085334784737	0.19108059041024793	0.323504099316231024	0.0589109345767269834	0.0602094780341146927	0.00158038671327172935	0.00865030310124805089	0.00305484180039635986	0.00613202778608595173	0.00131102630541103023	0.00604656915480958294	0.125499240426583445	0.11339588219163613	0.020700779673512733	0.132570834945659337	0.338615478673822893	0.204014860776486455	0.225363497232101194	0.295090262379149791	0.15269244397908399
T:	0.367824349142029929	0.0953264433019805296	0.251296204050359326	0.520116392219885724	0.195788656065002149	0.0720337523181558946	0.253927488974922011	0.0779803498329571916	0.921266923725519277	0.963300603446430736	0.00283708615629753794	0.989320249542299539	0.00378521288527321372	0.147889436430938784	0.191270341487439565	0.13590878774051646	0.476508254649415489	0.32687943350175986	0.311178064919840643	0.114002978645109595	0.207736633685020157	0.361253971557199923	0.156616253284868476



4	A..GGATAAG	0.496729835750973641


A:	0.0693429062114858187	0.263323694064953131	0.384060018069417728	0.118653618830265315	0.297443005479389127	0.387557291675990496	0.670167052424097559	0.476508254649415489	0.414425566427717307	0.223738786668909077	0.151598684429990639	0.00224984421336798864	0.987452055253322456	0.00167088079830912615	0.97206415311949918	0.935192802142148615	0.0317080103285226538	0.236200467787845266	0.031379504468975622	0.360312594241393071	0.406630123910415424	0.132783809409107288	0.0945559916723914024
C:	0.499716012028686891	0.235813405493927369	0.280845237763064478	0.255533285132318696	0.122752342225681633	0.240045215906308032	0.05364625844838522	0.020700779673512733	0.0536487912969017305	0.20712671812879702	0.00658897215447466649	0.00304826057233842377	0.00495112121170163192	0.00192411122325960989	0.00279690304178188825	0.00136427381945127996	0.212449614564320448	0.0351112051115891097	0.472093997606512194	0.369508345439125177	0.200371753998938621	0.435493942204678832	0.243956127563545118
G:	0.286587175559990414	0.172656227599868918	0.179027851633941713	0.241795090358081045	0.365246351214437872	0.0609908580371779501	0.204569117048073909	0.0176224922739785246	0.202712033099004441	0.00744129454052707571	0.84032199426249386	0.992015450356385009	0.00681980032210100463	0.00357738693803359824	0.0132605283481163405	0.0473622507966620329	0.688201610726213629	0.719709642292027513	0.0406699664820840007	0.174469001126236441	0.229786060401896411	0.320293962243608419	0.157154291799741417
T:	0.144353906199836875	0.328206672841250582	0.15606689253357608	0.384018005679334944	0.214558301080491368	0.311406634380523522	0.0716175720794433118	0.485168473403093253	0.329213609176376521	0.561693200661766827	0.00149034915304083536	0.00268644485790857857	0.000777023212874907881	0.992827621040397666	0.0118784154906025909	0.0160806732417380719	0.0676407643809432695	0.00897868480853811064	0.455856531442428183	0.095710059193245312	0.163212061688749545	0.11142828614260546	0.504333588964322063



5	CCTTATCC	0.496659999012199338


A:	0.0718676536263920582	0.190312890279664715	0.30416492194047886	0.156350244217265447	0.392119727854655497	0.408107440995267768	0.541334943820041723	0.031852908481771417	0.219907204507762286	0.0183390393485388485	0.0329176523808274198	0.992647388534690509	0.00078548981810094027	0.00149727303927862877	0.00361272976970958497	0.568650957726715416	0.2829741638994233	0.405112405200803695	0.413951695785078417	0.152291216998242551	0.0275656061363626047	0.223921020542367709
C:	0.298545984629595604	0.225587623890593158	0.282374012666994339	0.25065788084174347	0.157528412530613209	0.22930735073331323	0.0673780046554081834	0.655308667966579588	0.607420517924140531	0.0519395035783035327	0.0128471427307676438	0.00139483320367464055	0.00771079810175470089	0.991156486722692233	0.747931610089957945	0.0137296123387042061	0.210585981215064611	0.0170964361918096822	0.162644893614269769	0.0665702360076612598	0.151308506611816739	0.143607351218964975
G:	0.446866874833879218	0.207417457806369398	0.0982934058094744664	0.439817573646727475	0.192543568225911871	0.217060582889573515	0.310871311622505517	0.0589109345767269834	0.138251015273864317	0.0012554216234520589	0.00483151761387631588	0.00393411410854199302	0.00511737271262862615	0.00180520123439386223	0.0057321252297391696	0.17346856063724007	0.172843466548537247	0.0217681462602325382	0.0745131062931373453	0.164426737800365782	0.452008135304897856	0.477726259270591843
T:	0.18271948691013312	0.37668202802337273	0.315167659583052335	0.153174301294263608	0.257808291388819423	0.145524625381845487	0.0804157399020445769	0.253927488974922011	0.0344212622942328672	0.92846603544970556	0.949403687274528621	0.00202366415309285699	0.986386339367515733	0.00554103900363527641	0.2427235349105933	0.244150869297340308	0.333596388336974842	0.556023012347154084	0.348890304307514468	0.616711809193730407	0.369117751946922801	0.154745368968075473



