1	A.GGAATCT	0.496582827085494147


A:	0.395891121875594171	0.351411333804516788	0.239499266119528596	0.0710204128672373833	0.454592450023235106	0.387835156213039651	0.524828051896898565	0.823031148385759566	0.106002003082039531	0.0814170593590119956	0.00178164405515539171	0.9720453819491873	0.970482425272790209	0.00194115250551116674	0.0154465676039659244	0.00650840675024939621	0.291371119039178987	0.455629415721798454	0.303030586330278524	0.203785194800419446	0.103213009265200203	0.283681806650049847	0.349096907658957163
C:	0.241346836655118323	0.287763612981822509	0.417941877195223216	0.0792107662338049666	0.0752473113353748518	0.0644517320575064439	0.0859567800896138326	0.0239515595959867531	0.162334979784770024	0.00675513417183630672	0.00159457099372724683	0.000386059031950226077	0.00066915902809134268	0.00256562794575061342	0.982239525349286754	0.00760982239228612122	0.126103996329970891	0.131963510423907162	0.112916388979953691	0.133844587856557529	0.317845925230317852	0.404280035073190624	0.115580753586526049
G:	0.151991110024190089	0.0329587676356063199	0.203661270533802892	0.173371027102923643	0.128034341860670659	0.32994024468650702	0.162878914369642307	0.0975515893499120492	0.59435849577462029	0.903488521306169187	0.992920993295154114	0.00769787317835752813	0.00063021346073968308	0.00278288426835493551	0.00128648553121413811	0.000924854649221767992	0.0505071694061459272	0.130957089845093689	0.440677497730231687	0.325597754289680522	0.373629825208319383	0.102785006198626207	0.143896525205857362
T:	0.210770931445097416	0.327866285578054384	0.138897586151445296	0.676397793796034007	0.342125896780719384	0.217772867042946885	0.226336253643845295	0.0554657026683416319	0.137304521358570155	0.00833928516298251047	0.00370279165596324776	0.0198706858405049462	0.0282182022383787654	0.992710335280383284	0.00102742151553318297	0.984956916208242715	0.532017715224704195	0.281449984009200696	0.143375526959536098	0.336772463053342503	0.205311240296162562	0.209253152078133322	0.391425813548659426



2	AGATTCCC	0.494894053146300504


A:	0.391425813548659426	0.209253152078133322	0.205311240296162562	0.336772463053342503	0.143375526959536098	0.281449984009200696	0.532017715224704195	0.983685555299171745	0.00127280136258842032	0.991741291236242556	0.0229154781824681959	0.0207947962364969866	0.0023350084429845513	0.0102062804181612051	0.137304521358570155	0.0554657026683416319	0.226336253643845295	0.217772867042946885	0.342125896780719384	0.676397793796034007	0.138897586151445296	0.327866285578054384
C:	0.143896525205857362	0.102785006198626207	0.373629825208319383	0.325597754289680522	0.440677497730231687	0.130957089845093689	0.0505071694061459272	0.00161130376006045334	0.00158476360721907565	0.00103443266458720077	0.000890308846836266111	0.00810696690739949826	0.991552966491381394	0.890143004076137774	0.59435849577462029	0.0975515893499120492	0.162878914369642307	0.32994024468650702	0.128034341860670659	0.173371027102923643	0.203661270533802892	0.0329587676356063199
G:	0.115580753586526049	0.404280035073190624	0.317845925230317852	0.133844587856557529	0.112916388979953691	0.131963510423907162	0.126103996329970891	0.00526738366099084187	0.983478664808697333	0.00423778372865458251	0.00101294764576787751	0.00044540736103170937	0.00341150784507790132	0.0119568696967265986	0.162334979784770024	0.0239515595959867531	0.0859567800896138326	0.0644517320575064439	0.0752473113353748518	0.0792107662338049666	0.417941877195223216	0.287763612981822509
T:	0.349096907658957163	0.283681806650049847	0.103213009265200203	0.203785194800419446	0.303030586330278524	0.455629415721798454	0.291371119039178987	0.00943575727977695968	0.0136637702214951708	0.00298649237051566045	0.97518126532492766	0.970652829495071806	0.00270051722055615307	0.0876938458089744224	0.106002003082039531	0.823031148385759566	0.524828051896898565	0.387835156213039651	0.454592450023235106	0.0710204128672373833	0.239499266119528596	0.351411333804516788



3	GGAATCT.A	0.493783029584629822


A:	0.239499266119528596	0.0710204128672373833	0.454592450023235106	0.387835156213039651	0.524828051896898565	0.823031148385759566	0.106002003082039531	0.103169371482519727	0.00238158290113337825	0.976819849399783899	0.960569326516161402	0.00290486455297028465	0.0142748125360543815	0.00932832440610937712	0.291371119039178987	0.455629415721798454	0.303030586330278524	0.203785194800419446	0.103213009265200203	0.283681806650049847	0.349096907658957163	0.231752430124970167	0.405308557710358212
C:	0.417941877195223216	0.0792107662338049666	0.0752473113353748518	0.0644517320575064439	0.0859567800896138326	0.0239515595959867531	0.162334979784770024	0.0172154827622109604	0.00246692919151780559	0.000702401304402856438	0.00107971706223764954	0.00190605837114132883	0.981318523939309558	0.0125608730562006433	0.126103996329970891	0.131963510423907162	0.112916388979953691	0.133844587856557529	0.317845925230317852	0.404280035073190624	0.115580753586526049	0.344167221130619836	0.112060470151838628
G:	0.203661270533802892	0.173371027102923643	0.128034341860670659	0.32994024468650702	0.162878914369642307	0.0975515893499120492	0.59435849577462029	0.873338013036886413	0.99257575499989578	0.0149972763014087828	0.000656393287309861703	0.00291637992519909885	0.00116071785088524872	0.00130259468029088874	0.0505071694061459272	0.130957089845093689	0.440677497730231687	0.325597754289680522	0.373629825208319383	0.102785006198626207	0.143896525205857362	0.328816620860219464	0.277898309761961241
T:	0.138897586151445296	0.676397793796034007	0.342125896780719384	0.217772867042946885	0.226336253643845295	0.0554657026683416319	0.137304521358570155	0.0062771327183828994	0.00257573290745303581	0.00748047299440446133	0.0376945631342910868	0.992272697150689288	0.00324594567375081168	0.976808207857399091	0.532017715224704195	0.281449984009200696	0.143375526959536098	0.336772463053342503	0.205311240296162562	0.209253152078133322	0.391425813548659426	0.0952637278841905332	0.204732662375841919



4	A..GGAATCT	0.493724378920333877


A:	0.395891121875594171	0.351411333804516788	0.239499266119528596	0.0710204128672373833	0.454592450023235106	0.387835156213039651	0.524828051896898565	0.823031148385759566	0.106002003082039531	0.189837583092642354	0.00168762844251276158	0.971151214007595347	0.96871638562311598	0.00101048384150539632	0.0212929758661502995	0.00974769980388188968	0.291371119039178987	0.455629415721798454	0.303030586330278524	0.203785194800419446	0.103213009265200203	0.283681806650049847	0.349096907658957163
C:	0.241346836655118323	0.287763612981822509	0.417941877195223216	0.0792107662338049666	0.0752473113353748518	0.0644517320575064439	0.0859567800896138326	0.0239515595959867531	0.162334979784770024	0.0102672466932824877	0.00383331070678489397	0.000490053896450643726	0.000964753040511065212	0.00701406582263985701	0.976180026146324265	0.00644712525061945689	0.126103996329970891	0.131963510423907162	0.112916388979953691	0.133844587856557529	0.317845925230317852	0.404280035073190624	0.115580753586526049
G:	0.151991110024190089	0.0329587676356063199	0.203661270533802892	0.173371027102923643	0.128034341860670659	0.32994024468650702	0.162878914369642307	0.0975515893499120492	0.59435849577462029	0.788038391066489851	0.991046519096358196	0.009933352002772858	0.000687218328702089748	0.00245138927026623121	0.000801904935934618801	0.00121998199235723847	0.0505071694061459272	0.130957089845093689	0.440677497730231687	0.325597754289680522	0.373629825208319383	0.102785006198626207	0.143896525205857362
T:	0.210770931445097416	0.327866285578054384	0.138897586151445296	0.676397793796034007	0.342125896780719384	0.217772867042946885	0.226336253643845295	0.0554657026683416319	0.137304521358570155	0.0118567791475853075	0.00343254175434414898	0.018425380093181151	0.0296316430076708645	0.989524061065588515	0.00172509305159081634	0.982585192953141415	0.532017715224704195	0.281449984009200696	0.143375526959536098	0.336772463053342503	0.205311240296162562	0.209253152078133322	0.391425813548659426



5	A..GAATCTT	0.493464375082312656


A:	0.38609621924968781	0.247663377770061954	0.0965823009972104494	0.539643020476185597	0.216479697172865146	0.49353613334170766	0.603784770492338784	0.142672278066839306	0.375073273606526181	0.00176343393548634066	0.955265523657768621	0.931322341669594315	0.00268765783024057596	0.052569027537326901	0.0148668270870108917	0.185899007300823428	0.046328092855295671	0.272901206720253483	0.21711375283306643	0.176546687877547942	0.255722805172123231	0.496392519584283089	0.478176097659217745
C:	0.206855925208150005	0.404293354609954077	0.181301677072906801	0.11040633928632146	0.529256950663712756	0.0973823337356503689	0.084193417191160779	0.128075068177546816	0.0162756707251601635	0.00213342493045202796	0.00388009968081841294	0.00251338744732944932	0.00585591123735746111	0.944496834986814505	0.00842603595893397393	0.141526249606051879	0.358848368531346762	0.197415139945225968	0.228761201927986561	0.344851373332410071	0.383571187009573743	0.283420569749856191	0.18563364374226573
G:	0.0944139347079351629	0.251912872228438584	0.525669577810173259	0.12835972942031295	0.123820198702266494	0.169855525693333248	0.196313741411140685	0.272640014217636503	0.596549836773424606	0.990929549516474399	0.0249206523691841783	0.000909819192393474941	0.00187047624229367233	0.00165230259322607054	0.00386126238512765292	0.0523136192769823614	0.0376487189119477065	0.265635861842879648	0.214864234472725478	0.385977648311347148	0.152915865387945741	0.118418279088832714	0.222928893792792358
T:	0.312633920834227022	0.0961303953915453845	0.196446444119709491	0.221590910817179994	0.130443153461155604	0.239226007229308723	0.115708070905359752	0.456612639537977374	0.0121012188948890495	0.00517359161758723256	0.0159337242922287878	0.0652544516906827607	0.989585954690108291	0.0012818348826325234	0.972845874568927481	0.620261123816142332	0.557174819701409861	0.264047791491640901	0.339260810766221531	0.0926242904786948392	0.207790142430357285	0.101768631577028006	0.113261364805724167



