1	GGTAGGTA	0.467731845047002848


A:	0.19219067594837632	0.191729100705600833	0.358303071170028098	0.212417212168870084	0.0910146568897652117	0.127120979487127269	0.409772801000787341	0.126482171934734622	0.00759778847819230578	0.00692391070095857142	0.82703574533994546	0.00515209497851325859	0.0219256961542373857	0.00749936336363591718	0.63070163473316659	0.630482519455804561	0.328719918516892187	0.128884616010599064	0.129847486774706896	0.491490201671895948	0.221715517430019101	0.208723464177154448
C:	0.175291008774919962	0.187471495634071183	0.289776412002653131	0.170915418241663991	0.137615389615543879	0.142632084913498138	0.0420336932109427655	0.025594801374892238	0.00592955724492150458	0.0074319634777262638	0.00346345080040200029	0.0169766821288087265	0.00478331411637121455	0.00857265777950889275	0.00759070289585898262	0.0946212845162367142	0.0317180658874050514	0.407135277643312086	0.0509897044172908773	0.0862150636531127846	0.346374641736131472	0.498220068361017889
G:	0.343087022618744499	0.224740905337577548	0.129785694018468216	0.33663822106936619	0.275454510604167945	0.152001827506810561	0.249960218625256608	0.836065997899009716	0.755985905651469311	0.0029542925471718529	0.00716011291608927197	0.969185859691439124	0.941365770785424492	0.00564077216802488056	0.342204977514727235	0.202419336672630791	0.557540560445882868	0.244587572714918447	0.204466998731964939	0.125993196485619147	0.0650112112679033261	0.239892677157081466
T:	0.289431292657959219	0.396058498322750436	0.222134822808850556	0.280029148520099734	0.495915442890522965	0.578245108092564031	0.298233287163013285	0.0118570287913634243	0.230486748625416879	0.982689833274143312	0.162340690943563268	0.00868536320123889116	0.0319252189439669076	0.97828720668883031	0.0195026848562471923	0.0724768593553279335	0.0820214551498198937	0.219392533631170403	0.614695810076037288	0.296301538189372121	0.366898629565946101	0.0531637903047461972



2	C.TACCTAC	0.460043463229120364


A:	0.508109829971757848	0.357125858712682157	0.0397305488386107732	0.22374783655239166	0.446013349242883223	0.492922088215130862	0.275883502481411928	0.0539240099322196959	0.0828344597543340967	0.0334293926073480419	0.955377760615419971	0.0168574539675033189	0.0291614631585621273	0.13989600444572463	0.95429051487957827	0.0705603378387177234	0.0118570287913634243	0.648802452225176663	0.213687387559991564	0.135355067068240236	0.385819917521509536	0.227696702894481226	0.257500245708443444
C:	0.0566075003648152136	0.160420362804316655	0.31843908033074877	0.356267800949439697	0.132599920510210422	0.220235928554470429	0.269266795339761596	0.611369060455257973	0.421970170371330741	0.129231405931834892	0.0236977098365605095	0.937397329815037745	0.930441232649158943	0.0243607540728091218	0.0131478840351817167	0.87823903216651774	0.836065997899009716	0.0751573014702376436	0.192047197484350046	0.701220461926586225	0.323836843344435021	0.218993728293744854	0.294452302674734634
G:	0.11950463711815809	0.179440681373244024	0.207173704437330447	0.171996743903327215	0.0932241091628806791	0.0954242987790402701	0.308632787217120429	0.131045006856469817	0.0982172233648417544	0.0155631404146368961	0.0142775698711252162	0.0149363093464458925	0.0117739277098606168	0.0128631394389015006	0.0143930714149250454	0.0329481841662188775	0.025594801374892238	0.0917384968552850993	0.09147672243843711	0.0532359023653821561	0.195657776640818057	0.318950036917187794	0.278983637060912118
T:	0.315778032545268848	0.303013097109757163	0.434656666393310011	0.247987618594841429	0.328162621084025676	0.191417684451358439	0.146216914961706047	0.203661922756052514	0.396978146509493408	0.82177606104618017	0.00664695967689430333	0.0308089068710130435	0.0286233764824183131	0.822880102042564748	0.0181685296703149679	0.0182524458285456596	0.126482171934734622	0.184301749449300595	0.50278869251722128	0.110188568639791383	0.0946854624932373865	0.234359531894586126	0.169063814555909804



3	ACCTACCT	0.457435052106484911


A:	0.366898629565946101	0.296301538189372121	0.614695810076037288	0.219392533631170403	0.0820214551498198937	0.0724768593553279335	0.0195026848562471923	0.914943064230408442	0.0768317756678514569	0.0487984095239423958	0.165478000892017023	0.961500449225522505	0.339154286321590382	0.0437153650781453315	0.298233287163013285	0.578245108092564031	0.495915442890522965	0.280029148520099734	0.222134822808850556	0.396058498322750436	0.289431292657959219	0.822979377821897304
C:	0.0650112112679033261	0.125993196485619147	0.204466998731964939	0.244587572714918447	0.557540560445882868	0.202419336672630791	0.342204977514727235	0.019400757529129963	0.850781288572370636	0.900133875116611392	0.0349409533117524786	0.00478881878444649233	0.617540209999125097	0.7660490152385757	0.249960218625256608	0.152001827506810561	0.275454510604167945	0.33663822106936619	0.129785694018468216	0.224740905337577548	0.343087022618744499	0.0662547402475554784
G:	0.346374641736131472	0.0862150636531127846	0.0509897044172908773	0.407135277643312086	0.0317180658874050514	0.0946212845162367142	0.00759070289585898262	0.022607430903744704	0.00891715042845749503	0.0217890009190030597	0.0192207088155907248	0.026071087005379639	0.0115715760481322096	0.0591441263052023577	0.0420336932109427655	0.142632084913498138	0.137615389615543879	0.170915418241663991	0.289776412002653131	0.187471495634071183	0.175291008774919962	0.0404430236030770648
T:	0.221715517430019101	0.491490201671895948	0.129847486774706896	0.128884616010599064	0.328719918516892187	0.630482519455804561	0.63070163473316659	0.0430487473367168907	0.0634697853313204118	0.0292787144404431528	0.780360336980639774	0.00763964498465136399	0.0317339276311523114	0.13109149337807661	0.409772801000787341	0.127120979487127269	0.0910146568897652117	0.212417212168870084	0.358303071170028098	0.191729100705600833	0.19219067594837632	0.0703228583274701524



4	ACCTACC.A	0.455626142144515237


A:	0.366898629565946101	0.296301538189372121	0.614695810076037288	0.219392533631170403	0.0820214551498198937	0.0724768593553279335	0.0195026848562471923	0.917642734879741733	0.0913429412284451692	0.0334912501416502826	0.0815457718520202377	0.98072827432807253	0.19811093535216955	0.0157427530516654328	0.298233287163013285	0.578245108092564031	0.495915442890522965	0.280029148520099734	0.222134822808850556	0.396058498322750436	0.289431292657959219	0.822979377821897304	0.216919528227347853
C:	0.0650112112679033261	0.125993196485619147	0.204466998731964939	0.244587572714918447	0.557540560445882868	0.202419336672630791	0.342204977514727235	0.022423038567711142	0.842447297354114095	0.917130969639542053	0.0545006206207356672	0.00252933893601310458	0.775097551740094107	0.898651078008469698	0.249960218625256608	0.152001827506810561	0.275454510604167945	0.33663822106936619	0.129785694018468216	0.224740905337577548	0.343087022618744499	0.0662547402475554784	0.170675689932486837
G:	0.346374641736131472	0.0862150636531127846	0.0509897044172908773	0.407135277643312086	0.0317180658874050514	0.0946212845162367142	0.00759070289585898262	0.0269228819694228848	0.0265615907863309254	0.0294402691154078117	0.0131633650672433752	0.00983673064595931515	0.0106826569393625485	0.0361208337530473528	0.0420336932109427655	0.142632084913498138	0.137615389615543879	0.170915418241663991	0.289776412002653131	0.187471495634071183	0.175291008774919962	0.0404430236030770648	0.30552898643769913
T:	0.221715517430019101	0.491490201671895948	0.129847486774706896	0.128884616010599064	0.328719918516892187	0.630482519455804561	0.63070163473316659	0.0330113445831242404	0.0396481706311098102	0.0199375111033998522	0.85079024246000072	0.0069056560899550498	0.0161088559683737945	0.0494853351868175168	0.409772801000787341	0.127120979487127269	0.0910146568897652117	0.212417212168870084	0.358303071170028098	0.191729100705600833	0.19219067594837632	0.0703228583274701524	0.30687579540246618



5	GGTAGGT.A	0.452137971057440608


A:	0.19219067594837632	0.191729100705600833	0.358303071170028098	0.212417212168870084	0.0910146568897652117	0.127120979487127269	0.409772801000787341	0.057013129826090134	0.0099583484687479883	0.0137915148114320282	0.868368941638694948	0.0195538295910319686	0.0713620792468376645	0.0145937083885856737	0.63070163473316659	0.630482519455804561	0.328719918516892187	0.128884616010599064	0.129847486774706896	0.491490201671895948	0.221715517430019101	0.208723464177154448	0.265942531097114318
C:	0.175291008774919962	0.187471495634071183	0.289776412002653131	0.170915418241663991	0.137615389615543879	0.142632084913498138	0.0420336932109427655	0.0111641017067621791	0.01607230193941601	0.00375030275077206571	0.00715986674955132201	0.00505202939253404747	0.00733138869331109374	0.0133784329770066386	0.00759070289585898262	0.0946212845162367142	0.0317180658874050514	0.407135277643312086	0.0509897044172908773	0.0862150636531127846	0.346374641736131472	0.498220068361017889	0.224384646771805884
G:	0.343087022618744499	0.224740905337577548	0.129785694018468216	0.33663822106936619	0.275454510604167945	0.152001827506810561	0.249960218625256608	0.907021535670858054	0.75793265418710564	0.00723743233666729041	0.0347991683676377606	0.929166467350062798	0.896243107430227476	0.0157768330766688277	0.342204977514727235	0.202419336672630791	0.557540560445882868	0.244587572714918447	0.204466998731964939	0.125993196485619147	0.0650112112679033261	0.239892677157081466	0.247704918291231174
T:	0.289431292657959219	0.396058498322750436	0.222134822808850556	0.280029148520099734	0.495915442890522965	0.578245108092564031	0.298233287163013285	0.0248012327962896333	0.216036695404730362	0.975220750101128616	0.0896720232441159695	0.0462276736663711861	0.0250634246296237656	0.95625102555773886	0.0195026848562471923	0.0724768593553279335	0.0820214551498198937	0.219392533631170403	0.614695810076037288	0.296301538189372121	0.366898629565946101	0.0531637903047461972	0.261967903839848624



