1	AGATTCC.C	0.497220705742220458


A:	0.189295294011101177	0.148547688912478298	0.0642386343488059944	0.117547975579904398	0.345154563013074205	0.136752692746280007	0.578278706154235313	0.945926628833696253	0.00179823086975262097	0.985248021904724071	0.0662788111865574917	0.0343491896990032727	0.00250915473948387929	0.00461142757029167133	0.332576310110499299	0.104654953354862172	0.404173930678975657	0.513634065664785108	0.174166930948882329	0.266453251893662795	0.214656155744700761	0.175394180907635272	0.523412356083725485
C:	0.0337910537863632426	0.0447233281522056273	0.140919568897035483	0.223013244258212123	0.184455185209967078	0.136752692746280007	0.00660463338158337896	0.00277527081202917025	0.000601984116088763204	0.00094192065744778938	0.000529067518619268833	0.00881306600539458806	0.990561881847117674	0.739149519586367893	0.172902153109183142	0.67757551699391176	0.274634453214380252	0.3218624115961589	0.506248901317389799	0.341017550587445941	0.16583430760660887	0.205518760734011453	0.128829502336312427
G:	0.339547761003546165	0.0772130690970624404	0.698715004468828273	0.527866624878508065	0.350120277069385046	0.158393724114851864	0.283348504573491519	0.0422276618170453104	0.975484670180103716	0.0130208495723051779	0.000874847090997001807	0.000407417147228892783	0.0007608486570591977	0.00894319900064372157	0.302456343771817977	0.0522007154211172056	0.060326806832922837	0.0132935715070757307	0.144023898055099353	0.0263810465698880767	0.117918174095531694	0.564404166663975288	0.140055650359145049
T:	0.437365891198989415	0.729515913838253634	0.0961267922853302497	0.131572155283375414	0.120269974707573671	0.568100890392588122	0.131768155890689789	0.00907043853722926651	0.0221151148340549	0.000789207865522962047	0.932317274203826238	0.956430327148373246	0.00616811475633924929	0.247295853842696714	0.192065193008499582	0.165568814230108862	0.260864809273721254	0.151209951231980262	0.175560269678628519	0.366148150949003188	0.501591362553158675	0.0546828916943779873	0.207702491220817039



2	GGAATCT.A	0.495790734031465581


A:	0.501591362553158675	0.366148150949003188	0.175560269678628519	0.151209951231980262	0.260864809273721254	0.165568814230108862	0.192065193008499582	0.0857783746240588401	0.00675282300058896433	0.969377689579172405	0.909367065015958991	0.00115328045122410771	0.0259089856963853691	0.00693171227568091443	0.131768155890689789	0.568100890392588122	0.120269974707573671	0.131572155283375414	0.0961267922853302497	0.729515913838253634	0.437365891198989415	0.348506868095562946	0.412148695119447836
C:	0.117918174095531694	0.0263810465698880767	0.144023898055099353	0.0132935715070757307	0.060326806832922837	0.0522007154211172056	0.302456343771817977	0.0207104870682105789	0.000626344524044581764	0.000373266776231106288	0.000948349430573068104	0.00931432581314009927	0.972006482311047493	0.0281403498155530099	0.283348504573491519	0.158393724114851864	0.350120277069385046	0.527866624878508065	0.698715004468828273	0.0772130690970624404	0.339547761003546165	0.280467045344236107	0.10855721195138852
G:	0.16583430760660887	0.341017550587445941	0.506248901317389799	0.3218624115961589	0.274634453214380252	0.67757551699391176	0.172902153109183142	0.889206876831640374	0.989160790829468954	0.00988512088069627931	0.000636489589148406645	0.00115086334221955178	0.000614398874207721946	0.00306973168061879503	0.00660463338158337896	0.136752692746280007	0.184455185209967078	0.223013244258212123	0.140919568897035483	0.0447233281522056273	0.0337910537863632426	0.256630793527477049	0.245828300794226476
T:	0.214656155744700761	0.266453251893662795	0.174166930948882329	0.513634065664785108	0.404173930678975657	0.104654953354862172	0.332576310110499299	0.0043042614760902066	0.00346004164589749945	0.0203639227639002091	0.0890480959643195345	0.988381530393416241	0.00147013311835941542	0.961858206228147281	0.578278706154235313	0.136752692746280007	0.345154563013074205	0.117547975579904398	0.0642386343488059944	0.148547688912478298	0.189295294011101177	0.114395293032723898	0.233465792134937167



3	AAGATTC..G	0.495774810991447053


A:	0.128493260991340756	0.461915340297305246	0.051595765050507516	0.0827233705490081183	0.0808393973730082759	0.33844293840288825	0.256929557886682039	0.723914951215657688	0.975067499401940403	0.0018560928959766505	0.97547995077891978	0.142905211463758025	0.0139321893332483395	0.0025355872935124349	0.0111261073613286103	0.171633309313887713	0.048203879071317355	0.201870612811550213	0.92808857529625968	0.0385689558032260564	0.546296671491222389	0.166751886344767742	0.130111127247327648
C:	0.137554285053940775	0.154309038613065962	0.713212249029583578	0.199225231453297529	0.0785657685904122484	0.289110859192330093	0.0953677855623733627	0.0133197928376479461	0.00176589219241358843	0.00150609285014034286	0.00142239971977064429	0.000968645997322224463	0.00564367287906082034	0.992709798050397444	0.773110865695224933	0.473577488490346754	0.141521989026371547	0.52282270978119769	0.00418464220250537662	0.790719397738850671	0.174969867773430384	0.215894556672675839	0.621618141187612672
G:	0.21467512145023133	0.162780166628866976	0.0578440647043833934	0.573036271567153057	0.306155577473692259	0.169623280038828876	0.531237104009946891	0.0829852223022736237	0.0173374596366355469	0.938869823014556792	0.0225109286327315807	0.00122995293294304899	0.00320715565116541025	0.00196655558498542882	0.0514576632380444628	0.207728609092646175	0.348804518825115197	0.0754254414926032212	0.0428297772751848067	0.0903513926108649551	0.11750855633550287	0.45343432572680817	0.0742868052735840381
T:	0.51927733250448714	0.220995454460761816	0.177347921215525513	0.145015126430541297	0.534439256562887217	0.202822922365952781	0.116465552540997707	0.179780033644420743	0.00582914876901046123	0.0577679912393262147	0.000586720868577994877	0.854896189605976702	0.97721698213652543	0.00278805907110469282	0.164305363705401994	0.147060593103119359	0.461469613077195901	0.199881235914648876	0.0248970052260501365	0.0803602538470583173	0.161224904399844357	0.163919231255748249	0.173983926291475642



4	AAGATTCC	0.49562013003126706


A:	0.114395293032723898	0.189295294011101177	0.148547688912478298	0.0642386343488059944	0.117547975579904398	0.345154563013074205	0.136752692746280007	0.578278706154235313	0.979388603845278671	0.000958130459455468804	0.977814127041746383	0.0847581551435287063	0.0176134978845454238	0.00187347565477900149	0.0111261073613286103	0.332576310110499299	0.104654953354862172	0.404173930678975657	0.513634065664785108	0.174166930948882329	0.266453251893662795	0.214656155744700761
C:	0.256630793527477049	0.0337910537863632426	0.0447233281522056273	0.140919568897035483	0.223013244258212123	0.184455185209967078	0.136752692746280007	0.00660463338158337896	0.0018883308810611989	0.000884693043187606337	0.000576913714511886659	0.000764627013571647055	0.00958389290279901021	0.990517926062068752	0.773110865695224933	0.172902153109183142	0.67757551699391176	0.274634453214380252	0.3218624115961589	0.506248901317389799	0.341017550587445941	0.16583430760660887
G:	0.280467045344236107	0.339547761003546165	0.0772130690970624404	0.698715004468828273	0.527866624878508065	0.350120277069385046	0.158393724114851864	0.283348504573491519	0.0157020026480929808	0.953310500668118851	0.0206311451166999839	0.000924574501247693521	0.00049530675915119634	0.00104660940043122388	0.0514576632380444628	0.302456343771817977	0.0522007154211172056	0.060326806832922837	0.0132935715070757307	0.144023898055099353	0.0263810465698880767	0.117918174095531694
T:	0.348506868095562946	0.437365891198989415	0.729515913838253634	0.0961267922853302497	0.131572155283375414	0.120269974707573671	0.568100890392588122	0.131768155890689789	0.00302106262556714935	0.044846675829238074	0.000977814127041746383	0.913552643341651953	0.97230730245350437	0.00656198888272102226	0.164305363705401994	0.192065193008499582	0.165568814230108862	0.260864809273721254	0.151209951231980262	0.175560269678628519	0.366148150949003188	0.501591362553158675



5	GAGATTCC	0.495509698816989571


A:	0.114395293032723898	0.189295294011101177	0.148547688912478298	0.0642386343488059944	0.117547975579904398	0.345154563013074205	0.136752692746280007	0.578278706154235313	0.97563097029700317	0.00111189551732916003	0.976174652523197814	0.0635467504934857672	0.019978117624206982	0.0029765253685482292	0.00254462710765049463	0.332576310110499299	0.104654953354862172	0.404173930678975657	0.513634065664785108	0.174166930948882329	0.266453251893662795	0.214656155744700761
C:	0.256630793527477049	0.0337910537863632426	0.0447233281522056273	0.140919568897035483	0.223013244258212123	0.184455185209967078	0.136752692746280007	0.00660463338158337896	0.00126742530762041946	0.000450317518530878598	0.000591476613859142021	0.000432163518779648409	0.0151314134567875646	0.993432033349392515	0.81786754167511278	0.172902153109183142	0.67757551699391176	0.274634453214380252	0.3218624115961589	0.506248901317389799	0.341017550587445941	0.16583430760660887
G:	0.280467045344236107	0.339547761003546165	0.0772130690970624404	0.698715004468828273	0.527866624878508065	0.350120277069385046	0.158393724114851864	0.283348504573491519	0.014076840068370889	0.968446485809245754	0.022581257806406677	0.00100808554617118723	0.000236674588865505903	0.00152029275866136985	0.0456816515130942371	0.302456343771817977	0.0522007154211172056	0.060326806832922837	0.0132935715070757307	0.144023898055099353	0.0263810465698880767	0.117918174095531694
T:	0.348506868095562946	0.437365891198989415	0.729515913838253634	0.0961267922853302497	0.131572155283375414	0.120269974707573671	0.568100890392588122	0.131768155890689789	0.00902476432700552176	0.0299913011548942072	0.000652613056536367217	0.935013000441563397	0.964653794330139948	0.00207114852339788617	0.133906179704142488	0.192065193008499582	0.165568814230108862	0.260864809273721254	0.151209951231980262	0.175560269678628519	0.366148150949003188	0.501591362553158675



