1	A.GGAATCT	0.49779288289623154


A:	0.464797233907785505	0.352597893225448048	0.197504548803741042	0.086574839179813568	0.251190027790476137	0.349511683287143052	0.620000413076921203	0.743183277921390049	0.0969988926042189674	0.0981333354666678336	0.0027500967301068178	0.980129564696868109	0.975844584710138563	0.00225116072087884446	0.0168201391245127394	0.00765682189357973848	0.15191159932769004	0.231779177839585303	0.332086763250997589	0.198122116133043322	0.20756615701538797	0.100124097490089493	0.496123045585384457
C:	0.184042145527242279	0.197344533585175569	0.406379696166916227	0.188070281103576565	0.0982664166507882597	0.0711213510956226963	0.0724385424396158451	0.0261509627315699271	0.205046769697147025	0.0126243625559291188	0.00148292368947578759	0.000747867257078175923	0.000560396274897428228	0.00307408435571823951	0.980515771533984897	0.0052938986817450763	0.0875569686683014457	0.23531703378261918	0.0662941349459174389	0.144815547680473584	0.24439558933298232	0.690431467113229265	0.0784706322700062946
G:	0.210534920609765326	0.0454136804926844094	0.195127752542984998	0.265734767267155848	0.202904223642913142	0.307025750690266957	0.118850407329473681	0.148702031540756643	0.428403422572368588	0.884240256881747183	0.992292334341964621	0.00667080470383993692	0.00100253468372557331	0.00216130828358982833	0.00112214333333610739	0.00129109408650857744	0.0588633001142163033	0.181879169968046103	0.47551644809264154	0.118220771354778848	0.270842754524458566	0.0672384453189884998	0.133521049123195883
T:	0.140625699955206889	0.404643892696691973	0.200988002486357733	0.459620112449454018	0.447639331915822462	0.272341214926967294	0.188710637153989271	0.0819637278062833801	0.269550915126265419	0.00500204509565586461	0.00347464523845277341	0.0124517633422137783	0.022592484331238436	0.992513446639813088	0.00154194600816625575	0.985758185338166608	0.70166813188979221	0.351024618409749414	0.126102653710443432	0.538841564831704246	0.277195499127171144	0.142205990077692742	0.291885273021413366



2	AAGATTCC	0.497570627747320591


A:	0.0848855876130646292	0.291885273021413366	0.142205990077692742	0.277195499127171144	0.538841564831704246	0.126102653710443432	0.351024618409749414	0.70166813188979221	0.97969953510971982	0.00231170729021759718	0.992641434860227555	0.0230408250446569432	0.00940175714309756105	0.00372332883222984237	0.0064613655403301435	0.269550915126265419	0.0819637278062833801	0.188710637153989271	0.272341214926967294	0.447639331915822462	0.459620112449454018	0.200988002486357733
C:	0.363935208690856583	0.133521049123195883	0.0672384453189884998	0.270842754524458566	0.118220771354778848	0.47551644809264154	0.181879169968046103	0.0588633001142163033	0.00100026142482900938	0.00105278614423738283	0.00192212751439746891	0.000977536604856030626	0.021741170158439392	0.991141610554824818	0.675562857149829175	0.428403422572368588	0.148702031540756643	0.118850407329473681	0.307025750690266957	0.202904223642913142	0.265734767267155848	0.195127752542984998
G:	0.458001741012115138	0.0784706322700062946	0.690431467113229265	0.24439558933298232	0.144815547680473584	0.0662941349459174389	0.23531703378261918	0.0875569686683014457	0.011097281770060295	0.888658594117743527	0.00274991588899104143	0.00155030059746293479	0.000659185090944361393	0.00171813354422312172	0.0149696030511044874	0.205046769697147025	0.0261509627315699271	0.0724385424396158451	0.0711213510956226963	0.0982664166507882597	0.188070281103576565	0.406379696166916227
T:	0.0931774626839636503	0.496123045585384457	0.100124097490089493	0.20756615701538797	0.198122116133043322	0.332086763250997589	0.231779177839585303	0.15191159932769004	0.00820292169539087551	0.107976912447801493	0.00268652173638393461	0.974431337753024091	0.968197887607518686	0.00341692706872221833	0.303006174258736195	0.0969988926042189674	0.743183277921390049	0.620000413076921203	0.349511683287143052	0.251190027790476137	0.086574839179813568	0.197504548803741042



3	A..GGAATCT	0.496789647849064059


A:	0.464797233907785505	0.352597893225448048	0.197504548803741042	0.086574839179813568	0.251190027790476137	0.349511683287143052	0.620000413076921203	0.743183277921390049	0.0969988926042189674	0.139569564195225674	0.00204268461281234101	0.982286200355362965	0.981778606830000215	0.00172022982055556595	0.0278575245697725672	0.00769752377922395273	0.15191159932769004	0.231779177839585303	0.332086763250997589	0.198122116133043322	0.20756615701538797	0.100124097490089493	0.496123045585384457
C:	0.184042145527242279	0.197344533585175569	0.406379696166916227	0.188070281103576565	0.0982664166507882597	0.0711213510956226963	0.0724385424396158451	0.0261509627315699271	0.205046769697147025	0.00742068936755845593	0.00208138119427331784	0.000688126289940631403	0.00108415465463226932	0.00573172466390372606	0.968940207626455941	0.00617600250019026622	0.0875569686683014457	0.23531703378261918	0.0662941349459174389	0.144815547680473584	0.24439558933298232	0.690431467113229265	0.0784706322700062946
G:	0.210534920609765326	0.0454136804926844094	0.195127752542984998	0.265734767267155848	0.202904223642913142	0.307025750690266957	0.118850407329473681	0.148702031540756643	0.428403422572368588	0.845874952511101042	0.993182993528757794	0.00844402311128142097	0.000961334769005301067	0.00158591326190336475	0.000954320592647996726	0.00133269831554531637	0.0588633001142163033	0.181879169968046103	0.47551644809264154	0.118220771354778848	0.270842754524458566	0.0672384453189884998	0.133521049123195883
T:	0.140625699955206889	0.404643892696691973	0.200988002486357733	0.459620112449454018	0.447639331915822462	0.272341214926967294	0.188710637153989271	0.0819637278062833801	0.269550915126265419	0.00713479392611482802	0.00269294066415654744	0.00858165024341498251	0.0161759037463622145	0.990962132253637343	0.0022479472111234948	0.984793775405040465	0.70166813188979221	0.351024618409749414	0.126102653710443432	0.538841564831704246	0.277195499127171144	0.142205990077692742	0.291885273021413366



4	AAAGATTC	0.496471699511038672


A:	0.612628237826004013	0.111134250737122218	0.0763200124559991162	0.225695990525199902	0.0935830383621593312	0.531102621352768229	0.294257761017001104	0.532552115497678657	0.813378223358482637	0.966764740831142354	0.00277476599510286632	0.988785308833166852	0.0679965596498806385	0.0122104845193730197	0.00383761441108880397	0.0064613655403301435	0.405359960542141336	0.0876553114135987882	0.408932668571766143	0.146227001346879556	0.446960762299534388	0.223322295679846975
C:	0.0875966682093304098	0.279894925239523063	0.0717238252928317239	0.246546884918238138	0.322989320383834261	0.137474428591139808	0.289879503950352673	0.049414363033913951	0.0163838609014584968	0.00152431563549714856	0.00212880645328634603	0.00363163342926954634	0.00184825657018157001	0.0150849396979183803	0.987395969051868536	0.675562857149829175	0.322762087517144686	0.440521856630964393	0.0970444163291264064	0.183579649987916065	0.105490309960738463	0.478242052613723397
G:	0.146857560322724037	0.318667522842922635	0.391555910109237397	0.269766482609202413	0.286342697041381556	0.188832408798527374	0.187117041741670696	0.349187044384487889	0.0668013758931688424	0.0115645017236372578	0.969489690649215185	0.00501417155796498956	0.00272101545613651311	0.00334395590407574748	0.00440357173436932649	0.0149696030511044874	0.155767290520904525	0.0911922116961935192	0.0692087341298946033	0.522588435022994362	0.0779219430272080577	0.236421547523645215
T:	0.15291753364194154	0.290303301180432084	0.460400252141931762	0.257990641947359547	0.297084944212624852	0.14259054125756459	0.228745693290975527	0.0688464770839195031	0.103436539846890024	0.0201464418097232392	0.0256067369023956028	0.00256888617959861167	0.927434168323801278	0.969360619878632852	0.00436284480267333341	0.303006174258736195	0.116110661419809453	0.3806306202592433	0.424814180969212848	0.147604913642210018	0.369626984712519091	0.0620141041827844133



5	AAGATTCT	0.496129056156467625


A:	0.295832526308947575	0.218593462618458242	0.228540914575076983	0.29061779048559897	0.30851798250635223	0.430859534382583432	0.425245962745780555	0.770743784491515672	0.974979932515020775	0.00168114867570604763	0.988823524060213025	0.250862783847383716	0.0213988930194582181	0.0042003779800983022	0.0064613655403301435	0.394683763806468093	0.101296561159581757	0.291931541314120867	0.122306125296011869	0.340272852207746124	0.2097173400986071	0.291709498466115377
C:	0.217842553122117714	0.302866393296963642	0.148643040822926472	0.282904019701426876	0.22950356111683728	0.342910764424409156	0.266388332391901515	0.0424150436110283589	0.00330832313417100666	0.00173622071881226905	0.00224104420091067279	0.00125932462704984587	0.00761047415986787402	0.990172939959053546	0.675562857149829175	0.174842974671527708	0.502887673692163036	0.300513476864199253	0.215363055145922037	0.249893147039523457	0.573861524589267587	0.286721189530516361
G:	0.0491284526666332631	0.149086150733600045	0.380733500467836319	0.115139133635468825	0.393019728932405511	0.109963787882737972	0.210208665832575191	0.0732903339978969777	0.00625739594098285542	0.941532590718419283	0.00501288565038007172	0.000937672710325294877	0.00184270681752785574	0.00225921975107123224	0.0149696030511044874	0.219696844168761576	0.0842748124827109324	0.0665416978119646993	0.527276959719031263	0.0807550444610894245	0.138166662423807991	0.225307904783707808
T:	0.437196467902301448	0.329453993350978071	0.242082544134160226	0.311339056177505329	0.0689587274444049785	0.116265913310269441	0.0981570390297427396	0.113550837899558992	0.0154543484098253632	0.0550500398870624005	0.00392254608849623079	0.746940218815241143	0.969147926003146052	0.00336746230977691979	0.303006174258736195	0.210776417353242623	0.311540952665544275	0.341013284009715181	0.135053859839034831	0.329078956291640994	0.0782544728883173224	0.196261407219660454



