1	CACCTACC	0.498650677452975334


A:	0.306435704145402054	0.309333949820059035	0.0141064197864058551	0.00287781601612538066	0.182719404720691707	0.122480781953747922	0.182533932590896578	0.0133412867750992958	0.982598206321566858	0.0165630434452414906	0.00498966614620952809	0.0975629119633997772	0.98978011934100661	0.0607778829171453632	0.00340165464718428722	0.219759951291826145	0.133302430789766902	0.0792204598732165625	0.00471987513135507075	0.284156754749882335	0.203220827241927364	0.388469145623041275
C:	0.480205450042808822	0.261254876959991205	0.308683504395220926	0.326919384091953527	0.256177593143411646	0.223745639358340998	0.523768419819892533	0.733650101057732787	0.000647330346546451977	0.973800600304024417	0.989673534234672018	0.00544291550288199165	0.00168920198654607036	0.934929745484005584	0.961133753267391062	0.569880600266146657	0.342642238420254649	0.839685796776018446	0.112644057837398148	0.349189609564302756	0.1394379591171628	0.191880315595436629
G:	0.133133724972637118	0.329866188224403912	0.414141497618858137	0.0138130954289736063	0.0307518769495204408	0.190713922348027565	0.103874209202472152	0.00250846630470545179	0.0111621022483993896	0.00508456194961246695	0.00285990050893469106	0.00102109856863169939	0.00403850677225346886	0.000931384084400364653	0.00764072484129601187	0.0942035631243130038	0.0671345622921533417	0.0410895113167187565	0.477099401436729405	0.323651868890300982	0.481993754694948012	0.234868892217474318
T:	0.0802251208391520062	0.0995449849955458481	0.263068578199515082	0.656389704462947486	0.530351125186376207	0.463059656339883514	0.189823438386738737	0.250500145862462466	0.00559236108348730014	0.00455179430112162501	0.00247689911018376325	0.895973073965086532	0.00449217190019385095	0.00336098751444868833	0.0278238672441286385	0.116155885317714194	0.456920768497825107	0.0400042320340462348	0.405536665594517376	0.043001766795513927	0.175347458945961824	0.184781646564047778



2	ACCTACC..C	0.498570028289245124


A:	0.309333949820059035	0.0141064197864058551	0.00287781601612538066	0.182719404720691707	0.122480781953747922	0.182533932590896578	0.0133412867750992958	0.979346628179696092	0.0164178469586824403	0.00536369937123996155	0.0466380208426504507	0.981853246083852213	0.0658856394251121484	0.00694234980932765048	0.219759951291826145	0.133302430789766902	0.0792204598732165625	0.00471987513135507075	0.284156754749882335	0.203220827241927364	0.388469145623041275	0.064619947096390672	0.224994418407263878
C:	0.261254876959991205	0.308683504395220926	0.326919384091953527	0.256177593143411646	0.223745639358340998	0.523768419819892533	0.733650101057732787	0.00144670797945670864	0.967669006027804561	0.986845975693302799	0.0112055707395049336	0.00150139873832043021	0.924033950672287697	0.921764453419498492	0.569880600266146657	0.342642238420254649	0.839685796776018446	0.112644057837398148	0.349189609564302756	0.1394379591171628	0.191880315595436629	0.189763854989638267	0.358403565586642631
G:	0.329866188224403912	0.414141497618858137	0.0138130954289736063	0.0307518769495204408	0.190713922348027565	0.103874209202472152	0.00250846630470545179	0.00960333192042359978	0.0106668332993735166	0.00367542584855253294	0.00108673031061573532	0.0122126957418048083	0.00188017626779308206	0.012519837140135598	0.0942035631243130038	0.0671345622921533417	0.0410895113167187565	0.477099401436729405	0.323651868890300982	0.481993754694948012	0.234868892217474318	0.0690252697891192149	0.299327386593684622
T:	0.0995449849955458481	0.263068578199515082	0.656389704462947486	0.530351125186376207	0.463059656339883514	0.189823438386738737	0.250500145862462466	0.00960333192042359978	0.00524631371413948215	0.00411489908690470685	0.94106967810722888	0.00443265943602254844	0.0082002336348070728	0.0587733596310382593	0.116155885317714194	0.456920768497825107	0.0400042320340462348	0.405536665594517376	0.043001766795513927	0.175347458945961824	0.184781646564047778	0.676590928124851846	0.117274629412408869



3	ACCTACCC	0.497586609092713917


A:	0.309333949820059035	0.0141064197864058551	0.00287781601612538066	0.182719404720691707	0.122480781953747922	0.182533932590896578	0.0133412867750992958	0.974798234499829725	0.0479467128207056146	0.0177775036040352173	0.111905395925432324	0.953289812305357187	0.236357625422868902	0.0212682616793780406	0.219759951291826145	0.133302430789766902	0.0792204598732165625	0.00471987513135507075	0.284156754749882335	0.203220827241927364	0.388469145623041275	0.064619947096390672
C:	0.261254876959991205	0.308683504395220926	0.326919384091953527	0.256177593143411646	0.223745639358340998	0.523768419819892533	0.733650101057732787	0.00174717035597470458	0.934979583889001065	0.967120795532090772	0.037570320812416019	0.000807553229334695191	0.751131519718594949	0.915531835521925866	0.569880600266146657	0.342642238420254649	0.839685796776018446	0.112644057837398148	0.349189609564302756	0.1394379591171628	0.191880315595436629	0.189763854989638267
G:	0.329866188224403912	0.414141497618858137	0.0138130954289736063	0.0307518769495204408	0.190713922348027565	0.103874209202472152	0.00250846630470545179	0.00792590028971829045	0.0117081471446286867	0.00957624932646824065	0.00342734685089817867	0.0301352595823062207	0.00353354119779078916	0.00983093693175202204	0.0942035631243130038	0.0671345622921533417	0.0410895113167187565	0.477099401436729405	0.323651868890300982	0.481993754694948012	0.234868892217474318	0.0690252697891192149
T:	0.0995449849955458481	0.263068578199515082	0.656389704462947486	0.530351125186376207	0.463059656339883514	0.189823438386738737	0.250500145862462466	0.0155286948544772804	0.00536555614566463401	0.00552545153740577025	0.847096936411253478	0.0157673748830018972	0.00897731366074536017	0.0533689658669440712	0.116155885317714194	0.456920768497825107	0.0400042320340462348	0.405536665594517376	0.043001766795513927	0.175347458945961824	0.184781646564047778	0.676590928124851846



4	GGTAGGTA	0.497083203162636971


A:	0.184781646564047778	0.175347458945961824	0.043001766795513927	0.405536665594517376	0.0400042320340462348	0.456920768497825107	0.116155885317714194	0.0617103243566311626	0.0073055954282966306	0.00380291615683561913	0.767120650325923336	0.00305253019371711989	0.00206851251767154109	0.00201176258151378041	0.250500145862462466	0.189823438386738737	0.463059656339883514	0.530351125186376207	0.656389704462947486	0.263068578199515082	0.0995449849955458481	0.0802251208391520062
C:	0.234868892217474318	0.481993754694948012	0.323651868890300982	0.477099401436729405	0.0410895113167187565	0.0671345622921533417	0.0942035631243130038	0.00429673218711766952	0.00298501253258300746	0.0116135564551840564	0.00210247783951703036	0.00187263909571056212	0.00391498415147826429	0.0127745288707533471	0.00250846630470545179	0.103874209202472152	0.190713922348027565	0.0307518769495204408	0.0138130954289736063	0.414141497618858137	0.329866188224403912	0.133133724972637118
G:	0.191880315595436629	0.1394379591171628	0.349189609564302756	0.112644057837398148	0.839685796776018446	0.342642238420254649	0.569880600266146657	0.922029455158306297	0.89640638219299307	0.00137934436875967625	0.0108578516761288739	0.989891815419949155	0.983670550623503741	0.00140253765028638333	0.733650101057732787	0.523768419819892533	0.223745639358340998	0.256177593143411646	0.326919384091953527	0.308683504395220926	0.261254876959991205	0.480205450042808822
T:	0.388469145623041276	0.203220827241927364	0.284156754749882335	0.00471987513135507075	0.0792204598732165625	0.133302430789766902	0.219759951291826145	0.0119634882979448705	0.0933030098461272924	0.983204183019220648	0.21991902015843076	0.0051830152906231627	0.0103459527073464535	0.983811170897446489	0.0133412867750992958	0.182533932590896578	0.122480781953747922	0.182719404720691707	0.00287781601612538066	0.0141064197864058551	0.309333949820059035	0.306435704145402054



5	GTAGGTG..A	0.49684863523573201


A:	0.00741334176357563161	0.461086008628147511	0.136508108893675172	0.240724717642635588	0.220308851004953854	0.00714641839099358493	0.00903431119903968355	0.0139865273333442167	0.855708669033714762	0.0144935173936377404	0.0361114200052450557	0.0105888672102615167	0.318676055944391424	0.472303637051131986	0.440096148575353965	0.73706502858533061	0.755468503458785229	0.342803778320188097	0.252284122031070782	0.125784700087498147	0.105017803900167549	0.191849460370608496
C:	0.449566772308886269	0.250619678048056387	0.0635696204335864171	0.178259317098289111	0.203687623802272094	0.068774624740503134	0.00699745300085927401	0.00827803812408046163	0.00595901125951122546	0.0101934175093943692	0.00770247103297152335	0.0223303959028772967	0.00741494058263529331	0.101499469148443436	0.282546565930871501	0.147487861782318628	0.0527086788740093867	0.275118176442158601	0.32798292169475679	0.412352359165362723	0.654507981311690067	0.552491898379866731
G:	0.433080326257194613	0.21503987754382123	0.70419682519607338	0.36282250189534263	0.520441654918001436	0.904084008229894382	0.852706253675978853	0.00312852426707581304	0.00981388872830708519	0.962940775031493902	0.922463049193838815	0.0027292561528482752	0.566169298113362685	0.20235099671044823	0.172201238169182812	0.0516758450950685805	0.0476863780703100307	0.328696269328902266	0.0744788385603932408	0.272712679636768826	0.0405969343577281013	0.154281088626086346
T:	0.109939559670343486	0.0732544357799748722	0.0957254454766650307	0.21819346336373267	0.0555618702747726161	0.0199949486386088989	0.13126198212412219	0.974606910275499509	0.128518430978466927	0.0123722900654739885	0.0337230597679446058	0.964351480734012911	0.107739705359610598	0.223845897089976349	0.105156047324591722	0.0637712645372821823	0.144136439596895354	0.0533817759087510358	0.345254117713779188	0.189150261110370304	0.199877280430414283	0.101377552623438427



