1	AGATTCC..A	0.495861115226947202


A:	0.517109524339374432	0.187000359476093451	0.468050949612487825	0.547943054779608944	0.265316523333857225	0.0851447654462026889	0.388739908240348998	0.988527257217019566	0.00105605872023390715	0.992313112373222442	0.0162528161167604009	0.00697232733590505277	0.00204671338218667709	0.000275725511059512041	0.156698096064157928	0.118453463242402174	0.834994387545743336	0.326976474886326708	0.38492118233414762	0.353981921610179866	0.129428538456304387	0.266210146853416998	0.115002075024515316
C:	0.0519627637038506813	0.135768382541113985	0.282585670974136272	0.160431878751345367	0.491791218836777615	0.280679795187245184	0.0393613138382242671	0.00125338042141910847	0.000630871111384267325	0.000781098992817391385	0.000773204215632216787	0.00157127768736748642	0.993569688002482871	0.929552221674013309	0.553276860882846027	0.403414255493896975	0.0560307016698047124	0.246465048390271465	0.153114214556007373	0.251064887708333836	0.197093636057935808	0.232194343437634619	0.182067509338084856
G:	0.103954957669288594	0.358375014799466788	0.130756433214083016	0.168231821475229376	0.101163431959569274	0.376886503154085741	0.0442897853678655634	0.00314830781163463422	0.914599507936955115	0.00384203058722015965	0.00144477290892883752	0.0108733945086425788	0.00231855689612868887	0.0342175096608108288	0.124991909116927238	0.0759012264863658203	0.0248244504767529086	0.103192879173361454	0.117896299967742971	0.269020874046791543	0.527148543088790635	0.364024585839696493	0.113771504089598617
T:	0.326972754287486293	0.318856243183325775	0.118606946199292887	0.123393244993816313	0.141728825869795885	0.257288936212466386	0.527608992553561172	0.00707105454992669112	0.0837135622314267109	0.0030637580467400073	0.981529206758678545	0.980583000468084882	0.00206504171920176288	0.0359545431541163499	0.165033133936068807	0.402231054777335031	0.0841504603076990429	0.323365597550040374	0.344068303142102036	0.125932316634694755	0.146329282396969169	0.137570923869251891	0.58915891154780121



2	GAATATTC	0.49552658865353281


A:	0.155417353091001143	0.220500742800189083	0.0797916032380686355	0.316839498275228027	0.379575890251221875	0.0692438027754349372	0.542406904633739437	0.0337176550320372578	0.843077859971059992	0.93730905485489586	0.00174634563653181812	0.758580440699521193	0.0593025391268792731	0.0649699534445434553	0.0193141778426949815	0.00540593594446612263	0.128397565340837373	0.295101742377236566	0.0927489855100084935	0.120933874639866018	0.361831744295848512	0.54246592263858518
C:	0.34219037704089982	0.0555468315478930758	0.55201097822795323	0.147654289266373831	0.0500798316348812641	0.138418809903002456	0.204218842063319671	0.017080959333329697	0.0380536898080053959	0.000870442234985625204	0.00172285152024582985	0.237950362143701159	0.00251796378323924182	0.0538984967763911566	0.929887207791938064	0.197410794051597313	0.282475659451837739	0.168805524677739587	0.107450505804519136	0.190082931764301153	0.195043102900498414	0.155540794299727606
G:	0.312405509726656337	0.621303489256841133	0.169075161043124303	0.362645211126080691	0.429709232908580398	0.364488899241458043	0.239212861001562498	0.929887207791938064	0.0538984967763911566	0.00251796378323924182	0.237950362143701159	0.00172285152024582985	0.000870442234985625204	0.0380536898080053959	0.017080959333329697	0.668548317460387281	0.478615835052586764	0.159573719744312088	0.0893694217679300082	0.531026278416986651	0.172367500414417304	0.16845932426592286
T:	0.189986760141442701	0.102648936395076708	0.199122257490853832	0.172861001332317451	0.140635045205316463	0.427848488080104564	0.0141613923013783938	0.0193141778426949815	0.0649699534445434553	0.0593025391268792731	0.758580440699521193	0.00174634563653181812	0.93730905485489586	0.843077859971059992	0.0337176550320372578	0.128634952543549284	0.110510940154738125	0.376519013200711759	0.710431086917542362	0.157956915178846177	0.27075765238923577	0.133533958795764354



3	CGAATAT.C	0.494869610312638909


A:	0.205978991733834979	0.133533958795764354	0.27075765238923577	0.157956915178846177	0.710431086917542362	0.376519013200711759	0.110510940154738125	0.128634952543549284	0.0072441524549100121	0.970727098946862881	0.988373733641363071	0.00178177552407775688	0.863566692961478744	0.0142609593053330779	0.0649699534445434553	0.0114763083363408493	0.0141613923013783938	0.427848488080104564	0.140635045205316463	0.172861001332317451	0.199122257490853832	0.102648936395076708	0.189986760141442701
C:	0.361634695529977768	0.16845932426592286	0.172367500414417304	0.531026278416986651	0.0893694217679300082	0.159573719744312088	0.478615835052586764	0.668548317460387281	0.00392824085273552325	0.0070871111925931327	0.00060344192632585937	0.00099552376197449406	0.134587342226069967	0.00162719802051314564	0.0538984967763911566	0.949078659124457782	0.239212861001562498	0.364488899241458043	0.429709232908580398	0.362645211126080691	0.169075161043124303	0.621303489256841133	0.312405509726656337
G:	0.168002422834712331	0.155540794299727606	0.195043102900498414	0.190082931764301153	0.107450505804519136	0.168805524677739587	0.282475659451837739	0.197410794051597313	0.986729489768798349	0.0162307064166175763	0.00309310301734818138	0.059864419878493169	0.00106842440658145287	0.000801952675424664307	0.0380536898080053959	0.00664205103164821876	0.204218842063319671	0.138418809903002456	0.0500798316348812641	0.147654289266373831	0.55201097822795323	0.0555468315478930758	0.34219037704089982
T:	0.264383889901474922	0.54246592263858518	0.361831744295848512	0.120933874639866018	0.0927489855100084935	0.295101742377236566	0.128397565340837373	0.00540593594446612263	0.0020981169235561152	0.00595508344392641048	0.00792972141496288796	0.93735828083545458	0.000777540405869836032	0.983309889998729112	0.843077859971059992	0.0328029815075531503	0.542406904633739437	0.0692438027754349372	0.379575890251221875	0.316839498275228027	0.0797916032380686355	0.220500742800189083	0.155417353091001143



4	GAATAT.C.A	0.494511261483749877


A:	0.133533958795764354	0.27075765238923577	0.157956915178846177	0.710431086917542362	0.376519013200711759	0.110510940154738125	0.128634952543549284	0.0126911648977927502	0.93736919179134656	0.976866293354463562	0.00236292996738637955	0.872057915739834224	0.0144374569321558961	0.0649699534445434553	0.00720829502209967892	0.0141613923013783938	0.427848488080104564	0.140635045205316463	0.172861001332317451	0.199122257490853832	0.102648936395076708	0.189986760141442701	0.131282000771304782
C:	0.16845932426592286	0.172367500414417304	0.531026278416986651	0.0893694217679300082	0.159573719744312088	0.478615835052586764	0.668548317460387281	0.00818423388520645962	0.00997302635590838105	0.000916021304421863957	0.00141573327503505299	0.122741748856132019	0.00241934831430972265	0.0538984967763911566	0.961059724661930325	0.239212861001562498	0.364488899241458043	0.429709232908580398	0.362645211126080691	0.169075161043124303	0.621303489256841133	0.312405509726656337	0.0154220921831351255
G:	0.155540794299727606	0.195043102900498414	0.190082931764301153	0.107450505804519136	0.168805524677739587	0.282475659451837739	0.197410794051597313	0.967301476896833888	0.0341386429645114111	0.00417493009150011989	0.0961262123044503058	0.00268631165786878937	0.00118362608428220536	0.0380536898080053959	0.0125897831801206506	0.204218842063319671	0.138418809903002456	0.0500798316348812641	0.147654289266373831	0.55201097822795323	0.0555468315478930758	0.34219037704089982	0.643921535336242295
T:	0.54246592263858518	0.361831744295848512	0.120933874639866018	0.0927489855100084935	0.295101742377236566	0.128397565340837373	0.00540593594446612263	0.0118231243201669022	0.0185191388882336476	0.0180427552496144538	0.900095124453128262	0.00251402374616496765	0.981959568669252176	0.843077859971059992	0.0191421971358493458	0.542406904633739437	0.0692438027754349372	0.379575890251221875	0.316839498275228027	0.0797916032380686355	0.220500742800189083	0.155417353091001143	0.209374371709317797



5	AG.ATATTC	0.494257585485915609


A:	0.209374371709317797	0.155417353091001143	0.220500742800189083	0.0797916032380686355	0.316839498275228027	0.379575890251221875	0.0692438027754349372	0.542406904633739437	0.0227528605067424555	0.843077859971059992	0.980305680391862476	0.00136339626082586008	0.816124680396733124	0.0158226305957402154	0.0172496021843858375	0.00659902795587140178	0.00540593594446612263	0.128397565340837373	0.295101742377236566	0.0927489855100084935	0.120933874639866018	0.361831744295848512	0.54246592263858518
C:	0.643921535336242295	0.34219037704089982	0.0555468315478930758	0.55201097822795323	0.147654289266373831	0.0500798316348812641	0.138418809903002456	0.204218842063319671	0.00888575310857341753	0.0380536898080053959	0.00102494889037537242	0.00210909325505576325	0.181924502974981548	0.0037181877909923695	0.0251460375582698133	0.964951387857265132	0.197410794051597313	0.282475659451837739	0.168805524677739587	0.107450505804519136	0.190082931764301153	0.195043102900498414	0.155540794299727606
G:	0.0154220921831351255	0.312405509726656337	0.621303489256841133	0.169075161043124303	0.362645211126080691	0.429709232908580398	0.364488899241458043	0.239212861001562498	0.95933653083116236	0.0538984967763911566	0.00156643628979181633	0.0968139384988211622	0.000740136274594871663	0.000326401670760613748	0.00950277643966879675	0.00185845349557730294	0.668548317460387281	0.478615835052586764	0.159573719744312088	0.0893694217679300082	0.531026278416986651	0.172367500414417304	0.16845932426592286
T:	0.131282000771304782	0.189986760141442701	0.102648936395076708	0.199122257490853832	0.172861001332317451	0.140635045205316463	0.427848488080104564	0.0141613923013783938	0.00902485555352176736	0.0649699534445434553	0.0171029344279703351	0.899713571985297215	0.00121068035369045678	0.980132779942506801	0.948101583817675553	0.0265911306912861632	0.128634952543549284	0.110510940154738125	0.376519013200711759	0.710431086917542362	0.157956915178846177	0.27075765238923577	0.133533958795764354



