1	G.ATATTCC	0.497644217248167816


A:	0.0992306138175497677	0.0537579309597034714	0.46521534646525205	0.059937240042851469	0.330942399785010358	0.100537435517895061	0.508812628684519793	0.00726820217109123134	0.401005256117677133	0.977748754212846996	0.00133903885699612991	0.944783540780349523	0.00382845100344672208	0.0362053814375159458	0.00232983563894187963	0.0129725173604652124	0.196588709936710883	0.201398354994451317	0.326233261381666027	0.0877899788053904032	0.161688335870105237	0.272729777669533402	0.142900865758072613
C:	0.211420985689059907	0.766265178753612061	0.0481562693286965164	0.246268333697483282	0.092535987676280108	0.710908081221992933	0.209596308142047797	0.00252592043285227814	0.0117064975974134704	0.000340022432263970212	0.00131491731106973393	0.0532168783386974012	0.00300658686785319279	0.0151786902392685224	0.991292707620759656	0.792986879566603173	0.205260718445569025	0.356713715278001382	0.13360906663710811	0.122881336375956315	0.0266189020468782029	0.507759589358443812	0.230597956652836619
G:	0.191889006648134578	0.0595790189883848146	0.251337199952617144	0.267218548378341668	0.366207929523277574	0.126062581966061527	0.221763160063523743	0.989038225784481182	0.314516799595569056	0.00145794688562022984	0.348804961221708717	0.00146167722103461431	0.000950766248556777081	0.00121244936159052548	0.00186755178317144501	0.0512794792153794515	0.282133803989184083	0.148785862219192275	0.0514441888844085369	0.687541156317773912	0.201935993361275072	0.155671063096056934	0.135142651554404413
T:	0.497459393845255748	0.120397871298299653	0.235291184253434289	0.426575877881323581	0.210313683015431959	0.0624919012940504787	0.059827903109908668	0.00116765161157530838	0.27277144668934034	0.0204532764692688037	0.648541082610225419	0.000537903659918461028	0.992214195880143308	0.947403478961625006	0.00450990495712701972	0.142761123857552163	0.316016767628536009	0.293102067508355026	0.488713483096817326	0.10178752850087937	0.609756768721741488	0.0638395698759658525	0.491358526034686355



2	A..AGATTCC	0.497200853640379175


A:	0.348108085865251154	0.355850301500907218	0.186339274510007522	0.493168520067688578	0.115017953871468074	0.848842998151245793	0.678542513251064881	0.164494038807962559	0.525796192235323022	0.985872983223133147	0.000975215826937879115	0.989265819510869381	0.0440976146102414963	0.0172574477987411884	0.00262043548097974297	0.00175993550990937414	0.0716491479964088137	0.0458818991142220354	0.162171865418362132	0.219210842673330866	0.0352690184445666778	0.180716426185730168	0.433613163962856021
C:	0.139433148732779266	0.364653904841459378	0.107866725773724618	0.0719593924310041919	0.706535231021198079	0.082252585649494371	0.221433433578806932	0.168487168015978078	0.0451688944893235516	0.000515842081685740809	0.00115023299321865384	0.000934706628919768956	0.000746824813452146762	0.00942381935215177608	0.991388199555098436	0.923017671252945067	0.48390096142022333	0.224100832035074107	0.394097268479438142	0.550085715883474591	0.623165943325573725	0.552341726398151466	0.173036188852246674
G:	0.154750148197312701	0.110636624501031097	0.109211851087710781	0.280355545931771444	0.166068655172173908	0.0262044691108561857	0.0464987207546761689	0.570840459773227384	0.136709251438867167	0.0100014843972002938	0.902516670900024464	0.00872413612051571481	0.000342192250572226663	0.000283329500105679173	0.000816500668002620779	0.0169839153609405367	0.0326621117740373287	0.129080350393024224	0.280541452856929043	0.0470386654938592833	0.0367960774818946164	0.0347751421350337126	0.161119321933257664
T:	0.357708617204656878	0.168859169156602308	0.596582148628557079	0.154516541569535786	0.0123781599351599387	0.0426999470884036507	0.0535253324154520182	0.096178333402831979	0.292325661836486259	0.00360969029798081874	0.0953578802798190027	0.00107533773969513516	0.95481336832573413	0.973035403349001356	0.00517486429591920055	0.0582384778762050226	0.411787778809330528	0.600936918457679633	0.163189413245270683	0.183664775949335259	0.304768960747964981	0.232166705281084653	0.23223132525163964



3	C.G.ATATTC	0.496859425622266176


A:	0.131203138956636383	0.0992306138175497677	0.0537579309597034714	0.46521534646525205	0.059937240042851469	0.330942399785010358	0.100537435517895061	0.508812628684519793	0.00695069092365402023	0.401005256117677133	0.982212159417982856	0.000735988533873428712	0.922946093761720092	0.00464570153290564312	0.0665686190835321736	0.00144768674557520901	0.0129725173604652124	0.196588709936710883	0.201398354994451317	0.326233261381666027	0.0877899788053904032	0.161688335870105237	0.272729777669533402
C:	0.634775053062173215	0.211420985689059907	0.766265178753612061	0.0481562693286965164	0.246268333697483282	0.092535987676280108	0.710908081221992933	0.209596308142047797	0.00386005234954841306	0.0117064975974134704	0.00034770737419787596	0.00150355761172251428	0.0746062611854994709	0.00398755369871420197	0.034100895704850399	0.989573643309171143	0.792986879566603173	0.205260718445569025	0.356713715278001382	0.13360906663710811	0.122881336375956315	0.0266189020468782029	0.507759589358443812
G:	0.126274781975506399	0.191889006648134578	0.0595790189883848146	0.251337199952617144	0.267218548378341668	0.366207929523277574	0.126062581966061527	0.221763160063523743	0.98703212928730221	0.314516799595569056	0.00266896918518255901	0.0998730122493741972	0.00100712300392451693	0.000700198314888539964	0.00139094212163442225	0.00226824133743780656	0.0512794792153794515	0.282133803989184083	0.148785862219192275	0.0514441888844085369	0.687541156317773912	0.201935993361275072	0.155671063096056934
T:	0.107747026005684003	0.497459393845255748	0.120397871298299653	0.235291184253434289	0.426575877881323581	0.210313683015431959	0.0624919012940504787	0.059827903109908668	0.00215712743949535703	0.27277144668934034	0.0147711640226367091	0.89788744160502986	0.00144052204885591989	0.990666546453491615	0.897939543089983005	0.00671042860781584157	0.142761123857552163	0.316016767628536009	0.293102067508355026	0.488713483096817326	0.10178752850087937	0.609756768721741488	0.0638395698759658525



4	GAATATTC	0.496659390090626447


A:	0.0992306138175497677	0.0537579309597034714	0.46521534646525205	0.059937240042851469	0.330942399785010358	0.100537435517895061	0.508812628684519793	0.0215951337871027513	0.401005256117677133	0.948654210726405971	0.000496848922470800383	0.488419806701232031	0.0476283778065291396	0.27277144668934034	0.00749682534225090646	0.0129725173604652124	0.196588709936710883	0.201398354994451317	0.326233261381666027	0.0877899788053904032	0.161688335870105237	0.272729777669533402
C:	0.211420985689059907	0.766265178753612061	0.0481562693286965164	0.246268333697483282	0.092535987676280108	0.710908081221992933	0.209596308142047797	0.00423605972438033634	0.0117064975974134704	0.000571037549763078783	0.00282798764500405481	0.508255356731293114	0.00314637391730181108	0.314516799595569056	0.966671981146266006	0.792986879566603173	0.205260718445569025	0.356713715278001382	0.13360906663710811	0.122881336375956315	0.0266189020468782029	0.507759589358443812
G:	0.191889006648134578	0.0595790189883848146	0.251337199952617144	0.267218548378341668	0.366207929523277574	0.126062581966061527	0.221763160063523743	0.966671981146266006	0.314516799595569056	0.00314637391730181108	0.508255356731293114	0.00282798764500405481	0.000571037549763078783	0.0117064975974134704	0.00423605972438033634	0.0512794792153794515	0.282133803989184083	0.148785862219192275	0.0514441888844085369	0.687541156317773912	0.201935993361275072	0.155671063096056934
T:	0.497459393845255748	0.120397871298299653	0.235291184253434289	0.426575877881323581	0.210313683015431959	0.0624919012940504787	0.059827903109908668	0.00749682534225090646	0.27277144668934034	0.0476283778065291396	0.488419806701232031	0.000496848922470800383	0.948654210726405971	0.401005256117677133	0.0215951337871027513	0.142761123857552163	0.316016767628536009	0.293102067508355026	0.488713483096817326	0.10178752850087937	0.609756768721741488	0.0638395698759658525



5	GAATATCC	0.496144349595513425


A:	0.0638395698759658525	0.609756768721741488	0.10178752850087937	0.488713483096817326	0.293102067508355026	0.316016767628536009	0.142761123857552163	0.0046887547172712714	0.96094998255220645	0.975760974197268335	0.000520298352918580034	0.8413838971643803	0.0215234876783292121	0.27277144668934034	0.00104897632931280213	0.059827903109908668	0.0624919012940504787	0.210313683015431959	0.426575877881323581	0.235291184253434289	0.120397871298299653	0.497459393845255748
C:	0.155671063096056934	0.201935993361275072	0.687541156317773912	0.0514441888844085369	0.148785862219192275	0.282133803989184083	0.0512794792153794515	0.00187932058346759628	0.000742748903670665872	0.000401292544769314124	0.000749852218361706931	0.156745909526496172	0.00105739968486394407	0.314516799595569056	0.982591111244485933	0.221763160063523743	0.126062581966061527	0.366207929523277574	0.267218548378341668	0.251337199952617144	0.0595790189883848146	0.191889006648134578
G:	0.507759589358443812	0.0266189020468782029	0.122881336375956315	0.13360906663710811	0.356713715278001382	0.205260718445569025	0.792986879566603173	0.990694258221440076	0.0206236032983131071	0.0216384325153020781	0.0499679890238466586	0.000494469755631667495	0.000630920255840289328	0.0117064975974134704	0.00410459986181022341	0.209596308142047797	0.710908081221992933	0.092535987676280108	0.246268333697483282	0.0481562693286965164	0.766265178753612061	0.211420985689059907
T:	0.272729777669533402	0.161688335870105237	0.0877899788053904031	0.326233261381666027	0.201398354994451317	0.196588709936710883	0.0129725173604652124	0.00273766647782105605	0.0176836652458097767	0.00219930074266027244	0.948761860404873055	0.00137572355349185998	0.976788192380966555	0.401005256117677133	0.0122553125643910415	0.508812628684519793	0.100537435517895061	0.330942399785010358	0.059937240042851469	0.46521534646525205	0.0537579309597034714	0.0992306138175497677



