1	GTGGATAA	0.487936746240508214


A:	0.385218926869487859	0.565034757936391934	0.2851473789394698	0.120259170015698802	0.215381762896202055	0.221966174060255209	0.270344093967282403	0.211085351834193767	0.165733211901355719	0.0426427724013020061	0.0164727963049687145	0.93021632505019495	0.00878744188045463698	0.803965710393059003	0.679405488163506936	0.158055221450702154	0.10495106688599755	0.633219327976249617	0.563434191309902651	0.100949473481533074	0.621054779478307386	0.675168606856485351
C:	0.292643072378965037	0.104789975801228386	0.076133585442583983	0.168960563724257946	0.356562591652245323	0.169135981140706693	0.2736057496706096	0.0674727025259624316	0.357318319464000651	0.0276847696295047278	0.00589839908372110737	0.0135543156639498863	0.0241628512279633599	0.0727043210097632458	0.0267764910703577478	0.379329991180473494	0.18048815137435641	0.168188612096342744	0.270309300097672581	0.14072431974970046	0.0212245149278776589	0.116355525298059514
G:	0.10327982423305839	0.167575337435988792	0.109183151695417883	0.50472646249179976	0.0334034772016436783	0.100720041778060957	0.105138223913708562	0.567764894755556345	0.0374999313143356807	0.902375195870773786	0.953985486035637861	0.0436818606136240222	0.00845941048334986978	0.0764889660605139902	0.181002943294438184	0.213312929924870894	0.653486072265607966	0.081284382918382979	0.0159740259303249162	0.393029630465854788	0.323324131185405538	0.134675320330059268
T:	0.218858176518488714	0.162599928826390888	0.529535883922528333	0.206053803768243493	0.394652168249908943	0.508177803020977142	0.350911932448399435	0.153677050884287456	0.43944853732030795	0.0272972620984194803	0.0236433185756723171	0.0125474986722311411	0.958590296408232133	0.0468410025366637613	0.112815077471697132	0.249301857443953458	0.0610747094740380737	0.11730767700902466	0.150282482662099852	0.365296576302911678	0.0343965744084094177	0.0738005475153958666



2	T.CGGATAA	0.484298228199910666


A:	0.131112818133116115	0.288558928170751043	0.179328729482790617	0.06642850932586863	0.120881101927372022	0.0977009916846868304	0.123217794427353477	0.180739590340848722	0.183021397392131672	0.12241622128462224	0.0531110183870639172	0.00590414900904161634	0.942377510905589012	0.00345870126565775616	0.904395508422795024	0.870247982484206077	0.164487890202873774	0.406213783499212621	0.220571062253261446	0.475391270321432938	0.0592504034974457087	0.722602924299538479	0.39127735874830571
C:	0.328431786440274948	0.175230599470816204	0.107150465558335364	0.166483978413164304	0.0621958312198850408	0.595733417910184781	0.157521593828781203	0.0686246870461310094	0.206372775280108887	0.6210150533499497	0.0404291904940774753	0.00932913806118041602	0.0034828377799471087	0.0109373737455856213	0.0551460800367080959	0.0349991330371093139	0.425772304761085365	0.221678401218778986	0.475205948135608652	0.224820203836603416	0.0644168538501729057	0.00923836984737005308	0.109461719225917098
G:	0.29065894448263615	0.330210579356332857	0.596049086634541543	0.225098316739704259	0.721348870603630216	0.0565713634965242059	0.451978602702388903	0.0328222143157031157	0.43749006398376336	0.0130551483326481053	0.886831026719316026	0.976288924115548508	0.0480016497215075002	0.00670924219289127405	0.0240346367894132721	0.0529484866047077965	0.179996626225063091	0.292131307257691501	0.0911838637300381764	0.138156609213690465	0.57376304167889667	0.232110744630350737	0.277517828115261537
T:	0.249796450943972787	0.205999893002099897	0.117471718324332476	0.541989195521262807	0.095574196249112721	0.249994226908604183	0.267282009041476417	0.717813508297317153	0.173115763343996081	0.243513577032779955	0.0196287643995425814	0.00847778881422946008	0.0061380015929563794	0.978894682795865348	0.0164237747510836083	0.0418043978739768123	0.22974317881097777	0.0799765080243168922	0.213039125881091725	0.161631916628273181	0.302569700973484716	0.03604796122274073	0.221743093910515655



3	C.TTATCCG	0.48393220507221202


A:	0.407891081651938825	0.281802691004460639	0.446370021596870978	0.0672491584219833774	0.476423835673007492	0.211379792051150588	0.409210592546963615	0.190225819078931151	0.17516196159917478	0.0589177414770606775	0.0536076693580848725	0.971113665178368858	0.00684909965841247826	0.0207255258460622342	0.0294828713637077171	0.231235762255950933	0.112448697570220821	0.137974982311069622	0.151939928646284422	0.0941827071348215659	0.0607111745847349494	0.0379667112936705289	0.365247120078440408
C:	0.111697694663699705	0.198913787226231821	0.242597687715043899	0.633100791587301648	0.343904455488310411	0.34325497980843893	0.333737647554397943	0.612465969228497332	0.1636065267041517	0.0677286479925289588	0.0348118357927512232	0.00979796863317722699	0.0270693681965990702	0.961993693378355079	0.801229647201155302	0.0735629553314371908	0.659280714256994296	0.564437769595139347	0.677574466250850313	0.0284497836135531183	0.606159001358587686	0.453197303942655962	0.0976555150045663625
G:	0.43626458337689407	0.315948343805135687	0.089854519623836305	0.034223112003565086	0.0841761083446805024	0.121222150679631391	0.104906170474053201	0.0983583261681020499	0.52666272710083451	0.0309712806385349517	0.161582228293195738	0.0152004937195802544	0.0103179909036354066	0.00892524490019624739	0.0517993155276422283	0.48637547543931934	0.10687856451794846	0.103551201870574932	0.0360775908483795974	0.608306523686727864	0.10307508289963299	0.341538956286796935	0.142933287966498963
T:	0.0441466403074673998	0.203335177964171854	0.221177771064248818	0.265426937987149889	0.0954956004940015952	0.324143077460779091	0.152145589424585242	0.0989498855244694669	0.134568784595839009	0.842382329891875412	0.749998266555968166	0.00388787246887366101	0.955763541241353045	0.00835553587538643912	0.117488165907494752	0.208825806973292536	0.121392023654836423	0.194036046223216099	0.134408014254485668	0.269060985564897451	0.230054741157044375	0.167297028476876574	0.394164076950494266



4	C.TTATCC.C	0.482676592224979322


A:	0.407891081651938825	0.281802691004460639	0.446370021596870978	0.0672491584219833774	0.476423835673007492	0.211379792051150588	0.409210592546963615	0.0610747094740380737	0.17516196159917478	0.0426293738392900626	0.0115172686134969294	0.981349810773506398	0.00472963580533088497	0.00582612230475658417	0.0335132367301338994	0.231235762255950933	0.112448697570220821	0.137974982311069622	0.151939928646284422	0.0941827071348215659	0.0607111745847349494	0.0379667112936705289	0.365247120078440408
C:	0.111697694663699705	0.198913787226231821	0.242597687715043899	0.633100791587301648	0.343904455488310411	0.34325497980843893	0.333737647554397943	0.653486072265607966	0.1636065267041517	0.0552194260164243415	0.0126753210237535872	0.00373254610555681873	0.00924984843810309705	0.980542797206485216	0.915747020040876764	0.0735629553314371908	0.659280714256994296	0.564437769595139347	0.677574466250850313	0.0284497836135531183	0.606159001358587686	0.453197303942655962	0.0976555150045663625
G:	0.43626458337689407	0.315948343805135687	0.089854519623836305	0.034223112003565086	0.0841761083446805024	0.121222150679631391	0.104906170474053201	0.18048815137435641	0.52666272710083451	0.00722998139551532403	0.0135701939565419153	0.00961684539718668763	0.00704394574479619822	0.00456648984141658182	0.0219935146334351933	0.48637547543931934	0.10687856451794846	0.103551201870574932	0.0360775908483795974	0.608306523686727864	0.10307508289963299	0.341538956286796935	0.142933287966498963
T:	0.0441466403074673998	0.203335177964171854	0.221177771064248818	0.265426937987149889	0.0954956004940015952	0.324143077460779091	0.152145589424585242	0.10495106688599755	0.134568784595839009	0.894921218748770272	0.962237216406207568	0.00530079772375009545	0.97897657001176982	0.00906459064734161796	0.0287462285955541433	0.208825806973292536	0.121392023654836423	0.194036046223216099	0.134408014254485668	0.269060985564897451	0.230054741157044375	0.167297028476876574	0.394164076950494266



5	T.G.GGATAA	0.482182738597449005


A:	0.402980454090850509	0.385218926869487859	0.565034757936391934	0.2851473789394698	0.120259170015698802	0.215381762896202055	0.221966174060255209	0.270344093967282403	0.0564034435093453683	0.165733211901355719	0.0759909567494758361	0.0167982844414651974	0.933381010831432937	0.0186921700922186816	0.868113460002596933	0.841346365049191829	0.158055221450702154	0.10495106688599755	0.633219327976249617	0.563434191309902651	0.100949473481533074	0.621054779478307386	0.675168606856485351
C:	0.102823551921646213	0.292643072378965037	0.104789975801228386	0.076133585442583983	0.168960563724257946	0.356562591652245323	0.169135981140706693	0.2736057496706096	0.281211713245077378	0.357318319464000651	0.0154342976019870371	0.00560214664733219092	0.0120966964683868109	0.0153183799673123896	0.0541430742274672056	0.0208791959074526705	0.379329991180473494	0.18048815137435641	0.168188612096342744	0.270309300097672581	0.14072431974970046	0.0212245149278776589	0.116355525298059514
G:	0.265729604855542536	0.10327982423305839	0.167575337435988792	0.109183151695417883	0.50472646249179976	0.0334034772016436783	0.100720041778060957	0.105138223913708562	0.471515280828608791	0.0374999313143356807	0.878516712835762988	0.956939879689126288	0.0392754105864715701	0.00926611785239594817	0.0400373550021844236	0.0665903315950607849	0.213312929924870894	0.653486072265607966	0.081284382918382979	0.0159740259303249162	0.393029630465854788	0.323324131185405538	0.134675320330059268
T:	0.228466389131960742	0.218858176518488714	0.162599928826390888	0.529535883922528333	0.206053803768243493	0.394652168249908943	0.508177803020977142	0.350911932448399435	0.190869562416968463	0.43944853732030795	0.0300580328127741393	0.0206596892220763241	0.0152468821137086823	0.956723332088072981	0.0377061107677514382	0.0711841074482947157	0.249301857443953458	0.0610747094740380737	0.11730767700902466	0.150282482662099852	0.365296576302911678	0.0343965744084094177	0.0738005475153958666



