1	C.TTATCCA	0.497927936870316145


A:	0.343706192602184397	0.332536291977614706	0.684121231048934206	0.0497880039108587742	0.531184161068836103	0.206604284488514401	0.521913889679497912	0.0214826158073825356	0.0209608640809849755	0.0128307085831840854	0.0156962408242435137	0.992335785976589746	0.000956405840455374998	0.00372290365041063949	0.00124230338630332781	0.6878375005183277	0.143826749111610668	0.217779887507011355	0.202659829830501942	0.366028187477843926	0.0288431859109275761	0.082038028390813032	0.132497444643872711
C:	0.120209103136036105	0.20807785004553103	0.0494331272729082232	0.552616766825891072	0.250923995360717614	0.0860799766529197586	0.147271831631872837	0.892435309539299158	0.558042035021449246	0.0302445045513138944	0.00730476456505330773	0.00143487775690103336	0.00766104569751140704	0.992345824671604063	0.928864058999953808	0.00752572508749994519	0.180463920888245937	0.481552697128949166	0.408531172978298259	0.0408944494483853901	0.83757099654528783	0.305017427790949876	0.0565516119793289633
G:	0.366043108078529681	0.293698635988521179	0.0722056532773227076	0.329919588690319087	0.1306449273046345	0.389668122567784612	0.14079539099815439	0.0288198242667716507	0.405034163292045115	0.000509576010694006482	0.00443120693455666542	0.00446996874703204211	0.0029088085374453106	0.00152813965843618496	0.00304462207094651086	0.214276938614891608	0.158200170021589083	0.0884806295933254354	0.0457734690278521272	0.389578321065505232	0.0414647161974990433	0.190919934618377168	0.553765014895676681
T:	0.170041596183249817	0.165687221988333086	0.194239988400834863	0.0676756405729310674	0.0872469162658117826	0.317647616290781229	0.19001888769047486	0.0572622503865466556	0.0159629376055206631	0.956415210854808014	0.972567787676146513	0.00175936751947717824	0.988473739924587907	0.0024031320195491121	0.0668490155427963533	0.090359835779280747	0.517509159978554312	0.212186785770714044	0.343035528163347671	0.203499042008265452	0.0921211013462855504	0.422024609199859924	0.257185928481121645



2	CGTTATCC	0.497713906397339818


A:	0.343706192602184397	0.332536291977614706	0.684121231048934206	0.0497880039108587742	0.531184161068836103	0.206604284488514401	0.521913889679497912	0.0134280999455804421	0.0209608640809849755	0.00637191293178384562	0.00796624953059102778	0.992570927787025282	0.00103883217239602118	0.00314759310486859299	0.00113404209918858655	0.6878375005183277	0.143826749111610668	0.217779887507011355	0.202659829830501942	0.366028187477843926	0.0288431859109275761	0.082038028390813032
C:	0.120209103136036105	0.20807785004553103	0.0494331272729082232	0.552616766825891072	0.250923995360717614	0.0860799766529197586	0.147271831631872837	0.9033058295306246	0.558042035021449246	0.0127604051342556661	0.00542644104666934662	0.00252625462839342884	0.00904147655655475068	0.990039802592678873	0.926861952293680024	0.00752572508749994519	0.180463920888245937	0.481552697128949166	0.408531172978298259	0.0408944494483853901	0.83757099654528783	0.305017427790949876
G:	0.366043108078529681	0.293698635988521179	0.0722056532773227076	0.329919588690319087	0.1306449273046345	0.389668122567784612	0.14079539099815439	0.0134660099152405063	0.405034163292045115	0.00106523509628454549	0.0103470874464816763	0.0026720118623937263	0.00344952865936137526	0.0010493062460263415	0.00395473234156425938	0.214276938614891608	0.158200170021589083	0.0884806295933254354	0.0457734690278521272	0.389578321065505232	0.0414647161974990433	0.190919934618377168
T:	0.170041596183249817	0.165687221988333086	0.194239988400834863	0.0676756405729310674	0.0872469162658117826	0.317647616290781229	0.19001888769047486	0.0698000606085544519	0.0159629376055206631	0.979802446837675943	0.976260221976257949	0.00223080572218756288	0.986470162611687853	0.0057632980564261929	0.0680492732655671302	0.090359835779280747	0.517509159978554312	0.212186785770714044	0.343035528163347671	0.203499042008265452	0.0921211013462855504	0.422024609199859924



3	CCTTATCC	0.497276539778649064


A:	0.343706192602184397	0.332536291977614706	0.684121231048934206	0.0497880039108587742	0.531184161068836103	0.206604284488514401	0.521913889679497912	0.026363263720785257	0.0209608640809849755	0.0115690651301655105	0.00925869317102059648	0.992218551015020058	0.000900527146854455797	0.00125568457503415051	0.00231780471875248064	0.6878375005183277	0.143826749111610668	0.217779887507011355	0.202659829830501942	0.366028187477843926	0.0288431859109275761	0.082038028390813032
C:	0.120209103136036105	0.20807785004553103	0.0494331272729082232	0.552616766825891072	0.250923995360717614	0.0860799766529197586	0.147271831631872837	0.87172687304155581	0.558042035021449246	0.0366405279367735949	0.00736710716245683087	0.0021025747109543527	0.00633459759566669367	0.992010770320834369	0.855147800588791648	0.00752572508749994519	0.180463920888245937	0.481552697128949166	0.408531172978298259	0.0408944494483853901	0.83757099654528783	0.305017427790949876
G:	0.366043108078529681	0.293698635988521179	0.0722056532773227076	0.329919588690319087	0.1306449273046345	0.389668122567784612	0.14079539099815439	0.0174098879456793107	0.405034163292045115	0.00153777238215653898	0.00437038080282534553	0.0043453171935310434	0.00274752576990536667	0.00249115769759041755	0.0108903335877444798	0.214276938614891608	0.158200170021589083	0.0884806295933254354	0.0457734690278521272	0.389578321065505232	0.0414647161974990433	0.190919934618377168
T:	0.170041596183249817	0.165687221988333086	0.194239988400834863	0.0676756405729310674	0.0872469162658117826	0.317647616290781229	0.19001888769047486	0.0844999752919796223	0.0159629376055206631	0.950252634550904356	0.979003818863697227	0.00133355708049454606	0.990017349487573484	0.00424238740654106245	0.131644061104711392	0.090359835779280747	0.517509159978554312	0.212186785770714044	0.343035528163347671	0.203499042008265452	0.0921211013462855504	0.422024609199859924



4	AC.TTATCC	0.496711995632537595


A:	0.129333111214959048	0.343706192602184397	0.332536291977614706	0.684121231048934206	0.0497880039108587742	0.531184161068836103	0.206604284488514401	0.521913889679497912	0.0142745700893954165	0.0209608640809849755	0.010773407515389249	0.012461680283222885	0.99231212538310869	0.0026997083218745147	0.00289946943653887723	0.00117779023031030963	0.6878375005183277	0.143826749111610668	0.217779887507011355	0.202659829830501942	0.366028187477843926	0.0288431859109275761	0.082038028390813032
C:	0.0507733996187706615	0.120209103136036105	0.20807785004553103	0.0494331272729082232	0.552616766825891072	0.250923995360717614	0.0860799766529197586	0.147271831631872837	0.682732437706725539	0.558042035021449246	0.0214057363067893496	0.0105356161206698406	0.00435086273016207591	0.00412662681361485849	0.991226038184171274	0.940614561178592456	0.00752572508749994519	0.180463920888245937	0.481552697128949166	0.408531172978298259	0.0408944494483853901	0.83757099654528783	0.305017427790949876
G:	0.152934919871099122	0.366043108078529681	0.293698635988521179	0.0722056532773227076	0.329919588690319087	0.1306449273046345	0.389668122567784612	0.14079539099815439	0.0688900955896116523	0.405034163292045115	0.000705926260209508732	0.00536650067273652338	0.00197754996316874463	0.00291230090681819085	0.00204161940633264968	0.00435287585230619107	0.214276938614891608	0.158200170021589083	0.0884806295933254354	0.0457734690278521272	0.389578321065505232	0.0414647161974990433	0.190919934618377168
T:	0.666958569295171168	0.170041596183249817	0.165687221988333086	0.194239988400834863	0.0676756405729310674	0.0872469162658117826	0.317647616290781229	0.19001888769047486	0.234102896614267392	0.0159629376055206631	0.967114929917611893	0.971636202923370751	0.0013594619235604899	0.990261363957692436	0.00383287297295719944	0.0538547727387910435	0.090359835779280747	0.517509159978554312	0.212186785770714044	0.343035528163347671	0.203499042008265452	0.0921211013462855504	0.422024609199859924



5	G..CCTTATC	0.496463844359521564


A:	0.287751729985185179	0.572440464124513718	0.208669225232047421	0.0506110491678299257	0.617484314770242124	0.047862345701607815	0.0804698078340313953	0.349518012468774218	0.20023682392758484	0.0490130383814867727	0.0297704731427601334	0.0117378594449699135	0.00866017420971843201	0.991114896183012482	0.00229993290633528614	0.00193480060977306523	0.00231780471875248064	0.317108137003607127	0.188479682378898686	0.523097267818714854	0.242486871292432359	0.0438595152022079328	0.283677404783734242
C:	0.179645648167187204	0.0934461450048391434	0.418336334751064621	0.241991360189528117	0.282246504467238508	0.159654948886410312	0.0324842446039251323	0.194205367445507258	0.0823270890418709815	0.817604702316157984	0.71635203705391611	0.0263617536033087694	0.0203634448336456551	0.00387784768979080462	0.0161892643938231079	0.989396244853991351	0.855147800588791648	0.0475322788405153155	0.239493563076586617	0.198832101229026467	0.00843537965218847763	0.0108893491756551019	0.461483538410748439
G:	0.153342446445083711	0.080170911866455707	0.234938082678732615	0.572585191100788227	0.0546044292402407775	0.722930193410139421	0.674026373527166929	0.17964166104977766	0.310227725532604282	0.0315293383913611551	0.239953174683369442	0.00172380972110485653	0.00747742497342619901	0.00294205966542356734	0.00249150153070935335	0.00368477455105759074	0.0108903335877444798	0.24066654290266622	0.367599093170908296	0.0671359016676015771	0.585688846187969746	0.0125748361150963775	0.158034050359275201
T:	0.379260175402543906	0.253942479004191431	0.138056357338155342	0.13481239954185373	0.0456647515222785905	0.069552512001842452	0.213019574034876543	0.276634959035940864	0.407208361497939897	0.101852920910994088	0.0139243151199543148	0.960176577230616461	0.963498955983209714	0.00206519646177314589	0.979019301169132253	0.00498417998517799264	0.131644061104711392	0.394693041253211338	0.204427661373606401	0.210934729284657102	0.163388902867409417	0.932676299507040588	0.0968050064462421183



