1	GAGATTCC	0.492447068166158661


A:	0.134371375575941777	0.163885573464619206	0.484695820193317909	0.256972641084889432	0.356078425128661646	0.311681261173267851	0.0740938022897151059	0.269860892125640379	0.97886241817632122	0.00157205732764508153	0.984674315464524545	0.0365045229260229451	0.0260194153255371755	0.00533722746791757203	0.000573927521426830566	0.47736194846506739	0.308609807346459846	0.137645455383160941	0.193456306962181187	0.163212418750024742	0.101242617461357412	0.186515705083728869
C:	0.223413732415517646	0.0762354660158493045	0.0166074441833718098	0.4951167852380348	0.222013041844355642	0.158969920903184707	0.358655681958978155	0.00763185572597655773	0.00127270101625079699	0.000316158312767315915	0.00127585038373538754	0.000252435341735053318	0.00336889714976796263	0.991528372096713152	0.792240519600131941	0.104047496701193707	0.2959242508030041	0.672272903509509821	0.66418700953417928	0.561857349716945247	0.559585787445272398	0.124658993634793245
G:	0.303382812855862119	0.719938669690714236	0.349786148857670798	0.230273428180063563	0.338200453910841889	0.226501522329518863	0.21287037022385653	0.426880377446662947	0.00627703519861623475	0.930562627947913076	0.0134044132993058234	0.000998454451494614104	0.0120299150166447251	0.00168064164825589709	0.135517164400496251	0.157749345716775053	0.0803108655934990391	0.102893048009933715	0.0137742138236040445	0.197996525483199566	0.043246901307397214	0.42387348227743934
T:	0.338832079152678458	0.0399402908288172534	0.148910586765639483	0.0176371454970122062	0.0837080791161408231	0.30284729559402858	0.354380145527450209	0.295626874701720117	0.0135878456088117483	0.0675491564116745266	0.0006454208524342443	0.962244587280747387	0.958581772508050137	0.00145375878711337876	0.0716683884779449772	0.26084120911696385	0.315155076257037015	0.0871885930973955223	0.128582469680035488	0.0769337060498304449	0.295924693785972977	0.264951819004038546



2	AGATTCC..C	0.492384857809320562


A:	0.163885573464619206	0.484695820193317909	0.256972641084889432	0.356078425128661646	0.311681261173267851	0.0740938022897151059	0.269860892125640379	0.975119212364299291	0.00188619892055509572	0.98112249050809281	0.0385883387452973843	0.0181143250325598995	0.00246220477494545902	0.000604610390888538058	0.47736194846506739	0.308609807346459846	0.137645455383160941	0.193456306962181187	0.163212418750024742	0.101242617461357412	0.186515705083728869	0.50233599578033427	0.0636723916016283114
C:	0.0762354660158493045	0.0166074441833718098	0.4951167852380348	0.222013041844355642	0.158969920903184707	0.358655681958978155	0.00763185572597655773	0.000912677092999851876	0.000345627528094950289	0.000906530816263908144	0.000543404605541833691	0.0029912673795299457	0.993058301422513106	0.825465732712609114	0.104047496701193707	0.2959242508030041	0.672272903509509821	0.66418700953417928	0.561857349716945247	0.559585787445272398	0.124658993634793245	0.195105470831771456	0.438509828407543927
G:	0.719938669690714236	0.349786148857670798	0.230273428180063563	0.338200453910841889	0.226501522329518863	0.21287037022385653	0.426880377446662947	0.0085891499818553084	0.935190296550409913	0.0173248996683280486	0.000505868632607919096	0.033132103032089907	0.00172821866329164303	0.129224030623366142	0.157749345716775053	0.0803108655934990391	0.102893048009933715	0.0137742138236040445	0.197996525483199566	0.043246901307397214	0.42387348227743934	0.177670896688878576	0.247379055722794685
T:	0.0399402908288172534	0.148910586765639483	0.0176371454970122062	0.0837080791161408231	0.30284729559402858	0.354380145527450209	0.295626874701720117	0.0153789605608455487	0.0625778770009400411	0.000646079007315233347	0.960362388016552863	0.945762304555820248	0.00275127513924979205	0.0447056262731362055	0.26084120911696385	0.315155076257037015	0.0871885930973955223	0.128582469680035488	0.0769337060498304449	0.295924693785972977	0.264951819004038546	0.124887636699015698	0.250438724268033077



3	A.AAGAT.CC	0.491850712194153556


A:	0.157986913281757805	0.0990810222167225668	0.0295016302692460321	0.0511148861656133313	0.235276733411728402	0.661948519042513254	0.663080184070858167	0.592990759648779189	0.788728555933404474	0.96107586252364719	0.004601201770147931	0.980309973222397147	0.00601635747967506777	0.0506029650515948516	0.00266543131809624134	0.00208671755956752111	0.0999491682093576003	0.10341182571343981	0.268700161161893254	0.130174678277623487	0.0616765576601611681	0.389232493391259345	0.166455997470644544
C:	0.103935404546601326	0.244758708164261305	0.1033566823361336	0.186117116564719058	0.235276733411728402	0.162667355121733193	0.13703317344775824	0.204626387653062776	0.0276773371107421849	0.00341398839865202239	0.000816719691066833748	0.0011291660235901808	0.00316396192774133127	0.0105478219709481104	0.989150399074999415	0.731377104694510877	0.237626291150246708	0.379235594206666975	0.259818085867565186	0.0433250795339606918	0.674205131769854105	0.485151092574025855	0.300406761854200616
G:	0.146758867002774067	0.15270418317773976	0.148630082258300787	0.644220187003054308	0.386062734974578607	0.102610323301710942	0.0530630068363049124	0.0707172668579921711	0.0637714126351710556	0.0132543301954494201	0.882785482899624999	0.0160591835741611465	0.00153242797785413357	0.285936348638744677	0.000799059447141719375	0.173119763183424572	0.075635494311677371	0.0595851021996714497	0.174161857892342936	0.568200493263165177	0.0957003930928882327	0.0352800547488149216	0.134889439028227538
T:	0.591318815168866802	0.503456086441276368	0.718511605136319581	0.118547810266613303	0.143383798201964589	0.0727738025340426111	0.146823635645078681	0.131665585840165865	0.119822694320682285	0.0222558188822513673	0.111796595639160236	0.00250167717985152579	0.989287252614729467	0.652912864338712361	0.00738511015976262401	0.0934164145624970297	0.586789046328718321	0.457767477880221765	0.297319895078198623	0.258299748925250644	0.168417917477096494	0.0903363592858998781	0.398247801646927302



4	C.AGATTCC	0.490930070971264083


A:	0.134232621047756938	0.134371375575941777	0.163885573464619206	0.484695820193317909	0.256972641084889432	0.356078425128661646	0.311681261173267851	0.0740938022897151059	0.269860892125640379	0.954834559348639018	0.00150100521611676313	0.986289287639950357	0.0305308321345877983	0.0410713041599555561	0.00391757641291838144	0.000567381342755581018	0.47736194846506739	0.308609807346459846	0.137645455383160941	0.193456306962181187	0.163212418750024742	0.101242617461357412	0.186515705083728869
C:	0.0960282118998430751	0.223413732415517646	0.0762354660158493045	0.0166074441833718098	0.4951167852380348	0.222013041844355642	0.158969920903184707	0.358655681958978155	0.00763185572597655773	0.00163174799247282365	0.000503992261450310323	0.000790041944952780585	0.000508268047053775739	0.00256514199136263706	0.992346425185936439	0.836336388383821855	0.104047496701193707	0.2959242508030041	0.672272903509509821	0.66418700953417928	0.561857349716945247	0.559585787445272398	0.124658993634793245
G:	0.244006738551940862	0.303382812855862119	0.719938669690714236	0.349786148857670798	0.230273428180063563	0.338200453910841889	0.226501522329518863	0.21287037022385653	0.426880377446662947	0.0182050253242251129	0.954481726184134763	0.0117010023388989839	0.000592241802364802235	0.0794322430936323082	0.001417787771450893	0.0918693125743336496	0.157749345716775053	0.0803108655934990391	0.102893048009933715	0.0137742138236040445	0.197996525483199566	0.043246901307397214	0.42387348227743934
T:	0.525732428500459125	0.338832079152678458	0.0399402908288172534	0.148910586765639483	0.0176371454970122062	0.0837080791161408231	0.30284729559402858	0.354380145527450209	0.295626874701720117	0.0253286673346630454	0.0435132763382981639	0.00121966807619787871	0.968368658015993624	0.876931310755049499	0.00231821062969428678	0.0712269176990889146	0.26084120911696385	0.315155076257037015	0.0871885930973955223	0.128582469680035488	0.0769337060498304449	0.295924693785972977	0.264951819004038546



5	AGATTCCA	0.490570251625390838


A:	0.163885573464619206	0.484695820193317909	0.256972641084889432	0.356078425128661646	0.311681261173267851	0.0740938022897151059	0.269860892125640379	0.954345981955996061	0.00181663439914182252	0.977506807107925113	0.0492692047631750407	0.0340126549071758928	0.00305023793926419811	0.000474953877869633815	0.47736194846506739	0.308609807346459846	0.137645455383160941	0.193456306962181187	0.163212418750024742	0.101242617461357412	0.186515705083728869	0.50233599578033427
C:	0.0762354660158493045	0.0166074441833718098	0.4951167852380348	0.222013041844355642	0.158969920903184707	0.358655681958978155	0.00763185572597655773	0.0028951098388881285	0.000503349422171691565	0.000973950759869130853	0.000921473327846970199	0.0028943139942513491	0.991506031586789199	0.832579949288438581	0.104047496701193707	0.2959242508030041	0.672272903509509821	0.66418700953417928	0.561857349716945247	0.559585787445272398	0.124658993634793245	0.195105470831771456
G:	0.719938669690714236	0.349786148857670798	0.230273428180063563	0.338200453910841889	0.226501522329518863	0.21287037022385653	0.426880377446662947	0.00574783214662358009	0.897728648287964018	0.0204986144034604485	0.00058388665100786797	0.0520035647057989637	0.00359660081950641447	0.102788743106182976	0.157749345716775053	0.0803108655934990391	0.102893048009933715	0.0137742138236040445	0.197996525483199566	0.043246901307397214	0.42387348227743934	0.177670896688878576
T:	0.0399402908288172534	0.148910586765639483	0.0176371454970122062	0.0837080791161408231	0.30284729559402858	0.354380145527450209	0.295626874701720117	0.0370110760584922305	0.0999513678907224679	0.00102062772874530761	0.949225435257970121	0.911089466392773794	0.00184712965444018883	0.0641563537275088089	0.26084120911696385	0.315155076257037015	0.0871885930973955223	0.128582469680035488	0.0769337060498304449	0.295924693785972977	0.264951819004038546	0.124887636699015698



