1	AAGTATCT	0.491603311962068925


A:	0.40243658337673934	0.120155406338674604	0.501229729589180282	0.0306753112831285181	0.156438029931596794	0.51636518441766766	0.505218632375558243	0.878050109806245142	0.961408903298682905	0.595587184118479462	0.0424531887351495181	0.987506969540104649	0.00134173935558983731	0.00988911466589847309	0.0846039139756914866	0.198589759716603277	0.21855566691499494	0.100471380083144539	0.243288961638392261	0.17204162327379805	0.17109242611579024	0.329621998362877754
C:	0.148241179894948339	0.326808306548467904	0.0632887990760284366	0.0307503161047644567	0.756168431257330821	0.116194959526490507	0.0547817130702208862	0.00276905920632493677	0.00831207485499363438	0.0274908246851458929	0.000568091266646381611	0.000792668437438612307	0.00746694076404931652	0.977481154337084771	0.032609868750649786	0.289383296596471834	0.198823336077741181	0.238429154382666945	0.338631965856404447	0.471290110179243218	0.188144521897132538	0.307073631781564656
G:	0.178304416162572568	0.384789265953899416	0.123342809801394516	0.162578959898514321	0.0164883248816763391	0.235363066938983055	0.0690074573296459316	0.00923814058264699998	0.00662559060221540842	0.362003214180721545	0.00758076104530119306	0.0100209696675700166	0.00158873684503309902	0.000652851303210943987	0.00893000582735414074	0.13741047835306236	0.421774442281181767	0.359916817916331981	0.174790110866811031	0.283602004840268254	0.409704441259254172	0.139995961098207305
T:	0.271017820565739753	0.168247021158958075	0.312138661533396766	0.775995412713592704	0.0709052139293960459	0.132076789116858779	0.370992197224574939	0.109942690404782922	0.0236534312441080518	0.0149187770156531007	0.949397958952902907	0.00167939235488672177	0.989602583035327747	0.0119768796938058122	0.873856211446304587	0.374616465333862529	0.160846554726082112	0.301182647617856534	0.243288961638392261	0.0730662617066904779	0.23105861072782305	0.223308408757350285



2	AAATATC.A	0.491603181299320066


A:	0.352692087317587737	0.509343051873515796	0.56950594418672178	0.271115280016696429	0.306108316883992868	0.230215209355763443	0.15712355497358983	0.889298206554772074	0.850712683077760873	0.963886801491860224	0.0986078714086283535	0.985732972220937555	0.00194030147258719998	0.0101405756751361831	0.374392128014817702	0.393140125003053506	0.31837620194127512	0.158086911009011362	0.441155701316689398	0.155582875958631735	0.27528855364506053	0.229619698455548444	0.186172805950222282
C:	0.106798537863574463	0.185363066104075612	0.143070031284114051	0.223286675358117917	0.0765267402063772075	0.0745676881883068273	0.146456560834489051	0.00183717946787202879	0.00253656078047148929	0.00921926156153745175	0.000711188131999953402	0.0116401325413452811	0.00334952030879536361	0.969004442807717013	0.270694766354683046	0.295698726919836254	0.0991791428143741568	0.225979127387640802	0.386659086489675374	0.229814272560816205	0.274303703969967403	0.491515839639631418	0.280817994698055142
G:	0.172085704513954828	0.0811859445944133574	0.16452446616005971	0.130985851971384197	0.130314631481161453	0.315393517158562449	0.301332550621833599	0.041775573098288371	0.140886353673530058	0.0215216394505095349	0.1523048268992425	0.00136316603759914714	0.00243506334306433022	0.000942939139932143459	0.172928878519493673	0.209464230879125538	0.334891045333971936	0.503967621002453511	0.112097026463670864	0.525528859391534384	0.359710021653956848	0.186162625961616343	0.203973933761916145
T:	0.368423670304882971	0.224107937427995234	0.122899558369104459	0.374612192653801456	0.487050311428468472	0.379823585297367281	0.39508733357008752	0.0670890408790675262	0.00586440246823757968	0.00537229749609278893	0.748376113560129193	0.00126372920011801647	0.992275114875553106	0.0199120423772146607	0.181984227111005579	0.101696917197984701	0.247553609910378787	0.111966340600894325	0.0600881857299643643	0.0890739920890176759	0.090697720731015219	0.0927018359432037943	0.329035265589806431



3	GATATTT..A	0.491565958608367661


A:	0.090697720731015219	0.0890739920890176759	0.0600881857299643643	0.111966340600894325	0.247553609910378787	0.101696917197984702	0.181984227111005579	0.018349995521755466	0.993490034552381009	0.00138671646332476351	0.848207644088245956	0.00782532074235991178	0.00509460757477459168	0.0266399537051661093	0.39508733357008752	0.379823585297367281	0.487050311428468472	0.374612192653801456	0.122899558369104459	0.224107937427995234	0.368423670304882971	0.0806538414963632166	0.186499622495139609
C:	0.359710021653956848	0.525528859391534384	0.112097026463670864	0.503967621002453511	0.334891045333971936	0.209464230879125538	0.172928878519493673	0.000374039295457384459	0.00212035216173636287	0.00139436604864807433	0.0628973497204332798	0.0252218630290036778	0.0547899080385297045	0.0172547828537741732	0.301332550621833599	0.315393517158562449	0.130314631481161453	0.130985851971384197	0.16452446616005971	0.0811859445944133574	0.172085704513954829	0.347902521319878094	0.38060186996891263
G:	0.274303703969967403	0.229814272560816205	0.386659086489675374	0.225979127387640802	0.0991791428143741568	0.295698726919836254	0.270694766354683046	0.971383930022767011	0.00267563379701057782	0.0107693942465847467	0.000864902324278225002	0.0117977882810372476	0.000947834443170783995	0.00463767359485985011	0.146456560834489051	0.0745676881883068273	0.0765267402063772075	0.223286675358117917	0.143070031284114051	0.185363066104075612	0.106798537863574463	0.252464629302373181	0.14733197297537648
T:	0.27528855364506053	0.155582875958631735	0.441155701316689398	0.158086911009011362	0.31837620194127512	0.393140125003053507	0.374392128014817702	0.00989203516002013853	0.00171397948887205018	0.986449523241442415	0.0880301038670425388	0.955155027947599163	0.93916764994352492	0.951467589846199867	0.15712355497358983	0.230215209355763443	0.306108316883992868	0.271115280016696429	0.56950594418672178	0.509343051873515796	0.352692087317587737	0.318979007881385508	0.285566534560571282



4	GATA.TT.TA	0.491410657270005128


A:	0.187325423871820505	0.453608141044889954	0.0319897210747157114	0.17281444701900052	0.146797490293729017	0.471150660433281069	0.559534807997726152	0.0185117213148060749	0.989669803141682333	0.00688991596508272304	0.945330053724181797	0.0260639819627927013	0.0785260568292615768	0.0558841807257995162	0.506964657686974279	0.0619985402146608453	0.531466574920943115	0.610531970483544385	0.286930869303491782	0.329482314776911852	0.406645700847444631	0.234752350828979423	0.0358702091810023591
C:	0.373400833114213555	0.269301367732658265	0.516146792984700847	0.146013945085455356	0.248287766010679479	0.411709195474105715	0.0367846642031638958	0.00140576817330390836	0.00294256971052871044	0.00497160494768730191	0.0175172389051924385	0.159194593649183246	0.00682227733255517214	0.0120810227811994221	0.137483922982175439	0.107207314446967816	0.150031963538602679	0.218284694984682305	0.322584661248371364	0.192226065239399897	0.26555859294088871	0.175785622619331717	0.84028054311255153
G:	0.0626480502504346994	0.144927798414638368	0.146006877334010534	0.206698693407995516	0.305279716817594171	0.081178073233073037	0.0758368629990636613	0.96832304685652015	0.00656645800675336679	0.00209935020900086358	0.00351893264819675177	0.0347534818333507715	0.00218656944613797663	0.00292806685452096543	0.132523979625983905	0.108500531935655772	0.0831931935169997037	0.083327087849783267	0.0392864713755641534	0.438559285394127297	0.245673063801131886	0.198865872781573418	0.0484837416044473671
T:	0.37662569276353124	0.132162692807813413	0.305856608606572908	0.474472914487548608	0.299635026877997334	0.0359620708595401786	0.327843664800046291	0.0117594636553698664	0.000821169141035589665	0.986039128878229111	0.0336337747224290131	0.779987942554673281	0.912465096392045274	0.929106729638480096	0.223027439704866376	0.722293613402715567	0.235308268023454502	0.0878562466819900436	0.351197998072572701	0.0397323345895609538	0.0821226424105347729	0.390596153770115443	0.0753655061019987444



5	AAAAAATC	0.491246029382568989


A:	0.252708674845235475	0.190405916787464017	0.329655740611515114	0.249633981781483252	0.129426052954107464	0.289995839487909216	0.268009286568228132	0.8404301029999386	0.958635648496921378	0.98529917235700842	0.980576372959884976	0.412134377017909726	0.988506627842257484	0.00113196618028553752	0.00871513807312380092	0.131468268166975303	0.323293240610396923	0.843401292242382944	0.16858088492496546	0.197727823841589088	0.288358438453459404	0.220859626104231076
C:	0.273779982534774152	0.0808410860291474564	0.160236253745134458	0.249633981781483252	0.240853802777199754	0.326515244489139702	0.318340658802480618	0.018479594945863631	0.00260721160758617118	0.00100005539643064784	0.00442871164652224863	0.00109868617631682932	0.00104296362379276711	0.00158156443747465854	0.984371566088934101	0.207432760440577658	0.151065788934548344	0.100023078250222813	0.16858088492496546	0.309300888088208076	0.308349693448618446	0.117655452673790333
G:	0.263614786387721707	0.147642147771884697	0.121585257649358119	0.269497620830863367	0.31699451912727217	0.195563305381997084	0.292092883945009114	0.100510551363654925	0.00782916361934273361	0.00202258327013872245	0.0123965148933129114	0.204548555654988901	0.0017367400935539978	0.00289727727180410712	0.000490789891932927848	0.106094219323749158	0.378997443528003478	0.0269808590774855395	0.0460787655360418249	0.287090655266601212	0.33578046882568497	0.53004785485854502
T:	0.209896556232268665	0.581110849411503829	0.388522747993992309	0.231234415606170129	0.312725625141420612	0.187925610640953998	0.121557170684282136	0.0405797506905428442	0.030927976276149717	0.0116781889764222092	0.00259840050027986388	0.382218381150784543	0.00871366844039575081	0.994389192110435697	0.00642250594600917064	0.55500475206869788	0.146643526927051255	0.0295947704299087032	0.616759464614027256	0.205880632803601624	0.0675113992722371792	0.131437066363433572



