1	TAGGGCAA	0.497152322811197141


A:	0.419699228016645964	0.0961940101353584963	0.46633107150604087	0.714276844935003899	0.216965971054504104	0.614659895874224396	0.111903487791235657	0.00517435614680191093	0.98901265455809478	0.00200143458429793399	0.00245270296187718655	0.00236536799184180994	0.00457770055924641519	0.954062235669559701	0.695473352163469608	0.687314209017497434	0.156118430723383084	0.0955340494307889486	0.19613011828765524	0.145575629255414361	0.309042033042220148	0.388226580863695478
C:	0.284374435128871422	0.377300986277265499	0.468772661408239878	0.0741377745125836281	0.471581082900917597	0.184933296594696709	0.21682355796497683	0.00707042531979260744	0.00337370149914459931	0.00320486936498419728	0.00246623985751732971	0.00245366607807060182	0.987607649430462362	0.0290385815457826665	0.0151095034141350994	0.0553866785874212526	0.0731808353334145485	0.114734182208557443	0.646343770850704545	0.141096887784661221	0.240061804997727681	0.16773422707925487
G:	0.174026716632372435	0.0444799879875651369	0.044126105604350214	0.145401659442813184	0.171667482243868109	0.0780543801078488126	0.147739124097894137	0.00232996394681256132	0.00611572064961049024	0.991216353227842023	0.991506894076579259	0.991946495276124128	0.000860788900071722517	0.00921787280372614324	0.0332874474753936228	0.176730526911105154	0.215011292250851089	0.61408544601921658	0.0599750328425979857	0.116539176297892751	0.123774796634705756	0.188527859053658929
T:	0.121899620222110179	0.482025015599810868	0.0207701614813690378	0.0661837211095992888	0.139785463800710189	0.122352427423230082	0.523533830145893377	0.98542525458659292	0.0014979232931501308	0.00357734282287584625	0.00357416310402622493	0.0032344706539634604	0.00695386111021949999	0.00768130998093148926	0.25612969694700167	0.08056858548397616	0.555689441692351279	0.175646322341437028	0.097551078019042229	0.596788306662031667	0.327121365325346414	0.255511333003390724



2	A..TGCCCTA	0.496711995632537595


A:	0.247158278846138988	0.255511333003390724	0.327121365325346414	0.596788306662031667	0.097551078019042229	0.175646322341437028	0.555689441692351279	0.08056858548397616	0.25612969694700167	0.0187083550880136496	0.0215861878487346189	0.0031180602062518602	0.00419265455101143966	0.00353925858916044644	0.00303398799157227364	0.979920532607000941	0.523533830145893377	0.122352427423230082	0.139785463800710189	0.0661837211095992888	0.0207701614813690378	0.482025015599810868	0.121899620222110179
C:	0.156668807428824338	0.188527859053658929	0.123774796634705756	0.116539176297892751	0.0599750328425979857	0.61408544601921658	0.215011292250851089	0.176730526911105154	0.0332874474753936228	0.0245430092054939561	0.00145600028280968414	0.989019379546328081	0.985687015304982972	0.988445667135930863	0.00330850702283534416	0.00458851104312019632	0.147739124097894137	0.0780543801078488126	0.171667482243868109	0.145401659442813184	0.044126105604350214	0.0444799879875651369	0.174026716632372435
G:	0.188987009273325918	0.16773422707925487	0.240061804997727681	0.141096887784661221	0.646343770850704545	0.114734182208557443	0.0731808353334145485	0.0553866785874212526	0.0151095034141350994	0.0378991099581788888	0.973108932994035096	0.00243547674636130246	0.00270605288164641048	0.00269483624967606914	0.00439458746741941421	0.00782706596212621227	0.21682355796497683	0.184933296594696709	0.471581082900917597	0.0741377745125836281	0.468772661408239878	0.377300986277265499	0.284374435128871422
T:	0.407185904451710756	0.388226580863695478	0.309042033042220149	0.145575629255414361	0.19613011828765524	0.0955340494307889486	0.156118430723383084	0.687314209017497434	0.695473352163469608	0.918849525748313505	0.00384887887442060045	0.00542708350105875661	0.00741427726235917756	0.00532023802523262102	0.989262917518172968	0.00766389038775265047	0.111903487791235657	0.614659895874224396	0.216965971054504104	0.714276844935003899	0.46633107150604087	0.0961940101353584963	0.419699228016645964



3	T.TGCCCTA	0.495384386321901831


A:	0.247158278846138988	0.255511333003390724	0.327121365325346414	0.596788306662031667	0.097551078019042229	0.175646322341437028	0.555689441692351279	0.08056858548397616	0.25612969694700167	0.0055449971380282253	0.0040986964781568894	0.0016118246750900784	0.00566729713873368434	0.00259404098333965646	0.00231864410353014638	0.984021057117246158	0.523533830145893377	0.122352427423230082	0.139785463800710189	0.0661837211095992888	0.0207701614813690378	0.482025015599810868	0.121899620222110179
C:	0.156668807428824338	0.188527859053658929	0.123774796634705756	0.116539176297892751	0.0599750328425979857	0.61408544601921658	0.215011292250851089	0.176730526911105154	0.0332874474753936228	0.0266332202498571789	0.00235181708022777021	0.98873114965301946	0.990020128980294049	0.987884109977047667	0.00531999440766402919	0.00432746494664750318	0.147739124097894137	0.0780543801078488126	0.171667482243868109	0.145401659442813184	0.044126105604350214	0.0444799879875651369	0.174026716632372435
G:	0.188987009273325918	0.16773422707925487	0.240061804997727681	0.141096887784661221	0.646343770850704545	0.114734182208557443	0.0731808353334145485	0.0553866785874212526	0.0151095034141350994	0.0199720976412438008	0.989784151163313552	0.00144691427058943638	0.00221243657205735434	0.00430555277138942104	0.00280069194566729222	0.00812215098936434789	0.21682355796497683	0.184933296594696709	0.471581082900917597	0.0741377745125836281	0.468772661408239878	0.377300986277265499	0.284374435128871422
T:	0.407185904451710756	0.388226580863695478	0.309042033042220149	0.145575629255414361	0.19613011828765524	0.0955340494307889486	0.156118430723383084	0.687314209017497434	0.695473352163469608	0.947849684970870795	0.00376533527830178841	0.00821011140130102556	0.00210013730891491253	0.0052162962682232554	0.989560669543138532	0.00352932694674199071	0.111903487791235657	0.614659895874224396	0.216965971054504104	0.714276844935003899	0.46633107150604087	0.0961940101353584963	0.419699228016645964



4	TGCCCTAA	0.495157707961087949


A:	0.327121365325346414	0.596788306662031667	0.097551078019042229	0.175646322341437028	0.555689441692351279	0.08056858548397616	0.25612969694700167	0.0502745041368491106	0.00627015022033420256	0.00691940465991349712	0.00378190245158827063	0.00214925793958947667	0.00243284745988888849	0.981515480717146123	0.523533830145893377	0.122352427423230082	0.139785463800710189	0.0661837211095992888	0.0207701614813690378	0.482025015599810868	0.121899620222110179	0.297402389919248754
C:	0.123774796634705756	0.116539176297892751	0.0599750328425979857	0.61408544601921658	0.215011292250851089	0.176730526911105154	0.0332874474753936228	0.0363718592887860433	0.0021216284903921576	0.987815933752945135	0.988835974523702253	0.989526796685908952	0.0047109085685536393	0.00313658205128103236	0.147739124097894137	0.0780543801078488126	0.171667482243868109	0.145401659442813184	0.044126105604350214	0.0444799879875651369	0.174026716632372435	0.202139094624288436
G:	0.240061804997727681	0.141096887784661221	0.646343770850704545	0.114734182208557443	0.0731808353334145485	0.0553866785874212526	0.0151095034141350994	0.0371931080655171945	0.987471021277800762	0.0018792047868818831	0.00543730879646116705	0.00443002509909340634	0.00481942867859492155	0.0101508511748505409	0.21682355796497683	0.184933296594696709	0.471581082900917597	0.0741377745125836281	0.468772661408239878	0.377300986277265499	0.284374435128871422	0.303785147818777696
T:	0.309042033042220149	0.145575629255414361	0.19613011828765524	0.0955340494307889486	0.156118430723383084	0.687314209017497434	0.695473352163469608	0.876160528508847652	0.00413720001147287827	0.00338545680025948506	0.00194481422824830887	0.00389392027540816505	0.988036815292962551	0.00519708605672230368	0.111903487791235657	0.614659895874224396	0.216965971054504104	0.714276844935003899	0.46633107150604087	0.0961940101353584963	0.419699228016645964	0.196673367637685114



5	C..TAGGGCA	0.495027295285359801


A:	0.0914147357170836303	0.196673367637685114	0.419699228016645964	0.0961940101353584963	0.46633107150604087	0.714276844935003899	0.216965971054504104	0.614659895874224396	0.111903487791235657	0.00806276875453255201	0.987139690284334834	0.00617420318992985914	0.00496478341325947473	0.00543106866951047353	0.00275451485241829053	0.954315459631662769	0.695473352163469608	0.687314209017497434	0.156118430723383084	0.0955340494307889486	0.19613011828765524	0.145575629255414361	0.309042033042220148
C:	0.267910721754772866	0.303785147818777696	0.284374435128871422	0.377300986277265499	0.468772661408239878	0.0741377745125836281	0.471581082900917597	0.184933296594696709	0.21682355796497683	0.011617681600485894	0.00566218134923502978	0.00183931025340715492	0.0016380701725265636	0.00288023165070512141	0.978664340716449103	0.0226026856173020433	0.0151095034141350994	0.0553866785874212526	0.0731808353334145485	0.114734182208557443	0.646343770850704545	0.141096887784661221	0.240061804997727681
G:	0.148409491329198144	0.202139094624288436	0.174026716632372435	0.0444799879875651369	0.044126105604350214	0.145401659442813184	0.171667482243868109	0.0780543801078488126	0.147739124097894137	0.00512132992630252431	0.00451418672808809412	0.988610826572131409	0.989787316675796214	0.990127572767529995	0.00104366810873218521	0.0101041820811703588	0.0332874474753936228	0.176730526911105154	0.215011292250851089	0.61408544601921658	0.0599750328425979857	0.116539176297892751	0.123774796634705756
T:	0.49226505119894536	0.297402389919248754	0.121899620222110179	0.482025015599810868	0.0207701614813690378	0.0661837211095992888	0.139785463800710189	0.122352427423230082	0.523533830145893377	0.97519821971867903	0.00268394163834204193	0.00337565998453157738	0.003609829738417748	0.00156112691225440984	0.0175374763224004216	0.0129776726698648289	0.25612969694700167	0.08056858548397616	0.555689441692351279	0.175646322341437028	0.097551078019042229	0.596788306662031667	0.327121365325346414



