1	C.TTATCCA	0.498774753089483349


A:	0.385212284354712662	0.326676101658968284	0.622721420631771382	0.0919090496962103221	0.591176800482864444	0.131324147016705574	0.428212425775402627	0.0168420113992204294	0.0185471063715463041	0.0125633170953865128	0.0115993502075473378	0.992536295349853705	0.000443977750032166499	0.00480291003810655466	0.00110595820983284029	0.774328692113509635	0.185683072135259587	0.504937033450483302	0.18306830966552182	0.586162269992386523	0.0351386330175603658	0.0948101612643565896	0.0931958312340676985
C:	0.0841944494818364667	0.184138983759986157	0.0882798830743957766	0.16843716934941193	0.0829334937493811693	0.0877755804755166156	0.0947788312007523281	0.865628321071305923	0.719769912507162562	0.0390204093760290484	0.00608704072208546141	0.00133552692209295357	0.00713001383636909	0.992221466658537034	0.921843258917404818	0.00420049383837598914	0.0936851731198995651	0.103765796266403568	0.0588521097449923454	0.0330516901157085339	0.764354561867862496	0.460665975824396095	0.0629154199893512612
G:	0.35147977903509155	0.290632793522394921	0.122496778338195634	0.727794960288730707	0.240795789998320073	0.459249077215529999	0.21746453075107722	0.0342758084379618404	0.183282720932302572	0.000634204503168430037	0.00476770311673449307	0.00447087193992767555	0.00383317919795286812	0.00152794815623313499	0.00309130800342123528	0.181433307873088585	0.13696279579662028	0.165896741268799628	0.105608565706825927	0.325586444150797266	0.161870406274123323	0.205220607302254306	0.644388882536304466
T:	0.179113487128359321	0.198552121058650638	0.166501917955637207	0.0118588206656470413	0.0850939157694343127	0.321651195292247811	0.259544212272767825	0.083253859091511807	0.0784002601889885622	0.947782069025416009	0.977545905953632708	0.00165730578812566604	0.988592829215645875	0.00144767514712327643	0.073959474869341106	0.0400375061750257916	0.583668958948220568	0.225400429014313502	0.652471014882659908	0.055199595741107677	0.038636398840453815	0.239303255608993009	0.199499866240276574



2	T.TGGATAA	0.498197801379721078


A:	0.114833989526171462	0.410426231559258502	0.28047402621020275	0.379964974278717473	0.163071117272636355	0.247073061657414364	0.66934993380537289	0.335501633627545494	0.565430486151730775	0.0449011189905345063	0.117032980639215169	0.00154892411680463488	0.987001067540200163	0.00168239310888593592	0.973496815733405372	0.903781983479602567	0.120711425229263664	0.083253859091511807	0.0740919868972704924	0.359442205406140503	0.198557417536591982	0.0926602447200634693	0.340133058092155139
C:	0.144593316327636785	0.116317227172122808	0.218015758882820947	0.224706023335362391	0.389183863014491848	0.354969976862873638	0.0894181202725922604	0.0182545748437645022	0.0383099940966554025	0.224357904376086999	0.00427158416313733108	0.00529197938923083032	0.00372512232890122624	0.00528805424927894621	0.00752238173562624138	0.000608399263438297782	0.260844594342856124	0.0342758084379618404	0.216065030883680597	0.324260734906971838	0.399285081793705182	0.489128709785190817	0.197236103814276671
G:	0.134715753655732853	0.242361235423895489	0.402124841582524333	0.069655238613903584	0.0708104794931965464	0.246161574155858838	0.0759154207163186448	0.0240526753352675686	0.223821300897361682	0.0038526563894733445	0.877623544822648702	0.989220937011106824	0.00795367099589512976	0.00296315070407594307	0.00832963942450006019	0.0757252582200197383	0.578540921846573996	0.865628321071305923	0.113667711314316941	0.225647885436040771	0.341500762480368087	0.143048532076183462	0.174340012414723603
T:	0.605856940490458901	0.230895305844723201	0.0993853733244519707	0.325673763772016552	0.37693454021967525	0.15179538732385316	0.165316525205716204	0.622191116193422435	0.172438218854252141	0.726888320243905151	0.0010718903749987976	0.00393815948285771065	0.00132013913500348096	0.990066401937759175	0.0106511631064683261	0.0198843590369393966	0.0399030585813062161	0.0168420113992204294	0.59617527090473197	0.0906491742508468874	0.0606567381893347489	0.275162513418562251	0.288290825678844587



3	CCTTATCC	0.497422328651545982


A:	0.385212284354712662	0.326676101658968284	0.622721420631771382	0.0919090496962103221	0.591176800482864444	0.131324147016705574	0.428212425775402627	0.0282972639686081205	0.0185471063715463041	0.00841888549523637669	0.00825896332996401894	0.992430150181609306	0.000986035402538992298	0.00201261133006365061	0.00339031716675124868	0.774328692113509635	0.185683072135259587	0.504937033450483302	0.18306830966552182	0.586162269992386523	0.0351386330175603658	0.0948101612643565896
C:	0.0841944494818364667	0.184138983759986157	0.0882798830743957766	0.16843716934941193	0.0829334937493811693	0.0877755804755166156	0.0947788312007523281	0.839966531851989121	0.719769912507162562	0.0271262534745540089	0.0126172643825645646	0.00175833791544356196	0.00520133385310001374	0.992362759469291874	0.903913443201200545	0.00420049383837598914	0.0936851731198995651	0.103765796266403568	0.0588521097449923454	0.0330516901157085339	0.764354561867862496	0.460665975824396095
G:	0.35147977903509155	0.290632793522394921	0.122496778338195634	0.727794960288730707	0.240795789998320073	0.459249077215529999	0.21746453075107722	0.0197836621365618296	0.183282720932302572	0.00078545358225605298	0.00271961589421116335	0.00390298533460774077	0.00279969197569673442	0.00212335615590925754	0.00919659042463893673	0.181433307873088585	0.13696279579662028	0.165896741268799628	0.105608565706825927	0.325586444150797266	0.161870406274123323	0.205220607302254306
T:	0.179113487128359321	0.198552121058650638	0.166501917955637207	0.0118588206656470413	0.0850939157694343127	0.321651195292247811	0.259544212272767825	0.111952542042840929	0.0784002601889885622	0.963669407447953561	0.976404156393260253	0.00190852656833939145	0.99101293876866426	0.00350127304473521813	0.0834996492074092697	0.0400375061750257916	0.583668958948220568	0.225400429014313502	0.652471014882659908	0.055199595741107677	0.038636398840453815	0.239303255608993009



4	A..TTATCCA	0.497409921087895181


A:	0.267367895071636284	0.173748447112833489	0.288290825678844587	0.275162513418562251	0.0606567381893347489	0.0906491742508468874	0.59617527090473197	0.0168420113992204294	0.0399030585813062161	0.0451575749316130017	0.0243607561733374993	0.991525036640111398	0.000997584460283520963	0.00240979080195595646	0.00102171038622992516	0.571168398722291714	0.172438218854252141	0.622191116193422435	0.165316525205716204	0.15179538732385316	0.37693454021967525	0.325673763772016552	0.0993853733244519707
C:	0.163375110504951641	0.236068874024248115	0.174340012414723603	0.143048532076183462	0.341500762480368087	0.225647885436040771	0.113667711314316941	0.865628321071305923	0.578540921846573996	0.117452613074169007	0.0133640495367079683	0.00110039006513607169	0.00599454149995290312	0.993289765601065989	0.891598645478831571	0.00773543250629687174	0.223821300897361682	0.0240526753352675686	0.0759154207163186448	0.246161574155858838	0.0708104794931965464	0.069655238613903584	0.402124841582524333
G:	0.231530040309578674	0.403435945254754095	0.197236103814276671	0.489128709785190817	0.399285081793705182	0.324260734906971838	0.216065030883680597	0.0342758084379618404	0.260844594342856124	0.00102904019102587893	0.0144144694688332619	0.00519517477330744679	0.0047816661733051858	0.00127529934846078094	0.00406575125721742213	0.37170088251181172	0.0383099940966554025	0.0182545748437645022	0.0894181202725922604	0.354969976862873638	0.389183863014491848	0.224706023335362391	0.218015758882820947
T:	0.337726954113833401	0.186746733608164302	0.340133058092155139	0.0926602447200634693	0.198557417536591982	0.359442205406140503	0.0740919868972704924	0.083253859091511807	0.120711425229263664	0.836360771803192112	0.947860724821121271	0.00217939852144508323	0.98822620786645839	0.00302514424851727327	0.103313892877721081	0.049395286259599694	0.565430486151730775	0.335501633627545494	0.66934993380537289	0.247073061657414364	0.163071117272636355	0.379964974278717473	0.28047402621020275



5	A..TGGATAA	0.497298253015037967


A:	0.114833989526171462	0.410426231559258502	0.28047402621020275	0.379964974278717473	0.163071117272636355	0.247073061657414364	0.66934993380537289	0.335501633627545494	0.565430486151730775	0.0524853673761925851	0.0381967533844291373	0.00194075686540333528	0.989399037926913422	0.000960479011193466833	0.960371319638809506	0.873478774177562258	0.120711425229263664	0.083253859091511807	0.0740919868972704924	0.359442205406140503	0.198557417536591982	0.0926602447200634693	0.340133058092155139
C:	0.144593316327636785	0.116317227172122808	0.218015758882820947	0.224706023335362391	0.389183863014491848	0.354969976862873638	0.0894181202725922604	0.0182545748437645022	0.0383099940966554025	0.303376820100655969	0.00393702540801506318	0.00215432439112022479	0.00587609678066775279	0.00478236999355332765	0.0108106106439925847	0.000950641147896718493	0.260844594342856124	0.0342758084379618404	0.216065030883680597	0.324260734906971838	0.399285081793705182	0.489128709785190817	0.197236103814276671
G:	0.134715753655732853	0.242361235423895489	0.402124841582524333	0.069655238613903584	0.0708104794931965464	0.246161574155858838	0.0759154207163186448	0.0240526753352675686	0.223821300897361682	0.0056617428045181896	0.955265903738553153	0.992631541339154272	0.00407337172642817049	0.00312278588928352057	0.00877563007193489368	0.0979168649259060204	0.578540921846573996	0.865628321071305923	0.113667711314316941	0.225647885436040771	0.341500762480368087	0.143048532076183462	0.174340012414723603
T:	0.605856940490458901	0.230895305844723201	0.0993853733244519707	0.325673763772016552	0.37693454021967525	0.15179538732385316	0.165316525205716204	0.622191116193422435	0.172438218854252141	0.638476069718633256	0.00260031746900264679	0.0032733774043221675	0.000651493565990654275	0.991134365105969685	0.0200424396452630154	0.0276537197486350029	0.0399030585813062161	0.0168420113992204294	0.59617527090473197	0.0906491742508468874	0.0606567381893347489	0.275162513418562251	0.288290825678844587



