1	AAGATACG	0.49400995135993647


A:	0.419700091843394765	0.107391062228258071	0.134458551411368049	0.671844282636702322	0.0916729223993054134	0.389916432495396035	0.419942154236273113	0.690201224513180523	0.922767535831520741	0.0123555521983395783	0.987748610784790107	0.00822212230598094232	0.483497970737851078	0.0050083047576635282	0.00921214538630680684	0.158694736142494077	0.194285067245964839	0.354434847467180812	0.210595805441023653	0.0159447151614943814	0.500785300473858512	0.10182628677762286
C:	0.286918686409066469	0.422991537341817836	0.4876538935198207	0.0382513770120041828	0.401158527626587553	0.154268571555976337	0.128489179283782459	0.0550992379626953737	0.00839763095249818038	0.00110510542703940014	0.00674248276332952508	0.00579504076157353914	0.0434877205659704748	0.851591757257824711	0.0130203562888979701	0.576031298549268799	0.0916560581502833879	0.293696537847655021	0.0636350197083605292	0.0833736539008120947	0.0923641980897694908	0.526205973578648732
G:	0.0338513670242557915	0.29585610617926985	0.227032722000341921	0.0595311590765904974	0.231653293359544906	0.215935953688336978	0.387287269691875265	0.060605793243937517	0.0534279578520385287	0.956434013747706968	0.00262354701772804249	0.00171758392536286814	0.00399217772041551768	0.00308429917685097244	0.925667701350496199	0.243589280126138538	0.105120361248387606	0.148659070598095127	0.227006252047986345	0.825128384713820016	0.121139178257122581	0.24311842015468419
T:	0.259529854723282974	0.173761294250654243	0.15085483306846933	0.230373181274702998	0.275515256614562127	0.239879042260290651	0.0642813967880691636	0.194093744280186586	0.0154068753639425501	0.0301053286269140531	0.00288535943415232573	0.98426525300708265	0.469022130975762929	0.140315638807660788	0.0520997969742990239	0.0216846851820985854	0.608938513355364167	0.20320954408706904	0.498762922802629473	0.0755532462238735077	0.285711323179249416	0.128849319489044217



2	AAGAT.CGC	0.493780708720035734


A:	0.37506051359700169	0.316420846003404802	0.15155031293958235	0.323438776272863137	0.102267122574141716	0.453550668682180165	0.48468399723711592	0.736874546102738506	0.936762848282851525	0.0245785482300563288	0.983610935613771398	0.0227765670355692433	0.483497970737851078	0.00464884584816589572	0.0208064868299438857	0.0729099385138341027	0.17662356192040438	0.33692607934925616	0.912433827050801137	0.0211364303658424958	0.326319271629824965	0.121905028368984255	0.369776511862932396
C:	0.177052206706484864	0.0739569785782844029	0.0900709490130856722	0.245278004095769152	0.399980443066391816	0.228866801811730028	0.101034360648879099	0.0356846362558641421	0.0124968177922579764	0.00128521942128126167	0.00893627822608310978	0.00314023355895735507	0.0434877205659704748	0.790339877982447577	0.0392649643520987378	0.577064332439501746	0.111869917232959561	0.353745544531153484	0.0311543892176572214	0.236911272799993163	0.0429347877258893374	0.398610187533944563	0.173702456391301967
G:	0.049880181334763367	0.505981634008243206	0.295807043773275192	0.186005215535598559	0.233431239290065651	0.157141410841591954	0.234614318865656498	0.11785307630474692	0.0324416804834670146	0.907113207304762852	0.00486221059310347295	0.0018925847185037053	0.00399217772041551768	0.0124660987333788841	0.798747077601461409	0.318721772504093591	0.049623950934040363	0.204885192611388045	0.00487872066389004641	0.622139420421906153	0.371382092562276432	0.16915838553287711	0.253915695445196696
T:	0.398007098361750078	0.10364054141006759	0.462571694274056785	0.245278004095769152	0.264321195069400816	0.160441118664497853	0.179667323248348482	0.109587741336650432	0.018298653441423484	0.0670230250438995574	0.00259057556704201952	0.972190614686969696	0.469022130975762929	0.192545177436007643	0.141181471216495968	0.0313039565425705605	0.661882569912595696	0.104443183508202311	0.0515330630676515952	0.119812876412258188	0.259363848082009266	0.310326398564194072	0.202605336300568942



3	A.CG.ATCTT	0.493740281224152192


A:	0.202605336300568942	0.310326398564194072	0.259363848082009266	0.119812876412258188	0.0515330630676515952	0.104443183508202311	0.661882569912595696	0.0313039565425705605	0.0659856773153991909	0.346040333096513897	0.469022130975762929	0.979001931645791346	0.00507125563504589574	0.0521190015662835031	0.0178952996215094219	0.193326045026966179	0.179667323248348482	0.160441118664497853	0.264321195069400816	0.245278004095769152	0.462571694274056785	0.10364054141006759	0.398007098361750078
C:	0.253915695445196696	0.16915838553287711	0.371382092562276432	0.622139420421906153	0.00487872066389004641	0.204885192611388045	0.049623950934040363	0.318721772504093591	0.879825681762132963	0.00827971172900326784	0.00399217772041551768	0.00450175511500217859	0.00360973132602880756	0.930975891611313229	0.0272540646562642491	0.0868429008634967357	0.234614318865656498	0.157141410841591954	0.233431239290065651	0.186005215535598559	0.295807043773275192	0.505981634008243206	0.049880181334763367
G:	0.173702456391301967	0.398610187533944563	0.0429347877258893374	0.236911272799993163	0.0311543892176572214	0.353745544531153484	0.111869917232959561	0.577064332439501746	0.0249212916532898022	0.638549697643258875	0.0434877205659704748	0.0062348992834741729	0.0061260516831544042	0.0021117249903969319	0.0113534079216994933	0.0600462646428713569	0.101034360648879099	0.228866801811730028	0.399980443066391816	0.245278004095769152	0.0900709490130856722	0.0739569785782844029	0.177052206706484864
T:	0.369776511862932396	0.121905028368984255	0.326319271629824965	0.0211364303658424958	0.912433827050801137	0.33692607934925616	0.17662356192040438	0.0729099385138341027	0.0292673492691780442	0.00713025753122396055	0.483497970737851078	0.0102614139557323025	0.985192961355770893	0.0147933818320063361	0.943497227800526836	0.659784789466665729	0.48468399723711592	0.453550668682180165	0.102267122574141716	0.323438776272863137	0.15155031293958235	0.316420846003404802	0.37506051359700169



4	AAGATTCG	0.493503953100001168


A:	0.318196972961569472	0.451624801122280753	0.292031907620254809	0.606597783598358633	0.121247779994021888	0.228462644877757707	0.442874113790433357	0.541969274973436758	0.952479821893907137	0.0167387950576175965	0.981985859137928122	0.0201107433370376274	0.483497970737851078	0.00401051710704738887	0.0157023172095644168	0.11068224022098207	0.150117084966464112	0.228704343501765624	0.608594316272780178	0.0118828872970237649	0.437457661390557767	0.0655451141198829111
C:	0.179144309718991071	0.245782268644515621	0.175302543054959203	0.0250582902403130258	0.217971149369185001	0.175201746060696729	0.102197010306029184	0.0199802683629102267	0.0148926996547957196	0.000955185736074677931	0.0103901285479859297	0.00298916119387189358	0.0434877205659704748	0.779777009695811371	0.0349261235206482028	0.374930305172551184	0.0362668642605861895	0.452721086117463993	0.123991218719722999	0.22342551186778325	0.0669347251662053736	0.480121917403738328
G:	0.108829183747700305	0.200151109553036587	0.159406105214672115	0.0577321588162366372	0.221581438823376882	0.215705396646759762	0.297791210585737639	0.151337674228922227	0.0199001240659948483	0.948673879753369751	0.00317082574619517655	0.00273376674805198258	0.00399217772041551768	0.00446669881541393339	0.618315465719001183	0.484186439880914869	0.0853670570655163821	0.185300488079075703	0.180852849131077172	0.0718144434934721841	0.438285835959843317	0.213482624986314323
T:	0.393829533571739152	0.102441820680167039	0.373259444110113873	0.310611767345091704	0.439199631813416229	0.380630212414785802	0.157137665317799819	0.286712782434730787	0.0127273543853022954	0.0336321394529379744	0.00445318656789077139	0.974166328721038496	0.469022130975762929	0.211745774381727307	0.331056093550786198	0.0302010147255518782	0.728248993707433316	0.13327408230169468	0.0865616158764196506	0.692877157341720801	0.057321777483393543	0.240850343490064439



5	A.CGTATCT	0.492009529008883816


A:	0.0998029400578609185	0.161106438051653789	0.128849319489044217	0.285711323179249416	0.0755532462238735077	0.498762922802629473	0.20320954408706904	0.608938513355364167	0.0216846851820985854	0.101540440684642674	0.272463969344701355	0.72239119833844878	0.980381051365143625	0.00393764730468894621	0.0134126121502224438	0.0753349582915449881	0.194093744280186586	0.0642813967880691636	0.239879042260290651	0.275515256614562127	0.230373181274702998	0.15085483306846933	0.173761294250654243
C:	0.187079245899520596	0.11267104285191795	0.24311842015468419	0.121139178257122581	0.825128384713820016	0.227006252047986345	0.148659070598095127	0.105120361248387606	0.243589280126138538	0.87667164616952072	0.0035154923936864326	0.00141111341165598132	0.00307334851440031031	0.00379849722758020627	0.970260533652191571	0.0413985784670648782	0.060605793243937517	0.387287269691875265	0.215935953688336978	0.231653293359544906	0.0595311590765904974	0.227032722000341921	0.29585610617926985
G:	0.594474805923205316	0.220001056816979934	0.526205973578648732	0.0923641980897694908	0.0833736539008120947	0.0636350197083605292	0.293696537847655021	0.0916560581502833879	0.576031298549268799	0.00944906951248089741	0.721915161075482728	0.0539023574798920319	0.00938556229126638105	0.00376448493736614966	0.00221289742296211155	0.0131726635899342609	0.0550992379626953737	0.128489179283782459	0.154268571555976337	0.401158527626587553	0.0382513770120041828	0.4876538935198207	0.422991537341817836
T:	0.11864300811941317	0.506221462279448328	0.10182628677762286	0.500785300473858512	0.0159447151614943814	0.210595805441023653	0.354434847467180812	0.194285067245964839	0.158694736142494077	0.012338843633355708	0.00210537718612948381	0.222295330770003207	0.00716003782918968352	0.988499370530364698	0.0141139567746238739	0.870093799651455873	0.690201224513180523	0.419942154236273113	0.389916432495396035	0.0916729223993054134	0.671844282636702322	0.134458551411368049	0.107391062228258071



