1	CAACCGTC	0.487294024220766329


A:	0.561356057517778853	0.351382693754289689	0.209024528861220891	0.118919722412680436	0.229670152406524266	0.607224541519026611	0.248902863177955766	0.110827713898969253	0.972402662784699567	0.972699238298536012	0.00832444033352450648	0.010533478803855796	0.0148687045618646161	0.0639828545326791525	0.0456838709634063801	0.18629395988445545	0.120053753969753521	0.451063270682377731	0.198193522382162831	0.335038444392201892	0.180465970797413084	0.071558695269590488
C:	0.0561753300952306325	0.130217219794865137	0.415715955120129015	0.244443817128074323	0.183551311702714126	0.163360958845745713	0.588474717484430832	0.763103681883585562	0.0148157366790848378	0.0225432847782676172	0.976472141807968721	0.669252874455431334	0.00297879632219761269	0.377376201414205682	0.83867782792966184	0.225700285035462493	0.21844910901486694	0.358624794070062357	0.00772040962030854017	0.555408566810627115	0.185761914623724902	0.536171061380990495
G:	0.247894065470062813	0.306525202552224433	0.261647911527722715	0.31465032137581509	0.343499571392115102	0.11490509471767185	0.101252298876607587	0.00639021870090850244	0.0037125722189598265	0.00260843632461289901	0.00680898406054762877	0.172149259533418536	0.978030385404773744	0.0108162018683411785	0.00732476334307861161	0.303695500508285731	0.314228096458974829	0.102375997386100693	0.10571783965407003	0.0203013984980798306	0.529754994144450444	0.217290578345729802
T:	0.134574546916927701	0.211874883898620741	0.113611604490927379	0.321986139083430151	0.243278964498646506	0.114509404917555825	0.0613701204610058153	0.119678385516536682	0.00906902831725576889	0.00214904059858347196	0.00839443379795914398	0.148064387207294334	0.00412211371116402733	0.547824742184773987	0.108313537763853168	0.284310254571796325	0.34726904055640471	0.0879359378614592195	0.688368228343458599	0.0892515902990911627	0.104017120434411571	0.174979665003689216



2	A.CAACCG.C	0.485473236440978376


A:	0.349143756435913578	0.561356057517778853	0.351382693754289689	0.209024528861220891	0.118919722412680436	0.229670152406524266	0.607224541519026611	0.248902863177955766	0.0926206438912674559	0.946055314255678929	0.960357593529972138	0.0232717547011996867	0.0173241989590197544	0.0240032724199271557	0.0639828545326791525	0.0474219214883220755	0.18629395988445545	0.120053753969753521	0.451063270682377731	0.198193522382162831	0.335038444392201892	0.180465970797413084	0.071558695269590488
C:	0.108552183315958032	0.0561753300952306325	0.130217219794865137	0.415715955120129015	0.244443817128074323	0.183551311702714126	0.163360958845745713	0.588474717484430832	0.618201516071436057	0.0085200945292648239	0.0308434113284113554	0.965276381451505631	0.766041619165658235	0.00733795617375932548	0.377376201414205682	0.8630551142885003	0.225700285035462493	0.21844910901486694	0.358624794070062357	0.00772040962030854017	0.555408566810627115	0.185761914623724902	0.536171061380990495
G:	0.346560030943814199	0.247894065470062813	0.306525202552224433	0.261647911527722715	0.31465032137581509	0.343499571392115102	0.11490509471767185	0.101252298876607587	0.00854375785621195419	0.0130577756776523214	0.00355973536406030138	0.00575555962662685544	0.0564649515433820417	0.954526301504859683	0.0108162018683411785	0.00393227430592733504	0.303695500508285731	0.314228096458974829	0.102375997386100693	0.10571783965407003	0.0203013984980798306	0.529754994144450444	0.217290578345729802
T:	0.19574402930431419	0.134574546916927701	0.211874883898620741	0.113611604490927379	0.321986139083430151	0.243278964498646506	0.114509404917555825	0.0613701204610058153	0.280634082181084533	0.0323668155374039253	0.00523925977755620526	0.00569630422066782714	0.160169230331939969	0.0141324699014538356	0.547824742184773987	0.0855906899172502895	0.284310254571796325	0.34726904055640471	0.0879359378614592195	0.688368228343458599	0.0892515902990911627	0.104017120434411571	0.174979665003689216



3	CAACCGCC	0.484924061941631924


A:	0.561356057517778853	0.351382693754289689	0.209024528861220891	0.118919722412680436	0.229670152406524266	0.607224541519026611	0.248902863177955766	0.074746918702678324	0.973927631764165196	0.968465599306078588	0.0168425829686325003	0.0110440918711722244	0.0794450959856231423	0.0639828545326791525	0.0113709460397535714	0.18629395988445545	0.120053753969753521	0.451063270682377731	0.198193522382162831	0.335038444392201892	0.180465970797413084	0.071558695269590488
C:	0.0561753300952306325	0.130217219794865137	0.415715955120129015	0.244443817128074323	0.183551311702714126	0.163360958845745713	0.588474717484430832	0.616744597352657192	0.00480602260775646695	0.0183813470254155141	0.974052757365030542	0.670382645456346564	0.00135826498003143004	0.377376201414205682	0.703170694490998052	0.225700285035462493	0.21844910901486694	0.358624794070062357	0.00772040962030854017	0.555408566810627115	0.185761914623724902	0.536171061380990495
G:	0.247894065470062813	0.306525202552224433	0.261647911527722715	0.31465032137581509	0.343499571392115102	0.11490509471767185	0.101252298876607587	0.00671635744907422583	0.00818175396243780839	0.00901909038709009042	0.00354781264689103653	0.0144246805613658643	0.910829873890934788	0.0108162018683411785	0.00889413918650809198	0.303695500508285731	0.314228096458974829	0.102375997386100693	0.10571783965407003	0.0203013984980798306	0.529754994144450444	0.217290578345729802
T:	0.134574546916927701	0.211874883898620741	0.113611604490927379	0.321986139083430151	0.243278964498646506	0.114509404917555825	0.0613701204610058153	0.301792126495590258	0.0130845916656405288	0.00413396328141580703	0.00555684701944592069	0.304148582111115347	0.00836676514341063919	0.547824742184773987	0.276564220282740284	0.284310254571796325	0.34726904055640471	0.0879359378614592195	0.688368228343458599	0.0892515902990911627	0.104017120434411571	0.174979665003689216



4	GGCAGTTA	0.48489997547559822


A:	0.101559859663906343	0.2995316251560601	0.136024871022446061	0.70697599936913405	0.0335755568704898745	0.147757250057702019	0.263889742583599862	0.0791515041967492227	0.410718865860845794	0.0230668066315897347	0.599927945902329755	0.0138111396156987507	0.0229152956356294307	0.0100955277325303068	0.608836564905036045	0.13195005716619148	0.161279943054655196	0.221849737164426925	0.166906606944636812	0.0570166583331498746	0.373888572827105476	0.193663853319509533
C:	0.413485544274620305	0.169195148283907939	0.0634485558504790679	0.132483762179307028	0.282134371173848286	0.159023022378625921	0.337684241932325265	0.0315568651995030592	0.0101865967512468563	0.808098265746623215	0.0401150812519184309	0.0100670198886986337	0.00524959095252739877	0.0121441380915515056	0.00468434030791186574	0.347522157174100778	0.174497434911586552	0.175639379440858564	0.229300268310676713	0.225868077711465207	0.055922884839538482	0.107381338378886228
G:	0.124549427411110509	0.227969141778554091	0.291790168120183887	0.0175700929476774784	0.264427160774905687	0.379179345074028606	0.149298033857734837	0.845970690059070497	0.503938387500381276	0.0129938749988702276	0.353840366398728232	0.971430491154406954	0.0493695078497362703	0.0114528125209140678	0.336286198809566846	0.265335280054720321	0.150082605769396116	0.0921403214668056423	0.549180246574343568	0.553412174382347574	0.143721917423559843	0.441173738287673394
T:	0.360405168650362843	0.30330408478147787	0.508736405006890984	0.142970145503881443	0.419862911180756153	0.314040382489643454	0.249127981626340036	0.0433209405446772213	0.0751561498875260741	0.155841052622916822	0.00611660644702358235	0.00469134934119566177	0.9224656055621069	0.96630752165500412	0.0501928959774852441	0.255192505604987421	0.514140016264362136	0.510370561927908869	0.0546128781703429065	0.163703089573037345	0.4264666249097962	0.257781070013930845



5	CCAACCG.C	0.48336145714427515


A:	0.349143756435913578	0.561356057517778853	0.351382693754289689	0.209024528861220891	0.118919722412680436	0.229670152406524266	0.607224541519026611	0.248902863177955766	0.068761045434533316	0.982586584020835031	0.977116227045955672	0.049850803993207698	0.0158049956146918412	0.0205111479428576099	0.0639828545326791525	0.0205160604244285972	0.18629395988445545	0.120053753969753521	0.451063270682377731	0.198193522382162831	0.335038444392201892	0.180465970797413084	0.071558695269590488
C:	0.108552183315958032	0.0561753300952306325	0.130217219794865137	0.415715955120129015	0.244443817128074323	0.183551311702714126	0.163360958845745713	0.588474717484430832	0.839816835030622795	0.00470422287606156354	0.0133575623617300944	0.941269168863003377	0.797878295287195068	0.00584005652288941969	0.377376201414205682	0.870358422086976268	0.225700285035462493	0.21844910901486694	0.358624794070062357	0.00772040962030854017	0.555408566810627115	0.185761914623724902	0.536171061380990495
G:	0.346560030943814199	0.247894065470062813	0.306525202552224433	0.261647911527722715	0.31465032137581509	0.343499571392115102	0.11490509471767185	0.101252298876607587	0.00945149188443907547	0.00547496652795254335	0.0058203114627917322	0.00271237198661774447	0.0189206760976220018	0.960644905135861949	0.0108162018683411785	0.00462336895871945357	0.303695500508285731	0.314228096458974829	0.102375997386100693	0.10571783965407003	0.0203013984980798306	0.529754994144450444	0.217290578345729802
T:	0.19574402930431419	0.134574546916927701	0.211874883898620741	0.113611604490927379	0.321986139083430151	0.243278964498646506	0.114509404917555825	0.0613701204610058153	0.0819706276504048134	0.00723422657515086226	0.00370589912952250178	0.00616765515717118029	0.167396033000491089	0.0130038903983910211	0.547824742184773987	0.104502148529875681	0.284310254571796325	0.34726904055640471	0.0879359378614592195	0.688368228343458599	0.0892515902990911627	0.104017120434411571	0.174979665003689216



