1	CAACCGTC	0.493791983601699101


A:	0.412874679979957279	0.580876846755491248	0.0833491578132772508	0.201512829993507496	0.130369741534522828	0.431539805505628246	0.263873703583201051	0.0398550032091052548	0.990883434112778077	0.987217529058572416	0.00899109546488046786	0.000772065007191691613	0.0129714067979762918	0.0247461798700426271	0.0104684514156870149	0.409799999195423749	0.415514785745258049	0.103513292085037782	0.283000118291788051	0.0440592640520726239	0.179846958351830718	0.047894306972174996
C:	0.272587419854709987	0.127162201727989304	0.47297340359062197	0.156413277151987992	0.580115301059682165	0.233484223921953602	0.373626592633771671	0.46208861950235231	0.00207155167653413043	0.0101944198472246879	0.987708827970894519	0.739983658419524111	0.000814996494837084888	0.177041395074924724	0.65247511226836363	0.121751655647108995	0.151281004333388773	0.0988720240002907744	0.332721831311235115	0.583503575987218454	0.420182539163322286	0.54134327739246953
G:	0.0947015245669890189	0.105538662983178589	0.127396318974481323	0.2533487896633735	0.151639596335185799	0.127597928358435496	0.19318768840785268	0.00118906762898859265	0.00251443960119567585	0.00131811706798108546	0.00132399916584095891	0.15056563120445296	0.984259580075182175	0.0013044804038119847	0.000928361765648955799	0.366446205709766116	0.0973594583485853925	0.594963763645153465	0.242594528634707202	0.0928173669779183378	0.16759048593110887	0.276038002606537099
T:	0.219836375598343715	0.186422288533340858	0.316281119621619455	0.388725103191131011	0.137875361070609207	0.207378042213982657	0.169312015375174598	0.496867309659553843	0.00453057460949211716	0.00126993402622181092	0.00197607739838405453	0.108678645368831238	0.00195401663200444864	0.796907944651220664	0.3361280745503004	0.10200213944770114	0.335844751572767786	0.202650920269517978	0.141683521762269631	0.279619792982790584	0.232380016553738126	0.134724413028818375



2	GACGGTTA	0.493390669761928282


A:	0.211864250145328967	0.154886869361273352	0.266585745856055013	0.242262627891892605	0.283285469373082628	0.233553487514599463	0.238126046462848237	0.56317633240700359	0.574593558604533509	0.00189284301426496508	0.229250497613111807	0.00194755841065664932	0.00154377888908259189	0.00502194844428212858	0.496867309659553843	0.33192116309412198	0.203597921905957462	0.298117389934356403	0.487359867597020698	0.194221491869109324	0.129822136014724672	0.345499434846522738
C:	0.18884590923311613	0.230817874620358923	0.225200089557071125	0.259255130408653271	0.426705980521063913	0.218367342091986117	0.417218543463502734	0.00186945025762076565	0.00189644126512366116	0.987976192198498382	0.391747156102511733	0.00135641362468136427	0.000807809752835277479	0.00230305013928277691	0.00118906762898859265	0.145970168824256914	0.117595995056872167	0.406041611516761568	0.083354807090600035	0.240191074686600147	0.108979564797112716	0.210073824249326101
G:	0.322576629227155911	0.258735615613778122	0.392214052543078661	0.225333510972996119	0.231083322560408157	0.228218325463262855	0.0676242943929276877	0.416615385507153961	0.352063588871263936	0.00156751851671726051	0.378016002510377167	0.988758381549291482	0.033551889544525202	0.00128898933673188125	0.46208861950235231	0.167555984405182932	0.289515010531612751	0.142323901431742172	0.213546709776426405	0.423576568951918589	0.493123030371673433	0.276532418868831161
T:	0.276713211394398993	0.355559640404589603	0.116000112043795201	0.273148730726458006	0.0589252275454453019	0.319860844930151565	0.277031115680721342	0.0183388318282216834	0.0714464112590788938	0.0085634462705193921	0.000986343773999292902	0.00793764641537050405	0.964096521813556929	0.991386012079703213	0.0398550032091052548	0.354552683676438174	0.38929107250555762	0.153517097117139857	0.215738615535952862	0.14201086449237194	0.26807526881648918	0.16789432203532



3	CGAC.GTTA	0.49311935101496518


A:	0.0862709353055926581	0.211864250145328967	0.154886869361273352	0.266585745856055013	0.242262627891892605	0.283285469373082628	0.233553487514599463	0.238126046462848237	0.317123862836631701	0.622699949806239744	0.00766783132435834055	0.229250497613111807	0.00447626962738747136	0.00290795553334233999	0.00373020561603455982	0.698191615587702896	0.33192116309412198	0.203597921905957462	0.298117389934356403	0.487359867597020698	0.194221491869109324	0.129822136014724672	0.345499434846522738
C:	0.144991105484915849	0.18884590923311613	0.230817874620358923	0.225200089557071125	0.259255130408653271	0.426705980521063913	0.218367342091986117	0.417218543463502734	0.00675077950008764659	0.0109102708389982525	0.964761636483462153	0.391747156102511733	0.00243552909267579945	0.00212260416110294439	0.00815786514024156971	0.00708627379211804197	0.145970168824256914	0.117595995056872167	0.406041611516761568	0.083354807090600035	0.240191074686600147	0.108979564797112716	0.210073824249326101
G:	0.52148100851649393	0.322576629227155911	0.258735615613778122	0.392214052543078661	0.225333510972996119	0.231083322560408157	0.228218325463262855	0.0676242943929276877	0.64153226903134776	0.280085683319936253	0.00718592180229008118	0.378016002510377167	0.984836542928588103	0.0474053486061482554	0.00272278921447744473	0.239914835135303528	0.167555984405182932	0.289515010531612751	0.142323901431742172	0.213546709776426405	0.423576568951918589	0.493123030371673433	0.276532418868831161
T:	0.247256950692997563	0.276713211394398993	0.355559640404589603	0.116000112043795201	0.273148730726458006	0.0589252275454453019	0.319860844930151565	0.277031115680721342	0.0345930886319328919	0.0863040960348257505	0.0203846103898894254	0.000986343773999292902	0.00825165835134862639	0.94756409169940646	0.985389140029246426	0.0548072754848755346	0.354552683676438174	0.38929107250555762	0.153517097117139857	0.215738615535952862	0.14201086449237194	0.26807526881648918	0.16789432203532



4	AACCGTC.A	0.492353805502049686


A:	0.580876846755491248	0.0833491578132772508	0.201512829993507496	0.130369741534522828	0.431539805505628246	0.263873703583201051	0.0398550032091052548	0.9829698988363985	0.974051885684854441	0.0156698904754624551	0.00251546501346876513	0.0151083235508615663	0.0714169384193759879	0.0341271964692685929	0.409799999195423749	0.415514785745258049	0.103513292085037782	0.283000118291788051	0.0440592640520726239	0.179846958351830718	0.047894306972174996	0.297671940011220689	0.0886950124091835927
C:	0.127162201727989304	0.47297340359062197	0.156413277151987992	0.580115301059682165	0.233484223921953602	0.373626592633771671	0.46208861950235231	0.00715351324240661229	0.0193534847580186289	0.975802697413494855	0.518970161250954348	0.00245020679206685673	0.37260540040050399	0.437872867610388909	0.121751655647108995	0.151281004333388773	0.0988720240002907744	0.332721831311235115	0.583503575987218454	0.420182539163322286	0.54134327739246953	0.491971039790041998	0.243835180245211019
G:	0.105538662983178589	0.127396318974481323	0.2533487896633735	0.151639596335185799	0.127597928358435496	0.19318768840785268	0.00118906762898859265	0.00289261223470155837	0.00301625120285952471	0.0046610710777423305	0.268571493418065341	0.976749701460195616	0.00742554461434211482	0.00943679570310106528	0.366446205709766116	0.0973594583485853925	0.594963763645153465	0.242594528634707202	0.0928173669779183378	0.16759048593110887	0.276038002606537099	0.111405974677712941	0.316944548654960995
T:	0.186422288533340858	0.316281119621619455	0.388725103191131011	0.137875361070609207	0.207378042213982657	0.169312015375174598	0.496867309659553843	0.00698397568649332895	0.00357837835426740543	0.00386634103330035943	0.209942880317511545	0.00569176819687596119	0.548552116565777907	0.518563140217241433	0.10200213944770114	0.335844751572767786	0.202650920269517978	0.141683521762269631	0.279619792982790584	0.232380016553738126	0.134724413028818375	0.098951045521024373	0.350525258690644393



5	AACCGTC..G	0.490992492714970119


A:	0.580876846755491248	0.0833491578132772508	0.201512829993507496	0.130369741534522828	0.431539805505628246	0.263873703583201051	0.0398550032091052548	0.981560965349347969	0.979309357596315557	0.02086323447106689	0.0020493137438143073	0.0149470676550499525	0.018483282876232192	0.0259724517867646238	0.409799999195423749	0.415514785745258049	0.103513292085037782	0.283000118291788051	0.0440592640520726239	0.179846958351830718	0.047894306972174996	0.297671940011220689	0.0886950124091835927
C:	0.127162201727989304	0.47297340359062197	0.156413277151987992	0.580115301059682165	0.233484223921953602	0.373626592633771671	0.46208861950235231	0.010205414238337942	0.0129958288979299021	0.972539272859728177	0.638331804218440431	0.00199282979405409781	0.205168355363397575	0.50433523265113269	0.121751655647108995	0.151281004333388773	0.0988720240002907744	0.332721831311235115	0.583503575987218454	0.420182539163322286	0.54134327739246953	0.491971039790041998	0.243835180245211019
G:	0.105538662983178589	0.127396318974481323	0.2533487896633735	0.151639596335185799	0.127597928358435496	0.19318768840785268	0.00118906762898859265	0.00438715760662544185	0.00256137458421854053	0.00355368414694600714	0.288262375457870354	0.977981011515225432	0.00444021050572484247	0.00290702897021324614	0.366446205709766116	0.0973594583485853925	0.594963763645153465	0.242594528634707202	0.0928173669779183378	0.16759048593110887	0.276038002606537099	0.111405974677712941	0.316944548654960995
T:	0.186422288533340858	0.316281119621619455	0.388725103191131011	0.137875361070609207	0.207378042213982657	0.169312015375174598	0.496867309659553843	0.00384646280568864758	0.00513343892153600026	0.00304380852225892622	0.0713565065798749081	0.00507909103567051826	0.77190815125464539	0.46678528659188944	0.10200213944770114	0.335844751572767786	0.202650920269517978	0.141683521762269631	0.279619792982790584	0.232380016553738126	0.134724413028818375	0.098951045521024373	0.350525258690644393



