1	G.ATATTCC	0.499033864377057588


A:	0.121509969021181916	0.339479930442610578	0.421114302666593617	0.0816645629260106783	0.474395401863863302	0.3138426567038166	0.443564458886590248	0.0462401051557947031	0.438429035600610149	0.951708068009405106	0.00128844703968441967	0.923920904544180773	0.0153751356124195837	0.0198572795140262285	0.00475363276314406736	0.00136762906761775996	0.0636032444558056153	0.161462223425980792	0.526956329132234361	0.166922888383074474	0.134505139032200561	0.61288633901056384	0.10697835916730004
C:	0.122869142686825197	0.449803955478268079	0.109059980091156565	0.243703849503346494	0.0442987563874156321	0.492387245574801871	0.287070936505023112	0.00452888362068129813	0.0391002749805259752	0.000534440780557691066	0.00169234002001442574	0.0722423136393110658	0.00256043435002744737	0.00805460045559748083	0.979435465435641787	0.654799346373688828	0.2286407562653165	0.575644370706122975	0.13844006819750737	0.0856534779031272662	0.040140159042948038	0.147637589797749896	0.210137888131809913
G:	0.0668851409343231444	0.0735068589293544898	0.113953786093582436	0.0454063566540383344	0.430301411967980259	0.164431207724091701	0.259278146082573373	0.928037450590769469	0.44145928447715562	0.00161831858874451489	0.385817889914570884	0.0021644828360378239	0.000514641891146565976	0.0168358544003362844	0.00408541476411818219	0.175814123415936219	0.29327319693367669	0.0667763463108228299	0.0492140637774217099	0.68669318948706143	0.0721254399865911454	0.201606720762141918	0.414166263843390572
T:	0.688735747357669743	0.137209255149766853	0.355871931148667381	0.629225230916604494	0.0510044297807408064	0.0293388899972898275	0.0100864585258132669	0.0211935606327545297	0.081011404941708256	0.0461391726212926878	0.61120132302573027	0.00167229898047033689	0.981549788146406403	0.955252265630040006	0.0117254870370959639	0.168018901142757193	0.414482802345201195	0.196117059557073404	0.285389538892836559	0.0607304442267368307	0.753229261938260255	0.0378693504295443457	0.268717488857499474



2	C.G.ATATTC	0.498146139503888499


A:	0.313507505737188752	0.121509969021181916	0.339479930442610578	0.421114302666593617	0.0816645629260106783	0.474395401863863302	0.3138426567038166	0.443564458886590248	0.0251008900358422726	0.438429035600610149	0.948023511141393486	0.00121323667353103737	0.856157001662214603	0.0292563997473860653	0.0287847577827368328	0.00488651202497361917	0.00136762906761775996	0.0636032444558056153	0.161462223425980792	0.526956329132234361	0.166922888383074474	0.134505139032200561	0.61288633901056384
C:	0.482231245746332864	0.122869142686825197	0.449803955478268079	0.109059980091156565	0.243703849503346494	0.0442987563874156321	0.492387245574801871	0.287070936505023112	0.00960659663754381525	0.0391002749805259752	0.000386710496715823985	0.00565888963784384295	0.137329162274392932	0.00337721464676538492	0.0504625220462734341	0.92365157882181444	0.654799346373688828	0.2286407562653165	0.575644370706122975	0.13844006819750737	0.0856534779031272662	0.040140159042948038	0.147637589797749896
G:	0.132368053553840174	0.0668851409343231444	0.0735068589293544898	0.113953786093582436	0.0454063566540383344	0.430301411967980259	0.164431207724091701	0.259278146082573373	0.946877236508396984	0.44145928447715562	0.00334142655972787481	0.128038768539525264	0.00103617193375938729	0.000789449474793072806	0.0140827349713681922	0.00710813340598998625	0.175814123415936219	0.29327319693367669	0.0667763463108228299	0.0492140637774217099	0.68669318948706143	0.0721254399865911454	0.201606720762141918
T:	0.0718931949626382094	0.688735747357669743	0.137209255149766853	0.355871931148667381	0.629225230916604494	0.0510044297807408064	0.0293388899972898275	0.0100864585258132669	0.0184152768182169284	0.081011404941708256	0.0482483518021628154	0.865089105149099855	0.00547766412963307774	0.966576936131055477	0.906669985199621541	0.0643537757472219544	0.168018901142757193	0.414482802345201195	0.196117059557073404	0.285389538892836559	0.0607304442267368307	0.753229261938260255	0.0378693504295443457



3	AAGATTCC	0.497220705742220458


A:	0.172154074587857606	0.295325068260501341	0.141535145499211712	0.0497548445199151731	0.42014194370936634	0.533019761747147819	0.435669667398600175	0.81086274581817411	0.987944984929236342	0.00163301115068721428	0.98092689319392658	0.0324416722502482486	0.0123545313680077845	0.00304381727647419327	0.000506111365097371085	0.132808030240196499	0.0913723105558480334	0.235877927633200062	0.663288592439432945	0.0377144717237816434	0.302826909020526955	0.245071425348160546
C:	0.394818038332202604	0.112343312881167107	0.0559395191017111937	0.0748739968720534539	0.216851283870599416	0.27004609625320295	0.0697564559125606441	0.00299763334623221111	0.00162094685220311086	0.000769942934552599984	0.000539758813725245158	0.000432841367767026414	0.00589980829003236549	0.991228270167779706	0.886976093907333589	0.38601854891235199	0.1876353264516484	0.525770543876784799	0.188431135245721897	0.60947937132747052	0.284035229486042463	0.228549718020135221
G:	0.178961417665712175	0.218285145075447371	0.212674856063603899	0.862114267829131027	0.276400192917299669	0.127724464108530541	0.195073821009021788	0.116221312499318633	0.00753759434340237796	0.860289216242461786	0.017607293289987088	0.000937649944856693215	0.0507082079425861104	0.000846344480709059467	0.0676834430239302861	0.211279820498873652	0.0439649186433336564	0.0482572099126120781	0.0115619180571935073	0.0769069282610877775	0.0730448911247966762	0.267685819164109819
T:	0.254066469414227615	0.374046473782884181	0.589850479335473195	0.0132568907789003461	0.0866065795027345754	0.0692096778911186903	0.299500055679817393	0.0699183083362750464	0.00289647387515816924	0.1373078296722984	0.000926054702361086699	0.966187836437128032	0.93103745239937374	0.00488156807503704132	0.0448343517036387542	0.269893600348577859	0.67702744434916991	0.190094318577403061	0.136718354257651651	0.275899228687660059	0.340092970368633906	0.258693037467594414



4	AG.ATATTC	0.497075123662051053


A:	0.313507505737188752	0.121509969021181916	0.339479930442610578	0.421114302666593617	0.0816645629260106783	0.474395401863863302	0.3138426567038166	0.443564458886590248	0.0787936534447179099	0.438429035600610149	0.948624075993849857	0.000775141037403755022	0.734684625305854497	0.044947139861772654	0.0176405190624871989	0.0100290676397926452	0.00136762906761775996	0.0636032444558056153	0.161462223425980792	0.526956329132234361	0.166922888383074474	0.134505139032200561	0.61288633901056384
C:	0.482231245746332864	0.122869142686825197	0.449803955478268079	0.109059980091156565	0.243703849503346494	0.0442987563874156321	0.492387245574801871	0.287070936505023112	0.00527204797261927363	0.0391002749805259752	0.0006377152094608433	0.00463421815780057173	0.262191944384336903	0.00378561893290101829	0.108801483418124612	0.87269498872214599	0.654799346373688828	0.2286407562653165	0.575644370706122975	0.13844006819750737	0.0856534779031272662	0.040140159042948038	0.147637589797749896
G:	0.132368053553840174	0.0668851409343231444	0.0735068589293544898	0.113953786093582436	0.0454063566540383344	0.430301411967980259	0.164431207724091701	0.259278146082573373	0.903470524563507351	0.44145928447715562	0.00233935146442065117	0.175315485039534657	0.000617998989969804115	0.000362757963341985038	0.0311476251945207653	0.00507646779805663277	0.175814123415936219	0.29327319693367669	0.0667763463108228299	0.0492140637774217099	0.68669318948706143	0.0721254399865911454	0.201606720762141918
T:	0.0718931949626382094	0.688735747357669743	0.137209255149766853	0.355871931148667381	0.629225230916604494	0.0510044297807408064	0.0293388899972898275	0.0100864585258132669	0.0124637740191554657	0.081011404941708256	0.0483988573322686485	0.819275155765261016	0.00250543131983879538	0.950904483241984343	0.842410372324867424	0.112199475840004732	0.168018901142757193	0.414482802345201195	0.196117059557073404	0.285389538892836559	0.0607304442267368307	0.753229261938260255	0.0378693504295443457



5	AAAGAT.CC	0.497015715467328371


A:	0.140597921936166399	0.166153549773799159	0.0241023812615893286	0.0291380067734466627	0.236186088823543562	0.655257677675259732	0.591720493855629785	0.8537930419686752	0.928651847693890461	0.983919396002864468	0.00196600793665181629	0.971043746814094741	0.0171509096979383195	0.0123545313680077845	0.00164261124300927338	0.000978581039411935764	0.115840727131962859	0.0365249562399592788	0.43954696166220238	0.3599660483188354	0.0589460498613881779	0.430536728666496322	0.168145116238669056
C:	0.172614387895705178	0.278105564708764309	0.0615217168400970145	0.0945903872552676493	0.236186088823543562	0.158864735092524245	0.241047640206017344	0.0535199540316615795	0.00543520682373124069	0.0014177131363935516	0.00052439740697501507	0.000615109938200605154	0.00110356469611314633	0.00589980829003236549	0.987999434956555255	0.843511473894573472	0.469850948751497338	0.156671341643559757	0.168974771039691275	0.0945108724497745248	0.82604775773147773	0.365953533201762219	0.303455151261610745
G:	0.147597755115548551	0.176162692516573131	0.0522204217849433609	0.648228334396505302	0.381346507405997959	0.0690368685737894834	0.102071508085453499	0.0604932922747169749	0.0310643242414311609	0.00322085624979888796	0.934227912602437533	0.0274927828178989938	0.000932522889572138148	0.0507082079425861104	0.000877462737363262545	0.0963850744115698584	0.0917481386281856811	0.0731235848738631364	0.0759695628903671125	0.273914608235236329	0.0445394704469513329	0.0216397052659499963	0.196739630534428716
T:	0.539189935052579873	0.3795781930008634	0.862155480113370296	0.228043271574780386	0.146281314946914917	0.11684071865842654	0.0651603578528993718	0.0321937117249462452	0.0348486212409471373	0.0114420346109430923	0.0632816820539356357	0.000848360429805659678	0.980813002716376396	0.93103745239937374	0.00948049106307220879	0.0591248706544447338	0.322560185488354122	0.733680117242617828	0.315508704407739232	0.271608470996153746	0.0704667219601827587	0.181870032865791463	0.331660101965291484



