1	GAATATTC	0.499812373475534489


A:	0.0968752364192752805	0.295970014483779318	0.170640815588756435	0.302782498608559413	0.296846594832324706	0.104027833924771883	0.197117484619760203	0.0133775180688865475	0.895457605669788704	0.958896471460466234	0.000959142940101330166	0.858095947872628776	0.0378357783747712039	0.0206387004639091061	0.00582558369968573693	0.00695186629691258538	0.143952537745121704	0.272814014326130724	0.142796231202024731	0.368657070603307629	0.288248974524359486	0.365378717018216134
C:	0.449999743567212297	0.083123326099166832	0.392467524406890467	0.231835185516634228	0.0765998102785063885	0.126386998810399487	0.169583679211966348	0.00897471799699160394	0.0141739644056403851	0.0012046998697161828	0.00180668872581244086	0.139138220461457453	0.00206305029504637878	0.0697297294606618047	0.971822180234436112	0.505485327141235661	0.301245321796000132	0.122706545293401182	0.063002666214368339	0.213020121913047413	0.224745107312238815	0.148164459345999983
G:	0.243901004165995598	0.445398836717330082	0.160226501327743721	0.337580505811295696	0.375829396146500858	0.24088413087967116	0.621303346566635782	0.971822180234436112	0.0697297294606618047	0.00206305029504637878	0.139138220461457453	0.00180668872581244086	0.0012046998697161828	0.0141739644056403851	0.00897471799699160394	0.302339066636388111	0.397181435749096126	0.180263411453178085	0.147249373877140367	0.235885042848960593	0.131897709718273054	0.3045826823905316
T:	0.209224015847516824	0.175507822699723768	0.276665158676609377	0.127801810063510663	0.250724198742668048	0.52870103638515747	0.0119954896016376659	0.00582558369968573693	0.0206387004639091061	0.0378357783747712039	0.858095947872628776	0.000959142940101330166	0.958896471460466235	0.895457605669788704	0.0133775180688865475	0.185223739925463643	0.157620704709782038	0.42421602892729001	0.646951728706466563	0.182437764634684365	0.355108208445128644	0.181874141245252283



2	GAATAT.C.A	0.499030672725476637


A:	0.181874141245252283	0.355108208445128644	0.182437764634684365	0.646951728706466563	0.42421602892729001	0.157620704709782038	0.185223739925463643	0.0112025058100858434	0.932070915697914254	0.982162105398605315	0.0017485031150991183	0.921880779152458345	0.0123215443679455475	0.0206387004639091061	0.00554672857788824665	0.0119954896016376659	0.52870103638515747	0.250724198742668048	0.127801810063510663	0.276665158676609377	0.175507822699723768	0.209224015847516824	0.110233995223554362
C:	0.3045826823905316	0.131897709718273054	0.235885042848960593	0.147249373877140367	0.180263411453178085	0.397181435749096126	0.302339066636388111	0.00692402365739775797	0.00738955127418568102	0.000819572482886596866	0.00156215146368964943	0.0735382263423249533	0.00239491405633142638	0.0697297294606618047	0.969385286746311435	0.621303346566635782	0.24088413087967116	0.375829396146500858	0.337580505811295696	0.160226501327743721	0.445398836717330082	0.243901004165995598	0.031755606434007905
G:	0.148164459345999983	0.224745107312238815	0.213020121913047413	0.063002666214368339	0.122706545293401182	0.301245321796000132	0.505485327141235661	0.972409898228991822	0.0497193308713266401	0.00392701672175420763	0.0714759355149699377	0.00249141331480141644	0.00138051974053939118	0.0141739644056403851	0.0115857772249458008	0.169583679211966348	0.126386998810399487	0.0765998102785063885	0.231835185516634228	0.392467524406890467	0.083123326099166832	0.449999743567212297	0.789264755145924226
T:	0.365378717018216134	0.288248974524359486	0.368657070603307629	0.142796231202024731	0.272814014326130724	0.143952537745121704	0.00695186629691258538	0.0094635723035245771	0.0108202021565734247	0.0130913053967538809	0.925213409906241295	0.00208958119041528577	0.983903021835183635	0.895457605669788704	0.013482207450854518	0.197117484619760203	0.104027833924771883	0.296846594832324706	0.302782498608559413	0.170640815588756435	0.295970014483779318	0.0968752364192752805	0.068745643196513508



3	GAATAT.CC	0.498935027411468366


A:	0.181874141245252283	0.355108208445128644	0.182437764634684365	0.646951728706466563	0.42421602892729001	0.157620704709782038	0.185223739925463643	0.014825059976622573	0.933441679681770464	0.971409652522825531	0.00139188390009975713	0.956983459682291049	0.0188795048855541533	0.0206387004639091061	0.00385238990881158017	0.0119954896016376659	0.52870103638515747	0.250724198742668048	0.127801810063510663	0.276665158676609377	0.175507822699723768	0.209224015847516824	0.110233995223554362
C:	0.3045826823905316	0.131897709718273054	0.235885042848960593	0.147249373877140367	0.180263411453178085	0.397181435749096126	0.302339066636388111	0.00431610701029017128	0.00979310750985874753	0.000402142842415065992	0.000694256058019317438	0.0402335766759392024	0.00127855603767368479	0.0697297294606618047	0.981703267657300107	0.621303346566635782	0.24088413087967116	0.375829396146500858	0.337580505811295696	0.160226501327743721	0.445398836717330082	0.243901004165995598	0.031755606434007905
G:	0.148164459345999983	0.224745107312238815	0.213020121913047413	0.063002666214368339	0.122706545293401182	0.301245321796000132	0.505485327141235661	0.977564439919277934	0.0351544288241573403	0.00138468115927187458	0.110164206693433734	0.00173492302077213301	0.000725480957336244555	0.0141739644056403851	0.00459783257893475382	0.169583679211966348	0.126386998810399487	0.0765998102785063885	0.231835185516634228	0.392467524406890467	0.083123326099166832	0.449999743567212297	0.789264755145924226
T:	0.365378717018216134	0.288248974524359486	0.368657070603307629	0.142796231202024731	0.272814014326130724	0.143952537745121704	0.00695186629691258538	0.00329439309380932189	0.0216107839842134485	0.0268035234754875279	0.887749653348447191	0.0010480406209976159	0.979116458119435917	0.895457605669788704	0.00984650985495355947	0.197117484619760203	0.104027833924771883	0.296846594832324706	0.302782498608559413	0.170640815588756435	0.295970014483779318	0.0968752364192752805	0.068745643196513508



4	G.ATATTCC	0.498817726082876476


A:	0.0968752364192752805	0.295970014483779318	0.170640815588756435	0.302782498608559413	0.296846594832324706	0.104027833924771883	0.197117484619760203	0.0119475870041116282	0.895457605669788704	0.957526968652279526	0.00109634117104635191	0.948048306633350189	0.0203453773729227531	0.0814793041847179292	0.0053682373133591231	0.00695186629691258538	0.143952537745121704	0.272814014326130724	0.142796231202024731	0.368657070603307629	0.288248974524359486	0.365378717018216134	0.214882790859424403
C:	0.449999743567212297	0.083123326099166832	0.392467524406890467	0.231835185516634228	0.0765998102785063885	0.126386998810399487	0.169583679211966348	0.0178015281400456437	0.0141739644056403851	0.000639098596151678711	0.00106542660890939129	0.0497602496049819052	0.00189185044875285496	0.0137163256583877899	0.977796262920676101	0.505485327141235661	0.301245321796000132	0.122706545293401182	0.063002666214368339	0.213020121913047413	0.224745107312238815	0.148164459345999983	0.0631755356094635224
G:	0.243901004165995598	0.445398836717330082	0.160226501327743721	0.337580505811295696	0.375829396146500858	0.24088413087967116	0.621303346566635782	0.959904700760041692	0.0697297294606618047	0.00109431085040056052	0.201297939069583086	0.000876952963757974112	0.000424969951010545374	0.0171381515232240963	0.00235374163591341918	0.302339066636388111	0.397181435749096126	0.180263411453178085	0.147249373877140367	0.235885042848960593	0.131897709718273054	0.3045826823905316	0.54354446772959932
T:	0.209224015847516824	0.175507822699723768	0.276665158676609377	0.127801810063510663	0.250724198742668048	0.52870103638515747	0.0119954896016376659	0.0103461840958010364	0.0206387004639091061	0.0407396219011682347	0.796540293150461171	0.00131449079790993171	0.977337802227313847	0.887666218633670185	0.014481758130051357	0.185223739925463643	0.157620704709782038	0.42421602892729001	0.646951728706466563	0.182437764634684365	0.355108208445128644	0.181874141245252283	0.178397205801512755



5	CGAATAT.C	0.498505951498987504


A:	0.178397205801512755	0.181874141245252283	0.355108208445128644	0.182437764634684365	0.646951728706466563	0.42421602892729001	0.157620704709782038	0.185223739925463643	0.0113087069400769067	0.932405273050467235	0.986506686630999191	0.0016847067650529871	0.849370252931427096	0.0142478613282504248	0.0206387004639091061	0.00732769370814161876	0.0119954896016376659	0.52870103638515747	0.250724198742668048	0.127801810063510663	0.276665158676609377	0.175507822699723768	0.209224015847516824
C:	0.54354446772959932	0.3045826823905316	0.131897709718273054	0.235885042848960593	0.147249373877140367	0.180263411453178085	0.397181435749096126	0.302339066636388111	0.0052067993793727399	0.00829340029615132093	0.000960772229219889504	0.00105914119810566079	0.147904866407030002	0.00220065398662860911	0.0697297294606618047	0.968762474552581282	0.621303346566635782	0.24088413087967116	0.375829396146500858	0.337580505811295696	0.160226501327743721	0.445398836717330082	0.243901004165995598
G:	0.0631755356094635224	0.148164459345999983	0.224745107312238815	0.213020121913047413	0.063002666214368339	0.122706545293401182	0.301245321796000132	0.505485327141235661	0.980778291011152002	0.0504929593001868862	0.00243294250585351877	0.0809288310054009584	0.00177586335988994309	0.00114471558650781529	0.0141739644056403851	0.00538539183887590947	0.169583679211966348	0.126386998810399487	0.0765998102785063885	0.231835185516634228	0.392467524406890467	0.083123326099166832	0.449999743567212297
T:	0.214882790859424403	0.365378717018216134	0.288248974524359486	0.368657070603307629	0.142796231202024731	0.272814014326130724	0.143952537745121704	0.00695186629691258538	0.00270620266939835106	0.00880836735319455835	0.010099598633927401	0.916327321031440394	0.000949017301652958564	0.982406769098613151	0.895457605669788704	0.0185244399004011895	0.197117484619760203	0.104027833924771883	0.296846594832324706	0.302782498608559413	0.170640815588756435	0.295970014483779318	0.0968752364192752805



