1	A..CGTATCT	0.496206845458586457


A:	0.0599438180760038268	0.32258813970993102	0.197431034829801027	0.149938943038773379	0.1576652501452007	0.0902699163673086154	0.636041710047864624	0.289243139441864378	0.0221059656989863916	0.0305346765205954497	0.0481429920034201386	0.213959390786058671	0.990532730884285298	0.00148158249305987394	0.00663154098637453647	0.0148546630783132348	0.24145680314739013	0.0687005452655995589	0.326794435689635607	0.156056376169455257	0.299437047017785398	0.29907258684876821	0.500409785151469674
C:	0.423260022227065489	0.335968857423802796	0.209962530804751855	0.113658874540120094	0.170569474456214112	0.314958891634682132	0.027256254287483604	0.0835989007150411701	0.411275024062903579	0.962490781425209527	0.00166506980393640085	0.00149500054080125216	0.000928082196996783473	0.00538578886032496576	0.986126649416179815	0.0351193300864471244	0.121657556132108139	0.239367645065055778	0.210284582026182431	0.212476459870732294	0.361165966004222664	0.140043904658462231	0.15079583227031173
G:	0.402935968861510588	0.14163573625565593	0.354183685868369146	0.370940538517048103	0.101205143417711232	0.519067742037186018	0.191502441265434658	0.121972820543340055	0.471159629882179821	0.00368027782928529388	0.948392258989383212	0.0420004672626213993	0.00390045181006026462	0.00222249463647177093	0.00173722903705484536	0.0216221509730268317	0.0905750594921876793	0.595824117948809419	0.263836646187592054	0.144177710055821947	0.161657809235421334	0.103371335962456428	0.253482418062930681
T:	0.113860190835420096	0.199807266610610254	0.238422748497077972	0.365461643904058425	0.570560131980873956	0.0757034499608232347	0.145199594399217114	0.505185139299754397	0.0954593803559302085	0.00329426422490972912	0.00179967920326024803	0.742545141410518677	0.00463873510865765388	0.990910134010143389	0.00550458056039080358	0.928403855862212809	0.546310581228314051	0.0961076917205352444	0.199084336096589908	0.487289453903990501	0.177739177742570605	0.457512172530313131	0.0953119645152879146



2	C.AGATACG	0.494971477255889761


A:	0.283346369518951882	0.049344088284205261	0.0953119645152879146	0.457512172530313131	0.177739177742570605	0.487289453903990502	0.199084336096589908	0.0961076917205352444	0.546310581228314051	0.941064241426522027	0.00915345714258082475	0.984151191578530593	0.00503630425614593749	0.715766705796184672	0.00188730793064359282	0.00960223745155520733	0.0954593803559302085	0.505185139299754397	0.145199594399217114	0.0757034499608232347	0.570560131980873956	0.365461643904058425	0.238422748497077972
C:	0.355120134548376595	0.25231001407315533	0.253482418062930681	0.103371335962456428	0.161657809235421334	0.144177710055821947	0.263836646187592054	0.595824117948809419	0.0905750594921876793	0.00629709296249070736	0.000802220001301931087	0.0012509169846608027	0.00478207799483173965	0.0491034152505570149	0.908101580455801976	0.00362929438348177755	0.471159629882179821	0.121972820543340055	0.191502441265434658	0.519067742037186018	0.101205143417711232	0.370940538517048103	0.354183685868369146
G:	0.175192276392473824	0.240099538391902084	0.150795832270311731	0.140043904658462231	0.361165966004222664	0.212476459870732294	0.210284582026182431	0.239367645065055778	0.121657556132108139	0.0293162795777877767	0.971911719882351745	0.0116756366907783118	0.00213774432468094185	0.00156202873508670549	0.0021470015016413126	0.96880957123980959	0.411275024062903579	0.0835989007150411702	0.027256254287483604	0.314958891634682132	0.170569474456214112	0.113658874540120094	0.209962530804751855
T:	0.186341219540197699	0.458246359250737325	0.500409785151469674	0.29907258684876821	0.299437047017785398	0.156056376169455257	0.326794435689635607	0.0687005452655995589	0.24145680314739013	0.0233223860331994893	0.0181326029737654994	0.00292225474603029307	0.988043873424341381	0.233567850218171607	0.0878641101119131188	0.017958896925153425	0.0221059656989863916	0.289243139441864378	0.636041710047864624	0.0902699163673086154	0.1576652501452007	0.149938943038773379	0.197431034829801027



3	AGATACGG	0.494569733454974403


A:	0.0953119645152879146	0.457512172530313131	0.177739177742570605	0.487289453903990502	0.199084336096589908	0.0961076917205352444	0.546310581228314051	0.901840425411223756	0.00330250526360265173	0.990288998237925409	0.00250611700030879608	0.500063825088444272	0.000947477269347696774	0.00689171875998633187	0.0954593803559302085	0.505185139299754397	0.145199594399217114	0.0757034499608232347	0.570560131980873956	0.365461643904058425	0.238422748497077972	0.199807266610610254
C:	0.253482418062930681	0.103371335962456428	0.161657809235421334	0.144177710055821947	0.263836646187592054	0.595824117948809419	0.0905750594921876793	0.0222815526721834916	0.0014371059741038307	0.00224677013192130435	0.0045956728574597126	0.0461032265731408799	0.940978147392503104	0.0045603843529431308	0.471159629882179821	0.121972820543340055	0.191502441265434658	0.519067742037186018	0.101205143417711232	0.370940538517048103	0.354183685868369146	0.14163573625565593
G:	0.150795832270311731	0.140043904658462231	0.361165966004222664	0.212476459870732294	0.210284582026182431	0.239367645065055778	0.121657556132108139	0.0460989616441985103	0.989187127330508697	0.00608771244368350329	0.00129911562787521357	0.00312823304625299086	0.0016039153986253544	0.952398481267809558	0.411275024062903579	0.0835989007150411702	0.027256254287483604	0.314958891634682132	0.170569474456214112	0.113658874540120094	0.209962530804751855	0.335968857423802796
T:	0.500409785151469674	0.29907258684876821	0.299437047017785398	0.156056376169455257	0.326794435689635607	0.0687005452655995589	0.24145680314739013	0.0297790602723942419	0.00607326143178482023	0.00137651918646978297	0.991599094514356278	0.450704715292161857	0.0564704599395238445	0.0361494156192609798	0.0221059656989863916	0.289243139441864378	0.636041710047864624	0.0902699163673086154	0.1576652501452007	0.149938943038773379	0.197431034829801027	0.32258813970993102



4	AGATTCGC	0.494480663802044747


A:	0.300363325658800361	0.0936581785833808174	0.256119770588991435	0.237946036094154277	0.49808340663763029	0.268246767628044287	0.49343081255264458	0.917460406281580223	0.00359279702064182622	0.992018677578241565	0.0424651820024555911	0.443898619166130974	0.000636420386859352805	0.0135581559364573489	0.0433316601473788264	0.0591906662448429632	0.475750544412790727	0.206687164305320123	0.215887128766446439	0.137163434175471354	0.0555614928207842758	0.72723063937503465
C:	0.242601387876908177	0.348263503523001795	0.284228887726632258	0.504995431594547645	0.0660110637455822778	0.181324896471655033	0.0607226586460854755	0.00496598837259148943	0.00071142763986859342	0.00151634561457317452	0.00112650149555190988	0.0820168930066747954	0.829994174809003668	0.0724892790340049726	0.548469420307571875	0.164812470910567243	0.139563097034703587	0.11528737308200129	0.334968491871547053	0.429278413542953188	0.433809599814966131	0.0447839894808562629
G:	0.117362935122181432	0.255917441548854121	0.164984876075435297	0.101604306888887757	0.157997054061018488	0.210312165097320312	0.266869020226737596	0.0633783291437693035	0.981707749352885185	0.00158066354303403176	0.000743236786905215513	0.000887548381057773414	0.00222607570732050263	0.812270394737069743	0.377531504480059605	0.0420336703941611352	0.203637911389332345	0.59722193001930911	0.220019473950380092	0.169151075947382992	0.127948941083021982	0.037684163508194513
T:	0.33967235134211003	0.302160876344763267	0.294666465608941011	0.155454225422410321	0.277908475555768944	0.340116170802980369	0.178977508574532349	0.0141952762020589839	0.0139880259866043956	0.00488431326415122828	0.955665079715087283	0.473196939446136457	0.167143329096816476	0.101682170292467936	0.0306674150649896932	0.733963192450428659	0.181048447163173341	0.0808035325933694766	0.229124905411626415	0.264407076334192466	0.382679966281227611	0.190301207635914574



5	AGATACGC	0.494203361759621112


A:	0.0953119645152879146	0.457512172530313131	0.177739177742570605	0.487289453903990502	0.199084336096589908	0.0961076917205352444	0.546310581228314051	0.90404319929223455	0.0128096068429571552	0.991726776623411668	0.00354978315470997319	0.443898619166130974	0.00215434020637937324	0.0129056405106174287	0.0954593803559302085	0.505185139299754397	0.145199594399217114	0.0757034499608232347	0.570560131980873956	0.365461643904058425	0.238422748497077972	0.199807266610610254
C:	0.253482418062930681	0.103371335962456428	0.161657809235421334	0.144177710055821947	0.263836646187592054	0.595824117948809419	0.0905750594921876793	0.00591188619150603054	0.000259455336036757751	0.00257141620596621214	0.00199956284657036733	0.0820168930066747954	0.950608323446504045	0.00197078444582583008	0.471159629882179821	0.121972820543340055	0.191502441265434658	0.519067742037186018	0.101205143417711232	0.370940538517048103	0.354183685868369146	0.14163573625565593
G:	0.150795832270311731	0.140043904658462231	0.361165966004222664	0.212476459870732294	0.210284582026182431	0.239367645065055778	0.121657556132108139	0.0651175109201644276	0.976000330419039678	0.00221519339180800587	0.0022602214907189289	0.000887548381057773414	0.000902145283570278576	0.952313417045675366	0.411275024062903579	0.0835989007150411702	0.027256254287483604	0.314958891634682132	0.170569474456214112	0.113658874540120094	0.209962530804751855	0.335968857423802796
T:	0.500409785151469674	0.29907258684876821	0.299437047017785398	0.156056376169455257	0.326794435689635607	0.0687005452655995589	0.24145680314739013	0.0249274035960949921	0.0109306074019664089	0.0034866137788141139	0.992190432508000731	0.473196939446136457	0.0463351910635463033	0.0328101579978813747	0.0221059656989863916	0.289243139441864378	0.636041710047864624	0.0902699163673086154	0.1576652501452007	0.149938943038773379	0.197431034829801027	0.32258813970993102



