1	AAGATACG	0.497037547151081993


A:	0.248813217821888359	0.147768032996206426	0.164153541189233786	0.233016946474661302	0.16956839846764523	0.464432928926566209	0.437676319996032076	0.820890621634602662	0.963824215996856818	0.0120799528936326383	0.988864720093060545	0.00396445605067834101	0.647350504439346081	0.00142858360711470919	0.00355934154509145943	0.166453152492562238	0.149710808253429475	0.231996492542279575	0.759440360403015786	0.0436019340602814892	0.250720672228122029	0.0748694598322822871
C:	0.161388820601215009	0.128338828440282059	0.274703995535406	0.249701342462749171	0.368890155951874266	0.103524057140898418	0.0658015893502610146	0.0187158179614471445	0.00288173453223571764	0.00101015783876620026	0.0025236903825662267	0.0030405323978351887	0.0207657581784666746	0.91830398806871285	0.00198885540831211237	0.526371085591830152	0.0662142212550866655	0.471365965757573777	0.030342291665005921	0.317199713955539887	0.0508641622625799777	0.338963419375806693
G:	0.17591025954437824	0.574917617829708435	0.105626900705466825	0.267580368599840356	0.247867433718640686	0.164284305726025569	0.298185405627771047	0.0423826203572834101	0.0225441952654707057	0.975867307014085266	0.00188950917016770712	0.00160197782393613221	0.00195807235621294529	0.00268743552307597296	0.957247837563108529	0.263336327613743402	0.077559070266288699	0.228474697112230524	0.00219751365536279853	0.560841199538548825	0.200123307988182997	0.197765936732922504
T:	0.413887702032518392	0.14897552073380308	0.45551556256989339	0.249701342462749171	0.213674011861839818	0.267758708206509804	0.198336685025935862	0.118010940046666784	0.0107498542054367586	0.011042582253515895	0.00672208035420552149	0.991393033727550338	0.329925665025974299	0.0775799928010964678	0.0372039654834878994	0.0438394343018642077	0.706515900225195161	0.0681628445879161235	0.208019834276615495	0.0783571524456297989	0.498291857521114996	0.388401184058988516



2	A.CG.ATCTT	0.496939619520264682


A:	0.167974349044866063	0.388401184058988516	0.498291857521114996	0.0783571524456297989	0.208019834276615495	0.0681628445879161235	0.706515900225195161	0.0438394343018642077	0.0519938695280276133	0.237898456709995191	0.329925665025974299	0.97756940637381118	0.02420224764285894	0.021853632114226153	0.00840950868795926205	0.081154824569667477	0.198336685025935862	0.267758708206509804	0.213674011861839818	0.249701342462749171	0.45551556256989339	0.14897552073380308	0.413887702032518392
C:	0.327522016051566019	0.197765936732922504	0.200123307988182997	0.560841199538548825	0.00219751365536279853	0.228474697112230524	0.077559070266288699	0.263336327613743402	0.907641487024811448	0.00564920526415346779	0.00195807235621294529	0.00441791643217454228	0.00299937026020133023	0.956207039146796061	0.0373034196174166951	0.071159071841110499	0.298185405627771047	0.164284305726025569	0.247867433718640686	0.267580368599840356	0.105626900705466825	0.574917617829708435	0.175910259544378239
G:	0.13050203930624803	0.338963419375806693	0.0508641622625799777	0.317199713955539887	0.030342291665005921	0.471365965757573777	0.0662142212550866655	0.526371085591830152	0.0209041820657933408	0.750005206427389501	0.0207657581784666746	0.00392055981977789147	0.00283742998333822402	0.00329502038001295735	0.0126502596408180745	0.0442282802298868057	0.0658015893502610146	0.103524057140898418	0.368890155951874266	0.249701342462749171	0.274703995535406	0.128338828440282059	0.161388820601215009
T:	0.374001595597319888	0.0748694598322822871	0.250720672228122029	0.0436019340602814892	0.759440360403015786	0.231996492542279575	0.149710808253429475	0.166453152492562238	0.0194604613813675983	0.00644713159846184072	0.647350504439346081	0.0140921173742363867	0.969960952113601506	0.0186443083589648283	0.941636812053805968	0.803457823359335218	0.437676319996032076	0.464432928926566209	0.16956839846764523	0.233016946474661302	0.164153541189233786	0.147768032996206426	0.248813217821888359



3	AAGAT.CGC	0.496680976723410591


A:	0.248813217821888359	0.147768032996206426	0.164153541189233786	0.233016946474661302	0.16956839846764523	0.464432928926566209	0.437676319996032076	0.740715628314490311	0.892152070095906242	0.0533940139141228842	0.966259165706978756	0.0475789865959401218	0.647350504439346081	0.00854031968674216937	0.0453452051806053002	0.166453152492562238	0.149710808253429475	0.231996492542279575	0.759440360403015786	0.0436019340602814892	0.250720672228122029	0.0748694598322822871	0.374001595597319888
C:	0.161388820601215009	0.128338828440282059	0.274703995535406	0.249701342462749171	0.368890155951874266	0.103524057140898418	0.0658015893502610146	0.0937898308011223546	0.0131287466548718503	0.00413967507551345557	0.0067630984566273451	0.00548601881638932162	0.0207657581784666746	0.70070727703643005	0.0310244420858224353	0.526371085591830152	0.0662142212550866655	0.471365965757573777	0.030342291665005921	0.317199713955539887	0.0508641622625799777	0.338963419375806693	0.13050203930624803
G:	0.17591025954437824	0.574917617829708435	0.105626900705466825	0.267580368599840356	0.247867433718640686	0.164284305726025569	0.298185405627771047	0.0658166416725133325	0.0679231525620719439	0.885583288273651398	0.00969160510209718769	0.00334438845533067232	0.00195807235621294529	0.0107903772291131577	0.745282365072271853	0.263336327613743402	0.077559070266288699	0.228474697112230524	0.00219751365536279853	0.560841199538548825	0.200123307988182997	0.197765936732922504	0.327522016051566019
T:	0.413887702032518392	0.14897552073380308	0.45551556256989339	0.249701342462749171	0.213674011861839818	0.267758708206509804	0.198336685025935862	0.0996778992118740018	0.0267960306871499637	0.0568830227367122623	0.0172861307342967115	0.943590606132339884	0.329925665025974299	0.279962026047714623	0.178347987661300411	0.0438394343018642077	0.706515900225195161	0.0681628445879161235	0.208019834276615495	0.0783571524456297989	0.498291857521114996	0.388401184058988516	0.167974349044866063



4	AAGATTCG	0.496058578285393967


A:	0.248813217821888359	0.147768032996206426	0.164153541189233786	0.233016946474661302	0.16956839846764523	0.464432928926566209	0.437676319996032076	0.787277921075871954	0.96080704667621196	0.00954774951466097081	0.984676849127275506	0.0289683733075760157	0.647350504439346081	0.0045771494231202854	0.0160679289159475509	0.166453152492562238	0.149710808253429475	0.231996492542279575	0.759440360403015786	0.0436019340602814892	0.250720672228122029	0.0748694598322822871
C:	0.161388820601215009	0.128338828440282059	0.274703995535406	0.249701342462749171	0.368890155951874266	0.103524057140898418	0.0658015893502610146	0.0206013262031527329	0.00587434851622844086	0.00304040417199445709	0.00362568477426339523	0.00305460045077291251	0.0207657581784666746	0.761428202332856946	0.0329608840796335048	0.526371085591830152	0.0662142212550866655	0.471365965757573777	0.030342291665005921	0.317199713955539887	0.0508641622625799777	0.338963419375806693
G:	0.17591025954437824	0.574917617829708435	0.105626900705466825	0.267580368599840356	0.247867433718640686	0.164284305726025569	0.298185405627771047	0.0484145178314451595	0.0132988059843476506	0.962750190693681625	0.00505742553217918788	0.00406060528138670849	0.00195807235621294529	0.00441165537443514348	0.755458194709625698	0.263336327613743402	0.077559070266288699	0.228474697112230524	0.00219751365536279853	0.560841199538548825	0.200123307988182997	0.197765936732922504
T:	0.413887702032518392	0.14897552073380308	0.45551556256989339	0.249701342462749171	0.213674011861839818	0.267758708206509804	0.198336685025935862	0.143706234889530153	0.0200197988232119481	0.0246616556196629466	0.00664004056628191076	0.963916420960264363	0.329925665025974299	0.229582992869587625	0.195512992294793246	0.0438394343018642077	0.706515900225195161	0.0681628445879161235	0.208019834276615495	0.0783571524456297989	0.498291857521114996	0.388401184058988516



5	A.AAGAT.CG	0.495201374758052509


A:	0.246245307068681528	0.248813217821888359	0.147768032996206426	0.164153541189233786	0.233016946474661302	0.16956839846764523	0.464432928926566209	0.437676319996032076	0.752909322667867304	0.866005235363618667	0.0499065066495189164	0.975160651177875119	0.013079286917898894	0.647350504439346081	0.0198892040723842653	0.0280571198332583037	0.166453152492562238	0.149710808253429475	0.231996492542279575	0.759440360403015786	0.0436019340602814892	0.250720672228122029	0.0748694598322822871
C:	0.184985877251748019	0.161388820601215009	0.128338828440282059	0.274703995535406	0.249701342462749171	0.368890155951874266	0.103524057140898418	0.0658015893502610146	0.0312360606774155251	0.0115193250198911315	0.00322136913408041796	0.00585196843815569974	0.00817780401934746901	0.0207657581784666746	0.845485780531261863	0.0464232472565820382	0.526371085591830152	0.0662142212550866655	0.471365965757573777	0.030342291665005921	0.317199713955539887	0.0508641622625799777	0.338963419375806693
G:	0.239803106376458902	0.17591025954437824	0.574917617829708435	0.105626900705466825	0.267580368599840356	0.247867433718640686	0.164284305726025569	0.298185405627771047	0.0943123924022074529	0.0763608508838345737	0.924154706917055986	0.00914481231939999842	0.0156031081386362461	0.00195807235621294529	0.0239665618352761978	0.768321678323025616	0.263336327613743402	0.077559070266288699	0.228474697112230524	0.00219751365536279853	0.560841199538548825	0.200123307988182997	0.197765936732922504
T:	0.328965709303111551	0.413887702032518392	0.14897552073380308	0.45551556256989339	0.249701342462749171	0.213674011861839818	0.267758708206509804	0.198336685025935862	0.121542224252509718	0.0461145887326556279	0.0227174172993446794	0.00984256806456918254	0.963139800924117391	0.329925665025974299	0.110658453561077674	0.157197954587134042	0.0438394343018642077	0.706515900225195161	0.0681628445879161235	0.208019834276615495	0.0783571524456297989	0.498291857521114996	0.388401184058988516



