1	AACCGGTT	0.477608255567076482


A:	0.232035186746806204	0.0780449753063886696	0.127141681830505659	0.273499920733005994	0.480374473430304148	0.267225775813086734	0.518485591378698785	0.589462893178320083	0.935093496730825956	0.0947739015704521332	0.0213603465161616663	0.0325569721484647853	0.0203660366743623656	0.0378504411603289578	0.258722037133262645	0.451177780630710265	0.249033180347830588	0.426412469422709217	0.373234534752837183	0.169837876143591454	0.499217024936555955	0.650976816246109079
C:	0.0869278961135860836	0.240470683347587927	0.358932072649275028	0.208599748118364112	0.171749412114866832	0.303920993011797857	0.105876245297629632	0.0299760701429451328	0.0114575122631399072	0.819536925499658351	0.925156994465611316	0.0209256868697622327	0.0653231362555271504	0.0155985498457051793	0.121838999545472139	0.0587396070535996099	0.204097395084908788	0.0773150769530867986	0.109620233835899829	0.160595757021974053	0.0325546014187442659	0.16601327443229013
G:	0.253739282950596298	0.155131312391450061	0.311759437793058464	0.0637486221295536072	0.130938029777529224	0.177742940507341481	0.14267353883636253	0.121838999545472139	0.0155985498457051793	0.0653231362555271504	0.0209256868697622327	0.925156994465611316	0.819536925499658351	0.0114575122631399072	0.0299760701429451328	0.0541024274357085091	0.277047037906784332	0.116391656761842557	0.222677489912759084	0.315528595558048491	0.283625788182158899	0.0809921386316888236
T:	0.427297634189011414	0.526353028954573342	0.202166807727160848	0.454151709019076287	0.216938084677299796	0.251110290667773927	0.232964624487309053	0.258722037133262645	0.0378504411603289578	0.0203660366743623656	0.0325569721484647853	0.0213603465161616663	0.0947739015704521332	0.935093496730825956	0.589462893178320083	0.435980184879981616	0.269822386660476292	0.379880796862361428	0.294467741498503904	0.354037771276386002	0.18460258546254088	0.102017770689911967



2	AA.ACCGGT	0.476420951628379523


A:	0.312213012142297549	0.576726321715696353	0.207920045185699169	0.268913785775052029	0.134831101022740328	0.241853286608104734	0.512656697410348589	0.647310892808138606	0.819654020482789045	0.404995443567157073	0.978563206874343488	0.00837332286191756895	0.0160104203580793701	0.00804771641397226184	0.0124126428458830857	0.012061851731982467	0.368899346516447723	0.222491402708545625	0.397579716192241082	0.173760308913381448	0.355322108712191632	0.284558845894795225	0.684036585140633809
C:	0.0436604005271592308	0.00642590298691090146	0.0538106312808201291	0.135926968597078392	0.297142241546039729	0.14948240363797273	0.191044075628800512	0.104203039519657975	0.0242589370422968197	0.100529820628666357	0.00241560003025612129	0.965377103307129506	0.963356952232999983	0.0100936518742527048	0.00802320946056058531	0.00631684189746626714	0.111956868642641044	0.226028251242906412	0.255026282089869542	0.280748248286068463	0.371012626148119945	0.209670023648153301	0.0733703736061813406
G:	0.021120446736562445	0.269828524358725289	0.163527397784980919	0.183159496512348174	0.21240987386150861	0.442967574614736754	0.0852150475356306089	0.0786722486630216146	0.034425403103758877	0.190892499428876368	0.011144881323151794	0.0120187676374321861	0.0117125119344645711	0.972405267556626094	0.944122865880765728	0.00518177440862806082	0.124077661637284194	0.327005165784757591	0.183720973637649364	0.294675888302403059	0.129197870735277261	0.358507719669262614	0.0991760712841183972
T:	0.623006140593980775	0.147019250938667457	0.574741925748499783	0.411999749115521405	0.355616783569711333	0.165696735139185782	0.21108417942522029	0.169813819009181805	0.121661639371155258	0.303582236375300202	0.0078763117722485965	0.014230806193520739	0.00892011547445607544	0.00945336415514893928	0.0354412818127906009	0.976439531961923205	0.395066123203627039	0.224475180263790372	0.163673028080240012	0.250815554498147029	0.144467394404411162	0.14726341078778886	0.143416969969066453



3	TACCGGTA	0.47520367352984743


A:	0.260324081289280251	0.07549702000264885	0.149952647584633587	0.210758561263827282	0.539432216810355948	0.232656823869995938	0.45807727279061709	0.243453202928581124	0.950818420681803809	0.0235367402986443434	0.0783406119289857098	0.0257360735392694271	0.0461717439792008953	0.0063914757648644169	0.653824148594343963	0.23902941767075597	0.198606810827679046	0.273315046243675029	0.452694144527437558	0.243071185392423658	0.248486558787745577	0.504075864353405949
C:	0.0500028899181591936	0.162551378424928312	0.0650422411996394801	0.0697910299722518717	0.211830440301081377	0.340436343245952667	0.0735364717683358069	0.0551183116807061429	0.00755407438085771179	0.901385089410005939	0.880351980183507382	0.0155713343482374808	0.0289064263121488223	0.0352360291724740622	0.0476043367963687704	0.382869905887334858	0.163079554172125221	0.0641110861950704509	0.19593492508948885	0.317616319984192912	0.133193374364355634	0.155776396423373523
G:	0.132911160666548859	0.284227237929446787	0.175457496577876699	0.287934910043369732	0.157366389323150633	0.0660451293366300603	0.189926604447920002	0.0476043367963687704	0.0352360291724740622	0.0289064263121488223	0.0155713343482374808	0.880351980183507382	0.901385089410005939	0.00755407438085771179	0.0551183116807061429	0.0400327227777441663	0.127776371311419849	0.244356486875365247	0.111276029785879976	0.131728755032473382	0.0475542829555133496	0.212161200404162813
T:	0.556761868126011696	0.477724363642976051	0.609547614637850234	0.431515498720551114	0.0913709535654120419	0.360861703547421335	0.278459650993127101	0.653824148594343963	0.0063914757648644169	0.0461717439792008953	0.0257360735392694271	0.0783406119289857098	0.0235367402986443434	0.950818420681803809	0.243453202928581124	0.338067953664165005	0.510537263688775885	0.418217380685889273	0.240094900597193616	0.307583739590910048	0.570765783892385439	0.127986538819057716



4	A.ACCGGT.G	0.471926680589264548


A:	0.576726321715696353	0.207920045185699169	0.268913785775052029	0.134831101022740328	0.241853286608104734	0.512656697410348589	0.647310892808138606	0.802002298037556109	0.404995443567157073	0.943422269946301155	0.0511859442678465363	0.0861671912123107793	0.0151724697403657841	0.0147304414069524719	0.0175912158437041197	0.368899346516447723	0.222491402708545625	0.397579716192241082	0.173760308913381448	0.355322108712191632	0.284558845894795225	0.684036585140633809	0.344929255667442003
C:	0.00642590298691090146	0.0538106312808201291	0.135926968597078392	0.297142241546039729	0.14948240363797273	0.191044075628800512	0.104203039519657975	0.072080811902223937	0.100529820628666357	0.00588487414891348768	0.864444123620264346	0.878918320186651233	0.00919739790479957341	0.0465065901866875597	0.0065047504530286835	0.111956868642641044	0.226028251242906412	0.255026282089869542	0.280748248286068463	0.371012626148119945	0.209670023648153301	0.0733703736061813406	0.12455214769994277
G:	0.269828524358725289	0.163527397784980919	0.183159496512348174	0.21240987386150861	0.442967574614736754	0.0852150475356306089	0.0786722486630216146	0.0626032821737439887	0.190892499428876368	0.0228443959199217217	0.0407476077115067447	0.0223929648718753838	0.94120517874623025	0.891849217345574738	0.00629918115346294678	0.124077661637284194	0.327005165784757591	0.183720973637649364	0.294675888302403059	0.129197870735277261	0.358507719669262614	0.0991760712841183972	0.148760723662053817
T:	0.147019250938667457	0.574741925748499783	0.411999749115521405	0.355616783569711333	0.165696735139185782	0.21108417942522029	0.169813819009181805	0.0633136078864759656	0.303582236375300202	0.0278484599848636354	0.0436223244003823729	0.0125215237291626037	0.0344249536086043923	0.0469137510607852306	0.96960485254980425	0.395066123203627039	0.224475180263790372	0.163673028080240012	0.250815554498147029	0.144467394404411162	0.14726341078778886	0.143416969969066453	0.38175787297056141



5	A.A.ACCGGT	0.464864254670655303


A:	0.312213012142297549	0.576726321715696353	0.207920045185699169	0.268913785775052029	0.134831101022740328	0.241853286608104734	0.512656697410348589	0.647310892808138606	0.523845883559028301	0.404995443567157073	0.964191278279491955	0.0137442574294030767	0.0690317601839355985	0.0123610204545676189	0.0168688741737004536	0.011073328250942882	0.368899346516447723	0.222491402708545625	0.397579716192241082	0.173760308913381448	0.355322108712191632	0.284558845894795225	0.684036585140633809
C:	0.0436604005271592308	0.00642590298691090146	0.0538106312808201291	0.135926968597078392	0.297142241546039729	0.14948240363797273	0.191044075628800512	0.104203039519657975	0.0538922443542585689	0.100529820628666357	0.015397035940700596	0.903035235771295852	0.900291647342952175	0.0112004813748246013	0.00999102182768463437	0.0159258743479801226	0.111956868642641044	0.226028251242906412	0.255026282089869542	0.280748248286068463	0.371012626148119945	0.209670023648153301	0.0733703736061813406
G:	0.021120446736562445	0.269828524358725289	0.163527397784980919	0.183159496512348174	0.21240987386150861	0.442967574614736754	0.0852150475356306089	0.0786722486630216146	0.0652041816737529676	0.190892499428876368	0.0124455152443015465	0.0597763007861812719	0.0235319351512485752	0.936208100540613749	0.929259464188120948	0.0101849938906158365	0.124077661637284194	0.327005165784757591	0.183720973637649364	0.294675888302403059	0.129197870735277261	0.358507719669262614	0.0991760712841183972
T:	0.623006140593980775	0.147019250938667457	0.574741925748499783	0.411999749115521405	0.355616783569711333	0.165696735139185782	0.21108417942522029	0.169813819009181805	0.357057690412960162	0.303582236375300202	0.00796617053550590281	0.0234442060131197999	0.00714465732186365125	0.0402303976299940303	0.0438806398104939643	0.962815803510461159	0.395066123203627039	0.224475180263790372	0.163673028080240012	0.250815554498147029	0.144467394404411162	0.14726341078778886	0.143416969969066453



