1	A.CGAATCT	0.496595174593766978


A:	0.0567741648301455269	0.396274782712497666	0.662734818628515778	0.143056778207833721	0.111961866598181029	0.0834488573111929341	0.304242376745003574	0.832256611460947736	0.0199731227268173288	0.125452394595020764	0.138583536876924404	0.818033698068882314	0.989911091000393576	0.00222885503489963566	0.00982936462078590139	0.0117399947542831217	0.185929983927202233	0.142256936351329997	0.587551000314818722	0.103378280734766824	0.26248428203838064	0.191737717652901094	0.422440935699020899
C:	0.118881664671686601	0.0349929163670705416	0.0743736932151016726	0.0756257847014985012	0.334332314927796688	0.606262326138996293	0.18398397127235569	0.0147690229159820287	0.279192351343736268	0.858599907008989686	0.00221226241520383864	0.00135369615189414392	0.00119930466633017838	0.00461836308143756336	0.986188938162875181	0.0108836148869655502	0.176028240978239822	0.193684144665969816	0.103000633599528125	0.138891408015168013	0.332244051288619126	0.447690100827036974	0.155762406230091837
G:	0.530830841501540553	0.0297409232913428903	0.191229090657537148	0.399838104264990757	0.319972160910490385	0.131858085342077516	0.114959255339600475	0.094233348204401911	0.648014292104061221	0.0078082502487586884	0.857784723878727199	0.053121605753629262	0.00121741862077976186	0.00113530636530638967	0.000835209024740729484	0.00442990071044639201	0.036194785603497837	0.359087585647005612	0.109238953415519718	0.651678501624410774	0.241815285307319961	0.300559524471689477	0.137028364318299247
T:	0.293513328996627319	0.538991377629088902	0.0716623974988454015	0.381479332825677021	0.233733657563531897	0.178430731207733257	0.396814396643040261	0.0587410174186683247	0.0528202338253851828	0.00813944814723086208	0.00141947682914455799	0.12749100002559428	0.00767218571249648343	0.992017475518356411	0.00314648819159818767	0.972946489648304936	0.601846989491060108	0.304971333335694575	0.200209412670133435	0.106051809625654389	0.163456381365680273	0.060012657048372455	0.284768293752588016



2	AGATTCGC	0.49550859386575789


A:	0.284768293752588016	0.060012657048372455	0.163456381365680273	0.106051809625654389	0.200209412670133435	0.304971333335694575	0.601846989491060108	0.944169778467948828	0.00429463585985198823	0.991145443415195942	0.0191505532189796103	0.448683230111911444	0.000774866833588869714	0.0157415476627658364	0.0528202338253851828	0.0587410174186683247	0.396814396643040261	0.178430731207733257	0.233733657563531897	0.381479332825677021	0.0716623974988454015	0.538991377629088902
C:	0.137028364318299247	0.300559524471689477	0.241815285307319961	0.651678501624410774	0.109238953415519718	0.359087585647005612	0.036194785603497837	0.00367799656803274175	0.000876662312423061536	0.00117379159927012517	0.00164723955870670318	0.0509665308560512159	0.884423176529248329	0.0371467204375331789	0.648014292104061221	0.094233348204401911	0.114959255339600475	0.131858085342077516	0.319972160910490385	0.399838104264990757	0.191229090657537148	0.0297409232913428903
G:	0.155762406230091837	0.447690100827036974	0.332244051288619126	0.138891408015168013	0.103000633599528125	0.193684144665969816	0.176028240978239822	0.0458229788410366613	0.982510696505718867	0.00254642683971103207	0.000806231613781901499	0.000751070301184559611	0.0022234673836705512	0.773209940384774353	0.279192351343736268	0.0147690229159820287	0.18398397127235569	0.606262326138996293	0.334332314927796688	0.0756257847014985012	0.0743736932151016726	0.0349929163670705416
T:	0.422440935699020899	0.191737717652901094	0.26248428203838064	0.103378280734766824	0.587551000314818722	0.142256936351329997	0.185929983927202233	0.00632924612298176907	0.0123180053220060831	0.0051343381458229004	0.978395975608531785	0.49959916873085278	0.11257848925349225	0.173901791514926631	0.0199731227268173288	0.832256611460947736	0.304242376745003574	0.0834488573111929341	0.111961866598181029	0.143056778207833721	0.662734818628515778	0.396274782712497666



3	AAGATTC.C	0.494937521608139477


A:	0.116868477964942851	0.143692562396582483	0.0365908075483922809	0.35753952289559639	0.105446418709291174	0.189265509476178163	0.447848358146615971	0.719978254003459011	0.97148703860960225	0.00299484514154445371	0.990155632445775517	0.0410634767798184847	0.157941412719486485	0.00220184767453791422	0.00945245438956722719	0.0688409073454257423	0.0955464334987953918	0.238914235111029691	0.576159645948576671	0.111642775487940268	0.257465376207371555	0.10607474182350427	0.422598934564576045
C:	0.257655678422660356	0.258782854229039012	0.206522584368340308	0.1618363296606758	0.363978149429461918	0.356296094155547234	0.115125215651831173	0.0743865877142409437	0.00872091413899187054	0.000870026068228696857	0.00355245040605150039	0.00119501468837392324	0.107170428126568205	0.816202061838021312	0.012757482391938014	0.652242487828121035	0.190108362678136744	0.284764249329927962	0.12148099070889128	0.62482524849557759	0.376461203254827505	0.275370587270745336	0.398303490272207754
G:	0.433035298542037604	0.459445984368449195	0.370033983396578574	0.143766640298899268	0.185518496140921579	0.239129952814131517	0.396686153518989159	0.0466372011820695544	0.0137968759882724845	0.961508920995824215	0.0025022750246712843	0.00115608486978532344	0.00104832654829829171	0.00991820554090331254	0.420513087779135339	0.252144017992053316	0.048128292983588264	0.099083898278833127	0.269411457979486038	0.133594822255789903	0.15549540577443909	0.342973066558766409	0.0208669328063300952
T:	0.192440545070359189	0.13807859900592931	0.386852624686688837	0.336857507144828541	0.345056935720325328	0.215308443554143085	0.0403402726825636968	0.158997957100230491	0.00599517126313339522	0.0346262077944026346	0.00378964212350169852	0.956585423662022269	0.733839832605647018	0.171677884946537461	0.557276975439359419	0.026772586834399907	0.666216910839479601	0.37723761728020922	0.0329479053630460111	0.129937153760692239	0.21057801476336185	0.275581604346983986	0.158230642356886106



4	AAGATTCT	0.494539314466340692


A:	0.116868477964942851	0.143692562396582483	0.0365908075483922809	0.35753952289559639	0.105446418709291174	0.189265509476178163	0.447848358146615971	0.755675961696123837	0.97339007075392892	0.00332593646851377546	0.990986575028046089	0.133108704983388263	0.0220335829664609266	0.00429024758965164814	0.00945245438956722719	0.0688409073454257423	0.0955464334987953918	0.238914235111029691	0.576159645948576671	0.111642775487940268	0.257465376207371555	0.10607474182350427
C:	0.257655678422660356	0.258782854229039012	0.206522584368340308	0.1618363296606758	0.363978149429461918	0.356296094155547234	0.115125215651831173	0.0348339998289484871	0.00486705779792793795	0.000632358362009216991	0.00381565386989478244	0.000769213834812973944	0.128074775673210946	0.927969927522755244	0.012757482391938014	0.652242487828121035	0.190108362678136744	0.284764249329927962	0.12148099070889128	0.62482524849557759	0.376461203254827505	0.275370587270745336
G:	0.433035298542037604	0.459445984368449195	0.370033983396578574	0.143766640298899268	0.185518496140921579	0.239129952814131517	0.396686153518989159	0.0179082536994079588	0.0143856592474944873	0.968617441042831861	0.00179456022365123797	0.00120791045703888708	0.00102270832661605765	0.00797649785781038688	0.420513087779135339	0.252144017992053316	0.048128292983588264	0.099083898278833127	0.269411457979486038	0.133594822255789903	0.15549540577443909	0.342973066558766409
T:	0.192440545070359189	0.13807859900592931	0.386852624686688837	0.336857507144828541	0.345056935720325328	0.215308443554143085	0.0403402726825636968	0.191581784775519717	0.00735721220064865454	0.0274242641266451462	0.00340321087840789046	0.864914170724759876	0.84886893303371207	0.0597633270297827208	0.557276975439359419	0.026772586834399907	0.666216910839479601	0.37723761728020922	0.0329479053630460111	0.129937153760692239	0.21057801476336185	0.275581604346983986



5	AAGAT.CGC	0.494236800513656344


A:	0.268710249972584551	0.460646758413913203	0.184400009248109185	0.368615679740361192	0.342830383507075336	0.379237116279272484	0.206270775965708425	0.617785547652943193	0.91924843410317485	0.0093064346711706993	0.979711367963634106	0.0105708988433785474	0.448683230111911444	0.00460948153326281767	0.0252901364437672546	0.0564777510356561229	0.271697011052980235	0.370688624364409817	0.260383051216296642	0.200900692904499907	0.258741675000530214	0.21797881380126626	0.34660368904945553
C:	0.132266478257709901	0.0417625851568350428	0.168439834987265833	0.0781059850556291442	0.230033207151710279	0.149997208983757333	0.319369012037738632	0.140057540080479645	0.0138202605917258584	0.00206359154843253146	0.00565843179635128064	0.00455225414752410255	0.0509665308560512159	0.855210712068517844	0.0484721409575342187	0.458850499763621086	0.103672556507104681	0.211691724024874229	0.170758722941139172	0.260124153560772461	0.490488293954272046	0.367838688020459604	0.0977449569525654586
G:	0.23638735957805329	0.267374209018276419	0.244053668755501725	0.145998916760113221	0.171918576611335468	0.229710695837557085	0.221521540659026157	0.100409601687716446	0.0509239967877996784	0.921772485586211338	0.00239115241298955035	0.00412342168235265403	0.000751070301184559611	0.00504807459284784776	0.705748716767008328	0.454784055018842338	0.0624518003451277617	0.145729251349395534	0.194032083631081149	0.25121569123115692	0.120105277151656371	0.144619617525778926	0.393571083053414541
T:	0.362635912191652258	0.230216447410975335	0.403106487009123257	0.407279418443896443	0.255217832729878917	0.241054978899413098	0.252838671337526786	0.141747310578860716	0.0160073085172996133	0.0668574881941854309	0.0122390478270250626	0.980753425326744696	0.49959916873085278	0.135131731805371491	0.220489005831690199	0.0298876941818804529	0.562178632094787323	0.271890400261320419	0.374826142211483037	0.287759462303570712	0.130664753893541369	0.26956288065249521	0.162080270944564471



