1	GAATATTC	0.499366055875283897


A:	0.218371327695977367	0.707642046268775721	0.193535580570084031	0.15963027094683654	0.0651552043226319128	0.26890031913127678	0.50955926373072722	0.0658035378209403155	0.914341129808390417	0.917353744336800792	0.00171048852727907666	0.921390495971593416	0.077879428743314013	0.039410800589033999	0.0139035568532069723	0.0172377874050655771	0.0694515633914677675	0.166390434107675313	0.341932304217702693	0.231195594336597435	0.100761063998771886	0.491780272758319164
C:	0.149604413840246173	0.19101653991556406	0.130876661233296952	0.251378867445630477	0.0461470170380262782	0.59727366341578044	0.162456464691048974	0.00464947906447470658	0.0282116234359545296	0.00123010100556828713	0.00962261111232204055	0.0672764043888054667	0.00353672591431690731	0.0180364461666210546	0.915643426261378006	0.592150053488482547	0.333141863721067556	0.320516636809016937	0.113760479768630206	0.202873159169519529	0.153800879785742214	0.228147766956561105
G:	0.110721910735510941	0.0446944522653034997	0.0394775198615440448	0.457705904718070606	0.700437030857270079	0.0927743166436701315	0.295729509229107264	0.915643426261378006	0.0180364461666210546	0.00353672591431690731	0.0672764043888054667	0.00962261111232204055	0.00123010100556828713	0.0282116234359545296	0.00464947906447470658	0.145141937202141322	0.231257496313446681	0.410933959700939065	0.524210835199706974	0.506361142615790239	0.336882991402623049	0.221167519061318363
T:	0.52130234772826552	0.0566469615503567193	0.636110238335074972	0.131284956889462378	0.18826074778207173	0.0410517008092726489	0.0322547623491165409	0.0139035568532069723	0.039410800589033999	0.077879428743314013	0.921390495971593416	0.00171048852727907666	0.917353744336800792	0.914341129808390417	0.0658035378209403155	0.245470221904310553	0.366149076574017996	0.102158969382368685	0.0200963808139601272	0.0595701038780927973	0.40855506481286285	0.058904441223801368



2	G.ATATTCC	0.497303422833225801


A:	0.218371327695977367	0.707642046268775721	0.193535580570084031	0.15963027094683654	0.0651552043226319128	0.26890031913127678	0.50955926373072722	0.10565191626472952	0.914341129808390417	0.968549887712147552	0.00134614037643019722	0.966683436657993282	0.0124917160676796548	0.0374833131222317598	0.00587461314127762206	0.0172377874050655771	0.0694515633914677675	0.166390434107675313	0.341932304217702693	0.231195594336597435	0.100761063998771886	0.491780272758319164	0.141324816490030187
C:	0.149604413840246173	0.19101653991556406	0.130876661233296952	0.251378867445630477	0.0461470170380262782	0.59727366341578044	0.162456464691048974	0.0321939365697607635	0.0282116234359545296	0.0019109841988977295	0.00537534248628013652	0.0234823314979886657	0.0023303756675375199	0.00762921661976073022	0.968182439110306793	0.592150053488482547	0.333141863721067556	0.320516636809016937	0.113760479768630206	0.202873159169519529	0.153800879785742214	0.228147766956561105	0.0717586934622088314
G:	0.110721910735510941	0.0446944522653034997	0.0394775198615440448	0.457705904718070606	0.700437030857270079	0.0927743166436701315	0.295729509229107264	0.829762453355084481	0.0180364461666210546	0.00342380555234147252	0.101559821693300906	0.00819803870985285902	0.00180739716429233709	0.0265519750855873223	0.00465225469646144641	0.145141937202141322	0.231257496313446681	0.410933959700939065	0.524210835199706974	0.506361142615790239	0.336882991402623049	0.221167519061318363	0.67926089345376793
T:	0.52130234772826552	0.0566469615503567193	0.636110238335074972	0.131284956889462378	0.18826074778207173	0.0410517008092726489	0.0322547623491165409	0.0323916938104252352	0.039410800589033999	0.0261153225366132456	0.89171869544398876	0.00163619313416519302	0.983370511100490488	0.928335495172420188	0.0212906930519541381	0.245470221904310553	0.366149076574017996	0.102158969382368685	0.0200963808139601272	0.0595701038780927973	0.40855506481286285	0.058904441223801368	0.107655596593993052



3	C.G.ATATTC	0.497210347589981355


A:	0.078862162418998107	0.218371327695977367	0.707642046268775721	0.193535580570084031	0.15963027094683654	0.0651552043226319128	0.26890031913127678	0.50955926373072722	0.0505744148412308163	0.914341129808390417	0.970440799646983811	0.00186928195315830996	0.965261351559170243	0.0169523494102118692	0.0664750432028476191	0.00854975031937218445	0.0172377874050655771	0.0694515633914677675	0.166390434107675313	0.341932304217702693	0.231195594336597435	0.100761063998771886	0.491780272758319164
C:	0.772453921552481456	0.149604413840246173	0.19101653991556406	0.130876661233296952	0.251378867445630477	0.0461470170380262782	0.59727366341578044	0.162456464691048974	0.0202224160172790493	0.0282116234359545296	0.00195536123496458485	0.00686055613447149059	0.027286863705623577	0.00196536246184424584	0.00849234302863826367	0.969491493423312169	0.592150053488482547	0.333141863721067556	0.320516636809016937	0.113760479768630206	0.202873159169519529	0.153800879785742214	0.228147766956561105
G:	0.0778359611353559179	0.110721910735510941	0.0446944522653034997	0.0394775198615440448	0.457705904718070606	0.700437030857270079	0.0927743166436701315	0.295729509229107264	0.916395695366584383	0.0180364461666210546	0.00310313258199662586	0.0297910153903813968	0.00409783665003615442	0.00250471619145040743	0.0116112744434157977	0.00566327696621458678	0.145141937202141322	0.231257496313446681	0.410933959700939065	0.524210835199706974	0.506361142615790239	0.336882991402623049	0.221167519061318363
T:	0.0708479548931645188	0.52130234772826552	0.0566469615503567193	0.636110238335074972	0.131284956889462378	0.18826074778207173	0.0410517008092726489	0.0322547623491165409	0.0128074737749057511	0.039410800589033999	0.0245007065360549783	0.961479146521988803	0.00335394808517002596	0.978577571936493477	0.91342133932509832	0.0162954792911010601	0.245470221904310553	0.366149076574017996	0.102158969382368685	0.0200963808139601272	0.0595701038780927973	0.40855506481286285	0.058904441223801368



4	G.ATATTC.C	0.494891645988420182


A:	0.218371327695977367	0.707642046268775721	0.193535580570084031	0.15963027094683654	0.0651552043226319128	0.26890031913127678	0.50955926373072722	0.121888755992833568	0.914341129808390417	0.955472937793036061	0.00294154084984794319	0.953551420332256194	0.0314345684987394913	0.0352384432086866845	0.00993100699747740975	0.0172377874050655771	0.0694515633914677675	0.166390434107675313	0.341932304217702693	0.231195594336597435	0.100761063998771886	0.491780272758319164	0.141324816490030187
C:	0.149604413840246173	0.19101653991556406	0.130876661233296952	0.251378867445630477	0.0461470170380262782	0.59727366341578044	0.162456464691048974	0.0490925300557410418	0.0282116234359545296	0.00305586683354829026	0.00747667366480749086	0.0305383076714496207	0.006242201962642474	0.0175228126746907909	0.959736948833595639	0.592150053488482547	0.333141863721067556	0.320516636809016937	0.113760479768630206	0.202873159169519529	0.153800879785742214	0.228147766956561105	0.0717586934622088314
G:	0.110721910735510941	0.0446944522653034997	0.0394775198615440448	0.457705904718070606	0.700437030857270079	0.0927743166436701315	0.295729509229107264	0.799835053209253409	0.0180364461666210546	0.00616103829615983081	0.101945979752936054	0.0132120260988279756	0.00189487216838058619	0.0387926568630934156	0.0064673094775731929	0.145141937202141322	0.231257496313446681	0.410933959700939065	0.524210835199706974	0.506361142615790239	0.336882991402623049	0.221167519061318363	0.67926089345376793
T:	0.52130234772826552	0.0566469615503567193	0.636110238335074972	0.131284956889462378	0.18826074778207173	0.0410517008092726489	0.0322547623491165409	0.0291836607421719812	0.039410800589033999	0.0353101570772558182	0.887635805732408512	0.00269824589746620986	0.960428357370237448	0.908446087253529109	0.0238647346913537582	0.245470221904310553	0.366149076574017996	0.102158969382368685	0.0200963808139601272	0.0595701038780927973	0.40855506481286285	0.058904441223801368	0.107655596593993052



5	ATATTCC..G	0.494757804357536354


A:	0.171645830058281764	0.361394807818214751	0.367554136234229257	0.342501055814143295	0.0193265771097351245	0.764566527242842194	0.950690739514146975	0.00293867024352499503	0.956325247081546897	0.00400595997068895118	0.00722229131767953606	0.00645415591807834076	0.0155976425313961731	0.0653669568386903129	0.0465928047996553003	0.0505202665341450879	0.159879470036889084	0.366567327175500211	0.178581121252542436	0.267594862900149321	0.0956730858693188698	0.131681748427249107
C:	0.0159613730345099325	0.107413257808736365	0.429989039284712454	0.223909614414402927	0.105008978182572646	0.00981636355104829042	0.00357840987918703203	0.0100836524563538454	0.0320139139668730372	0.00780952366594788857	0.0062799740379932261	0.985832084819317848	0.655736224253509004	0.229388178491349559	0.501988094175974592	0.0557209900837649728	0.169987220394771943	0.1235429599964107	0.485785976895677153	0.0705615945339089022	0.367494594631810809	0.413895272586266019
G:	0.546007480949216851	0.212322487324108813	0.149075186035419616	0.411712718327165865	0.837742933090201155	0.0827001295274079277	0.00956468876178117613	0.154175381580552597	0.00935384645752755935	0.00227822593044753307	0.0173446253868598429	0.00384176882275775778	0.142946919955384357	0.382018183484903405	0.0962563105696146822	0.734006111031602022	0.561112062921722433	0.328991029179309805	0.185306951493576326	0.589075665268845717	0.0866603448071936325	0.0772714401182765027
T:	0.266385315957991452	0.318869447048940072	0.0533816384456386729	0.0218766114442879135	0.0379215116174910746	0.142916979678701588	0.0361661618448848167	0.832802295719568562	0.002306992494052507	0.985906290432915627	0.969153109257467395	0.00387199043984605295	0.185719213259710466	0.323226681185056723	0.355162790454755425	0.159752632350487917	0.109021246646616541	0.180898683648779284	0.150325950358204084	0.0727678772970960604	0.450171974691676689	0.377151538868208372



