1	AGATATCT	0.49011010714462055


A:	0.184357929108864995	0.188613496752819948	0.190260656121355698	0.402230260367784529	0.314542741047696324	0.259861321715476544	0.208376739259492311	0.849409004257160493	0.0167113175466450425	0.978702446284250089	0.0553557124153977996	0.933329540208252182	0.00367580999896345693	0.0210831964192170994	0.0352176916731566604	0.220541932361645882	0.401201502114565956	0.206552083296671199	0.154600220976212486	0.483122108972266061	0.187890691442837937	0.391141890436067829
C:	0.0963538570047572697	0.372231501874503194	0.45617966283591201	0.199120855970388669	0.135451004839000579	0.182089708093823529	0.388860633462636666	0.0946326997675927345	0.00652815653159157141	0.0113484458084095489	0.00197668181859599892	0.00933806555775402002	0.0062732979083769051	0.955677329502546287	0.0207406043020901125	0.278145922407571474	0.271976500556703372	0.219261362016187406	0.114015253011578853	0.0201906643955123145	0.114796913236033998	0.198548970478897973
G:	0.0435719297339630507	0.381047216740200547	0.081714834047598714	0.0895426656105989682	0.205243027236833806	0.241574740929236469	0.204750894551443165	0.0207406043020901125	0.955677329502546287	0.0062732979083769051	0.00933806555775402001	0.00197668181859599892	0.0113484458084095489	0.00652815653159157141	0.0946326997675927345	0.293811446818688088	0.211916181964131351	0.21491986355358069	0.270074991877596545	0.141701888943566845	0.656429010366541019	0.209198842440783354
T:	0.675716284152414684	0.0581077846324763117	0.271844846995133579	0.309106218051227833	0.344763226876469291	0.316474229261463458	0.198011732726427858	0.0352176916731566604	0.0210831964192170994	0.00367580999896345693	0.933329540208252181	0.0553557124153977996	0.978702446284250089	0.0167113175466450425	0.849409004257160493	0.207500698412094557	0.114905815364599321	0.359266691133560705	0.461309534134612116	0.354985337688654779	0.0408833849545870463	0.201110296644250844



2	C.AGATTTC	0.483463599545611696


A:	0.281836746262151474	0.200534337839460541	0.24624799909376709	0.0976336641724843307	0.371388879015721648	0.351129485649037067	0.241102573985830612	0.0660196567938685218	0.144527276115662433	0.927050029009680463	0.00536250599587291281	0.98269769699484197	0.0106628234687026482	0.147102071291308688	0.110354378190189285	0.00709740162620584875	0.180540714208740741	0.0459349518358054112	0.0890346649074120774	0.417490430989625713	0.264369078461825746	0.107051962440443424	0.226122366164711541
C:	0.104167458109902924	0.243954101030863551	0.178790055156604825	0.248100373409457642	0.105387159917012415	0.175592583567582331	0.236692133705493082	0.861875182527714334	0.226301097293817739	0.0269553415110396372	0.0116925559694554035	0.0106236585777201733	0.00309265779196587844	0.0276425670534887968	0.0272683486342455407	0.926797382040695702	0.0831108250170776913	0.372002489412058833	0.259000557128931432	0.263054561553999681	0.0748637065374698863	0.0455228770471618701	0.338188610873773194
G:	0.280232156676526814	0.321010269859734657	0.327887142133264291	0.088633844772303664	0.108309493887853228	0.191130800146891175	0.134301892507605081	0.0476115605809805041	0.417462640936212535	0.0393284960051984968	0.973828261610284682	0.00463017090462775227	0.0024391532284864297	0.00340517625447258874	0.0497435683842800739	0.0400314632568949501	0.722883868122329203	0.122726428358182642	0.0636446030609064472	0.173945498256818537	0.575265873363253521	0.0833932695495638213	0.168637612998424743
T:	0.333763638951418788	0.234501291269941252	0.247074803616363794	0.565632117645754364	0.414914467179412708	0.282147130636489428	0.387903399801071226	0.0244936000974366397	0.211708985654307293	0.00666613347408140326	0.00911667642438700127	0.00204847352281010445	0.983805365510845044	0.821850185400729927	0.8126337047912851	0.0260737530762034986	0.0134645926518523643	0.459336130393953114	0.588320174902750044	0.145509509199556069	0.0855013416374508473	0.764031890962830885	0.267051409963090522



3	C.AGATT.CG	0.481791541133665893


A:	0.255544896686315	0.134823764278834206	0.0594576969764523379	0.284647516175384359	0.457512867635545174	0.303064617775825348	0.036166290352115994	0.139976745434201067	0.875617595620362929	0.0107561601612146724	0.981238170096740662	0.0238594998810358096	0.0315598998609177138	0.451067937880752398	0.00841206288582617735	0.180540714208740741	0.203758580490908218	0.213261814952691775	0.138347425447144363	0.458621499303319767	0.306466368779426945	0.257750236598743485	0.426129194153872772
C:	0.436190551582593441	0.406633989986548932	0.318290347175792114	0.198356240321827943	0.0855541732023998318	0.191791186193047572	0.638481450423567872	0.220125560571760325	0.0290169048792753752	0.0159175075768617156	0.00649900022098677771	0.00845410719059937422	0.0460967381747521116	0.0188097386052934704	0.92195629711272394	0.0831108250170776913	0.0861822820495339318	0.14959147947948555	0.133889805938518676	0.129887689812152542	0.125749402834842438	0.121509695369367914	0.121102844022938344
G:	0.196777742497582442	0.330656327670562093	0.130500925417081865	0.217605544915152169	0.0684519739360253617	0.133960835311637165	0.161940642500946018	0.275630152225311064	0.0437292172099010277	0.959461476999841267	0.00366888661666313293	0.00255104399409845688	0.00837745798708656076	0.284083572743477112	0.0082101294647563844	0.722883868122329203	0.0753050740186037075	0.153451966534271961	0.163306666313878814	0.311017827356287641	0.277888609251063807	0.464532582666685512	0.195134396492883108
T:	0.111486809233509117	0.127885918064054769	0.491751030430673683	0.29939069858763553	0.388480985226029632	0.371183360719489915	0.163411616723370116	0.364267541768727543	0.0516362822904606686	0.0138648552620823452	0.00859394306560942699	0.965135348934266359	0.913965903977243614	0.246038750770477019	0.0614215105366934982	0.0134645926518523643	0.634754063440954143	0.483694739033550714	0.564456102300458147	0.10047298352824005	0.289895619134666811	0.156207485365203089	0.257633565330305777



4	AGATTACG	0.481008594290230169


A:	0.134823764278834206	0.0594576969764523379	0.284647516175384359	0.457512867635545174	0.303064617775825348	0.036166290352115994	0.139976745434201067	0.723796764751850575	0.0111314777497796034	0.978034555437863377	0.0331548824535913069	0.0253658576844763687	0.451067937880752398	0.00708803095579397538	0.486357406642790441	0.203758580490908218	0.213261814952691775	0.138347425447144363	0.458621499303319767	0.306466368779426945	0.257750236598743485	0.426129194153872772
C:	0.406633989986548932	0.318290347175792114	0.198356240321827943	0.0855541732023998318	0.191791186193047572	0.638481450423567872	0.220125560571760325	0.0231083526081868443	0.0079547685934851368	0.00784764278143651018	0.00562389609771771325	0.0348394534794901636	0.0188097386052934704	0.924415582092926725	0.0109486412747183091	0.0861822820495339318	0.14959147947948555	0.133889805938518676	0.129887689812152542	0.125749402834842438	0.121509695369367914	0.121102844022938344
G:	0.330656327670562093	0.130500925417081865	0.217605544915152169	0.0684519739360253617	0.133960835311637165	0.161940642500946018	0.275630152225311064	0.172262865101779598	0.942277009259490049	0.00863421355673882382	0.00736972665171423522	0.00403950261353241357	0.284083572743477112	0.00489889124325432414	0.491789832703033115	0.0753050740186037075	0.153451966534271961	0.163306666313878814	0.311017827356287641	0.277888609251063807	0.464532582666685512	0.195134396492883108
T:	0.127885918064054769	0.491751030430673683	0.29939069858763553	0.388480985226029632	0.371183360719489915	0.163411616723370116	0.364267541768727543	0.0808320175381829822	0.0386367443972452104	0.00548358822396128895	0.953851494796976745	0.935755186222501054	0.246038750770477019	0.0635974957080249754	0.0109041193794581354	0.634754063440954143	0.483694739033550714	0.564456102300458147	0.10047298352824005	0.289895619134666811	0.156207485365203089	0.257633565330305777



5	C.GATATC.G	0.479756085518194835


A:	0.179507075645030603	0.0565142978626302051	0.156526294661939804	0.23782896326671509	0.312072356368454148	0.259507969291141163	0.130835398625068571	0.483860221297703999	0.0332951541053954194	0.951959888142651352	0.0650207627284734974	0.910372007161504028	0.0206189025655242921	0.00959940850519469764	0.0821561104122240814	0.0272568247555493461	0.263700639064329152	0.394380426099257435	0.128235294354538433	0.233359200262293765	0.324285694872685856	0.767788558161442936	0.119516373228602438
C:	0.325182139896627931	0.270981941450110419	0.0698114814188576038	0.04657140668457453	0.320946880351776999	0.0893752904004694566	0.725569579905328553	0.330094574168225325	0.00484150387862708839	0.00857088125902806609	0.0157103905095735557	0.00889683960044891944	0.0188503280327962899	0.952263933510782795	0.438271740105754598	0.11633819671405353	0.272506874604532016	0.16009593088625173	0.338094325944621361	0.0393097432150740516	0.101127898514956974	0.0572475841003683725	0.202712262182604866
G:	0.112210617631343284	0.130097188516069061	0.153243460515740278	0.167508958509546545	0.102379012543061321	0.396193752834078776	0.11633819671405353	0.0858651548029367642	0.952263933510782795	0.0188503280327962899	0.00889683960044891944	0.0157103905095735557	0.00857088125902806608	0.00484150387862708839	0.0843878809522239332	0.725569579905328553	0.166247870027530829	0.180779224838444687	0.0957230477169641871	0.565351152011920037	0.34551059441344651	0.0985591645327099939	0.14350163037027415
T:	0.383100166826998182	0.542406572171190314	0.620418763403462314	0.548090671539163835	0.264601750736707533	0.254922987474310604	0.0272568247555493461	0.100180049731133911	0.00959940850519469764	0.0206189025655242921	0.910372007161504028	0.0650207627284734974	0.951959888142651352	0.0332951541053954194	0.395184268529797387	0.130835398625068571	0.297544616303608003	0.264744418176046147	0.437947331983876019	0.161979904510712146	0.22907581219891066	0.076404693205478698	0.534269734218518546



