1	A.CGTATCT	0.496231202541069036


A:	0.175796827371576826	0.162551591578231025	0.204201092157428026	0.204302167171253289	0.060389448479247918	0.520493892778357519	0.216736946388150649	0.702859648869807559	0.0176097634354522198	0.0716329826826884986	0.191650433527018222	0.647145239649056194	0.989101010144848864	0.00303502974030244317	0.0123899452583968105	0.0505686564718547486	0.240053466869952909	0.0744583589094309429	0.29835259809426424	0.331382896119795895	0.311521423651133247	0.157875881180144823	0.208697790942791269
C:	0.12645719064436936	0.0921219970574168817	0.134467279704169834	0.104631508631820557	0.827672661093616648	0.225659956245547626	0.0996706656931498134	0.0684338026547413906	0.331899078848220526	0.918725882423410383	0.00144149084775139224	0.000925262410077713103	0.00285360202016629552	0.0026361191401270404	0.974771270928932509	0.0636037649925502842	0.0521828637357597447	0.262294062687716933	0.141398898019054197	0.233842278511034135	0.0679161548169904723	0.0723108636282040108	0.303966407742675503
G:	0.524490524999035505	0.241838243233177411	0.542008473334714728	0.06695419692137315	0.0990784020694994596	0.0523840235055652937	0.19814870629054319	0.0806859283070396758	0.505130808931937073	0.00438098098503942133	0.805763745127185192	0.0654758268009180207	0.00286182460502587172	0.0023877908542467028	0.000559779905186299885	0.0190824161130672329	0.0379148569362548395	0.0826963567183674083	0.156971209885344604	0.334304012225581373	0.0322089464129104538	0.692070334004514666	0.361549742701725376
T:	0.173255456985018308	0.503488168131174681	0.119323154803687412	0.624112127275553004	0.012859488357635974	0.201462127470529562	0.485443681628156348	0.148020620168411375	0.145360348784390182	0.00526015390886169675	0.0011443304980451944	0.286453671139948072	0.00518356322995896872	0.991941060265323814	0.0122790039074843808	0.866745162422527734	0.669848812458032507	0.580551221684484715	0.40327729400133696	0.100470813143588597	0.588353475118965827	0.0777429211871365008	0.125786058612807852



2	AAGATACG	0.495629218781020449


A:	0.288586902587593273	0.125786058612807852	0.0777429211871365008	0.588353475118965827	0.100470813143588597	0.40327729400133696	0.580551221684484715	0.669848812458032507	0.935927318142679833	0.0104189279917758979	0.992644096113374449	0.00231778302727476851	0.458015281285910302	0.00162718756271709178	0.00266177952171220177	0.145360348784390182	0.148020620168411375	0.485443681628156348	0.201462127470529562	0.012859488357635974	0.624112127275553004	0.119323154803687412
C:	0.436651951498120198	0.361549742701725376	0.692070334004514666	0.0322089464129104538	0.334304012225581373	0.156971209885344604	0.0826963567183674083	0.0379148569362548395	0.00692961442574737426	0.000455745681451166452	0.00288562178804970985	0.00405568217602891884	0.0544973126902703936	0.873146367605397762	0.00608047304831545192	0.505130808931937073	0.0806859283070396758	0.19814870629054319	0.0523840235055652937	0.0990784020694994596	0.06695419692137315	0.542008473334714728
G:	0.0600477827547232346	0.303966407742675503	0.0723108636282040108	0.0679161548169904723	0.233842278511034135	0.141398898019054197	0.262294062687716933	0.0521828637357597447	0.0462925975841109106	0.972233582865196046	0.00164508182131813088	0.00179606652063573394	0.00122487925031207798	0.00117150311447336761	0.943429356958111627	0.331899078848220526	0.0684338026547413906	0.0996706656931498134	0.225659956245547626	0.827672661093616648	0.104631508631820557	0.134467279704169834
T:	0.214713363159563295	0.208697790942791269	0.157875881180144823	0.311521423651133247	0.331382896119795895	0.29835259809426424	0.0744583589094309429	0.240053466869952909	0.0108504698474618821	0.0168917434615768892	0.0028252002772577104	0.991830468276060579	0.486262526773507227	0.124054941717411778	0.0478283904718607191	0.0176097634354522198	0.702859648869807559	0.216736946388150649	0.520493892778357519	0.060389448479247918	0.204302167171253289	0.204201092157428026



3	AAGATTCG	0.495579768536360345


A:	0.313733828911930201	0.286687918463325907	0.223707859243208663	0.530486090726333486	0.173694673693677042	0.246361232250132749	0.424985503458391776	0.596674181773235537	0.97042883043152178	0.00570097893779255909	0.990828034644679775	0.0278347803726837724	0.458015281285910302	0.00180662767671803682	0.00739978477322582234	0.0477897433465156541	0.119638575374551871	0.235972186254405822	0.473978654209740618	0.0179545235771798559	0.238942411299232653	0.0540952521218407135
C:	0.156515024293254952	0.244909170405952256	0.116844518248618956	0.0223138518415565165	0.371404509506465786	0.180282296050164895	0.0906403313827251306	0.0149381449763693362	0.00546143573611625879	0.000487607805001275616	0.00413255965700605452	0.00109276604731814053	0.0544973126902703936	0.780976774271532182	0.023689055949266779	0.674021406600214777	0.025039272048429498	0.294274179518755458	0.13197105492555983	0.412126621771343851	0.0563282613718828884	0.435508357315155268
G:	0.0732222063773288066	0.316921145480143599	0.19768549788943609	0.0670126855474088537	0.247665890221535058	0.177330983107815982	0.367465204268283263	0.141343246172293681	0.0127236217343108468	0.968363838069658381	0.00272210579611263721	0.00157073510625677025	0.00122487925031207798	0.00249408973682852459	0.679628125244034039	0.251203898570943816	0.0823232705500646847	0.217055349412115287	0.213787017179609119	0.112614481876315518	0.636543163167817913	0.212750637801980598
T:	0.456528940417486041	0.151481765650578237	0.461762124618736291	0.380187371884701144	0.207234926578322114	0.396025488591886374	0.11690896089059983	0.247044427078101445	0.0113861120980511146	0.025447575187547784	0.00231729990220153371	0.969501718473741317	0.486262526773507227	0.214722508314921257	0.28928303403347336	0.026984951482325753	0.772998882026953947	0.252698284814723433	0.180263273685090433	0.457304372775160775	0.0681861641610665456	0.297645752761023421



4	A.CG.ATCTT	0.495523573200992556


A:	0.248921704175519169	0.189332722481210838	0.521116429051712541	0.244507359777599217	0.139753838084347216	0.323507083223131529	0.32432380411018083	0.733755985199873506	0.0652228502680746047	0.0761406004899544732	0.222776913653033139	0.647145239649056194	0.984158260932941679	0.00533558797897496837	0.0393184022898496552	0.0103923243530456981	0.129654247861321536	0.532810748602810762	0.162531092973682727	0.288108533227370549	0.216467383737652084	0.291714006615343386	0.164199075890425946
C:	0.178787499179665955	0.161097920037073373	0.116393700047143082	0.432211828353141901	0.671659157587712556	0.0644326679621607889	0.132904354921295068	0.0696029038497136491	0.20569582030590886	0.88492849949053965	0.00609896937451952777	0.000925262410077713103	0.00280969956962182509	0.00212282208227967733	0.947783343700661472	0.0372956128448021473	0.0872923287592479459	0.213442010158132956	0.329220422785931573	0.232407336459802863	0.131936530511623576	0.251713714127050272	0.19995646341536422
G:	0.193035490017223468	0.11260059217606509	0.245474471139336415	0.16634045635289713	0.156231335864840939	0.143288700216588813	0.345689729621851782	0.0663778166641520453	0.450685367494034867	0.0226779521253728103	0.76716742220596852	0.0654758268009180207	0.00329659004074206754	0.00330942859660960202	0.000717521152913743254	0.0142516022513905011	0.068876791861122076	0.0170901477340592705	0.0830930825213921941	0.379214256512996661	0.0522560328413542976	0.183782865302495383	0.486302659478686131
T:	0.379255306627591408	0.536968765305650699	0.117015399761807962	0.156940355516361751	0.0323556684630992877	0.46877154859811887	0.19708211134667232	0.130263294286260799	0.278395961931981668	0.0162529478941330663	0.00395669476647881363	0.286453671139948072	0.00973544945669442815	0.989232161342135752	0.0121807328565751293	0.938060460550761654	0.714176631518308443	0.236657093504997012	0.425155401718993506	0.100269873799829928	0.599340052909370043	0.272789413955110959	0.149541801215523703



5	AAGAT.CGC	0.495505360067497146


A:	0.27288025998064605	0.284775815859233116	0.115048640864350164	0.21904998648226069	0.149561015931697074	0.382813144524230902	0.522211973325984591	0.675160784015574041	0.91635541321543411	0.0155817115752830289	0.989350027760712079	0.0147723349088890624	0.458015281285910302	0.00368800611052764673	0.0243514785081693041	0.111698832239304351	0.130263294286260799	0.442923082864063217	0.841457901768998535	0.0343827099491271494	0.298860011510558511	0.109278773231836538	0.400584347177757379
C:	0.205103050727093482	0.0986206143260519855	0.0750088918591091197	0.248977776030029482	0.433518588889424125	0.196184305283567373	0.0934223939322042233	0.067668015439100889	0.00983063964007593963	0.000914189468151465455	0.00337211248876989825	0.00279103276334439436	0.0544973126902703936	0.768779950587124848	0.0368617770848305102	0.568957573520626507	0.0663778166641520453	0.351362255119537627	0.057187132058934467	0.221973764979042651	0.0551722907151132466	0.288662661307598405	0.218785174841115937
G:	0.0864472312247988663	0.540302512077675176	0.144005440292678713	0.282994461457680345	0.240585816000138026	0.151282827416399862	0.220214963200107763	0.124885630848225969	0.0585230709924123016	0.942310669351517899	0.00390574726174812469	0.00110100494524260914	0.00122487925031207798	0.00994904087826042444	0.779450414939907848	0.272941432222906751	0.0696029038497136491	0.156047958975597205	0.00144217951066475466	0.676290920956085072	0.29796053286804035	0.189172242473506077	0.225647047342601666
T:	0.435569458067461602	0.0763010577370397225	0.665937026983862003	0.248977776030029482	0.176334579178740775	0.269719722775801863	0.164150669541703423	0.132285569697099101	0.0152908761520776488	0.0411934296050476063	0.00337211248876989825	0.981335627382523934	0.486262526773507227	0.217583002424087081	0.159336329467092337	0.0464021620171623911	0.733755985199873506	0.0496667030408019512	0.0999127866614022432	0.0673526041157451272	0.348007164906287893	0.41288632298705898	0.154983430638525018



