1	GACCGGTC	0.475218297281206589


A:	0.0674484824945388589	0.594223847568075511	0.556624950387558072	0.230153938292426616	0.14539951435153416	0.193152994788083046	0.172255337784699803	0.0375055611119579022	0.974436701742765127	0.0145205003880768168	0.0114813006628285048	0.00588933192181451545	0.00503031169165855921	0.0029435039090348634	0.150407769342347428	0.0869792346420109345	0.309775894431577836	0.379296951487343058	0.229587403487383661	0.255159949261260586	0.284373085766974913	0.106677174138746027
C:	0.0507802372030936523	0.105014419566714679	0.26372407472045116	0.733190973448507585	0.0651806236507196036	0.129570325317789343	0.206467117534075581	0.0260485638805383578	0.00285466325234254114	0.974283304338329321	0.978833022473153896	0.00379634494220308381	0.00616588358193530302	0.0197651310958574687	0.786038105665156312	0.102701248412954443	0.418121548253845677	0.131647450248273364	0.143996074815741336	0.336840512758633532	0.103426496214597592	0.0875504837962996701
G:	0.776595241639438389	0.234754121600425869	0.0343588690236200654	0.0140892015373477377	0.482429769679129799	0.124230509981486801	0.106773191540175974	0.786038105665156312	0.0197651310958574687	0.00616588358193530302	0.00379634494220308381	0.978833022473153896	0.974283304338329321	0.00285466325234254114	0.0260485638805383578	0.263173506291224317	0.0846548327868312944	0.349915946002407327	0.0908553809813113859	0.0939409556359754724	0.281949859169939687	0.0902877789115854763
T:	0.1051760386629291	0.0660076112647839401	0.145292105868370702	0.0225658867217180618	0.306990092318616438	0.55304616991264081	0.514504353141048642	0.150407769342347428	0.0029435039090348634	0.00503031169165855921	0.00588933192181451545	0.0114813006628285048	0.0145205003880768168	0.974436701742765127	0.0375055611119579022	0.547146010653810306	0.187447724527745193	0.13913965226197625	0.535561140715563617	0.31405858234413041	0.330250558848487808	0.715484563153368826



2	ACCGGTA.A	0.468674003672638841


A:	0.168744394261881074	0.155469812168940983	0.641336611106590355	0.234854605961493846	0.222752710208874767	0.57662101169452286	0.123853332992103418	0.898938071288624832	0.0537738971755862195	0.0629754905788348957	0.058618453167345771	0.059299368542004001	0.0338749114008721582	0.524236522625273742	0.321543604772702411	0.65827472641853844	0.292830237293413434	0.324388029696288745	0.148050337383398671	0.0808181044276630249	0.120497076428909949	0.340945959289759982	0.210639754584834658
C:	0.11880072689829712	0.483190640931094112	0.084074541725364803	0.335231707696667228	0.133858077902335861	0.155684296594772763	0.0261486831612700371	0.0084289365483284584	0.839445615388638028	0.883704315827672787	0.0425315722434050694	0.0479294176275617979	0.0491288390234970327	0.338166859145891475	0.127819421618315247	0.122870777372329674	0.215509098680044745	0.406261215108314835	0.248059313212321808	0.132546001882826886	0.303204919903307808	0.0843372254826326843	0.13830492242396948
G:	0.51847749689835756	0.115840387670876547	0.183666003339376346	0.0694936433042503916	0.413172633617156329	0.190856755598666905	0.412583614012971573	0.0751792856670482439	0.0549265142559614878	0.0169378802981826915	0.868174989942778459	0.847223484055581406	0.0194532761250788045	0.067063472489673811	0.197065686365637603	0.0798264872518653483	0.340400332557236975	0.0317504656905605102	0.215048118543034363	0.149108070420984129	0.159399326269988663	0.28399217148549527	0.172964501279752134
T:	0.193977381941464246	0.245499159229088359	0.0909228438286684952	0.360420043037588534	0.230216578271633043	0.0768379361120374727	0.437414369833654971	0.0174537064959984661	0.051853973179814265	0.0363823132953096261	0.0306749846464707002	0.0455477297748527955	0.897542973450552005	0.0705331457391609715	0.353571287243344739	0.139028008957266538	0.151260331469304847	0.23760028950483591	0.388842230861245158	0.63752782326852596	0.41689867739779358	0.290724643742112064	0.478090821711443729



3	C.ACCGGTA	0.468177080748424239


A:	0.695448828759104542	0.665020063750641017	0.56916475215811555	0.454238726729198288	0.039901481572081133	0.369329083418390412	0.219138278838539878	0.457955560375093409	0.0741320739433519297	0.899212958681969354	0.0242912453409434066	0.0326459180126424184	0.0335620734195247153	0.100793235085929321	0.0188663753638054393	0.644769587906608555	0.376679231422617529	0.65827472641853844	0.298320478404271204	0.129811438651678889	0.136014035115251951	0.473828708659053	0.159128961243258337
C:	0.139881951820961369	0.14981731896734121	0.101457971346719754	0.148643893568853184	0.0659378678692348561	0.181939162848948476	0.0440607189750014881	0.449733786970117856	0.0303417596089214053	0.0140669346128219084	0.901147299416986432	0.904631660404631983	0.0455767675048179893	0.0218251732795490248	0.0805288744050391806	0.269262324808162695	0.0652857619246258715	0.122870777372329674	0.281957253146051511	0.41283453207225247	0.0345911373107355398	0.0580463185191895948	0.506545494150834204
G:	0.0308516337492363009	0.0570230559014818289	0.192933238148748396	0.127900914224025954	0.556200590891012158	0.202213493707184128	0.196812002245077665	0.0344586733207368931	0.259885959977093314	0.0725168702373604705	0.0332644527045968851	0.0117600138432108807	0.862430840149570899	0.830408143922097289	0.016362375897559657	0.0424285205554086326	0.276980342744243057	0.0798264872518653483	0.104088934522798246	0.0245398612491707203	0.212121695842328972	0.332008976463995945	0.150461850051365146
T:	0.133817585670697788	0.128139561380535944	0.1364440383464163	0.269216465477922573	0.337960059667671853	0.246518260025476983	0.53998899994138097	0.0578519793340518422	0.635640206470633351	0.0142032364678482666	0.0412970025374732764	0.0509624077395147181	0.0584303189260863959	0.0469734477124243653	0.884242374333595723	0.0435395667298201176	0.281054663908513543	0.139028008957266538	0.315633333926879039	0.432814168026897921	0.617273131731683538	0.136115996357761459	0.183863694554542313



4	TACCGGTA	0.466746874379837269


A:	0.665020063750641017	0.56916475215811555	0.454238726729198288	0.039901481572081133	0.369329083418390412	0.219138278838539878	0.457955560375093409	0.0741320739433519297	0.923617331193109731	0.0560726088174131632	0.0724703522656515952	0.0219645842084342324	0.0380857648567956744	0.0104838574203647139	0.635640206470633351	0.376679231422617529	0.65827472641853844	0.298320478404271204	0.129811438651678889	0.136014035115251951	0.473828708659053	0.159128961243258337
C:	0.14981731896734121	0.101457971346719754	0.148643893568853184	0.0659378678692348561	0.181939162848948476	0.0440607189750014881	0.449733786970117856	0.0303417596089214053	0.017265580167206795	0.871859018312116921	0.863391716945428833	0.0421733465804853394	0.0339826080136742417	0.0486332312193187602	0.259885959977093314	0.0652857619246258715	0.122870777372329674	0.281957253146051511	0.41283453207225247	0.0345911373107355398	0.0580463185191895948	0.506545494150834204
G:	0.0570230559014818289	0.192933238148748396	0.127900914224025954	0.556200590891012158	0.202213493707184128	0.196812002245077665	0.0344586733207368931	0.259885959977093314	0.0486332312193187602	0.0339826080136742417	0.0421733465804853394	0.863391716945428833	0.871859018312116921	0.017265580167206795	0.0303417596089214053	0.276980342744243057	0.0798264872518653483	0.104088934522798246	0.0245398612491707203	0.212121695842328972	0.332008976463995945	0.150461850051365146
T:	0.128139561380535944	0.1364440383464163	0.269216465477922573	0.337960059667671853	0.246518260025476983	0.53998899994138097	0.0578519793340518422	0.635640206470633351	0.0104838574203647139	0.0380857648567956744	0.0219645842084342324	0.0724703522656515952	0.0560726088174131632	0.923617331193109731	0.0741320739433519297	0.281054663908513543	0.139028008957266538	0.315633333926879039	0.432814168026897921	0.617273131731683538	0.136115996357761459	0.183863694554542313



5	ACCGGTC.C	0.464125723738626964


A:	0.594223847568075511	0.556624950387558072	0.230153938292426616	0.14539951435153416	0.193152994788083046	0.172255337784699803	0.0375055611119579022	0.949449728321608738	0.0374058985741610657	0.0507162437251174583	0.037617439608574399	0.0274429973527418792	0.0136422707566111542	0.192777266908276044	0.0869792346420109345	0.309775894431577836	0.379296951487343058	0.229587403487383661	0.255159949261260586	0.284373085766974913	0.106677174138746027	0.281506158916582255	0.230745829821983139
C:	0.105014419566714679	0.26372407472045116	0.733190973448507585	0.0651806236507196036	0.129570325317789343	0.206467117534075581	0.0260485638805383578	0.0129600867445007168	0.91898097839643342	0.921172681758196721	0.0344086882095529364	0.0466950848093364209	0.0316668508848091608	0.712319554014931512	0.102701248412954443	0.418121548253845677	0.131647450248273364	0.143996074815741336	0.336840512758633532	0.103426496214597592	0.0875504837962996701	0.218109146557806949	0.0376185840113054469
G:	0.234754121600425869	0.0343588690236200654	0.0140892015373477377	0.482429769679129799	0.124230509981486801	0.106773191540175974	0.786038105665156312	0.0273574738943386039	0.0195445285234269744	0.00680152770905349091	0.915466905671638224	0.871352007257957696	0.0216835902950875672	0.0104614363252843594	0.263173506291224317	0.0846548327868312944	0.349915946002407327	0.0908553809813113859	0.0939409556359754724	0.281949859169939687	0.0902877789115854763	0.137841295373234209	0.205999045577251561
T:	0.0660076112647839401	0.145292105868370702	0.0225658867217180618	0.306990092318616438	0.55304616991264081	0.514504353141048642	0.150407769342347428	0.0102327110395519411	0.0240685945059785402	0.0213095468076323295	0.0125069665102344405	0.0545099105799640036	0.933007288063492118	0.0844417427515080844	0.547146010653810306	0.187447724527745193	0.13913965226197625	0.535561140715563617	0.31405858234413041	0.330250558848487808	0.715484563153368826	0.362543399152376586	0.525636540589459852



