1	A.CCGTTAC	0.496700128414086037


A:	0.108859909484396101	0.163247539177506275	0.108899642107008379	0.343394683697122818	0.117146806157246855	0.35279506600641915	0.108811093480762162	0.517863954017493782	0.730690553685121674	0.265210891820367498	0.0420094516741034909	0.00586145586822147809	0.00635337709177590002	0.0461125402755589155	0.937120301616584253	0.015894694473683486	0.343771822747062986	0.425265018596437149	0.188655530849941816	0.643019956693969869	0.211548787863021022	0.13969565764423564	0.436512140479622062
C:	0.0809535256253442658	0.161084824060818813	0.414829685478346515	0.200079854270471143	0.223755621154608024	0.0610470598960417504	0.295148516376499207	0.0136559232318955706	0.00290893148877752073	0.531052854618608557	0.720094619915018316	0.00298285305133932225	0.00299799235129954781	0.00624111732052008161	0.00163675187258142578	0.712144252922213213	0.0708332159680127684	0.379472661552544978	0.118972338829193771	0.0923761044424370644	0.305100219789024204	0.340629919287363297	0.188758433004827654
G:	0.0415354657976319486	0.132353531035025703	0.365820696664898102	0.239214075249624453	0.394032624279688834	0.413925692341355389	0.18315171598071584	0.33183081513260798	0.13062322669106249	0.199471115201059679	0.233360778015026739	0.984575171762374931	0.00531547231737491736	0.00211763811751943806	0.0124967000672107361	0.00813696992263227284	0.322155272020942588	0.0822466075214272268	0.217541827951110501	0.0944473766679858149	0.198291566070719853	0.32658511251382724	0.158766456527552396
T:	0.768651099092627685	0.543314105726649209	0.110449975749747004	0.217311386782781586	0.265064948408456287	0.172232181756183711	0.412888674162022791	0.136649307618002667	0.135777288135038316	0.004265138359964266	0.00453515039585145449	0.00658051931806426829	0.985333158239549635	0.945528704286401565	0.0487462464436235847	0.263824082681471028	0.263239689263981657	0.113015712329590646	0.474830302369753913	0.170156562195607252	0.285059426277234921	0.193089310554573823	0.215962969987997889



2	ACCGTTAC	0.496582827085494147


A:	0.163247539177506275	0.108899642107008379	0.343394683697122818	0.117146806157246855	0.35279506600641915	0.108811093480762162	0.517863954017493782	0.730690553685121674	0.0733959924633249821	0.0284199846499506085	0.00592970527279884112	0.00309457093763014148	0.022788071862259881	0.969176478207558309	0.0187484055980142321	0.343771822747062986	0.425265018596437149	0.188655530849941816	0.643019956693969869	0.211548787863021022	0.13969565764423564	0.436512140479622062
C:	0.161084824060818813	0.414829685478346515	0.200079854270471143	0.223755621154608024	0.0610470598960417504	0.295148516376499207	0.0136559232318955706	0.00290893148877752073	0.805678782266128511	0.870047987453560196	0.00189433919709067199	0.00336386933602966532	0.00489983896639866377	0.00287713387262652633	0.911354672278263844	0.0708332159680127684	0.379472661552544978	0.118972338829193771	0.0923761044424370644	0.305100219789024204	0.340629919287363297	0.188758433004827654
G:	0.132353531035025703	0.365820696664898102	0.239214075249624453	0.394032624279688834	0.413925692341355389	0.18315171598071584	0.33183081513260798	0.13062322669106249	0.119420887360969469	0.0887028199475220633	0.981168190520631833	0.00482887115796452882	0.00275461254819139596	0.0058609568215224022	0.00808293734948465091	0.322155272020942588	0.0822466075214272268	0.217541827951110501	0.0944473766679858149	0.198291566070719853	0.32658511251382724	0.158766456527552396
T:	0.543314105726649209	0.110449975749747004	0.217311386782781586	0.265064948408456287	0.172232181756183711	0.412888674162022791	0.136649307618002667	0.135777288135038316	0.00150433790957703765	0.0128292079489671321	0.0110077650094786539	0.988712688568375664	0.969557476623150059	0.0220854310982927624	0.0618139847742372732	0.263239689263981657	0.113015712329590646	0.474830302369753913	0.170156562195607252	0.285059426277234921	0.193089310554573823	0.215962969987997889



3	GTAACGTA	0.496026992986268893


A:	0.46288824876695065	0.185370305076913187	0.229885967586015667	0.264192887627503239	0.193651860252565138	0.395097607138265868	0.149634123747251474	0.0901497491949345789	0.0516949160853195878	0.939910758265555247	0.981992928479292785	0.0151891074136905008	0.0107930718469392035	0.00442313690210516606	0.526413400832152884	0.309506694098158412	0.492639596044556278	0.570642979729708332	0.290916930300280526	0.286068066467141357	0.408226739007280504	0.181961352306444206
C:	0.22411679599059651	0.25846849991885166	0.0729019279338839885	0.182795144936646502	0.296796787877116246	0.133372297500165088	0.229725904878787232	0.0109881905028934052	0.0173363648690656301	0.00350880506083156156	0.00505248085397815474	0.976448753249042043	0.00437687388673152079	0.0353379872080205901	0.377338044379135937	0.294515446382796392	0.154746914701487326	0.132677702371937694	0.362605451629554989	0.354997805109508507	0.157090490220375128	0.467917594069445646
G:	0.179670292022404318	0.0298971581152470985	0.529587490899382577	0.0595859190282885936	0.0744216153989203263	0.164544819177878078	0.232205218409710002	0.857668581634662367	0.00291477742371013857	0.00233809720005163401	0.00913257418752269228	0.00228676461809781906	0.974364018618222269	0.318812930155161661	0.00862297892762722103	0.0218195062691638984	0.0862421974337045859	0.0863803785559859683	0.153069121494499309	0.198996737121852205	0.0983993546538249794	0.190972206024412861
T:	0.133324663220048522	0.526264036888988055	0.167624613580717767	0.493426048407561665	0.435129736471398289	0.306985276183690966	0.388434752964251293	0.0411934786675096487	0.928053941621904643	0.0542423394735615573	0.00382201647920636786	0.00607537471916963694	0.0104660356481070071	0.641425945734712583	0.0876255758610839586	0.374158353249881298	0.26637129182025181	0.210298939342368005	0.193408496575665177	0.15993739130149793	0.336283416118519388	0.159148847599697287



4	A..CGTTACA	0.495774065293623747


A:	0.121779956446937346	0.136138991771981867	0.304323143738338357	0.386746833066239065	0.33787522439591571	0.343374713361613562	0.323353630094717396	0.484202207981454232	0.225106518701304314	0.265210891820367498	0.0351765574281668946	0.0145968644910144333	0.00653293350168586729	0.0536377445925678843	0.826077682638704779	0.0788710780391592414	0.375953925822953967	0.825937444481047795	0.709778367149012405	0.456274338096859981	0.110537472712798507	0.615232155846176356	0.498472717278504433
C:	0.0728608978791525872	0.188871872431527224	0.311210463747084383	0.323097952079079155	0.172317977256553211	0.0560666710031478525	0.258258143797091608	0.0386910704057755884	0.0122158630165961576	0.531052854618608557	0.933959898692946332	0.00397060560577826221	0.00610946128820154564	0.00469472316145011957	0.00716881876858840463	0.723342800552231309	0.113082524107253545	0.082207840878755557	0.038162724177928811	0.165799888422801321	0.305427742887268354	0.101743692430572393	0.186705026538084904
G:	0.209956004359740411	0.135037853605589911	0.27977372150303137	0.198850097500374092	0.159577447718432707	0.322206101076106976	0.231538276288778173	0.346697326411905821	0.217662323374846503	0.199471115201059679	0.0161997534536924158	0.965854594837081372	0.0147538839979983146	0.00520202740301662967	0.013952514044416579	0.0207475269550335736	0.173385426925227792	0.0504840341879746918	0.137036748146505995	0.105689423952957808	0.169303028358851516	0.237453462611513368	0.146800267954244464
T:	0.595403141314169656	0.539951282190900998	0.104692671011545891	0.0913051173543076877	0.330229350629098372	0.27835251455913161	0.186849949819412823	0.130409395200864359	0.545015294907253026	0.004265138359964266	0.0146637904251943574	0.0155779350661259326	0.972603721212114272	0.936465504842965367	0.152800984548290238	0.177038594453575876	0.337578123144564695	0.0413706804522219563	0.115022160526552789	0.27223634952738089	0.414731756041081623	0.045570689111737883	0.168021988229166199



5	A.ACGTTAC	0.495542549513508174


A:	0.100449003274939632	0.159148847599697287	0.336283416118519388	0.15993739130149793	0.193408496575665177	0.210298939342368005	0.26637129182025181	0.374158353249881298	0.0876255758610839586	0.265210891820367498	0.0146277217648991469	0.00799223632767855291	0.00300266464881728002	0.089206080851378647	0.904931965182741813	0.0242401380560415399	0.388434752964251293	0.306985276183690966	0.435129736471398289	0.493426048407561665	0.167624613580717767	0.526264036888988055	0.133324663220048522
C:	0.134274779982344459	0.190972206024412861	0.0983993546538249794	0.198996737121852205	0.153069121494499309	0.0863803785559859683	0.0862421974337045859	0.0218195062691638984	0.00862297892762722103	0.531052854618608557	0.96585855991927386	0.00269969157162056779	0.0118538928599519676	0.00581027305968905991	0.00589410695770018707	0.869405911745036691	0.232205218409710002	0.164544819177878078	0.0744216153989203263	0.0595859190282885936	0.529587490899382577	0.0298971581152470985	0.179670292022404318
G:	0.35567849622879362	0.467917594069445646	0.157090490220375128	0.354997805109508507	0.362605451629554989	0.132677702371937694	0.154746914701487326	0.294515446382796392	0.377338044379135937	0.199471115201059679	0.00607571989460079516	0.971188953515794443	0.0154791252463859693	0.00216027501605478614	0.00720539171537168527	0.0154141828197833908	0.229725904878787232	0.133372297500165088	0.296796787877116246	0.182795144936646502	0.0729019279338839885	0.25846849991885166	0.22411679599059651
T:	0.409597720513922289	0.181961352306444206	0.408226739007280504	0.286068066467141357	0.290916930300280526	0.570642979729708332	0.492639596044556278	0.309506694098158412	0.526413400832152884	0.004265138359964266	0.0134379984212261977	0.0181191185849064361	0.969664317244844783	0.902823371072877507	0.0819685361441863145	0.090939767379138378	0.149634123747251474	0.395097607138265868	0.193651860252565138	0.264192887627503239	0.229885967586015667	0.185370305076913187	0.46288824876695065



