1	A..CGTATCT	0.484448724913979026


A:	0.0818841730644625934	0.27952237476454101	0.205703790900472566	0.12588660820495336	0.086082047282979194	0.151627627137859745	0.677329916876624495	0.326532917717930159	0.0408883429781086428	0.0253983009455284593	0.0585087229654378065	0.148918954114756129	0.958111255519555261	0.00581306148169322717	0.0132040633952009853	0.0549528918804404822	0.220852081553092499	0.133479060437193891	0.3471098845071964	0.217468879533936328	0.59289026301693004	0.425219519890573675	0.66347812817883604
C:	0.292135624244875509	0.167531609486553763	0.367637020042403113	0.142489800448636048	0.133732141556331588	0.282344604082556818	0.0441098875169475244	0.0573744632466832858	0.193992164235036966	0.931014997414855647	0.00651509758210865905	0.00299574568926473582	0.00459480440551190983	0.00525576351938985047	0.955916153329600384	0.00686825223520120404	0.0474125702956513482	0.240257137738645112	0.182637860257584306	0.216626775453488368	0.212152126633219095	0.0604927528349927977	0.0760953963286884039
G:	0.457331611328660129	0.122647264096913262	0.233609883641929803	0.25989572214515735	0.0959224262101511816	0.316499241272268825	0.0950486681617663581	0.0724905067325135335	0.688411077335152797	0.0109928112975404598	0.921421961777358969	0.0152989914645622773	0.0210111693285898326	0.00854392291661274966	0.0042666820683771977	0.0242430021065776157	0.0461578185911909914	0.415751853070934451	0.295841690334707668	0.112184887663295911	0.0912173383457889164	0.156645104211304668	0.121820479589835523
T:	0.168648591362001769	0.430298751651991965	0.193049305415194517	0.471727869201253243	0.684263384950538036	0.249528527507314612	0.183511527444661622	0.543602112302873022	0.076708415451701594	0.0325938903420754344	0.0135542176750945658	0.832786308731416858	0.0162827707463429971	0.980387252082304173	0.0266131012068214331	0.913935853777780698	0.685577529560065162	0.210511948753226546	0.174410564900511627	0.453719457349279393	0.103740272004061949	0.357642623063128859	0.138605995902640034



2	AGATACG.A	0.482744357188719316


A:	0.138605995902640034	0.357642623063128859	0.103740272004061949	0.453719457349279393	0.174410564900511627	0.210511948753226546	0.685577529560065162	0.925548442670640456	0.0213007940037888352	0.956647062587975437	0.0102380381549377842	0.835063878015704826	0.0124145513128537404	0.0679195964962231862	0.076708415451701594	0.543602112302873022	0.183511527444661622	0.249528527507314612	0.684263384950538036	0.471727869201253243	0.193049305415194517	0.430298751651991965	0.168648591362001769
C:	0.121820479589835523	0.156645104211304668	0.0912173383457889164	0.112184887663295911	0.295841690334707668	0.415751853070934451	0.0461578185911909914	0.0180298642078948017	0.00712527194380874524	0.0222284848190895562	0.0127631570514591691	0.0193869357802168022	0.959294293956684333	0.00868492216216438655	0.688411077335152797	0.0724905067325135335	0.0950486681617663581	0.316499241272268825	0.0959224262101511816	0.25989572214515735	0.233609883641929803	0.122647264096913262	0.457331611328660129
G:	0.0760953963286884039	0.0604927528349927977	0.212152126633219095	0.216626775453488368	0.182637860257584306	0.240257137738645112	0.0474125702956513482	0.0300689251782593235	0.956620189446864629	0.00622151384947780829	0.0023394620684649645	0.00830019162677344463	0.00911625457568072442	0.894925254303615542	0.193992164235036966	0.0573744632466832858	0.0441098875169475244	0.282344604082556818	0.133732141556331588	0.142489800448636048	0.367637020042403113	0.167531609486553763	0.292135624244875509
T:	0.66347812817883604	0.425219519890573675	0.59289026301693004	0.217468879533936328	0.3471098845071964	0.133479060437193891	0.220852081553092499	0.0263527679432054186	0.0149537446055377908	0.0149029387434571986	0.974659342725138082	0.137248994577304927	0.0191749001547812018	0.0284702270379968852	0.0408883429781086428	0.326532917717930159	0.677329916876624495	0.151627627137859745	0.086082047282979194	0.12588660820495336	0.205703790900472566	0.27952237476454101	0.0818841730644625934



3	AAGATCTT	0.482061916753073619


A:	0.257325833272771442	0.275168409199218531	0.0834853336291433018	0.103846768633852513	0.424779261410638807	0.263392808663902035	0.17742009600375932	0.816285465972799693	0.8642554902041283	0.0495991653752485119	0.982306959677297782	0.00713769528037410527	0.0782364206844427601	0.00670725964391952594	0.0768491123221638646	0.178354587708486464	0.111959425193435006	0.272500340827845604	0.658983121685127941	0.247685192898137476	0.306564115558770772	0.453004903756810422
C:	0.319593256414603197	0.208297548100722889	0.0713218687486608193	0.10069979939299565	0.235473135322692137	0.112820990604989494	0.162551625567026581	0.0359273307067057921	0.0167909214656224198	0.00793287351846287752	0.00553707034000021453	0.00501827470232789865	0.86423154042184585	0.112246328686329754	0.0709380909983306506	0.186808054544819572	0.0702135107001627319	0.164559191866281871	0.112447850354271911	0.065294214748415615	0.164266753254283985	0.0982798852952665226
G:	0.109992307420491862	0.213372638002685936	0.0425935188241949644	0.124832629658673647	0.0266169181738213315	0.210398644611052214	0.543811757515332963	0.0709380909983306506	0.112246328686329754	0.86423154042184585	0.00501827470232789865	0.00553707034000021453	0.00793287351846287752	0.0167909214656224198	0.0359273307067057921	0.194498257250044569	0.086573918510616293	0.0677238463785855992	0.10374065332613802	0.521741459128311202	0.140965248197170514	0.272314744715462462
T:	0.313088602892133499	0.303161404697372644	0.802599278798000914	0.670620802314478191	0.313130685092847724	0.413387556120056257	0.116216520913881136	0.0768491123221638646	0.00670725964391952594	0.0782364206844427601	0.00713769528037410527	0.982306959677297782	0.0495991653752485119	0.8642554902041283	0.816285465972799693	0.440339100496649394	0.731253145595785969	0.495216620927286926	0.124828374634462129	0.165279133225135706	0.388203882989774729	0.176400466232460594



4	AGATACGC	0.481883689509392297


A:	0.138605995902640034	0.357642623063128859	0.103740272004061949	0.453719457349279393	0.174410564900511627	0.210511948753226546	0.685577529560065162	0.93938301113340461	0.022389826661549564	0.975981675826415898	0.00655511807263226584	0.652664910012295022	0.0238307687114838425	0.0559792738119255376	0.076708415451701594	0.543602112302873022	0.183511527444661622	0.249528527507314612	0.684263384950538036	0.471727869201253243	0.193049305415194517	0.430298751651991965
C:	0.121820479589835523	0.156645104211304668	0.0912173383457889164	0.112184887663295911	0.295841690334707668	0.415751853070934451	0.0461578185911909914	0.00566304241995276668	0.00295187084353339187	0.00630666747476220535	0.00714086918320474357	0.0390414674004736384	0.950419355504060398	0.00362913025092673945	0.688411077335152797	0.0724905067325135335	0.0950486681617663581	0.316499241272268825	0.0959224262101511816	0.25989572214515735	0.233609883641929803	0.122647264096913262
G:	0.0760953963286884039	0.0604927528349927977	0.212152126633219095	0.216626775453488368	0.182637860257584306	0.240257137738645112	0.0474125702956513482	0.0159473506419768601	0.967202088519501895	0.00203333609812170133	0.00334534405369194071	0.00186585816190149059	0.00460327207516849758	0.912909162382804205	0.193992164235036966	0.0573744632466832858	0.0441098875169475244	0.282344604082556818	0.133732141556331588	0.142489800448636048	0.367637020042403113	0.167531609486553763
T:	0.66347812817883604	0.425219519890573675	0.59289026301693004	0.217468879533936328	0.3471098845071964	0.133479060437193891	0.220852081553092499	0.0390065958046657628	0.00745621397541514922	0.0156783206007001953	0.98295866869047105	0.306427764425329849	0.0211466037092872618	0.0274824335543435184	0.0408883429781086428	0.326532917717930159	0.677329916876624495	0.151627627137859745	0.086082047282979194	0.12588660820495336	0.205703790900472566	0.27952237476454101



5	AGATTCTG	0.479739825150647041


A:	0.300753510167923694	0.344390936459444649	0.449454517937812748	0.403766139638798024	0.333711061199054113	0.334121070271527886	0.725199001113843041	0.891736229561776932	0.0666630105892621433	0.948586293824293668	0.184095822760682221	0.0555600502765167402	0.0309185705048215591	0.0189091357180830201	0.164900765010588112	0.0768704646855483664	0.301907049732290291	0.045285583258939196	0.443386396817179153	0.445643047013257668	0.472744956324475491	0.168593352107390229
C:	0.301076109638849969	0.0880223227746890329	0.106881237914449074	0.276273366120766135	0.251433848095299429	0.459118398910548409	0.0576873349047431095	0.0231675255516420604	0.00908197560189600054	0.00880969623599785115	0.00526600974575709239	0.123667410271516094	0.704145481829321761	0.039244805215490786	0.161308034510768006	0.293923109293723694	0.256926674471150653	0.126688456725249604	0.255987155778491103	0.355612248938251252	0.185044941194756101	0.0592228623721168202
G:	0.147701299084203	0.333588743094355827	0.125719371002047199	0.263936689569421288	0.0576477762233628742	0.113882225927049792	0.0421867409281122029	0.0268259327576920497	0.876908754428194193	0.00689034490519203874	0.00418108806308364009	0.0101100956939793585	0.0277671451930137699	0.410845095460048085	0.56869110550467147	0.0540018938645939496	0.0964444588814472552	0.659981640995037002	0.0750456050431412516	0.0810138941650652266	0.275041972608722835	0.140552933448973297
T:	0.250469081109023337	0.233997997671510492	0.317944873145690979	0.056023804671014554	0.357207314482283584	0.0928783048908739135	0.174926923053301647	0.0582703121288889574	0.0473462593806476634	0.0357136650345164421	0.806457079430477047	0.810662443757987807	0.23716880247284291	0.531000963606378108	0.105100094973972412	0.57520453215613399	0.344721816915111801	0.168044319020774198	0.225580842361188493	0.117730809883425854	0.0671681298720455735	0.631630852071519654



