1	C.TTATCC.C	0.467328370554177006


A:	0.401879987392555141	0.240093147208510851	0.550534941548751417	0.0169198556708777215	0.195359532174931853	0.252680047468267285	0.463898941922625753	0.0540205501752560946	0.20951310359695162	0.0532600530573654058	0.0187469157648791422	0.969459368810125111	0.00994614902986928127	0.01935815296059579	0.0373269400929518416	0.422073075328938787	0.130951806340465622	0.132070503845206223	0.057276691007323103	0.0544816706317350048	0.0380761989845926189	0.0732412448132940472	0.243333612152906434
C:	0.113809813927572977	0.187961681627910406	0.172011866063575338	0.445705376192999343	0.653161678068447549	0.27342989637790952	0.190988278999000191	0.732243592757702803	0.16475164020979571	0.0371210681098409417	0.0119283089357323543	0.00469711201705140083	0.0147901584509745483	0.950973171569230216	0.828435972932422256	0.142999844567286469	0.517860686490688973	0.620669239845336105	0.909886395168749391	0.043297302935071571	0.444444028672395858	0.423148308504559102	0.333377091255917889
G:	0.41178960971535141	0.295352387124582883	0.0823587856977921463	0.0144969910877164768	0.0267575968154137052	0.205210972938594606	0.167384426496623683	0.0798223956366058489	0.5849078889194045	0.011068660905707593	0.0128912615356487347	0.0197554588448139602	0.00717565040838375644	0.0100312873422991783	0.0639129835993466413	0.208015636522232259	0.164429491084642059	0.071427566426363773	0.0118033441290166472	0.48697940405203382	0.0287834544424956556	0.149757992673110142	0.237828674185072631
T:	0.0725205889645204709	0.276592784038995861	0.195094406689881099	0.522877777048406459	0.124721192941206892	0.268679083215228589	0.177728352581750373	0.133913461430435254	0.0408273672738481711	0.898550217927086059	0.956433513763739769	0.00608806032800952808	0.968088042110772414	0.0196373881278748159	0.0703241033752792608	0.226911443581542486	0.186758016084203346	0.1758326898830939	0.0210335696949108591	0.415241622381159604	0.488696317900515867	0.353852454009036709	0.185460622406103046



2	CATTATCC	0.463112313266167055


A:	0.468295857730729083	0.534203401400093261	0.294389983492779684	0.00469194796365074401	0.165300656190224065	0.245187160026111417	0.4501084534904493	0.0573224890902561285	0.20951310359695162	0.112405126932567022	0.0793085963902787308	0.921358248191150073	0.0162225614720671683	0.126339292685676435	0.177575501898028203	0.365160217024073534	0.243998401488794902	0.382287369935842521	0.365579467272545034	0.233981175396383862	0.465428677840668264	0.334787233191187379
C:	0.320727910306485338	0.0289188142048001343	0.0607603165960725831	0.328629401009730439	0.603907610063727484	0.29996404271229186	0.143622809999254447	0.414481428408922779	0.16475164020979571	0.157927154358132842	0.0438257769635369398	0.0183220987492044793	0.0437523560436687908	0.814686914620895478	0.637772494044716741	0.139845646027774634	0.156559219594092578	0.255838778074057352	0.407497098216560296	0.14235589207036135	0.168858215269480643	0.245447427788877823
G:	0.147834111580662559	0.108271415442101571	0.504780585105068197	0.0185226785427652766	0.0380826082167438136	0.216578888733182953	0.256937554455969939	0.234240474278168304	0.5849078889194045	0.00613264305740089256	0.0765867898961833168	0.0292887782118016032	0.0250904740880455503	0.029355654775276894	0.0514325204853630297	0.218249895660773527	0.414816221399657808	0.0396926148569033677	0.0377800364297350601	0.0626564489147086297	0.143897283363278973	0.178648922297543324
T:	0.0631421203821230194	0.328606368953005033	0.140069114806079536	0.64815597248385354	0.192709125529304638	0.23826990852841377	0.149331182054326313	0.293955608222652788	0.0408273672738481711	0.723535075651899243	0.800278836750001013	0.0310308748478438447	0.914934608396218491	0.0296181379181511931	0.133219483571892027	0.276744241287378305	0.184626157517454712	0.32218123713319676	0.18914339808115961	0.561006483618546159	0.221815823526572121	0.241116416722391474



3	GGATAA.G.A	0.461202375634853673


A:	0.353852454009036709	0.488696317900515867	0.415241622381159604	0.0210335696949108591	0.1758326898830939	0.186758016084203346	0.226911443581542486	0.272172898323733295	0.0301787018437103067	0.918981316241076234	0.00556662257246311494	0.849131937347336767	0.742566878246357839	0.0408273672738481711	0.187626488243471797	0.177728352581750373	0.268679083215228588	0.124721192941206892	0.522877777048406459	0.195094406689881099	0.276592784038995861	0.0725205889645204709	0.599620684052532958
C:	0.149757992673110142	0.0287834544424956556	0.48697940405203382	0.0118033441290166472	0.0714275664263637731	0.164429491084642059	0.208015636522232259	0.121583665771468269	0.0323229482955832556	0.0305440377991561737	0.0501484918888912119	0.0474366021505139174	0.0416161035059052435	0.5849078889194045	0.212609764029054389	0.167384426496623683	0.205210972938594606	0.0267575968154137052	0.0144969910877164768	0.0823587856977921463	0.295352387124582883	0.41178960971535141	0.0314076908675141042
G:	0.423148308504559102	0.444444028672395858	0.043297302935071571	0.909886395168749391	0.620669239845336105	0.517860686490688973	0.142999844567286469	0.538509898418889503	0.883163696783031861	0.0314026303886823623	0.0100533824999817742	0.0379308450924166414	0.046095614755992828	0.16475164020979571	0.463513803338684045	0.190988278999000191	0.27342989637790952	0.653161678068447549	0.445705376192999343	0.172011866063575338	0.187961681627910406	0.113809813927572977	0.279233972447943626
T:	0.0732412448132940472	0.0380761989845926189	0.0544816706317350048	0.057276691007323103	0.132070503845206223	0.130951806340465622	0.422073075328938786	0.0677335374859089324	0.0543346530776745763	0.0190720155710852302	0.934231503038663899	0.0655006154097326737	0.16972140349174409	0.20951310359695162	0.136249944388789768	0.463898941922625753	0.252680047468267285	0.195359532174931853	0.0169198556708777215	0.550534941548751417	0.240093147208510851	0.401879987392555141	0.0897376526320093117



4	CTTATC.T.A	0.461159362747530895


A:	0.841003833755206061	0.868866897294217973	0.281830635001612331	0.113598096693853844	0.110098322089106455	0.0179201249484395206	0.107118722718520198	0.164038137053397429	0.032213732121731049	0.917863027082689047	0.0582366827027580919	0.0159425653219454049	0.0924395951145997796	0.0747508731256659337	0.168375957861921224	0.493070608550120426	0.126169015114496002	0.0753660775816685369	0.391553676995115272	0.410632072180961452	0.14217143779500209	0.40774741913418281
C:	0.0303014270340102514	0.0575921699207995909	0.129292531851735881	0.340935850117314964	0.0181163329226548414	0.416672172247409191	0.639007080197762355	0.101777481696529811	0.0166035101622889759	0.0104528663400119551	0.0356461719625435147	0.928406308154668528	0.543300226054303026	0.181241194790160654	0.401368618832718817	0.039009657990286294	0.0295846976069024046	0.172138081961434971	0.178293654190036613	0.173827919940647116	0.606482786770839851	0.394758334621004834
G:	0.0983933121767734366	0.0714931241599980067	0.106070070342224513	0.199059225659095867	0.776435198640914017	0.159154797841546842	0.166987719779500005	0.07392677672070233	0.0296435308821791	0.052561185276702572	0.0227885397733044657	0.0317300859555677013	0.0982320705630976677	0.368236188200126845	0.224582475599991925	0.0585773518341759868	0.171382383443490638	0.0351228615326546301	0.391756515314018428	0.134402211728709171	0.15441621397608256	0.0488175521650388527
T:	0.0303014270340102514	0.00204780862498442976	0.482806762804427276	0.346406827529735325	0.0953501463473246873	0.406252904962604446	0.0868864773042174426	0.660257604529370431	0.921539226833800875	0.0191229213005964258	0.883328605561393928	0.0239210405678183654	0.266028108267999527	0.375771743884046567	0.205672947705368033	0.409342381625417293	0.672863903835110956	0.717372978924241862	0.0383961535008296868	0.281137796149682262	0.0969295614580754998	0.148676694079773504



5	GTGGATAA	0.460891359372673582


A:	0.231788359536186211	0.172716886578823365	0.515510182260878737	0.0855021385433512039	0.63671862586343593	0.177866212604522112	0.316019165388994216	0.315632289770543969	0.142429996305073521	0.0638090705924599338	0.0279337888860576771	0.891042485658714475	0.0080078172096246046	0.804810127772517615	0.776795803724713548	0.0936477785209749935	0.308928514993679454	0.17580710104255716	0.0308709227969514327	0.0354984831742372165	0.76500554648009597	0.376952190943941371
C:	0.195991013016576238	0.29902521864741214	0.061749168562582173	0.127359008421248962	0.0821472720112701919	0.104192603111343636	0.0795710499064694333	0.0833669132755523158	0.208833191729163572	0.0390488061928490084	0.0218220861554850971	0.0220998776835720841	0.0575402285560027546	0.0600805201482825713	0.0376159301993638287	0.307665322936889951	0.0590347864780372092	0.0918671728799828816	0.540299873814763961	0.515100084807609556	0.0147131530460476546	0.150084132238117376
G:	0.143679939340575233	0.100805817137239216	0.154845889791695412	0.571956106269001114	0.165835647766660065	0.192889382492967472	0.277794625023815849	0.42953462386179014	0.0885718176670338368	0.859604510174495612	0.923339785528957307	0.0660462109010760151	0.0182487956880030955	0.0840297559772393744	0.102797561789082503	0.338853639544430065	0.464452526981225289	0.161397645072225624	0.182073014359098138	0.261044654339916401	0.172783242614509645	0.246689042396428765
T:	0.428540688106662318	0.427452077636525279	0.267894759384843678	0.215182746766398719	0.115298454358633813	0.52505180179116678	0.326615159680720502	0.171466173092113575	0.560164994298729071	0.0375376130401954456	0.0269043394294999183	0.020811425756637426	0.916203158546369545	0.0510795961019604389	0.0827907042868401206	0.259833258997704991	0.167584171547058047	0.570928081005234335	0.246756189029186468	0.188356777678236827	0.0474980578593467302	0.226274634421512488



