1	CACCTACC	0.498501786689165715


A:	0.495700883775532641	0.467895964233513265	0.00898035240596686903	0.0299361858444992739	0.249513146094428882	0.0343211951065967874	0.103078889427876588	0.00364598242263308901	0.977017683690484862	0.0341835211173403506	0.00125758642545307314	0.310939576663100809	0.987359411060165538	0.139476949674791164	0.00167021459615612203	0.305079848597439473	0.354903573403959678	0.278322597799533175	0.00546396685337990746	0.221591793847153121	0.420264215172140659	0.325431158467544813
C:	0.107463206127609039	0.168854166819449842	0.0175274125994866815	0.377831408667827735	0.185682144216482272	0.295659882802238133	0.398559235723360919	0.591243020323069808	0.000430182188220163757	0.962850951221146174	0.990152997783005336	0.00332083175793238751	0.000412713561180100753	0.858278853350023617	0.925917206373144299	0.224999792310767002	0.325857518728351088	0.574749634438993548	0.0962686912158237253	0.457643158593904742	0.257150762687548971	0.230799775994829583
G:	0.163148216509210963	0.270475320551206014	0.887866029445158207	0.0039230567274034717	0.209764076014025866	0.111233255507155127	0.080006349740191759	0.00127309155800568035	0.0159987129332215328	0.00224965419002620953	0.00141444476297139725	0.000585512197656696105	0.00705632506935741729	0.000415467353118636047	0.00157959776989982793	0.0980235300754492021	0.102112845331290591	0.0394749436753228631	0.790869724678624014	0.292145366847608355	0.215093152269970561	0.232520292817369104
T:	0.233687693587647357	0.0927745483958308786	0.0856262055493882426	0.58830934876026952	0.355040633675062979	0.558785666584009952	0.418355525108570734	0.403837905696291422	0.00655342118807344202	0.000715873471487265645	0.00717497102857019363	0.685154079381310108	0.0051715503092969445	0.00182872962206658306	0.0708329812607997516	0.371896829016344323	0.217126062536398643	0.107452824086150414	0.107397617252172353	0.028619680711333782	0.107491869870339809	0.211248772720256499



2	GGTAGGTA	0.497722621087944782


A:	0.211248772720256499	0.107491869870339809	0.028619680711333782	0.107397617252172353	0.107452824086150414	0.217126062536398643	0.371896829016344323	0.105525469464212769	0.0015484258523602784	0.00353434170541758701	0.724890335483804931	0.0163011927963787558	0.0011633228151937417	0.00228463705265112547	0.403837905696291422	0.418355525108570734	0.558785666584009952	0.355040633675062979	0.58830934876026952	0.0856262055493882426	0.0927745483958308786	0.233687693587647357
C:	0.232520292817369104	0.215093152269970561	0.292145366847608355	0.790869724678624014	0.0394749436753228631	0.102112845331290591	0.0980235300754492021	0.00295179850394474332	0.000855286652619385186	0.0102130302922961587	0.000926637297463410153	0.000445740533986492754	0.00115861480386562481	0.0145458392785433789	0.00127309155800568035	0.080006349740191759	0.111233255507155127	0.209764076014025866	0.0039230567274034717	0.887866029445158207	0.270475320551206014	0.163148216509210963
G:	0.230799775994829583	0.257150762687548971	0.457643158593904742	0.0962686912158237253	0.574749634438993548	0.325857518728351088	0.224999792310767002	0.890086887915431816	0.732080527507738649	0.000274282136895320633	0.00165969851842626397	0.982243998390428538	0.986036632227313521	0.000303582043373096145	0.591243020323069808	0.398559235723360919	0.295659882802238133	0.185682144216482272	0.377831408667827735	0.0175274125994866815	0.168854166819449842	0.107463206127609039
T:	0.325431158467544813	0.420264215172140659	0.221591793847153121	0.00546396685337990746	0.278322597799533175	0.354903573403959678	0.305079848597439473	0.00143584411641067198	0.265515759987281687	0.985978345865390934	0.272523328700305395	0.00100906827920621383	0.011641430153627112	0.9828659416254324	0.00364598242263308901	0.103078889427876588	0.0343211951065967874	0.249513146094428882	0.0299361858444992739	0.00898035240596686903	0.467895964233513265	0.495700883775532641



3	ACCTACC..C	0.497382004069680877


A:	0.467895964233513265	0.00898035240596686903	0.0299361858444992739	0.249513146094428882	0.0343211951065967874	0.103078889427876588	0.00364598242263308901	0.970293611056564493	0.0387615174614443924	0.0015076719587693406	0.0617316946480351524	0.979930747479940493	0.236141421323090116	0.00413554467309675874	0.305079848597439473	0.354903573403959678	0.278322597799533175	0.00546396685337990746	0.221591793847153121	0.420264215172140659	0.325431158467544813	0.0817655825050453906	0.178604792022455828
C:	0.168854166819449842	0.0175274125994866815	0.377831408667827735	0.185682144216482272	0.295659882802238133	0.398559235723360919	0.591243020323069808	0.00145178789774345576	0.954609806642531774	0.989717292804286335	0.00772325670661768084	0.000584163754030424682	0.759866301243711878	0.879295691894852325	0.224999792310767002	0.325857518728351088	0.574749634438993548	0.0962686912158237253	0.457643158593904742	0.257150762687548971	0.230799775994829583	0.418365562730047811	0.171908990637844154
G:	0.270475320551206014	0.887866029445158207	0.0039230567274034717	0.209764076014025866	0.111233255507155127	0.080006349740191759	0.00127309155800568035	0.0189260584319147954	0.00398028633546946236	0.00156230298133587409	0.000592663987270811513	0.0163775216902825902	0.00105122246062696657	0.00415276229774047782	0.0980235300754492021	0.102112845331290591	0.0394749436753228631	0.790869724678624014	0.292145366847608355	0.215093152269970561	0.232520292817369104	0.0842080946341804721	0.378684255710475314
T:	0.0927745483958308786	0.0856262055493882426	0.58830934876026952	0.355040633675062979	0.558785666584009952	0.418355525108570734	0.403837905696291422	0.00932854261377725626	0.00264838956055437112	0.00721273225560845066	0.929952384658076355	0.00310756707574649212	0.00294105497257103891	0.112416001134310438	0.371896829016344323	0.217126062536398643	0.107452824086150414	0.107397617252172353	0.028619680711333782	0.107491869870339809	0.211248772720256499	0.415660760130726326	0.270801961629224703



4	CCACC.ACC	0.497344781378728473


A:	0.0768661365898796299	0.250106115048342842	0.155394586513084976	0.235663947629306315	0.395879552964346331	0.241005558867022295	0.0714648425686863398	0.0582775050623124539	0.0165204300351521651	0.976866530184909708	0.331873540030656432	0.00117716879188649231	0.310939576663100809	0.988196718812591801	0.156118808449714887	0.00922368957724447677	0.229302537322781102	0.25343138008554241	0.316617012497866194	0.228928081992303623	0.420279644034446205	0.251175220697097898	0.177561466811353406
C:	0.319930336937082557	0.0789014181653937775	0.268339158611945325	0.0630283290977413688	0.233310047207451114	0.131987501235402292	0.311089832021712898	0.543198723567995313	0.486151184271063369	0.000785413546923155024	0.663367022423773661	0.987467817475252079	0.00332083175793238751	0.00143706964562621768	0.839313054213345785	0.783622172352424895	0.2939703958801945	0.275988722033149883	0.230608831931500702	0.228928081992303623	0.342677723797230297	0.278208822603094785	0.190678226970686562
G:	0.463417677518516373	0.332955135191857074	0.357987932845132054	0.570588106084333267	0.233310047207451114	0.2529071090717754	0.148343137056508345	0.0824825823915717434	0.00971745633978220624	0.0188521786078381983	0.00346100155611879281	0.00211706427066633668	0.000585512197656696105	0.00490170404727681668	0.00092106135563045341	0.0179191432791628542	0.187176346345432828	0.151427403139327153	0.111252058690178673	0.41623361408381825	0.11670804377272688	0.17782907375803223	0.314342102928907793
T:	0.139785848954521439	0.338037331594406307	0.218278322029837645	0.130719617188619048	0.137500352620751442	0.374099830825800013	0.469102188353092417	0.31604118897812049	0.48761092935400226	0.00349587766032893844	0.00129843598945111383	0.00923794946219509189	0.685154079381310108	0.00546450749450516468	0.00364707598130887463	0.189234994791167774	0.28955072045159157	0.319152494741980555	0.341522096880454432	0.125910221931574503	0.120334588395596618	0.292786882941775087	0.317418203289052238



5	GGTAGGT..A	0.497028388505633034


A:	0.211248772720256499	0.107491869870339809	0.028619680711333782	0.107397617252172353	0.107452824086150414	0.217126062536398643	0.371896829016344323	0.22401562699876401	0.00206909305149512408	0.00362828614082195567	0.745408064339180466	0.00761121977861138561	0.00128813232751616656	0.00417800561677049901	0.403837905696291422	0.418355525108570734	0.558785666584009952	0.355040633675062979	0.58830934876026952	0.0856262055493882426	0.0927745483958308786	0.233687693587647357	0.01940645130880114
C:	0.232520292817369104	0.215093152269970561	0.292145366847608355	0.790869724678624014	0.0394749436753228631	0.102112845331290591	0.0980235300754492021	0.00345973121595396707	0.000784742892011781459	0.0105110948033531477	0.00165146548197761875	0.00146869464370367191	0.00334815940531463255	0.00607584074733719623	0.00127309155800568035	0.080006349740191759	0.111233255507155127	0.209764076014025866	0.0039230567274034717	0.887866029445158207	0.270475320551206014	0.163148216509210963	0.520599093451066749
G:	0.230799775994829583	0.257150762687548971	0.457643158593904742	0.0962686912158237253	0.574749634438993548	0.325857518728351088	0.224999792310767002	0.76913775804215021	0.686803743753991489	0.000273763926585768028	0.00342543222348718924	0.989732079336606034	0.976924120331093706	0.00151675111043671258	0.591243020323069808	0.398559235723360919	0.295659882802238133	0.185682144216482272	0.377831408667827735	0.0175274125994866815	0.168854166819449842	0.107463206127609039	0.0210966157900167246
T:	0.325431158467544813	0.420264215172140659	0.221591793847153121	0.00546396685337990746	0.278322597799533175	0.354903573403959678	0.305079848597439473	0.00338688374313181285	0.310342420302501606	0.985586855129239129	0.249515037955354726	0.00118800624107890795	0.0184395879360754951	0.988229402525455592	0.00364598242263308901	0.103078889427876588	0.0343211951065967874	0.249513146094428882	0.0299361858444992739	0.00898035240596686903	0.467895964233513265	0.495700883775532641	0.438897839450115387



