1	GTTAGGTA	0.498545140956918801


A:	0.253993607851573041	0.0317188165478559242	0.00714044112743908472	0.0202873227020988669	0.334415062041055846	0.366527890923335132	0.425043587351379838	0.113547045907198762	0.00105845490566386946	0.0025972449349006445	0.922777290824520492	0.0058518826098594828	0.00215236770353371487	0.00176933204324351725	0.848704065590024221	0.356065119612567602	0.499243143208916351	0.167882276336801312	0.0552258535329523859	0.225691878798185443	0.0702415574904525469	0.22062761323783168
C:	0.346044088489721148	0.462950107417363976	0.0304007441136355174	0.0750081521441305591	0.0596125532277926761	0.0796066105453790689	0.107636107794395999	0.00111562344121042682	0.000739201179993836246	0.0171238597582188688	0.0526254475362045142	0.00113893628123604818	0.000485543638626061209	0.227432600792492609	0.0704947531450302024	0.109305706089082631	0.222679877015284125	0.0163219676971953705	0.00335806366072293136	0.22226640669698926	0.21948315114492565	0.380038595063839915
G:	0.227630994530946891	0.17317527607739479	0.0176002688122183469	0.030173677246473647	0.325979509779073505	0.297383969514766238	0.15940705647963558	0.870766509834710744	0.0992638629035487081	0.000388682470077626272	0.000844965129568425492	0.991092993092332116	0.971811274735993598	0.000609226856114971562	0.0525053199971310223	0.417943004880638284	0.189082308702944869	0.69306229242262452	0.853581513696589944	0.533122741178489217	0.660035212832454215	0.236286820009239741
T:	0.17233130912775892	0.332155799957385309	0.944858545946707051	0.874530847907296927	0.279992874952077973	0.256481529016519561	0.307913248374588582	0.0145708208168800677	0.898938481010793586	0.97989021283680286	0.0237522965097065687	0.00191618801657235253	0.0255508139218466263	0.770188840308148903	0.0282958612678145542	0.116686169417711483	0.0889946710728546554	0.122733463543378798	0.0878345691097347386	0.0189189733263360809	0.0502400785321675873	0.163046971689088664



2	A.GTTAGGT	0.498117152215990868


A:	0.177359138254171242	0.112253621744750271	0.253993607851573041	0.0317188165478559242	0.00714044112743908472	0.0202873227020988669	0.334415062041055846	0.366527890923335132	0.425043587351379838	0.213994625968800524	0.00294956552898507447	0.00823322418629546767	0.882342184857487948	0.00575034239822286205	0.00490906440077295833	0.00714713468927254407	0.848704065590024221	0.356065119612567602	0.499243143208916351	0.167882276336801312	0.0552258535329523859	0.225691878798185443	0.0702415574904525469
C:	0.244879344760551849	0.106583628224832746	0.346044088489721148	0.462950107417363976	0.0304007441136355174	0.0750081521441305591	0.0596125532277926761	0.0796066105453790689	0.107636107794395999	0.0031316084079313875	0.000999323190320006985	0.0126824847794119167	0.052212256159684123	0.00308219684634091341	0.00157558569275515609	0.366241355931055496	0.0704947531450302024	0.109305706089082631	0.222679877015284125	0.0163219676971953705	0.00335806366072293136	0.22226640669698926	0.21948315114492565
G:	0.383676275077288102	0.0424145805767640166	0.227630994530946891	0.17317527607739479	0.0176002688122183469	0.030173677246473647	0.325979509779073505	0.297383969514766238	0.15940705647963558	0.699400250863507207	0.109665632837295084	0.000563762594242918243	0.00675696433657230288	0.989397453872933407	0.968504900031182129	0.00210320674821503964	0.0525053199971310223	0.417943004880638284	0.189082308702944869	0.69306229242262452	0.853581513696589944	0.533122741178489217	0.660035212832454215
T:	0.194085241907988807	0.738748169453652966	0.17233130912775892	0.332155799957385309	0.944858545946707051	0.874530847907296927	0.279992874952077973	0.256481529016519561	0.307913248374588582	0.0834735147597608812	0.886385478443399834	0.978520528440049697	0.0586885946462556264	0.00177000688250281739	0.0250104498752897568	0.62450830263145692	0.0282958612678145542	0.116686169417711483	0.0889946710728546554	0.122733463543378798	0.0878345691097347386	0.0189189733263360809	0.0502400785321675873



3	ACCTAACT	0.497597192539910544


A:	0.0502400785321675873	0.0189189733263360809	0.0878345691097347386	0.122733463543378798	0.0889946710728546554	0.116686169417711483	0.0282958612678145542	0.592611398576252211	0.0121456588686884974	0.00208056011441241949	0.0644978333061338515	0.98694694042409609	0.882973815195158713	0.0232694767512455424	0.307913248374588582	0.256481529016519561	0.279992874952077973	0.874530847907296927	0.944858545946707051	0.332155799957385309	0.17233130912775892	0.738748169453652966
C:	0.660035212832454215	0.533122741178489217	0.853581513696589944	0.69306229242262452	0.189082308702944869	0.417943004880638284	0.0525053199971310223	0.00153094601483011475	0.981518053243093583	0.991362832508859571	0.00625876150610439	0.000872473788602318009	0.114189979792991399	0.678590601323940418	0.15940705647963558	0.297383969514766238	0.325979509779073505	0.030173677246473647	0.0176002688122183469	0.17317527607739479	0.227630994530946891	0.0424145805767640166
G:	0.21948315114492565	0.22226640669698926	0.00335806366072293136	0.0163219676971953705	0.222679877015284125	0.109305706089082631	0.0704947531450302024	0.396455548551987932	0.00337920964452683334	0.00212416993516876167	0.0499223620420345745	0.00560200446479296375	0.000820191396960526105	0.00315843311023466567	0.107636107794395999	0.0796066105453790689	0.0596125532277926761	0.0750081521441305591	0.0304007441136355174	0.462950107417363976	0.346044088489721148	0.106583628224832746
T:	0.0702415574904525469	0.225691878798185443	0.0552258535329523859	0.167882276336801312	0.499243143208916351	0.356065119612567602	0.848704065590024221	0.00940210685692974262	0.00295707824369108606	0.00443243744155924819	0.879321043145727184	0.00657858132250862841	0.00201601361488936214	0.294981488814579374	0.425043587351379838	0.366527890923335132	0.334415062041055846	0.0202873227020988669	0.00714044112743908472	0.0317188165478559242	0.253993607851573041	0.112253621744750271



4	GTTAGGT..A	0.497253792578622595


A:	0.253993607851573041	0.0317188165478559242	0.00714044112743908472	0.0202873227020988669	0.334415062041055846	0.366527890923335132	0.425043587351379838	0.183493452354724137	0.000918719116411947853	0.00378394837643168158	0.925026142801414853	0.00372674337436016222	0.00236460609838297211	0.00411487820066709975	0.848704065590024221	0.356065119612567602	0.499243143208916351	0.167882276336801312	0.0552258535329523859	0.225691878798185443	0.0702415574904525469	0.22062761323783168	0.19706726754660012
C:	0.346044088489721148	0.462950107417363976	0.0304007441136355174	0.0750081521441305591	0.0596125532277926761	0.0796066105453790689	0.107636107794395999	0.00174500005299894039	0.000716618501157028025	0.00734017529070878043	0.0322677443766515438	0.00260302440366778892	0.00106496477426264637	0.33719250923023539	0.0704947531450302024	0.109305706089082631	0.222679877015284125	0.0163219676971953705	0.00335806366072293136	0.22226640669698926	0.21948315114492565	0.380038595063839915	0.233213470570153755
G:	0.227630994530946891	0.17317527607739479	0.0176002688122183469	0.030173677246473647	0.325979509779073505	0.297383969514766238	0.15940705647963558	0.807241786436892379	0.123631779847975719	0.000862349892909741139	0.00189801459382663744	0.992158282438845498	0.988728785826339715	0.00177008227148002862	0.0525053199971310223	0.417943004880638284	0.189082308702944869	0.69306229242262452	0.853581513696589944	0.533122741178489217	0.660035212832454215	0.236286820009239741	0.0865045073844804642
T:	0.17233130912775892	0.332155799957385309	0.944858545946707051	0.874530847907296927	0.279992874952077973	0.256481529016519561	0.307913248374588582	0.0075197611553845438	0.874732882534455305	0.988013526439949797	0.0408080982281069655	0.0015119497831265509	0.00784164330101466665	0.656922530297617482	0.0282958612678145542	0.116686169417711483	0.0889946710728546554	0.122733463543378798	0.0878345691097347386	0.0189189733263360809	0.0502400785321675873	0.163046971689088664	0.483214754498765661



5	ACCTAAC..C	0.497184449958643507


A:	0.0502400785321675873	0.0189189733263360809	0.0878345691097347386	0.122733463543378798	0.0889946710728546554	0.116686169417711483	0.0282958612678145542	0.709753483220223135	0.0304398392833796236	0.00227106877977846677	0.0203963523988147283	0.985323186398011944	0.896550799866198201	0.0228922829414047882	0.307913248374588582	0.256481529016519561	0.279992874952077973	0.874530847907296927	0.944858545946707051	0.332155799957385309	0.17233130912775892	0.738748169453652966	0.194085241907988807
C:	0.660035212832454215	0.533122741178489217	0.853581513696589944	0.69306229242262452	0.189082308702944869	0.417943004880638284	0.0525053199971310223	0.000997157147318467967	0.965809850333520889	0.989936658702069521	0.00252577097012313626	0.00088578953412238752	0.100471523435627237	0.871469528484415378	0.15940705647963558	0.297383969514766238	0.325979509779073505	0.030173677246473647	0.0176002688122183469	0.17317527607739479	0.227630994530946891	0.0424145805767640166	0.383676275077288102
G:	0.21948315114492565	0.22226640669698926	0.00335806366072293136	0.0163219676971953705	0.222679877015284125	0.109305706089082631	0.0704947531450302024	0.28310986026087528	0.00165878397776673576	0.00155364605963462821	0.075042640733280134	0.0110272594174020892	0.00117452465149162099	0.00204154013500715341	0.107636107794395999	0.0796066105453790689	0.0596125532277926761	0.0750081521441305591	0.0304007441136355174	0.462950107417363976	0.346044088489721148	0.106583628224832746	0.244879344760551849
T:	0.0702415574904525469	0.225691878798185443	0.0552258535329523859	0.167882276336801312	0.499243143208916351	0.356065119612567602	0.848704065590024221	0.00613949937158311685	0.00209152640533275163	0.00623862645851738355	0.902035235897782001	0.0027637646504635793	0.00180315204668294099	0.10359664843917268	0.425043587351379838	0.366527890923335132	0.334415062041055846	0.0202873227020988669	0.00714044112743908472	0.0317188165478559242	0.253993607851573041	0.112253621744750271	0.177359138254171242



