1	GGTAGGTA	0.498297690192785762


A:	0.209733420432409811	0.112448652727656508	0.663830780636637342	0.0532141785296040101	0.203118542860026659	0.251562126195415552	0.24272905493247616	0.10022381027562698	0.00114931880756516888	0.00317057969432231445	0.695201156869584527	0.00698302653394011659	0.00152957872815082046	0.00220573493305885008	0.845209538911809167	0.314477328809333881	0.348482550051138528	0.0760126480173879159	0.350203063620357881	0.246695482234363631	0.210100433646631824	0.350120350674357399
C:	0.222651496320319185	0.22264672078772086	0.234646882938937913	0.158409945156275663	0.13793893302746134	0.210900040926983434	0.149455038075812644	0.0040205663740104055	0.000753532740201514881	0.0077968367203034588	0.00139638941090414553	0.00350424555524830821	0.00225770942067419573	0.00650567677536991703	0.00525304878729562134	0.130225071651842168	0.1447752621694666	0.1127836238994781	0.108785858357993722	0.186272339969368999	0.358759445687911533	0.110613424917638378
G:	0.440324195135933876	0.311265893869516881	0.0466994850220049108	0.731193328180643501	0.44032328269814042	0.225695029496232507	0.291944322070112445	0.894965315705790648	0.790661299744330298	0.0004539426815795545	0.00108325315473832566	0.988976402005973043	0.986457344543403541	0.0013553471235104517	0.14611370870401029	0.489434529029050147	0.38531430524583346	0.0478810734997362075	0.325604386769228028	0.435403700040057522	0.359550818816145189	0.36930746510992849
T:	0.127290888111337128	0.35363873261510575	0.0548228514024198341	0.057182548133476826	0.218619241414371582	0.311842803381368507	0.315871584921598752	0.000790307644571966641	0.207435848707903018	0.988578640903794672	0.302319200564773001	0.0005363259048385317	0.0097553673077714431	0.989933241168060781	0.00342370359688492138	0.065863070509773804	0.121427882533561411	0.763322654583397777	0.215406691252420369	0.131628477756209848	0.0715893018493114543	0.169958759298075733



2	GGTAGGT.A	0.49670938904529066


A:	0.158889906221741118	0.0999656597628194902	0.60983241399697532	0.383700791531635378	0.0568939739150412297	0.0680225863348067498	0.112637410780138285	0.160902089736899521	0.00137785193647527607	0.00557467455770852808	0.624094038700925824	0.011444179727370661	0.00696703407656959627	0.00411304129742517698	0.845209538911809167	0.258269599342384517	0.273048397171633771	0.178554104791304341	0.103470328722490204	0.263574659321761303	0.153215785429612407	0.0669454548069013058	0.0646255069453991309
C:	0.352165631971872467	0.528902424117940096	0.226737317576008479	0.219554818729402072	0.0708390824440418777	0.144201218438641576	0.0912769840194882357	0.00744717841490442666	0.00122658457935994974	0.00485089015749191183	0.00377943662864137504	0.00135018469359032975	0.00307311763439300107	0.00582377699805320669	0.00525304878729562134	0.0408091453244328622	0.129103405760567262	0.483956097934450884	0.105922274974148211	0.0538518007944927883	0.187414639488328671	0.114208601310201488	0.157513786803209179
G:	0.192231302830516565	0.231081057978216828	0.0689161704674716679	0.310285338986949287	0.295510845300213309	0.406414252715004453	0.407110150693378617	0.828673614988141496	0.646538369301964669	0.000718986189528031991	0.00611132599661771193	0.984974744911711655	0.974723121342992387	0.00293988090053889923	0.14611370870401029	0.664660093935905579	0.492009269991420169	0.14298125746457682	0.25318486757843618	0.446365756078382646	0.0944713911858591817	0.724264571221518212	0.258241498792854429
T:	0.296713158975869849	0.140050858141023586	0.0945140979595445333	0.0864590507520132638	0.576756098340703583	0.381361942511547221	0.388975454506994862	0.00297711686005455627	0.350857194182200105	0.988855449095271528	0.366015198673815089	0.00223089066732735391	0.0152367269460450156	0.987123300803982717	0.00342370359688492138	0.0362611613972770418	0.105838927076378798	0.194508539809667955	0.537422528724925405	0.236207783805363262	0.564898183896199741	0.0945813726613789942	0.519619207458537261



3	C..ACCTACC	0.496690867782881415


A:	0.519619207458537261	0.0945813726613789942	0.564898183896199741	0.236207783805363262	0.537422528724925405	0.194508539809667955	0.105838927076378798	0.0362611613972770417	0.00342370359688492138	0.982464310374213522	0.0475528480473724931	0.00502865472531765279	0.448893063514890091	0.978946342705594847	0.306401924054733038	0.00480715216746537893	0.388975454506994862	0.381361942511547221	0.576756098340703584	0.0864590507520132638	0.0945140979595445333	0.140050858141023586	0.296713158975869849
C:	0.258241498792854429	0.724264571221518212	0.0944713911858591817	0.446365756078382646	0.25318486757843618	0.14298125746457682	0.492009269991420169	0.664660093935905579	0.14611370870401029	0.00195777144540370753	0.945389201569063641	0.982843445206108098	0.00473808999151251095	0.000809114417946979918	0.689766616496001625	0.835082550582377497	0.407110150693378617	0.406414252715004453	0.295510845300213309	0.310285338986949287	0.0689161704674716679	0.231081057978216828	0.192231302830516565
G:	0.157513786803209179	0.114208601310201488	0.187414639488328671	0.0538518007944927883	0.105922274974148211	0.483956097934450884	0.129103405760567262	0.0408091453244328622	0.00525304878729562134	0.0113262865455277543	0.00245873467142191762	0.00169353206099025043	0.00221637359540336751	0.0136429172245496626	0.00166621515007692087	0.00717087381264946967	0.0912769840194882357	0.144201218438641576	0.0708390824440418777	0.219554818729402072	0.226737317576008479	0.528902424117940096	0.352165631971872467
T:	0.0646255069453991309	0.0669454548069013058	0.153215785429612407	0.263574659321761303	0.103470328722490204	0.178554104791304341	0.273048397171633771	0.258269599342384517	0.845209538911809167	0.00425163163485501609	0.00459921571214194806	0.0104343680075839986	0.54415247289819403	0.00660162565190851055	0.00216524429918841531	0.152939423437507654	0.112637410780138285	0.0680225863348067498	0.0568939739150412297	0.383700791531635378	0.60983241399697532	0.0999656597628194902	0.158889906221741118



4	C.ACCTACC	0.496524176421198202


A:	0.519619207458537261	0.0945813726613789942	0.564898183896199741	0.236207783805363262	0.537422528724925405	0.194508539809667955	0.105838927076378798	0.0362611613972770417	0.00342370359688492138	0.979976775802711033	0.030313151631282354	0.00420303863238790886	0.407661454546481434	0.984373303440951149	0.219930606000702175	0.00368079093055093464	0.388975454506994862	0.381361942511547221	0.576756098340703584	0.0864590507520132638	0.0945140979595445333	0.140050858141023586	0.296713158975869849
C:	0.258241498792854429	0.724264571221518212	0.0944713911858591817	0.446365756078382646	0.25318486757843618	0.14298125746457682	0.492009269991420169	0.664660093935905579	0.14611370870401029	0.00146013451461283614	0.96441214497823712	0.987679440119223303	0.00154292730499864927	0.000735965986912228237	0.777074672792081946	0.904828247396208926	0.407110150693378617	0.406414252715004453	0.295510845300213309	0.310285338986949287	0.0689161704674716679	0.231081057978216828	0.192231302830516565
G:	0.157513786803209179	0.114208601310201488	0.187414639488328671	0.0538518007944927883	0.105922274974148211	0.483956097934450884	0.129103405760567262	0.0408091453244328622	0.00525304878729562134	0.0155502228374204153	0.00346358482950332879	0.0016681979854032791	0.00212261702539526774	0.0121788910011891495	0.000788811386257854077	0.00394356557501334246	0.0912769840194882357	0.144201218438641576	0.0708390824440418777	0.219554818729402072	0.226737317576008479	0.528902424117940096	0.352165631971872467
T:	0.0646255069453991309	0.0669454548069013058	0.153215785429612407	0.263574659321761303	0.103470328722490204	0.178554104791304341	0.273048397171633771	0.258269599342384517	0.845209538911809167	0.00301286684525571542	0.00181111856097719722	0.0064493232629855095	0.588673001123124649	0.0027118395709474737	0.00220590982095802443	0.0875473960982267971	0.112637410780138285	0.0680225863348067498	0.0568939739150412297	0.383700791531635378	0.60983241399697532	0.0999656597628194902	0.158889906221741118



5	ACCTACC..A	0.496131305149479784


A:	0.564898183896199741	0.236207783805363262	0.537422528724925405	0.194508539809667955	0.105838927076378798	0.0362611613972770417	0.00342370359688492138	0.981641328479036987	0.0241543322737368856	0.00269013845894089691	0.243467274388370865	0.990997020601332981	0.138879716228209257	0.00197687093720911613	0.388975454506994862	0.381361942511547221	0.576756098340703584	0.0864590507520132638	0.0945140979595445333	0.140050858141023586	0.296713158975869849	0.412658914218214575	0.176433946641625192
C:	0.0944713911858591817	0.446365756078382646	0.25318486757843618	0.14298125746457682	0.492009269991420169	0.664660093935905579	0.14611370870401029	0.000854628099317693614	0.9680985275873677	0.987307419759105805	0.00545097784640486776	0.000831449254015482523	0.858213879660300921	0.881184147842152181	0.407110150693378617	0.406414252715004453	0.295510845300213309	0.310285338986949287	0.0689161704674716679	0.231081057978216828	0.192231302830516565	0.145190059700679303	0.220338346218814172
G:	0.187414639488328671	0.0538518007944927883	0.105922274974148211	0.483956097934450884	0.129103405760567262	0.0408091453244328622	0.00525304878729562134	0.0131816945216280967	0.00410779806141968248	0.00191283190615215424	0.00572099724512948553	0.00440976824419713213	0.0013601773355492522	0.00401650246439517669	0.0912769840194882357	0.144201218438641576	0.0708390824440418777	0.219554818729402072	0.226737317576008479	0.528902424117940096	0.352165631971872467	0.101694732542291277	0.187262507779429944
T:	0.153215785429612407	0.263574659321761303	0.103470328722490204	0.178554104791304341	0.273048397171633771	0.258269599342384517	0.845209538911809167	0.00432234890001722302	0.00363934207747573232	0.00808960987580114365	0.745360750520094781	0.00376176190045440449	0.00154622677594056937	0.112822478756243526	0.112637410780138285	0.0680225863348067498	0.0568939739150412297	0.383700791531635378	0.60983241399697532	0.0999656597628194902	0.158889906221741118	0.340456293538814845	0.415965199360130692



