1	CTTATCC..A	0.497437892033387662


A:	0.229152264675147676	0.25458348327328178	0.0722432137006705432	0.287301201568880276	0.355609317949889541	0.520060517585054867	0.134469167607594965	0.0218686386087725916	0.00964629812903033892	0.0185237479091775154	0.993808175731614749	0.000550702287540798123	0.00201158710229985623	0.0160491792875635175	0.321092747476434623	0.270301829841565753	0.574811158984265029	0.550574009132027386	0.135098826451345273	0.393144901623885808	0.160424032959776967	0.144025746891246052	0.0885970743107701568
C:	0.251165464036691063	0.0996904273372402519	0.129604362464614573	0.159446146887440471	0.172289645827398233	0.166941495826052312	0.640059363826838366	0.910247359651191074	0.0647555634559276889	0.00243749339912394791	0.0013786279621008934	0.00524372955321819995	0.992358630985652739	0.84944400803836373	0.150605598855208134	0.276933376927007873	0.0198742993095844503	0.160718931377055773	0.232736991506757047	0.296253053359494303	0.354290498954680022	0.285895246480073088	0.338777946101067948
G:	0.314455859075989231	0.266494123868794938	0.550970507853067342	0.110230729821376449	0.171464432992184865	0.254013013736121189	0.0789714760628933509	0.0396290277580131415	0.00144837789023844257	0.00962494237142862199	0.00236227330014565934	0.0103786278973931122	0.00207561774388407969	0.00926429815069500747	0.195978450116230701	0.0919237923622945711	0.0384821081850337186	0.075890694666280295	0.487238283111760924	0.26276628835015869	0.366141533178510094	0.413757098989723789	0.425901591862622976
T:	0.20522641221217203	0.37923196552068303	0.247181915981647541	0.443021921722302804	0.30063660323052736	0.0589849728527716315	0.146499992502673317	0.0282549739820231933	0.92414976052480353	0.969413816320269915	0.00245092300613869836	0.98382694026184789	0.00355416416816332461	0.125242514523377745	0.332323203552126542	0.360841000869131803	0.366832433521116802	0.212816364824636547	0.144925898930136757	0.0478357566664611995	0.119143934907032917	0.15632190763895707	0.146723387725538919



2	CCTTATCC	0.496536523929471033


A:	0.146336119484576323	0.229152264675147676	0.25458348327328178	0.0722432137006705432	0.287301201568880276	0.355609317949889541	0.520060517585054867	0.134469167607594965	0.144916525208743509	0.0253036269598877134	0.029586182710761595	0.992580418216683738	0.000642133813838714778	0.00125339446931477918	0.0398558259892053838	0.321092747476434623	0.270301829841565753	0.574811158984265029	0.550574009132027386	0.135098826451345273	0.393144901623885808	0.160424032959776967
C:	0.149668276002657915	0.251165464036691063	0.0996904273372402519	0.129604362464614573	0.159446146887440471	0.172289645827398233	0.166941495826052312	0.640059363826838366	0.699629175763510241	0.0796828014726944012	0.0173744544960231746	0.0017295268925311178	0.0170481507461265106	0.990396437851313731	0.712485003423669225	0.150605598855208134	0.276933376927007873	0.0198742993095844503	0.160718931377055773	0.232736991506757047	0.296253053359494303	0.354290498954680022
G:	0.563322937462616334	0.314455859075989231	0.266494123868794938	0.550970507853067342	0.110230729821376449	0.171464432992184865	0.254013013736121189	0.0789714760628933509	0.13846499707905906	0.00169562559105996373	0.00488219393536564932	0.00398052454544579497	0.00872715692163289406	0.00281337771259103213	0.0312499665752028127	0.195978450116230701	0.0919237923622945711	0.0384821081850337186	0.075890694666280295	0.487238283111760924	0.26276628835015869	0.366141533178510094
T:	0.140672667050149428	0.20522641221217203	0.37923196552068303	0.247181915981647541	0.443021921722302804	0.30063660323052736	0.0589849728527716315	0.146499992502673317	0.0169893019486871898	0.893317945976357922	0.948157168857849581	0.00170953034533934892	0.973582558518401881	0.0055367899667804578	0.216409204011922579	0.332323203552126542	0.360841000869131803	0.366832433521116802	0.212816364824636547	0.144925898930136757	0.0478357566664611995	0.119143934907032917



3	A..GGATAAG	0.496518174634531806


A:	0.146723387725538919	0.15632190763895707	0.119143934907032917	0.0478357566664611995	0.144925898930136757	0.212816364824636547	0.366832433521116802	0.360841000869131803	0.332323203552126542	0.1446133045449741	0.00290953073794690604	0.980408287902332815	0.00155638864232806887	0.974666301060253684	0.889948320156326468	0.0278423838808085582	0.146499992502673317	0.0589849728527716315	0.30063660323052736	0.443021921722302804	0.247181915981647541	0.37923196552068303	0.20522641221217203
C:	0.425901591862622976	0.413757098989723789	0.366141533178510094	0.26276628835015869	0.487238283111760924	0.075890694666280295	0.0384821081850337186	0.0919237923622945711	0.195978450116230701	0.0196037090848259812	0.00353517374628295433	0.00734191847159779232	0.00252542684139831295	0.00428999300803973438	0.00139742453691044355	0.141211303044609341	0.0789714760628933509	0.254013013736121189	0.171464432992184865	0.110230729821376449	0.550970507853067342	0.266494123868794938	0.314455859075989231
G:	0.338777946101067948	0.285895246480073088	0.354290498954680022	0.296253053359494303	0.232736991506757047	0.160718931377055773	0.0198742993095844503	0.276933376927007873	0.150605598855208134	0.82746135927965201	0.991805564058423942	0.0116169658235502823	0.00286888965248477418	0.013822292803959299	0.0908683300974631512	0.750587111242652722	0.640059363826838366	0.166941495826052312	0.172289645827398233	0.159446146887440471	0.129604362464614573	0.0996904273372402519	0.251165464036691063
T:	0.0885970743107701568	0.144025746891246052	0.160424032959776967	0.393144901623885808	0.135098826451345273	0.550574009132027386	0.574811158984265029	0.270301829841565753	0.321092747476434623	0.00832162709054790877	0.00174973145734619764	0.000632827802519110599	0.993049294863788844	0.00722141312774728282	0.0177859252092999377	0.0803592018319293793	0.134469167607594965	0.520060517585054867	0.355609317949889541	0.287301201568880276	0.0722432137006705432	0.25458348327328178	0.229152264675147676



4	AA..GGATAA	0.495891366622215637


A:	0.240432214658587125	0.123856883732545939	0.334204312936266768	0.0577787851232757961	0.1119528244125691	0.171019154706638735	0.624247377531646983	0.797888278667258631	0.463197468597441444	0.247361455193939359	0.0580981837398476931	0.00363468048346312383	0.985313946822465328	0.00320651565395629998	0.974919767785001256	0.899813540737116439	0.0278423838808085582	0.187713834531620874	0.0777458345887475717	0.484690771874699465	0.349802425203219197	0.0745531189402915751	0.0936427913044946031
C:	0.285902404310049156	0.234985274619026634	0.11382716864131183	0.41442103287649252	0.20657314354194308	0.470924965386580466	0.0342072201030056581	0.0181504137536482977	0.0450991377967760488	0.218377714181667995	0.0108802844519989104	0.00131888263230811202	0.00676732034832309976	0.00630792894101648538	0.00704644154337811996	0.000968109384529874041	0.141211303044609341	0.117565581626383006	0.27591621420357982	0.341473350146509053	0.140723486668279948	0.57232930601751529	0.2566963359428917
G:	0.296855509448256018	0.376707671877927968	0.358340071679939727	0.218495143734176219	0.579204652340120301	0.0675752221627465641	0.204780807527129532	0.0180885352348268546	0.210994595826266587	0.0724147227901505508	0.923064619467485452	0.992327125674180695	0.00706053789079643977	0.0010327901513324635	0.00872799703078889584	0.0739990416575610527	0.750587111242652722	0.664452894033370621	0.0722971259864648359	0.0906550034493720668	0.296803590969279706	0.154661392737249682	0.210793964700478594
T:	0.1768098715831077	0.264450169770499459	0.193628446742481675	0.309305038266055464	0.102269379705367519	0.290480657744034234	0.136764594838217827	0.165872772344266217	0.28070879777951592	0.461846107834242096	0.0079569123406679445	0.00271931121004806931	0.000858194938415132273	0.989452765253694751	0.00930579364083172821	0.0252193082207926343	0.0803592018319293793	0.0302676898086254988	0.574040825221207772	0.0831808745294194151	0.212670497159221149	0.198456182304943453	0.438866908052135103



5	GC.TTATCC	0.494628833901318714


A:	0.274321079846929873	0.134655085307289475	0.222503019139867069	0.431803169030922295	0.14087486491042036	0.279362834146253554	0.155518269163417536	0.647858347045156782	0.0314784921059183567	0.123851685551447926	0.0115700565490166582	0.00805021501374506817	0.992140065169402343	0.000649334122979301758	0.00343060796411041963	0.0320257659684885436	0.713328475294368394	0.241545081024425716	0.299021210659036002	0.206249929899045087	0.32672180874706382	0.0911771194643611729	0.327719259343273179
C:	0.339251952320431791	0.118801928144066671	0.224045775012711737	0.255847022179885982	0.238981539486369417	0.28381369716194579	0.351358493641078187	0.0373161409898496156	0.660965617837462876	0.577718605738709366	0.0560869465895534178	0.0106071606576390685	0.00134302285874204225	0.0156747341851901964	0.991536238810393873	0.87699986330464426	0.0345890881653442039	0.477530756875959119	0.169219712153238763	0.204218006029415749	0.0805717189561932024	0.22046391987348998	0.416758797837341593
G:	0.281283032431901018	0.342383563581003116	0.527843119890032066	0.213997045075515414	0.183797602357474657	0.250131340804607585	0.196389777257990384	0.290953649227739074	0.177926152402100083	0.261603885138512709	0.00209522283394494603	0.00603680962268862292	0.00490437200324422462	0.00285000490880065563	0.00326992474771174805	0.00713108766921144523	0.197637673807653926	0.056217923770617535	0.0764704572466395843	0.114529341759629488	0.384636534936240024	0.424196662784269617	0.195588160609214343
T:	0.105143935400737318	0.404159422967640738	0.0256080859573891286	0.0983527637136763097	0.436345993245735566	0.18669212788719307	0.296733459937513894	0.0238718627372545279	0.129629737654518685	0.0368258235713299991	0.930247774027484978	0.97530581470592724	0.00161253996861138978	0.980825926783029846	0.00176322847778395969	0.0838432830576557509	0.0544447627326334767	0.22470623832899763	0.455288619941085651	0.475002722311909675	0.208069937360502953	0.26416229787787923	0.0599337822101708848



