1	A.GGAATCT	0.492589582609558787


A:	0.173423294991659474	0.0616594564071361775	0.288003041579854933	0.596940271123185764	0.128170720729274948	0.162046749431218588	0.22823555781981413	0.630846806408832246	0.224678076099750585	0.0649871070319351581	0.00324329990895401195	0.725060393124386557	0.966326339039708316	0.000791234358526640672	0.223036470062923583	0.0362325963920119727	0.152791094297806045	0.376772339855796087	0.108484327519888793	0.109420413459089808	0.0714624635072686498	0.474444294955050821	0.270424950978440757
C:	0.304717693382472374	0.311725416709014907	0.259401126750453861	0.0472270467332897337	0.0716739999377205995	0.0173590271025269972	0.0778849763125981092	0.0657889682453097568	0.242180851114541346	0.272426834914452414	0.0014797816453387851	0.207468959817098265	0.00139001201444109462	0.0191037065251102977	0.771682022840575643	0.0153710531025325327	0.248033032841898719	0.219636246033174638	0.316008401995891516	0.475827574390464746	0.740854355422224132	0.324617916992214644	0.199851255087011188
G:	0.316454312613494193	0.444972349642039125	0.222653306395293232	0.206735550739284611	0.736599025035362955	0.350930284188628298	0.467067043233226866	0.206799225937780747	0.218659075100406975	0.66154465228881704	0.992004005316269944	0.0109145481500277038	0.000796000409019159096	0.0011718662710105611	0.00103214441365232018	0.00266862135022450706	0.00933929021998505319	0.0581943866979552014	0.264175529125364045	0.229784417187582489	0.0763999067067767228	0.0869140216865659808	0.0854317254058837254
T:	0.205404699012373959	0.181642777241809791	0.229942525274397974	0.149097131404239891	0.063556254297641498	0.469663939277626117	0.226812422634360895	0.0965649994080772505	0.314481997685301095	0.00104140576479538768	0.00327291312943725859	0.0565560989084874737	0.0314876485368314303	0.978933192845352501	0.00424936268284845349	0.945727729155230987	0.589836582640310183	0.345397027413074074	0.311331741358855646	0.184967594962862956	0.111283274363730496	0.114023766366168555	0.44429206852866433



2	A.AG.ATATT	0.490786954980503368


A:	0.120124214202690082	0.0543787697637759573	0.0826557674540655291	0.463301769597086768	0.0908037772828249975	0.0874809310052936067	0.65507528637115748	0.266943041487911208	0.289193852192593346	0.0304425219665066573	0.664623765961926676	0.979820443748410657	0.000960036220289446043	0.53830771631581348	0.304447373253469154	0.067532561589185772	0.0226004273018237002	0.0940354635064331942	0.0406993775815415771	0.124555818349038533	0.302359995701081165	0.336496399863784824
C:	0.404387272364381819	0.671740917658514352	0.247314645276549297	0.238426711743426278	0.232741762882743241	0.162811978635358783	0.17814893853070702	0.232458453572946024	0.232139839168249287	0.00713378379775776168	0.154995040680745997	0.00163456155073266611	0.0491660369508606603	0.452467803708494958	0.00590091880294315875	0.113647977590424967	0.769432474287852799	0.0606432442662153256	0.0510881799223107107	0.755044789884303256	0.0413892890818951398	0.350284284183559363
G:	0.1203047778389975	0.0975384010391046157	0.0306810509756667714	0.233103138792494335	0.0240151957130898464	0.0613583262789635346	0.148638582033720699	0.396138612259673456	0.472055874753971905	0.955510913850112739	0.140166860456860315	0.00795808706738163464	0.00354664219897077267	0.00091857487685020236	0.00155280710558115621	0.0108136723209671526	0.0122177745844198962	0.552556483136318597	0.107942273507677588	0.0316651398728516701	0.0363827076356848281	0.206704093266091292
T:	0.355183735593930599	0.176341911538605075	0.639348536293718402	0.0651683798669926193	0.652439264121341915	0.688348764080384076	0.0181371930644148012	0.104459892679469313	0.00661043388518546159	0.00691278038562284159	0.0402143329004670113	0.0105869076334750427	0.946327284629879121	0.00830590509884135997	0.688098900838006531	0.808005788499422108	0.195749323825903605	0.292764809091032883	0.800270168988470124	0.0887342518938065406	0.619868007581338867	0.106515222686564521



3	A.G.ATCTTT	0.490679438185517892


A:	0.142801059622702471	0.185456081222067316	0.318900542214908008	0.123745322094385759	0.256431600818161093	0.543991807166387647	0.565331678025574152	0.0963313924253524236	0.00619227124651445267	0.503194707701006172	0.969772661991064387	0.0020545305450439075	0.0878723982357920994	0.0121497326943851757	0.0599292740896642108	0.0528582584012383699	0.17773980822969122	0.394057862610060202	0.116936575562141432	0.31026837253637501	0.299970069813866715	0.378798080594521103	0.0358346061943816571
C:	0.197929047875782812	0.119253212449372894	0.0707548004408557734	0.0757087709605201922	0.172331441559979746	0.182440655628149853	0.109370114672185933	0.286038233876618735	0.00239930809376831801	0.226869424202926008	0.00160267494944984172	0.0256736015015047525	0.904439463085406698	0.012624576935874416	0.0233564321019044957	0.0885470174701642922	0.0521473956731423429	0.201505153930548948	0.61514440214313378	0.128985006222786641	0.121528020290087516	0.174555228355281205	0.400382174611845993
G:	0.0710866107355312243	0.0204196410313272878	0.420410941748028555	0.00863553111117204328	0.412744695233394281	0.0907976534183434731	0.248686586432845066	0.615549752442984813	0.989290679315335257	0.147607798210546554	0.00232160810051787365	0.00275077880699334709	0.00170600158186182592	0.00595286861799239283	0.0307076852829613027	0.0332008586220696442	0.28629644626671575	0.264804878610076829	0.196295037607652233	0.322401703621549119	0.180366525107346107	0.20580312251081207	0.0504899949955520157
T:	0.588183281765983492	0.674871065297232502	0.189933715596207664	0.791910375833922006	0.15849226238846488	0.182769883787119026	0.076611620869394849	0.00208062125504402819	0.00211774134438197257	0.122328069885521266	0.0263030549589678981	0.969521089146457993	0.00598213709693937711	0.969272821751748016	0.886006608525469991	0.825393865506527694	0.483816349830450687	0.139632104849314021	0.0716239846870725551	0.23834491761928923	0.398135384788699661	0.240843568539385621	0.513293224198220335



4	G.G.ATCTTC	0.490425381070542361


A:	0.707475583785351044	0.144795410266933722	0.0881187888601181634	0.130859535028212605	0.194060911675402971	0.563710889902707876	0.150932550512271032	0.471504117276742951	0.0333962979167583312	0.779921063844312391	0.981235265054589626	0.00190264129991365776	0.578166428220821624	0.0299143705992368395	0.178752895037305613	0.115640283452277461	0.122570188910517091	0.344850915970124587	0.0432902256249952438	0.49337194264505148	0.533937591375007075	0.180587566241667768	0.198360690848338664
C:	0.0421152249801515403	0.133819043564375472	0.0277177847040752779	0.193128429349208756	0.29787736749445593	0.0404676159624504785	0.0997433432578505675	0.213026389188645501	0.00122752337062923839	0.132904843720035424	0.00500956922479161986	0.0174326771844890673	0.4158678337306384	0.0525190401762252523	0.150071921986005882	0.35717595097848412	0.225948704421575385	0.149848436939396283	0.773291882516462092	0.182927980228801873	0.0956615142786973582	0.24736961644080123	0.321568245449356529
G:	0.230501852009703088	0.0312703759543552434	0.609273247476465455	0.0156439253063491079	0.0218038560136056853	0.293173471912093012	0.562100569688693699	0.310810660394574037	0.963217484835687832	0.0707010812169658015	0.00170663903008347833	0.0018991244365684424	0.00178774080978946131	0.00499521232078480967	0.0339349544600107781	0.0367562646416847848	0.32378733366487353	0.440963067694044258	0.137764430766647284	0.291800654492963441	0.190491699189332614	0.222304528294887517	0.0555617812279197587
T:	0.0199073392247943273	0.690115170214335562	0.274890178959341104	0.660368110316229531	0.486257864816535414	0.102648022222748634	0.187223536541184701	0.00465883314003751126	0.00215869387692459885	0.0164730112186863834	0.0120485266905352762	0.978765557079028833	0.00417799723875051462	0.912571376903753098	0.637240228516677727	0.490427500927553635	0.327693773003033994	0.0643375793964348721	0.0456534610918953804	0.0318994226331832062	0.179909195156962954	0.349738289022643484	0.424509282474385049



5	A.GG.ATCTT	0.490216708023159636


A:	0.194099488065671042	0.270263088357960303	0.431210896277601426	0.126521147837057582	0.532603623499093734	0.273898915585533632	0.573330202141536191	0.387062350636066529	0.109328314351046458	0.00459665466654461747	0.793829304256294529	0.987965072403822367	0.00134081999792003398	0.385969771055293158	0.0168020233060591227	0.15706909038468256	0.0610473292728320217	0.110877281715591744	0.139854263152121332	0.191043125966244212	0.190736886063116411	0.799042609848405846	0.530525448928353633
C:	0.348400238791868526	0.103341367431777375	0.0265902491238643869	0.0591287112772976815	0.28370035761086892	0.182256116638852989	0.0702765798346735319	0.155122574651443021	0.40661131174862225	0.0032447046828288081	0.148749118109258151	0.0034185711274702457	0.0265918624619044374	0.607276627456034278	0.017907778595131124	0.170242531890458181	0.0811590363483809807	0.0839549705622043409	0.118065299438628131	0.31687351778658618	0.61659887197900422	0.0720959542603587668	0.10717101445091221
G:	0.377288040238070938	0.445821277168946186	0.268454714574129909	0.667285314669130714	0.0528843527861669605	0.185500100605200759	0.252500788669133905	0.290313159655766385	0.482050458007373286	0.99074003194731684	0.0135365887088387618	0.00157036562775266152	0.00089661536192016277	0.000905727757604268322	0.00340157666916020876	0.0444981281955412861	0.0834266811247537942	0.199863583810960859	0.196834624715599651	0.246041678123584804	0.157301825779042778	0.0887848744598372386	0.18142573681168841
T:	0.0802122329043894938	0.180574267041316137	0.273744140024404278	0.147064826216514022	0.130811666103870385	0.35834486717041262	0.103892429354656372	0.167501915056724065	0.00200991589295800616	0.00141860870330973432	0.0438849889256085577	0.00704599084095472535	0.971170702178255366	0.00584787373106829514	0.961888621429649545	0.628190249529317973	0.774366953254033203	0.605304163911243056	0.545245812693650886	0.246041678123584804	0.0353624161788365915	0.0400765614313981483	0.180877799809045747



