1	CG.ATAT.CG	0.493550947514634388


A:	0.0180662943527912464	0.475368746301954825	0.203909184356688622	0.481511703554396723	0.166094403800851243	0.239283603053313517	0.187657596911691805	0.0293045504532371878	0.470794779010536728	0.961299548616376901	0.00130252999400834837	0.789827941620535896	0.0252707315042763835	0.0126287539739471209	0.00623742359661166471	0.00693056670695386001	0.0563755891602368903	0.00954068327493811586	0.0611266849994542012	0.293927015686431245	0.135092226101127902	0.231926902658127502	0.250829493708977937
C:	0.686986673071263977	0.288062526526631055	0.116470770144583275	0.131734663792939961	0.0271967204196818937	0.198959107873513355	0.579671326897459126	0.00807391965502168196	0.0438982808797431755	0.00121655163556219774	0.00367954615989862003	0.205189982225557135	0.0122131682437845181	0.123493533774488235	0.956384106295129466	0.225740509483895209	0.204740382117773024	0.80646779355347401	0.118453881074476686	0.465935137747403518	0.417688002527744105	0.140036060928725197	0.0779345141642857839
G:	0.0559712164273459197	0.111375163030226588	0.193121323946402433	0.121004518943957732	0.764014453558893989	0.41603508558131585	0.225740509483895209	0.956384106295129466	0.346301918355460001	0.0122131682437845181	0.205189982225557135	0.00367954615989862003	0.00121655163556219774	0.0283596815539058933	0.00807391965502168196	0.579671326897459126	0.289774560231848496	0.0170678196429470816	0.358883137926672539	0.0593049574912502668	0.348855912056251334	0.103423942202094585	0.449275700397732332
T:	0.238975816148598857	0.125193564141187532	0.48649872155232567	0.265749113708705585	0.042694422220572875	0.145722203491857277	0.00693056670695386001	0.00623742359661166471	0.139005021754260096	0.0252707315042763835	0.789827941620535896	0.00130252999400834837	0.961299548616376901	0.835518030697658751	0.0293045504532371878	0.187657596911691805	0.44910946849014159	0.166923703528640793	0.461536295999396574	0.18083288907491497	0.0983638593148766585	0.524613094211052716	0.221960291729003947



2	GAATATTC	0.491703600802628387


A:	0.161986597896817452	0.393425685435691682	0.192945070886854786	0.229143392558061742	0.245517096929741338	0.454107950630258052	0.396235896759992469	0.0607572043506779645	0.328105047902872729	0.83666236084672755	0.00319504460111442428	0.670517780269597373	0.155766388102240707	0.0939133654863486932	0.0633753753856816204	0.00517040075365206986	0.121974225399805992	0.105413368640343144	0.312461903733063561	0.147186568057608478	0.448295453998637959	0.22889998677527868
C:	0.431121674327812162	0.338109812402791414	0.215076308887122747	0.331462766463299295	0.0355154527935081453	0.283252146008405488	0.153352018505654487	0.0139207180917142044	0.118107503385382666	0.00102646088662543164	0.00839023730202800596	0.317896937827260197	0.00654479016440631201	0.459874083225395912	0.861946702171926211	0.314928048385570286	0.251493498435065017	0.787335041829134502	0.190288463363472256	0.148800508112032496	0.0202956964795350621	0.184337393019559107
G:	0.208583017648538005	0.0516903073699946649	0.413421056379623748	0.0344444165715526964	0.642777797770052637	0.201599922292705331	0.401950191321808732	0.861946702171926211	0.459874083225395912	0.00654479016440631201	0.317896937827260197	0.00839023730202800596	0.00102646088662543164	0.118107503385382666	0.0139207180917142044	0.420326681663447666	0.338354157391037887	0.059640238324180689	0.123555820106090272	0.601335523623743767	0.17946849742738896	0.549400490565237754
T:	0.198308710126832381	0.216774194791522239	0.178557563846398719	0.404949424407086267	0.0761896525066978797	0.0610399810686311293	0.0484618934125443116	0.0633753753856816204	0.0939133654863486932	0.155766388102240707	0.670517780269597373	0.00319504460111442428	0.83666236084672755	0.328105047902872729	0.0607572043506779645	0.259574869197329978	0.288178118774091104	0.0476113512063416649	0.373693812797373911	0.102677400206615258	0.351940352094438019	0.037362129639924459



3	CGAATAT.C	0.491538041590153357


A:	0.594383953503452263	0.037362129639924459	0.351940352094438019	0.102677400206615258	0.373693812797373911	0.0476113512063416649	0.288178118774091104	0.259574869197329978	0.0266344701790729294	0.835518030697658751	0.973290136782782021	0.00168739070545246382	0.774179361603203591	0.0421992320272733429	0.0939133654863486932	0.0118762913855379806	0.0484618934125443116	0.0610399810686311293	0.0761896525066978797	0.404949424407086267	0.178557563846398719	0.216774194791522239	0.198308710126832381
C:	0.277820344830020809	0.549400490565237754	0.17946849742738896	0.601335523623743767	0.123555820106090272	0.059640238324180689	0.338354157391037887	0.420326681663447666	0.00598420636990204048	0.0283596815539058933	0.000695679152456320901	0.00130824576276461787	0.221754703185512974	0.00358915362311070628	0.459874083225395912	0.942801853882211241	0.401950191321808732	0.201599922292705331	0.642777797770052637	0.0344444165715526964	0.413421056379623748	0.0516903073699946649	0.208583017648538005
G:	0.0870172517993253927	0.184337393019559107	0.0202956964795350621	0.148800508112032496	0.190288463363472256	0.787335041829134502	0.251493498435065017	0.314928048385570286	0.961027308553149453	0.123493533774488235	0.00320897862225625693	0.0538471870625204051	0.00232651669234751866	0.000381095406513910893	0.118107503385382666	0.00821343064931745933	0.153352018505654487	0.283252146008405488	0.0355154527935081453	0.331462766463299295	0.215076308887122747	0.338109812402791414	0.431121674327812162
T:	0.0407784498672015357	0.22889998677527868	0.448295453998637959	0.147186568057608478	0.312461903733063561	0.105413368640343144	0.121974225399805992	0.00517040075365206986	0.00635401489787557695	0.0126287539739471209	0.0228052054425054012	0.943157176469262513	0.00173941851893591618	0.95383051894310204	0.328105047902872729	0.037108424082933319	0.396235896759992469	0.454107950630258052	0.245517096929741338	0.229143392558061742	0.192945070886854786	0.393425685435691682	0.161986597896817452



4	GAATAT.CC	0.490894502622131785


A:	0.037362129639924459	0.351940352094438019	0.102677400206615258	0.373693812797373911	0.0476113512063416649	0.288178118774091104	0.259574869197329978	0.027348029147840087	0.618081148754636691	0.915391577799746425	0.00308703456641337603	0.906467574591222628	0.0255783672311481669	0.0939133654863486932	0.0138009508662956068	0.0484618934125443116	0.0610399810686311293	0.0761896525066978797	0.404949424407086267	0.178557563846398719	0.216774194791522239	0.198308710126832381	0.0589360545355973028
C:	0.549400490565237754	0.17946849742738896	0.601335523623743767	0.123555820106090272	0.059640238324180689	0.338354157391037887	0.420326681663447666	0.0147578894658696488	0.0679305314239173081	0.00128320551131705949	0.00221209946298336965	0.0840335048118217169	0.00249658583723593717	0.459874083225395912	0.929830540490448936	0.401950191321808732	0.201599922292705331	0.642777797770052637	0.0344444165715526964	0.413421056379623748	0.0516903073699946649	0.208583017648538005	0.163485297452079572
G:	0.184337393019559107	0.0202956964795350621	0.148800508112032496	0.190288463363472256	0.787335041829134502	0.251493498435065017	0.314928048385570286	0.928231035567655144	0.284008566524413068	0.00186833225244531577	0.223907070677823243	0.00763459160651506224	0.000710058075320540053	0.118107503385382666	0.0103182709132152928	0.153352018505654487	0.283252146008405488	0.0355154527935081453	0.331462766463299295	0.215076308887122747	0.338109812402791414	0.431121674327812162	0.278092739965648903
T:	0.22889998677527868	0.448295453998637959	0.147186568057608478	0.312461903733063561	0.105413368640343144	0.121974225399805992	0.00517040075365206986	0.0296630458186351202	0.0299797532970329332	0.0814568844364912001	0.770793795292780012	0.00186432899044059303	0.971214988856295356	0.328105047902872729	0.0460502377300401641	0.396235896759992469	0.454107950630258052	0.245517096929741338	0.229143392558061742	0.192945070886854786	0.393425685435691682	0.161986597896817452	0.499485908046674222



5	G.G.ATATTC	0.490189753006766258


A:	0.499485908046674222	0.161986597896817452	0.393425685435691682	0.192945070886854786	0.229143392558061742	0.245517096929741338	0.454107950630258052	0.396235896759992469	0.0406742076998905849	0.328105047902872729	0.956594726123430958	0.00205884465901690289	0.842846317471514221	0.0285131677284292388	0.0370525595639646441	0.013288100500108751	0.00517040075365206986	0.121974225399805992	0.105413368640343144	0.312461903733063561	0.147186568057608478	0.448295453998637959	0.22889998677527868
C:	0.278092739965648903	0.431121674327812162	0.338109812402791414	0.215076308887122747	0.331462766463299295	0.0355154527935081453	0.283252146008405488	0.153352018505654487	0.013947038446132964	0.118107503385382666	0.00102706659243569843	0.0081525095741124703	0.15062345865566606	0.00263398461773595445	0.278397311869868648	0.901441182607253668	0.314928048385570286	0.251493498435065017	0.787335041829134502	0.190288463363472256	0.148800508112032496	0.0202956964795350621	0.184337393019559107
G:	0.163485297452079572	0.208583017648538005	0.0516903073699946649	0.413421056379623748	0.0344444165715526964	0.642777797770052637	0.201599922292705331	0.401950191321808732	0.936287067618234971	0.459874083225395912	0.00305293025367360308	0.108164072657520217	0.00223540924682542597	0.00108458913378761247	0.0399754282065049551	0.00620812897201498175	0.420326681663447666	0.338354157391037887	0.059640238324180689	0.123555820106090272	0.601335523623743767	0.17946849742738896	0.549400490565237754
T:	0.0589360545355973028	0.198308710126832381	0.216774194791522239	0.178557563846398719	0.404949424407086267	0.0761896525066978797	0.0610399810686311293	0.0484618934125443116	0.00909168623574147994	0.0939133654863486932	0.0393252770304597405	0.88162457310935041	0.00429481462599429291	0.967768258520047194	0.644574700359661753	0.079062587920622599	0.259574869197329978	0.288178118774091104	0.0476113512063416649	0.373693812797373911	0.102677400206615258	0.351940352094438019	0.037362129639924459



