1	GAATATTC	0.499437120426603466


A:	0.131612356320738147	0.0684039386458252796	0.110736018146028516	0.540789115921100232	0.211216091749073811	0.106340817734825626	0.294271785883267303	0.0173546489327871621	0.961002504738821543	0.978448216446169888	0.00068946818124821575	0.96456139112454641	0.0188262593146577015	0.00697745341256974106	0.00335822651328058785	0.0353860379984370977	0.280263481116625988	0.479968228622249464	0.0340740932434185971	0.505049354903922989	0.492806475437325656	0.544044915731386779
C:	0.490928718474324072	0.118332814817242017	0.232179613709866881	0.235429679854889975	0.051242953384624006	0.084535620040092797	0.253447518887266695	0.00357850432992297656	0.00215213962267150434	0.00141177028434530188	0.00215825354888043268	0.0325908871453249419	0.00131375395482710903	0.0298679022259372116	0.975708620224009274	0.298144757773724798	0.200246217546892502	0.0997436732705293683	0.0858197658184144111	0.105868292781854365	0.228107344347523739	0.100210803130520284
G:	0.187861853640501668	0.660645675054128583	0.278219214021490638	0.141509146366544226	0.481298115538207825	0.167909518047784365	0.404295855238012238	0.975708620224009273	0.0298679022259372116	0.00131375395482710903	0.0325908871453249419	0.00215825354888043268	0.00141177028434530188	0.00215213962267150434	0.00357850432992297656	0.445178642143255217	0.325865737968602104	0.154561141111165762	0.0934771347303896013	0.230038956896966398	0.159937842864977759	0.216501821700721487
T:	0.189597071564436114	0.15261757148280412	0.378865154122613965	0.0822720578574655673	0.256242839328094357	0.641214044177297212	0.047984839991453764	0.00335822651328058785	0.00697745341256974106	0.0188262593146577015	0.96456139112454641	0.00068946818124821575	0.978448216446169888	0.961002504738821543	0.0173546489327871621	0.221290562084582887	0.193624563367879406	0.265726956996055406	0.786629006207777391	0.159043395417256248	0.119148337350172847	0.13924245943737145



2	GAATAT.C.A	0.497795860910797195


A:	0.13924245943737145	0.119148337350172847	0.159043395417256248	0.786629006207777391	0.265726956996055406	0.193624563367879406	0.221290562084582887	0.00755498959373365653	0.954801892975925556	0.986868956284288259	0.00120784507451870727	0.954826545202309445	0.00560897202568190137	0.00697745341256974106	0.00341827481617911942	0.047984839991453764	0.641214044177297212	0.256242839328094357	0.0822720578574655673	0.378865154122613965	0.15261757148280412	0.189597071564436114	0.160896762590564058
C:	0.216501821700721487	0.159937842864977759	0.230038956896966398	0.0934771347303896013	0.154561141111165762	0.325865737968602104	0.445178642143255217	0.00565231744234688984	0.0121062693344199243	0.00212910206272671171	0.00172878035959702028	0.0409777307526299724	0.00222759534530997076	0.0298679022259372116	0.980925079727620482	0.404295855238012238	0.167909518047784365	0.481298115538207825	0.141509146366544226	0.278219214021490638	0.660645675054128583	0.187861853640501668	0.0421121686011083711
G:	0.100210803130520284	0.228107344347523739	0.105868292781854365	0.0858197658184144111	0.0997436732705293683	0.200246217546892502	0.298144757773724798	0.978404756814012943	0.0236221572609897395	0.00174288802430656753	0.0162316639949386616	0.00268879903859655146	0.00268214012348202193	0.00215213962267150434	0.00529046135029901282	0.253447518887266695	0.084535620040092797	0.051242953384624006	0.235429679854889975	0.232179613709866881	0.118332814817242017	0.490928718474324072	0.722587367743821958
T:	0.544044915731386779	0.492806475437325656	0.505049354903922989	0.0340740932434185971	0.479968228622249464	0.280263481116625988	0.0353860379984370977	0.00838793614990651023	0.00946968042866478012	0.00925905362867846171	0.980831710570945611	0.00150692500646403164	0.989481292505526106	0.961002504738821543	0.0103661841059013856	0.294271785883267303	0.106340817734825626	0.211216091749073811	0.540789115921100232	0.110736018146028516	0.0684039386458252796	0.131612356320738147	0.0744037010645056125



3	GAATAT.CC	0.497085988047611992


A:	0.13924245943737145	0.119148337350172847	0.159043395417256248	0.786629006207777391	0.265726956996055406	0.193624563367879406	0.221290562084582887	0.0241088627395350693	0.892092005952730419	0.978267903477730091	0.00119672154750466082	0.980091509484884992	0.0224327550145991437	0.00697745341256974106	0.0105710618810298429	0.047984839991453764	0.641214044177297212	0.256242839328094357	0.0822720578574655673	0.378865154122613965	0.15261757148280412	0.189597071564436114	0.160896762590564058
C:	0.216501821700721487	0.159937842864977759	0.230038956896966398	0.0934771347303896013	0.154561141111165762	0.325865737968602104	0.445178642143255217	0.00872343165089088607	0.0344127335204111063	0.000874157456997822528	0.00251715394693918274	0.0127567578309330095	0.00101351581570786212	0.0298679022259372116	0.932032625834072702	0.404295855238012238	0.167909518047784365	0.481298115538207825	0.141509146366544226	0.278219214021490638	0.660645675054128583	0.187861853640501668	0.0421121686011083711
G:	0.100210803130520284	0.228107344347523739	0.105868292781854365	0.0858197658184144111	0.0997436732705293683	0.200246217546892502	0.298144757773724798	0.938863069528576365	0.0460476283110429802	0.00209276740558418083	0.0798384065940909387	0.00593642098246963626	0.00178082890768442459	0.00215213962267150434	0.012280690371006635	0.253447518887266695	0.084535620040092797	0.051242953384624006	0.235429679854889975	0.232179613709866881	0.118332814817242017	0.490928718474324072	0.722587367743821958
T:	0.544044915731386779	0.492806475437325656	0.505049354903922989	0.0340740932434185971	0.479968228622249464	0.280263481116625988	0.0353860379984370977	0.0283046360809976791	0.0274476322158154947	0.0187651716596879055	0.916447717911465218	0.00121531170171236219	0.97477290026200857	0.961002504738821543	0.0451156219138908202	0.294271785883267303	0.106340817734825626	0.211216091749073811	0.540789115921100232	0.110736018146028516	0.0684039386458252796	0.131612356320738147	0.0744037010645056125



4	AATATTC..A	0.497053206901093112


A:	0.108979831129479183	0.0964221389525515048	0.255273402888178695	0.166552558240060386	0.336477753080528529	0.212531392080357947	0.0173546489327871621	0.850365903262945133	0.952061963663103921	0.00376705655498628519	0.969628309104654168	0.0102671401950370646	0.0488563445729055033	0.00780475171787646997	0.0142974464527685807	0.328562717700677167	0.336465519692200538	0.136704351211999959	0.241753186729042808	0.518689268443452134	0.186989752522866557	0.224229024016934499	0.119889798036917926
C:	0.269900670586913398	0.332213997223361928	0.629542874443515573	0.159919332844157147	0.373367986849698544	0.110408368491595728	0.00357850432992297656	0.0304405147435493301	0.0149900342868537851	0.00579228039012185155	0.0092550286169315617	0.00494472108942479486	0.0895433098994974059	0.964280690474855493	0.567547890632440191	0.239467254046345783	0.358458210316403565	0.162151784773179969	0.309219537361593367	0.086014034940454012	0.283823580247377185	0.107554929928818091	0.0431721408234283499
G:	0.190158397578063318	0.159282142008867096	0.0880073213098624149	0.198171814608320411	0.0969748735558054901	0.548005761974676452	0.975708620224009273	0.0548848677655580118	0.00363427687632387911	0.243572680544317845	0.0143146559347439477	0.00530107069172605753	0.0539985923010148332	0.00858190829522398322	0.28825161198341037	0.224231555977661359	0.0341198556103855913	0.195378213056919598	0.0979516689966477069	0.186812121307331972	0.296979632163111482	0.491574961321117075	0.327034080182538151
T:	0.430961100705544101	0.412081721815219471	0.0271764013584433172	0.475356294307462055	0.193179386513967437	0.129054477453369872	0.00335822651328058785	0.0643087142279475248	0.0293137251737184145	0.746867982510574018	0.00680200634367032294	0.979487068023812083	0.807601753226582258	0.019332649512044054	0.129903050931380858	0.207738472275315691	0.270956414381010306	0.505765650957900474	0.351075606912716118	0.208484575308761883	0.232207035066644775	0.176641084733130335	0.509903980957115573



5	CGAATAT.C	0.496897688546451326


A:	0.316739359660237907	0.13924245943737145	0.119148337350172847	0.159043395417256248	0.786629006207777391	0.265726956996055406	0.193624563367879406	0.221290562084582887	0.022379614330613191	0.924499512316668052	0.986778063363467179	0.0020831262146125334	0.949789618322593406	0.0111182544383062802	0.00697745341256974106	0.00962665823430718748	0.047984839991453764	0.641214044177297212	0.256242839328094357	0.0822720578574655673	0.378865154122613965	0.15261757148280412	0.189597071564436114
C:	0.149720788671216287	0.216501821700721487	0.159937842864977759	0.230038956896966398	0.0934771347303896013	0.154561141111165762	0.325865737968602104	0.445178642143255217	0.00514866580729801542	0.0219968338668811726	0.00153752266709576296	0.00229460355024524501	0.0436905824948846862	0.00348441888218545647	0.0298679022259372116	0.951646278872907283	0.404295855238012238	0.167909518047784365	0.481298115538207825	0.141509146366544226	0.278219214021490638	0.660645675054128583	0.187861853640501668
G:	0.200316207282726598	0.100210803130520284	0.228107344347523739	0.105868292781854365	0.0858197658184144111	0.0997436732705293683	0.200246217546892502	0.298144757773724798	0.969827966000417556	0.0436846036903963671	0.00218628956329456959	0.0189064643911139852	0.00512151267120714497	0.00217622239493075003	0.00215213962267150434	0.00736589550913335019	0.253447518887266695	0.084535620040092797	0.051242953384624006	0.235429679854889975	0.232179613709866881	0.118332814817242017	0.490928718474324072
T:	0.333223644385819207	0.544044915731386779	0.492806475437325656	0.505049354903922989	0.0340740932434185971	0.479968228622249464	0.280263481116625988	0.0353860379984370977	0.0026437538616712379	0.00981905012605440814	0.00949812440614248833	0.976715805844028236	0.00139828651131476259	0.983221104284577513	0.961002504738821543	0.0313611673836521796	0.294271785883267303	0.106340817734825626	0.211216091749073811	0.540789115921100232	0.110736018146028516	0.0684039386458252796	0.131612356320738147



