1	A.AGATAAG	0.471583893114689321


A:	0.0329934184075532126	0.283217082420870774	0.387362632173757842	0.220186142807267224	0.145264823919475365	0.233603826350916899	0.271346965723911227	0.326729547846265557	0.0746104483472185404	0.552462290125671483	0.0459422575704660432	0.865557464209272681	0.0146952025633046088	0.726706081959412257	0.539569215009358286	0.106752232535139926	0.100427422778332224	0.0612064454827650783	0.159522269151260828	0.245733186453229964	0.277719111277641923	0.127036057701881267	0.0967002558284369616
C:	0.239346434279469533	0.184004512900211929	0.112227386819686091	0.655475128512940378	0.582282514655603957	0.188825826997277304	0.115742643176384327	0.0864059013596207202	0.337175706848393621	0.0851988931065621415	0.0596505420044320596	0.0796932796565168025	0.0765015830755206136	0.125955299106620428	0.0394294904012803332	0.27345264024326015	0.362540497597168576	0.36458362514055366	0.177971511230552757	0.129141340395267856	0.170693163241223995	0.17775503760977704	0.237108678131413968
G:	0.456634964619783874	0.442145813036233058	0.119179513292867075	0.101518615757365328	0.10866594036302571	0.273729492581601135	0.130171558934014671	0.232095711702621561	0.182357366019311023	0.131957431249047245	0.85881231576221461	0.0339068682926002065	0.0187989823352847533	0.0397125508354938385	0.331768798764493986	0.573284497025324909	0.324976769928583727	0.122126892641771701	0.465973523536980464	0.458653483531965873	0.177061939716176912	0.43377082776221912	0.393845922544463149
T:	0.27102518269319338	0.0906325916426842391	0.381230467713688992	0.0228201129224270699	0.163786721061894968	0.303840854070204662	0.482738832165689775	0.354768839091492162	0.405856478785076815	0.23038138551871913	0.0355948846628872868	0.0208423878416103096	0.890004232025890024	0.107626068098473477	0.0892324958248673944	0.0465106301962750152	0.212055309695915473	0.45208303673490956	0.196532696081205951	0.166471989619536307	0.37452578576495717	0.261438076926122572	0.272345143495685922



2	AGATAAG.C	0.470866054230256334


A:	0.500574893132217086	0.152366738122490966	0.163883033769853173	0.453216201935602547	0.162465963782411596	0.326499853290499187	0.198390745620495616	0.552693147416966466	0.0242140784949431402	0.928560890776397254	0.0198633097617343972	0.843911263937006741	0.672994225252535259	0.0425542163532413638	0.14397518280303863	0.0612064454827650783	0.398045496300601663	0.221038901233677068	0.26905640348158112	0.213043159586799955	0.0819364229669230952	0.128670927565975598	0.240588940123342701
C:	0.0667099421498030058	0.474153777698074682	0.65448925185043732	0.262333970317807026	0.269960314849281656	0.0758919756212661749	0.433435762381923994	0.108070580493662845	0.0277116060188083101	0.0204908695289581046	0.0150299614034823208	0.0448288089433820927	0.0295079080197179194	0.207225214229106475	0.19255298914082537	0.36458362514055366	0.205920501389725507	0.20203876398436074	0.205441864014458807	0.429157022547623657	0.166868220034587283	0.526219673192982776	0.131931256310808375
G:	0.220345612312562332	0.307641103199981368	0.125353416227554535	0.161293616055794344	0.120054059281440172	0.231531435620830331	0.177029188818861274	0.186955996373129008	0.84535027044466321	0.0352563599445124598	0.00935898386753558814	0.0248201874500614751	0.102400718609545801	0.536047177901985966	0.509750056310917264	0.122126892641771701	0.300214111689206777	0.465147777729050308	0.160078064149379686	0.183614030603970622	0.573866509546944112	0.115093288591389818	0.442992974908967989
T:	0.212369552405417576	0.0658383809794529832	0.0562742981521549724	0.123156211690796082	0.447519662086866576	0.366076735467404307	0.191144303178719116	0.152280275716241681	0.10272404504158534	0.0156918797501321821	0.955747744967247694	0.0864397396695496916	0.195097148118201021	0.214173391515666194	0.153721771745218737	0.45208303673490956	0.0958198906204660518	0.111774557052911885	0.365423668354580386	0.174185787261605766	0.17732884745154551	0.230016110649651808	0.184486828656880936



3	CCTTATCC	0.467109324838247642


A:	0.191048838792281575	0.208099153186815075	0.204839450721213846	0.368610837983055448	0.313018952876681634	0.155581302537623425	0.490667570857646247	0.171605405589568603	0.416906654970201723	0.134105863458531341	0.0557330388102640646	0.962189698166935618	0.0240986595772707305	0.0168563952443629854	0.100908444203454887	0.283369738311782591	0.262846744004935676	0.765788699330513686	0.281858873437438103	0.402667980083685424	0.110454512889446644	0.0698364116286508803
C:	0.540936185683357887	0.538945134883482022	0.331761094494313401	0.112896170693172182	0.420480945134096873	0.416907562612214438	0.0600347598356793053	0.61840951358977729	0.511433094733744144	0.0328502497602315327	0.0265285475682117325	0.00352902424578541277	0.0370394654685536467	0.918665213215015992	0.541906685725436743	0.374289793628765116	0.380391148176828832	0.0506959924561401967	0.232850432221994587	0.133203044673239463	0.366211020854710393	0.398863540893561852
G:	0.0913510252593673349	0.162579732909501573	0.382908968249376154	0.278764292739303429	0.196036595492420169	0.0839297957066025965	0.355513824676661637	0.162658274947878341	0.0404103776720310378	0.0212272115170252871	0.0148321426545221597	0.0305842161954175046	0.0280654065670218163	0.0401926622912158968	0.0644836659051338538	0.131229854482824808	0.169254249322394206	0.0101614708341087158	0.105492837361842425	0.401888044363841542	0.301741473456251858	0.116348352438875781
T:	0.176663950264993203	0.0903759790202013303	0.0804904865350965985	0.239728698584468941	0.0704635064968013249	0.34358133914355954	0.0937838446300128103	0.0473268058727757664	0.031249872624023095	0.81181667526421184	0.902906270967002043	0.00369706139186146432	0.910796468387153807	0.0242857292494051257	0.292701204165974516	0.211110613576627484	0.187507858495841286	0.173353837379237401	0.379797856978724885	0.0622409308792335707	0.221592992799591105	0.414951695038911486



4	ACCTTATC	0.46700745789499679


A:	0.183345833520816764	0.284719060264065877	0.154499177531942044	0.327623543517136006	0.565805965187323742	0.312509640033132839	0.285355141517992062	0.490667570857646247	0.0530389941377504741	0.249875042736917974	0.106537331284161983	0.111712974926965193	0.95508276064603703	0.0139487067112814847	0.0440503605126071192	0.194167646224181185	0.295724383410216308	0.147900043886524603	0.307844813967922095	0.254219258173915968	0.373520354609690282	0.0886842989334292999
C:	0.192750459681247675	0.370892840814730428	0.625637858830558256	0.187268626320717181	0.110966910375083269	0.182785056058009956	0.282800030560713311	0.0600347598356793053	0.611920664038638736	0.529430672235690306	0.139684710648988899	0.0381606700118005895	0.0140424526082668078	0.0490132958720424161	0.923770417429697316	0.188432596550189062	0.124715834982807474	0.220902012209404859	0.330922205139878148	0.404794173243540411	0.22739212809036152	0.335952679843620967
G:	0.202203304210971367	0.125672673186788222	0.148414292077334161	0.320543575925177211	0.131171956205726374	0.250281519888941806	0.0756071356693991297	0.355513824676661637	0.175631852634504404	0.0874240416940907341	0.0198042815706942896	0.0512060904480058929	0.0197519009875101244	0.0405930298916958333	0.00980857047993336761	0.116633336429494292	0.235950435634241106	0.469398109962068454	0.0882334337252887661	0.18102155208400299	0.284536843438706001	0.218103290767849692
T:	0.421700402586964194	0.218715425734415472	0.0714486715601655381	0.164564254236969601	0.192055168231866616	0.254423784019915399	0.356237692251895497	0.0937838446300128103	0.159408489189106385	0.133270243333300986	0.733973676496154828	0.798920264613228325	0.0111228857581860376	0.896444967524980266	0.0223706515777621972	0.50076642079613546	0.343609345972735113	0.161799833942002084	0.27299954716691099	0.159965016498540631	0.114550673861242197	0.357259730455100041



5	GATAAGGC	0.466458110370187426


A:	0.152366738122490966	0.163883033769853173	0.453216201935602547	0.162465963782411596	0.326499853290499187	0.198390745620495616	0.552693147416966466	0.0388214438213924791	0.916308120466599149	0.0111535141124547263	0.786127717488148629	0.841322365470001925	0.0277878500961754444	0.14397518280303863	0.0937838446300128103	0.398045496300601663	0.221038901233677068	0.26905640348158112	0.213043159586799955	0.0819364229669230952	0.128670927565975598	0.240588940123342701
C:	0.474153777698074682	0.65448925185043732	0.262333970317807026	0.269960314849281656	0.0758919756212661749	0.433435762381923994	0.108070580493662845	0.0289612021820698403	0.0210565182770653161	0.0325644645149115411	0.0797278859222027679	0.0137216312754671546	0.215538528898397917	0.19255298914082537	0.355513824676661637	0.205920501389725507	0.20203876398436074	0.205441864014458807	0.429157022547623657	0.166868220034587283	0.526219673192982776	0.131931256310808375
G:	0.307641103199981368	0.125353416227554535	0.161293616055794344	0.120054059281440172	0.231531435620830331	0.177029188818861274	0.186955996373129008	0.873998673334474596	0.029414846042217654	0.00591139569948502761	0.0167418613602008554	0.0456525003437431576	0.541748445225029743	0.509750056310917264	0.0600347598356793053	0.300214111689206777	0.465147777729050308	0.160078064149379686	0.183614030603970622	0.573866509546944112	0.115093288591389818	0.442992974908967989
T:	0.0658383809794529832	0.0562742981521549724	0.123156211690796082	0.447519662086866576	0.366076735467404307	0.191144303178719116	0.152280275716241681	0.0582186806620630849	0.0332205152141178813	0.950370625673148705	0.117402535229447748	0.0993035029107877624	0.214925175780396896	0.153721771745218737	0.490667570857646247	0.0958198906204660518	0.111774557052911885	0.365423668354580386	0.174185787261605766	0.17732884745154551	0.230016110649651808	0.184486828656880936



