1	GAATATTC	0.499432206566558621


A:	0.198435661274841426	0.690165181897274639	0.259881064154860221	0.140617677084485804	0.137824050956646758	0.306425397629761143	0.332849732978847538	0.061693713734768149	0.844385547602567116	0.889800262692075042	0.00139852915909329898	0.744656114282963075	0.105801374617183212	0.063059221520079862	0.0163598235997986474	0.00243699720620825085	0.0390755392505730774	0.1544347950754324	0.372458651039972248	0.147865648380369172	0.0661165765535035043	0.408435219469153925
C:	0.200655302406362563	0.220326052927801549	0.163127532484818902	0.496130514755376353	0.0508201296921636877	0.527075857537708118	0.209533391081282913	0.00817615185962210947	0.0532844068011415096	0.000672038156787958187	0.00330634410213348944	0.250639012455810137	0.00372632453395378788	0.0392708240762115119	0.913770310805811094	0.694347930726809305	0.40082561491452029	0.568482864335036672	0.154717558861232961	0.10271379921427732	0.0593470796373632798	0.17915681731544309
G:	0.0654705853487526104	0.0451399388209717648	0.0361233762874706319	0.188581207557186379	0.649967017373067268	0.143444679341278573	0.44480663816985972	0.913770310805811094	0.0392708240762115119	0.00372632453395378788	0.250639012455810137	0.00330634410213348944	0.000672038156787958187	0.0532844068011415096	0.00817615185962210947	0.16748470331819849	0.294775365805776309	0.192069231998589795	0.421238234763135557	0.700574673648754737	0.236259270480756859	0.366753489721075635
T:	0.535438450970043401	0.0443688263539520473	0.540868027072850245	0.174670600602951465	0.161388801978122286	0.0230540654912521667	0.0128102377700098285	0.0163598235997986474	0.063059221520079862	0.105801374617183212	0.744656114282963075	0.00139852915909329898	0.889800262692075042	0.844385547602567116	0.061693713734768149	0.135730368748783954	0.265323480029130324	0.0850131085909411338	0.0515855553356592339	0.0488458787565987713	0.638277073328376357	0.0456544734943273506



2	G.ATATTCC	0.498580574718348305


A:	0.198435661274841426	0.690165181897274639	0.259881064154860221	0.140617677084485804	0.137824050956646758	0.306425397629761143	0.332849732978847538	0.0357757021436019664	0.844385547602567116	0.959207251673534219	0.00154601096163255835	0.963547517733894443	0.00909479711715033904	0.01516529098660291	0.00343885925672044342	0.00243699720620825085	0.0390755392505730774	0.1544347950754324	0.372458651039972248	0.147865648380369172	0.0661165765535035043	0.408435219469153925	0.0920290982992968339
C:	0.200655302406362563	0.220326052927801549	0.163127532484818902	0.496130514755376353	0.0508201296921636877	0.527075857537708118	0.209533391081282913	0.0130179212300332507	0.0532844068011415096	0.000516446585963493959	0.000943493439423447037	0.0319734580650720962	0.00183284609932355191	0.00203931708732317724	0.987592892455131394	0.694347930726809305	0.40082561491452029	0.568482864335036672	0.154717558861232961	0.10271379921427732	0.0593470796373632798	0.17915681731544309	0.0961426330746388011
G:	0.0654705853487526104	0.0451399388209717648	0.0361233762874706319	0.188581207557186379	0.649967017373067268	0.143444679341278573	0.44480663816985972	0.942543144779438386	0.0392708240762115119	0.00131037718920622027	0.285968259432113051	0.00357245439108620185	0.00100574458209115461	0.01516529098660291	0.00229138788309196381	0.16748470331819849	0.294775365805776309	0.192069231998589795	0.421238234763135557	0.700574673648754737	0.236259270480756859	0.366753489721075635	0.736131614788512097
T:	0.535438450970043401	0.0443688263539520473	0.540868027072850245	0.174670600602951465	0.161388801978122286	0.0230540654912521667	0.0128102377700098285	0.00866323184692639707	0.063059221520079862	0.0389659245512960669	0.711542236166830943	0.00090656980994725901	0.988066612201434954	0.967630100939471003	0.00667686040505619912	0.135730368748783954	0.265323480029130324	0.0850131085909411338	0.0515855553356592339	0.0488458787565987713	0.638277073328376357	0.0456544734943273506	0.0756966538375522685



3	C.G.ATATTC	0.497603805553783222


A:	0.0712745713139375297	0.198435661274841426	0.690165181897274639	0.259881064154860221	0.140617677084485804	0.137824050956646758	0.306425397629761143	0.332849732978847538	0.0345534507455703591	0.844385547602567116	0.919364483034847394	0.00262003700690428818	0.949300134423861744	0.0161943078052224319	0.0258299160090279541	0.00470085164651210069	0.00243699720620825085	0.0390755392505730774	0.1544347950754324	0.372458651039972248	0.147865648380369172	0.0661165765535035043	0.408435219469153925
C:	0.806774169818496958	0.200655302406362563	0.220326052927801549	0.163127532484818902	0.496130514755376353	0.0508201296921636877	0.527075857537708118	0.209533391081282913	0.0227921294983362589	0.0532844068011415096	0.000623139377328301167	0.00273458705400595667	0.0460025280389621188	0.00223725841219583619	0.00614155042205462622	0.978821816544977261	0.694347930726809305	0.40082561491452029	0.568482864335036672	0.154717558861232961	0.10271379921427732	0.0593470796373632798	0.17915681731544309
G:	0.0810330286733123302	0.0654705853487526104	0.0451399388209717648	0.0361233762874706319	0.188581207557186379	0.649967017373067268	0.143444679341278573	0.44480663816985972	0.930838737138722636	0.0392708240762115119	0.00188294291508868799	0.106577568813115183	0.00191717485829768836	0.000945808737998280949	0.0117211031877825391	0.00420522704474380954	0.16748470331819849	0.294775365805776309	0.192069231998589795	0.421238234763135557	0.700574673648754737	0.236259270480756859	0.366753489721075635
T:	0.0409182301942531825	0.535438450970043401	0.0443688263539520473	0.540868027072850245	0.174670600602951465	0.161388801978122286	0.0230540654912521667	0.0128102377700098285	0.0118156826173707457	0.063059221520079862	0.0781294346727356169	0.888067807125974572	0.00278016267887844908	0.980622625044583451	0.956307430381134881	0.0122721047637668291	0.135730368748783954	0.265323480029130324	0.0850131085909411338	0.0515855553356592339	0.0488458787565987713	0.638277073328376357	0.0456544734943273506



4	GAATAT.CC	0.497339818353268152


A:	0.0456544734943273506	0.638277073328376357	0.0488458787565987713	0.0515855553356592339	0.0850131085909411338	0.265323480029130324	0.135730368748783954	0.0207625902258432273	0.914844602271921293	0.973271700501772517	0.00142153923083401177	0.785792109520745527	0.0354939845082968345	0.063059221520079862	0.00959757516725143973	0.0128102377700098285	0.0230540654912521667	0.161388801978122286	0.174670600602951465	0.540868027072850245	0.0443688263539520473	0.535438450970043401	0.0409182301942531825
C:	0.366753489721075635	0.236259270480756859	0.700574673648754737	0.421238234763135557	0.192069231998589795	0.294775365805776309	0.16748470331819849	0.00647766864883959974	0.0376222962564392221	0.00227151489929865035	0.00358157985858373304	0.208751102992291332	0.00275187333239228025	0.0392708240762115119	0.931462490577978327	0.44480663816985972	0.143444679341278573	0.649967017373067268	0.188581207557186379	0.0361233762874706319	0.0451399388209717648	0.0654705853487526104	0.0810330286733123302
G:	0.17915681731544309	0.0593470796373632798	0.10271379921427732	0.154717558861232961	0.568482864335036672	0.40082561491452029	0.694347930726809305	0.963462938250743816	0.0140774422287090983	0.00167271076905018528	0.0899652185014447975	0.0033124521409484301	0.000627369175141717588	0.0532844068011415096	0.00906612993044485544	0.209533391081282913	0.527075857537708118	0.0508201296921636877	0.496130514755376353	0.163127532484818902	0.220326052927801549	0.200655302406362563	0.806774169818496958
T:	0.408435219469153925	0.0661165765535035043	0.147865648380369172	0.372458651039972248	0.1544347950754324	0.0390755392505730774	0.00243699720620825085	0.00929680287457335647	0.0334556592429303869	0.022784073829878647	0.905031662409137458	0.00214433534601471068	0.961126772984169168	0.844385547602567116	0.0498738043243253782	0.332849732978847538	0.306425397629761143	0.137824050956646758	0.140617677084485804	0.259881064154860221	0.690165181897274639	0.198435661274841426	0.0712745713139375297



5	G.ATATTC.C	0.496823821339950372


A:	0.198435661274841426	0.690165181897274639	0.259881064154860221	0.140617677084485804	0.137824050956646758	0.306425397629761143	0.332849732978847538	0.0889017775562220514	0.844385547602567116	0.914237297409128802	0.00264939526588423462	0.955481786729919219	0.0169889273511674118	0.0202994906999900288	0.00497825360715004351	0.00243699720620825085	0.0390755392505730774	0.1544347950754324	0.372458651039972248	0.147865648380369172	0.0661165765535035043	0.408435219469153925	0.0920290982992968339
C:	0.200655302406362563	0.220326052927801549	0.163127532484818902	0.496130514755376353	0.0508201296921636877	0.527075857537708118	0.209533391081282913	0.0495961802814912851	0.0532844068011415096	0.000990528209390420707	0.00193721257588534797	0.0375968683480655383	0.00563082873257315226	0.00881135594830911531	0.977784951409391023	0.694347930726809305	0.40082561491452029	0.568482864335036672	0.154717558861232961	0.10271379921427732	0.0593470796373632798	0.17915681731544309	0.0961426330746388011
G:	0.0654705853487526104	0.0451399388209717648	0.0361233762874706319	0.188581207557186379	0.649967017373067268	0.143444679341278573	0.44480663816985972	0.839291161194490773	0.0392708240762115119	0.00350124894172273195	0.35905484594202924	0.0054764738669402573	0.000722606046701838117	0.0202457126319963731	0.0045155661984634365	0.16748470331819849	0.294775365805776309	0.192069231998589795	0.421238234763135557	0.700574673648754737	0.236259270480756859	0.366753489721075635	0.736131614788512097
T:	0.535438450970043401	0.0443688263539520473	0.540868027072850245	0.174670600602951465	0.161388801978122286	0.0230540654912521667	0.0128102377700098285	0.0222108809677958903	0.063059221520079862	0.0812709254397580451	0.636358546216201178	0.00144487105507498554	0.976657637869557598	0.950643440719704483	0.012721228784995497	0.135730368748783954	0.265323480029130324	0.0850131085909411338	0.0515855553356592339	0.0488458787565987713	0.638277073328376357	0.0456544734943273506	0.0756966538375522685



