1	GAATATTC	0.49808423443440478


A:	0.187662756923843032	0.150607618916319593	0.0820049965377263483	0.600001354650795254	0.19140559521283263	0.0869653717376573839	0.389778573259233157	0.0117335687628995834	0.896705516875131026	0.950833253459046449	0.00131870834412928559	0.817480568433502844	0.044957975140653008	0.0292103792317294511	0.0107670972553193193	0.0235285912617442679	0.177539391132824397	0.312418270687506976	0.224372934603101514	0.17087323683241341	0.323179618667959987	0.0806687830809796756
C:	0.433684210177854079	0.0638055470742348418	0.377195376320826197	0.125810394515573106	0.0454185769025406939	0.30832108347291297	0.275559603988869898	0.0148209057533700076	0.0384322467063888313	0.00119784874152801647	0.0029422404776498169	0.178258482744718054	0.00301092265877252672	0.0356518571867506915	0.96267842822841109	0.519213439348570512	0.379712608510538864	0.204874626253387775	0.17642700824564715	0.269261366993897678	0.467381738308953563	0.335036699548104675
G:	0.137677011727179018	0.560635088876451552	0.0755495343103447981	0.0604992476904965385	0.29228136447611086	0.157867230985748065	0.202385506203265904	0.96267842822841109	0.0356518571867506915	0.00301092265877252672	0.178258482744718054	0.0029422404776498169	0.00119784874152801647	0.0384322467063888313	0.0148209057533700076	0.221972056772242541	0.3107399626834001	0.107864522018202324	0.258139981399518858	0.381050169329780947	0.133500622585770002	0.415254822576929353
T:	0.240976021171123871	0.224951745132994013	0.465250092831102657	0.213689003143135102	0.470894463408515816	0.446846313803681582	0.132276316548631041	0.0107670972553193193	0.0292103792317294511	0.044957975140653008	0.817480568433502843	0.00131870834412928559	0.950833253459046449	0.896705516875131026	0.0117335687628995834	0.235285912617442679	0.132008037673236638	0.374842581040902925	0.341060075751732479	0.178815226843907966	0.0759380204373164481	0.169039694793986297



2	CGAATAT.C	0.497058206153998123


A:	0.186553324833369742	0.134633271746181745	0.308469215876980124	0.160098623739020811	0.521161557616291289	0.506215421459580523	0.129772707532030968	0.0916452557268008756	0.0066980304209941803	0.961945237166782164	0.987323038687266634	0.00175839837013210421	0.836088136429677114	0.0202334130859724512	0.0292103792317294511	0.00841747941746770986	0.0233114372147908471	0.337903530946306148	0.174649036007857381	0.10116067068822033	0.12204242526940824	0.129177521101312287	0.331194870048265911
C:	0.300042970733074627	0.369031719010055586	0.144778078265699079	0.316206810042833173	0.111454877387550419	0.060715063683149252	0.526631177130140787	0.641723705603222702	0.00657737160099634102	0.0127421693250820408	0.00112352236030465362	0.00122729403973958315	0.160733435649283141	0.00209746222596012622	0.0356518571867506915	0.972035358778602629	0.477068733724324333	0.249486797053701618	0.425770225266371651	0.283295764423308921	0.349109695769516188	0.484108640411104631	0.226164058870298962
G:	0.11013595647301864	0.149520607886632189	0.348805359626686862	0.229809754136879221	0.255419303522653916	0.168648343416599878	0.222569653959358928	0.259711356011111767	0.98412979127936542	0.0198302745092797043	0.00381609462555125285	0.0492590116305064011	0.00244567021491032868	0.00119014642990135858	0.0384322467063888313	0.00712331357991436603	0.228071828602218791	0.312956827515930296	0.0614439560038069598	0.251770314842023914	0.433168991272321585	0.0564304815988355436	0.343558752576736294
T:	0.403267747960536992	0.34681440135713048	0.197947346230633935	0.293884812081266795	0.111964261473504376	0.264421171440670347	0.121026461378469317	0.00691968265886465538	0.00259480669864405874	0.00548231899885609137	0.00773734432687745991	0.947755295959621912	0.000732757706129416353	0.976478978258166064	0.896705516875131026	0.0124238482240152954	0.271548000458666028	0.0996528444840619382	0.338136782721964008	0.363773250046446835	0.095678887688753987	0.330283356888747538	0.0990823185046988339



3	GAATAT.CC	0.496508742035857164


A:	0.134633271746181745	0.308469215876980124	0.160098623739020811	0.521161557616291289	0.506215421459580523	0.129772707532030968	0.0916452557268008756	0.0357716893870396958	0.868507464137074554	0.958210448750690944	0.00295774560020654378	0.935726381223549566	0.0255859889338627	0.0292103792317294511	0.00583817940904241417	0.0233114372147908471	0.337903530946306148	0.174649036007857381	0.10116067068822033	0.12204242526940824	0.129177521101312287	0.331194870048265911	0.127555624069258729
C:	0.369031719010055586	0.144778078265699079	0.316206810042833173	0.111454877387550419	0.060715063683149252	0.526631177130140787	0.641723705603222702	0.0276590540738823419	0.0288142213808358793	0.00037395238457688119	0.00118529212866588824	0.0574522138814307485	0.00219581606286945718	0.0356518571867506915	0.960336134176810741	0.477068733724324333	0.249486797053701618	0.425770225266371651	0.283295764423308921	0.349109695769516188	0.484108640411104631	0.226164058870298962	0.0243755900887133301
G:	0.149520607886632189	0.348805359626686862	0.229809754136879221	0.255419303522653916	0.168648343416599878	0.222569653959358928	0.259711356011111767	0.929893191814847912	0.0658018101642686334	0.00326855381003872947	0.259998734226716262	0.00492588729509000867	0.00074842457784157805	0.0384322467063888313	0.0102889530827392334	0.228071828602218791	0.312956827515930296	0.0614439560038069598	0.251770314842023914	0.433168991272321585	0.0564304815988355436	0.343558752576736294	0.669939519993608072
T:	0.34681440135713048	0.197947346230633935	0.293884812081266795	0.111964261473504376	0.264421171440670347	0.121026461378469317	0.00691968265886465538	0.00667606472423005001	0.0368765043178209337	0.0381470450546934456	0.735858228044411306	0.00189551759992967665	0.971469770425426265	0.896705516875131026	0.0235367333314076112	0.271548000458666028	0.0996528444840619382	0.338136782721964008	0.363773250046446835	0.095678887688753987	0.330283356888747538	0.0990823185046988339	0.178129265848419869



4	C.G.ATATTC	0.496200260120840948


A:	0.178129265848419869	0.0990823185046988339	0.330283356888747538	0.095678887688753987	0.363773250046446835	0.338136782721964008	0.0996528444840619382	0.271548000458666028	0.0171413418488838527	0.896705516875131026	0.937919892492764127	0.00296705382611123037	0.850654774772731995	0.0267501638800070331	0.0392293703355072787	0.0111518059049241951	0.00691968265886465538	0.121026461378469317	0.264421171440670347	0.111964261473504376	0.293884812081266795	0.197947346230633935	0.34681440135713048
C:	0.669939519993608072	0.343558752576736294	0.0564304815988355436	0.433168991272321585	0.251770314842023914	0.0614439560038069598	0.312956827515930296	0.228071828602218791	0.0465859914271587711	0.0384322467063888313	0.000778017079493669306	0.00478874169725639577	0.140191972087297188	0.00779651935848830996	0.0532676370017643519	0.942657761745993811	0.259711356011111767	0.222569653959358928	0.168648343416599878	0.255419303522653916	0.229809754136879221	0.348805359626686862	0.149520607886632189
G:	0.0243755900887133301	0.226164058870298962	0.484108640411104632	0.349109695769516188	0.283295764423308921	0.425770225266371651	0.249486797053701618	0.477068733724324333	0.922574060080189675	0.0356518571867506915	0.00426948255296248258	0.169256952327634477	0.00463690240760258688	0.00124901056554386842	0.0518040116680053358	0.0202437765664657648	0.641723705603222702	0.526631177130140787	0.060715063683149252	0.111454877387550419	0.316206810042833173	0.144778078265699079	0.369031719010055586
T:	0.127555624069258729	0.331194870048265911	0.129177521101312287	0.12204242526940824	0.10116067068822033	0.174649036007857381	0.337903530946306148	0.0233114372147908471	0.0136986066437677014	0.0292103792317294511	0.057032607874779721	0.822987252148997897	0.00451635073236823036	0.964204306195960789	0.855698980994723034	0.0259466557826162291	0.0916452557268008756	0.129772707532030968	0.506215421459580523	0.521161557616291289	0.160098623739020811	0.308469215876980124	0.134633271746181745



5	G.ATATTCC	0.49596545167185262


A:	0.0990823185046988339	0.330283356888747538	0.095678887688753987	0.363773250046446835	0.338136782721964008	0.0996528444840619382	0.271548000458666028	0.0509855566709892438	0.896705516875131026	0.935587233329049196	0.00168552623946762569	0.920328154454721268	0.0270027700631136355	0.162866576910087648	0.00899978304943827683	0.00691968265886465538	0.121026461378469317	0.264421171440670347	0.111964261473504376	0.293884812081266795	0.197947346230633935	0.34681440135713048	0.403267747960536992
C:	0.343558752576736294	0.0564304815988355436	0.433168991272321585	0.251770314842023914	0.0614439560038069598	0.312956827515930296	0.228071828602218791	0.0557840016936950963	0.0384322467063888313	0.000828342959125943034	0.00213637928750578551	0.0757368592670958484	0.00274149378490062992	0.022169736943999166	0.94137636508117736	0.259711356011111767	0.222569653959358928	0.168648343416599878	0.255419303522653916	0.229809754136879221	0.348805359626686862	0.149520607886632189	0.11013595647301864
G:	0.226164058870298962	0.484108640411104632	0.349109695769516188	0.283295764423308921	0.425770225266371651	0.249486797053701618	0.477068733724324333	0.877251761045757665	0.0356518571867506915	0.00182945360550517106	0.417318687148656755	0.0013919710662891608	0.000479637497840889634	0.0326524145734140987	0.00747313579119654871	0.641723705603222702	0.526631177130140787	0.060715063683149252	0.111454877387550419	0.316206810042833173	0.144778078265699079	0.369031719010055586	0.300042970733074627
T:	0.331194870048265911	0.129177521101312287	0.12204242526940824	0.10116067068822033	0.174649036007857381	0.337903530946306148	0.0233114372147908471	0.0159786805895579947	0.0292103792317294511	0.0617549701063196903	0.578859407324369834	0.00254301521189372235	0.969776098654144845	0.782311271572499087	0.0421507160781878148	0.0916452557268008756	0.129772707532030968	0.506215421459580523	0.521161557616291289	0.160098623739020811	0.308469215876980124	0.134633271746181745	0.186553324833369742



