1	GAATATTC	0.491687063129809707


A:	0.151700810969046266	0.427002688317493733	0.179998234037496168	0.00747484681838621245	0.0251698313771900562	0.594154534899308754	0.547646869194050246	0.0739299682355053116	0.85201870321828289	0.859394284141956969	0.0160038563671109787	0.884165159636823316	0.103891585472843053	0.0706025966226561875	0.0269453396714499847	0.0100035835293841031	0.0822604521653270196	0.0302243958314019779	0.0919112600904709577	0.0931473213800995496	0.0595056758846928969	0.302135009001024238
C:	0.23532748348110933	0.212547526736230564	0.0559757583237333584	0.927165713108549409	0.0557872696577799106	0.253759029444873628	0.229905653215905443	0.0491051584406743205	0.0256074274096466611	0.0194358733965796542	0.0525736453899504258	0.0472573386061152798	0.0172782569886203229	0.051771272749414261	0.850019533652370383	0.303141111894254117	0.463078449318861645	0.347260775919848767	0.16734945312272389	0.0320281219798520849	0.074353818966653987	0.194276481233004772
G:	0.164011559274398725	0.275678021588217131	0.495956021691688079	0.0295377398570369492	0.850464036183438185	0.0433061941557271397	0.180539775623930521	0.850019533652370383	0.051771272749414261	0.0172782569886203229	0.0472573386061152798	0.0525736453899504258	0.0194358733965796542	0.0256074274096466611	0.0491051584406743205	0.0703152887253609283	0.121024144465194578	0.155531917487133115	0.591941836001633236	0.649424430750067497	0.28323047901140206	0.242038856667279152
T:	0.448960146275445679	0.084771763358058572	0.268069985947082394	0.0358217002160274297	0.0685788627815918484	0.108780241500090478	0.0419077019661137898	0.0269453396714499847	0.0706025966226561875	0.103891585472843053	0.884165159636823316	0.0160038563671109787	0.859394284141956969	0.85201870321828289	0.0739299682355053116	0.616540015851000851	0.333636954050616757	0.46698291076161614	0.148797450785171916	0.225400125889980868	0.582910026137251056	0.261549653098691839



2	G.ATATTCC	0.471224378381061095


A:	0.0872104248935555655	0.589651091850906599	0.294139940477381167	0.0457168876439831476	0.115120076530547344	0.158982250281332322	0.57045347263404482	0.163019131922097021	0.85201870321828289	0.692902622864144166	0.0603736361939004001	0.823822306888998225	0.0891678089987303172	0.0651125708961920287	0.0469535202005794173	0.0516138424662574545	0.0518899977447364186	0.188461162390142595	0.426363921347931076	0.204931449019237833	0.115898453876381669	0.637329038401923669	0.114720789206089032
C:	0.272732871183707197	0.127495608064365088	0.174971841653711195	0.379671414157539064	0.0555407181376636123	0.48014440070980994	0.328535489356584224	0.12562058561640211	0.0256074274096466611	0.0561274313543502877	0.175390161560609818	0.0834155717476037173	0.0293671315701616557	0.045786529105809234	0.861799289547274801	0.528761443105796765	0.323137565933775134	0.339179971040915688	0.161907746199995398	0.141971619565893465	0.0855678896026608079	0.168031516568775507	0.112342509317101211
G:	0.052082265302329381	0.132671939407873098	0.0531545323451076792	0.35995253693759825	0.749890395291828772	0.230992905855452372	0.0843452988165569082	0.674336932919682277	0.051771272749414261	0.0376839202691253242	0.0404727880687727699	0.038718078637310301	0.0259818481120047929	0.0558160665801178168	0.0351036574760414368	0.111650507273351378	0.163440436647973299	0.213537787686444689	0.334561877896609581	0.22635090069425991	0.030831512502369186	0.127393906737780781	0.699021624232505382
T:	0.587974438620407857	0.150181360676855215	0.477733685523799958	0.214659161260879539	0.0794488100399602723	0.129880443153405366	0.016665739192814048	0.0370233495418185921	0.0706025966226561875	0.213286025512380222	0.723763414176717012	0.0540440427260877568	0.855483211319103234	0.83328483341788092	0.0561435327761043444	0.307974207154594402	0.461531999673515149	0.258821078882497028	0.0771664545554639452	0.426746030720608792	0.767702144018588338	0.0672455382915200431	0.0739150772443043752



3	AATATTCT	0.468795618306882014


A:	0.427002688317493733	0.179998234037496168	0.00747484681838621245	0.0251698313771900562	0.594154534899308754	0.547646869194050246	0.0739299682355053116	0.875716664462068276	0.885795343155335089	0.0214053100053383705	0.920306907212239749	0.0190013261388774633	0.0431891903144591186	0.0162612543392940505	0.0100035835293841031	0.0822604521653270196	0.0302243958314019779	0.0919112600904709577	0.0931473213800995496	0.0595056758846928969	0.302135009001024238	0.363357033875451447
C:	0.212547526736230564	0.0559757583237333584	0.927165713108549409	0.0557872696577799106	0.253759029444873628	0.229905653215905443	0.0491051584406743205	0.0196560665746839675	0.00507128433537787811	0.0858279800347741801	0.00761341915423144221	0.0207646640560199201	0.0612288927707338375	0.935695271016526991	0.303141111894254117	0.463078449318861645	0.347260775919848767	0.16734945312272389	0.0320281219798520849	0.074353818966653987	0.194276481233004772	0.0380636529524610559
G:	0.275678021588217131	0.495956021691688079	0.0295377398570369492	0.850464036183438185	0.0433061941557271397	0.180539775623930521	0.850019533652370383	0.0369104594220284448	0.0131196312332154963	0.0146952092868445441	0.0611343955708492325	0.0250159391262740696	0.0177153796361023533	0.015480097706075069	0.0703152887253609283	0.121024144465194578	0.155531917487133115	0.591941836001633236	0.649424430750067497	0.28323047901140206	0.242038856667279152	0.287412333550824544
T:	0.084771763358058572	0.268069985947082394	0.0358217002160274297	0.0685788627815918484	0.108780241500090478	0.0419077019661137898	0.0269453396714499847	0.0677168095412193119	0.096013741276071537	0.878071500673042905	0.0109452780626795768	0.935218070678828547	0.877866537278704691	0.0325633769381038897	0.616540015851000851	0.333636954050616757	0.46698291076161614	0.148797450785171916	0.225400125889980868	0.582910026137251056	0.261549653098691839	0.311166979621262953



4	AG.ATATTC	0.464669876089797674


A:	0.11730391965951726	0.0872104248935555655	0.589651091850906599	0.294139940477381167	0.0457168876439831476	0.115120076530547344	0.158982250281332322	0.57045347263404482	0.250604276834082506	0.85201870321828289	0.865313875570075516	0.0289127219093606246	0.903341407087567454	0.102241819444738141	0.0313851466280849775	0.0304243142886079822	0.0516138424662574545	0.0518899977447364186	0.188461162390142595	0.426363921347931076	0.204931449019237833	0.115898453876381669	0.637329038401923669
C:	0.744605595050152848	0.272732871183707197	0.127495608064365088	0.174971841653711195	0.379671414157539064	0.0555407181376636123	0.48014440070980994	0.328535489356584224	0.0153315264685220457	0.0256074274096466611	0.0210548642225929537	0.0483607730405697524	0.0247336522561877406	0.0276773845164850402	0.0494601041079105719	0.789950101879836305	0.528761443105796765	0.323137565933775134	0.339179971040915688	0.161907746199995398	0.141971619565893465	0.0855678896026608079	0.168031516568775507
G:	0.0232131372890787646	0.052082265302329381	0.132671939407873098	0.0531545323451076792	0.35995253693759825	0.749890395291828772	0.230992905855452372	0.0843452988165569082	0.686024966946932917	0.051771272749414261	0.0259020717780117969	0.0395652010299092275	0.0338945877263374069	0.0174719482755896893	0.0546091955348894527	0.064740759206814905	0.111650507273351378	0.163440436647973299	0.213537787686444689	0.334561877896609581	0.22635090069425991	0.030831512502369186	0.127393906737780781
T:	0.114877348001251128	0.587974438620407857	0.150181360676855215	0.477733685523799958	0.214659161260879539	0.0794488100399602723	0.129880443153405366	0.016665739192814048	0.0480392297504625314	0.0706025966226561875	0.087729188429319733	0.883161304020160396	0.0380303529299073985	0.85260884776318713	0.864545553729114998	0.114884824624740808	0.307974207154594402	0.461531999673515149	0.258821078882497028	0.0771664545554639452	0.426746030720608792	0.767702144018588338	0.0672455382915200431



5	AATATTC..C	0.463268817204301075


A:	0.427002688317493733	0.179998234037496168	0.00747484681838621245	0.0251698313771900562	0.594154534899308754	0.547646869194050246	0.0739299682355053116	0.776852676661259252	0.675810179033872163	0.0687291266650320518	0.818001150339371423	0.0503401157442565823	0.0266533406361644797	0.0602750999345727625	0.0100035835293841031	0.0822604521653270196	0.0302243958314019779	0.0919112600904709577	0.0931473213800995496	0.0595056758846928969	0.302135009001024238	0.363357033875451447	0.0288342828023168248
C:	0.212547526736230564	0.0559757583237333584	0.927165713108549409	0.0557872696577799106	0.253759029444873628	0.229905653215905443	0.0491051584406743205	0.0526605315541593411	0.025002995652808657	0.0928423126792621601	0.106411936526817033	0.0208551227967405457	0.0620110441908410746	0.761135199247049735	0.303141111894254117	0.463078449318861645	0.347260775919848767	0.16734945312272389	0.0320281219798520849	0.074353818966653987	0.194276481233004772	0.0380636529524610559	0.262949846576736227
G:	0.275678021588217131	0.495956021691688079	0.0295377398570369492	0.850464036183438185	0.0433061941557271397	0.180539775623930521	0.850019533652370383	0.0815914803917761734	0.024640308848890028	0.0469697495817300002	0.0470776445763449672	0.0294418506102698271	0.0380888753245485936	0.0889011627500101751	0.0703152887253609283	0.121024144465194578	0.155531917487133115	0.591941836001633236	0.649424430750067497	0.28323047901140206	0.242038856667279152	0.287412333550824544	0.371859037889943762
T:	0.084771763358058572	0.268069985947082394	0.0358217002160274297	0.0685788627815918484	0.108780241500090478	0.0419077019661137898	0.0269453396714499847	0.0888953113928052336	0.274546516464429152	0.791458811073975788	0.0285092685574665767	0.899362910848733045	0.873246739848445852	0.0896885380683673275	0.616540015851000851	0.333636954050616757	0.46698291076161614	0.148797450785171916	0.225400125889980868	0.582910026137251056	0.261549653098691839	0.311166979621262953	0.336356832731003187



