1	AGATTCGC	0.494579443868227392


A:	0.431431008133017094	0.231306179857019068	0.238676859924188801	0.259159694585258129	0.530123765915666792	0.192048143516011218	0.564246726414504289	0.945695662673940648	0.00154019860519889841	0.993002999036727501	0.0366285811881971118	0.395019771018550677	0.000474724595546037263	0.00731548442727289636	0.0465879123974589704	0.156225062904035283	0.336047220754346611	0.279670100797195733	0.292624777650968776	0.14571268885330213	0.16271387798754542	0.363250717217155859
C:	0.0410181313961888132	0.24152964258568801	0.0518507521830743076	0.174374067428026924	0.0713165759985413517	0.153059182239163084	0.162107228725832542	0.00276256574056236037	0.000891403426276335372	0.00179223048051440511	0.00120685574594902802	0.0809418479125732402	0.878433159209173614	0.0314849976774757756	0.550451293737221444	0.224042110738034709	0.260089076415850888	0.323825194621454521	0.211606036340522549	0.502351440333767068	0.277061304124677897	0.126277484705614223
G:	0.180117751627705126	0.0440642559628058404	0.101173490049749495	0.251729266603048983	0.220887365843347832	0.340188236612238111	0.117267422997686263	0.034594392258548645	0.984897716946558895	0.00157286999691125378	0.000525679130203669633	0.000658915345546316753	0.0015774438865545658	0.854561041946126987	0.384480494769991005	0.0868331640298046195	0.160480603173174139	0.225364592122101888	0.217665723696253877	0.13252080274358161	0.139364604655473316	0.399074770021813016
T:	0.347433108843088967	0.483099921594487081	0.608298897842987397	0.314736971383665963	0.177672292242444024	0.314704437632587587	0.156378621861976906	0.0169473793269483462	0.0126706810219658709	0.00363190048584684039	0.961638883935650191	0.523379465723329766	0.119514672308725783	0.106638475949124341	0.0184802990953285806	0.532899662328125389	0.243383099656628362	0.171140112459247858	0.278103462312254798	0.219415068069349193	0.420860213232303367	0.111397028055416903



2	A.CGAATCT	0.494369536227589272


A:	0.164531855482882196	0.0740044088529376523	0.533293764050245323	0.145840916175785948	0.298748197885314519	0.319627046780722713	0.177300106733035674	0.831495962779638267	0.0925319912355184312	0.07649826006579663	0.15242884247743162	0.742748671191621693	0.98448367641452027	0.00235316412483694436	0.0131033920314289008	0.040037479798923215	0.412292410451864538	0.25749151527078618	0.545293190854971044	0.29622412572413594	0.691079485565017663	0.177322188182732926	0.486641985282106148
C:	0.0579934832846430527	0.359523699944968627	0.0917748039070606623	0.118191578919988072	0.232291091408833852	0.319550612562120795	0.148413246985237196	0.0213339204429870865	0.228834275368342746	0.908262933109883228	0.00216476571803462312	0.00100845003063942352	0.00120350556528137402	0.0043770697645169349	0.983453827531186246	0.0107501395253583238	0.136338734869007105	0.14293845312962797	0.199999396692090277	0.0844019267839691942	0.0859075000723573264	0.390499268592042759	0.128065123623257653
G:	0.48674711543118835	0.200521189898759697	0.308152100130211661	0.347691434716405428	0.186407280953033048	0.195715663987971724	0.259582435497733843	0.116389225030624731	0.379815914563000992	0.00989880398957298844	0.844416546900261078	0.106436818234439453	0.000662725252932793742	0.000948682673326868181	0.000672675362281475901	0.00550977628139697812	0.181007338569068007	0.413880153556959172	0.159017137883604476	0.342709846600988227	0.0436633005916840081	0.248255519669601013	0.0464088594059776154
T:	0.290727545801286402	0.365950701303334024	0.0667793319124823536	0.388276070187820552	0.282553429752818581	0.165106676669184768	0.414704210783993287	0.030780891746749915	0.298817818833137831	0.0053400028347471539	0.000989844904272678501	0.149806060543299431	0.0136500927672655625	0.992321083437319253	0.00277010507510337716	0.943702604394321483	0.270361516110060349	0.185689878042626678	0.0956902745693342034	0.276664100890906639	0.179349713770941003	0.183923023555623301	0.338884031688658583



3	AAGATCTT	0.494252703303214339


A:	0.117437763157035378	0.228977886697388991	0.0489507117164539957	0.233642145966641714	0.268350272923825365	0.311030559852225984	0.155851268038409598	0.803237001791668743	0.864646586062551369	0.058167306545716753	0.989560084983928292	0.00386479492264642603	0.0186117343374555807	0.00197315797557884792	0.0364881701399792175	0.0696211368425930641	0.188594179857298916	0.160579153155249929	0.517951991934303252	0.22226941206596904	0.32162466127187451	0.295426812264425057
C:	0.513157476831389401	0.264336315288742356	0.309244966835840721	0.222116567088795557	0.0896353695571811329	0.103006825859733502	0.142453790755023208	0.0360416355428826032	0.00471089076167591741	0.00033344890683605869	0.0029046544265506187	0.00367046566687466274	0.922887510209991608	0.128669365200193866	0.124233192525469436	0.433157615130727496	0.11166216196760555	0.536800994896119321	0.214250668110282756	0.33794476780325825	0.121036157066178632	0.159630143540583327
G:	0.177609563665378218	0.25775824202743503	0.153753735976215738	0.0735318912877304892	0.0562982141719990093	0.336838304621811159	0.64368619581708282	0.124233192525469436	0.128669365200193866	0.922887510209991608	0.00367046566687466274	0.0029046544265506187	0.00033344890683605869	0.00471089076167591741	0.0360416355428826032	0.0949275538608312953	0.0906687082855755219	0.162292677001978866	0.0786546733409000633	0.230913275357495577	0.231007669134340457	0.433548022770085509
T:	0.191795196346197003	0.248927555986433623	0.488050585471489546	0.47070939565683224	0.585716143346994493	0.249124309666229355	0.0580087453894843742	0.0364881701399792175	0.00197315797557884792	0.0186117343374555807	0.00386479492264642603	0.989560084983928293	0.058167306545716753	0.864646586062551369	0.803237001791668743	0.402293694165848144	0.609074949889520013	0.140327174946651883	0.189142666614513929	0.208872544773277132	0.326331512527606402	0.111395021424906107



4	A..AGATTCG	0.494145923877255367


A:	0.125613518729344852	0.335312064666942284	0.350600317017502176	0.0869526361386366763	0.180752644898631861	0.242803374320101009	0.489544257640780694	0.175964817410085923	0.474017785352698914	0.925028844512153233	0.00123796855948877727	0.990821794889583268	0.0234088470812693004	0.171171338614422125	0.00144967144546664676	0.00527303591237625534	0.0465879123974589704	0.030780891746749915	0.361823328117188543	0.185787094079435726	0.269044297862990665	0.269872981629799778	0.0842645506143071355
C:	0.29455781265742962	0.21329485623555227	0.238701848791530086	0.291368471232208069	0.33841793090171299	0.453281454586054977	0.0504425524251364831	0.143086000257866923	0.0401762089738870515	0.00506121775292671155	0.000895974237334195032	0.00166648727844691385	0.00206958332958439193	0.143243395391917724	0.878460916625149565	0.00511669020895405266	0.550451293737221444	0.116389225030624731	0.147880056391255811	0.194187436688459962	0.289833763094721786	0.328266023193619277	0.238430648900889555
G:	0.356327853511944838	0.196142843708496345	0.110058578354639229	0.215696911006812127	0.167969786068540746	0.145427109184680784	0.105689930708575434	0.277070821043591171	0.218065654417112455	0.0402054585697895487	0.975987360740996833	0.00213024173197576815	0.000708699216722919791	0.00199200884312622929	0.00295002016281473338	0.657581666966419923	0.384480494769991005	0.0213339204429870865	0.237144418226015785	0.510722580978064767	0.285395646431863134	0.221965489883502815	0.0944262481445654464
T:	0.22350081510128069	0.255250235389009101	0.300639255836328509	0.405981981622343128	0.312859638131114403	0.15848806190916323	0.354323259225507389	0.403878361288455983	0.26774035125630158	0.0297044791651305063	0.0218786964621801951	0.00538147609999405009	0.973812870372423388	0.683593257150533922	0.117139391766569055	0.332028606912249769	0.0184802990953285806	0.831495962779638267	0.253152197265539861	0.109302888254039545	0.155726292610424416	0.17989550529307813	0.582878552340237863



5	AAGAT.CGC	0.493807724601175483


A:	0.251653191069756988	0.431431008133017094	0.231306179857019068	0.238676859924188801	0.259159694585258129	0.530123765915666792	0.192048143516011218	0.564246726414504289	0.877419408792917733	0.0146784964144999318	0.982608581758494526	0.0126991143193552182	0.395019771018550677	0.00480677343857736583	0.032787553889093522	0.0679388661155590594	0.156225062904035283	0.336047220754346611	0.279670100797195733	0.292624777650968776	0.14571268885330213	0.16271387798754542	0.363250717217155859
C:	0.12914201145836224	0.0410181313961888132	0.24152964258568801	0.0518507521830743076	0.174374067428026924	0.0713165759985413517	0.153059182239163084	0.162107228725832542	0.0191314947785483054	0.0015261699800819168	0.00534817112698542666	0.00320713456759233265	0.0809418479125732402	0.839380577524056744	0.0446062852785808987	0.448441630727982783	0.224042110738034709	0.260089076415850888	0.323825194621454521	0.211606036340522549	0.502351440333767068	0.277061304124677897	0.126277484705614223
G:	0.132715068723747978	0.180117751627705126	0.0440642559628058404	0.101173490049749495	0.251729266603048983	0.220887365843347832	0.340188236612238111	0.117267422997686263	0.0652080160320997437	0.948470787442531591	0.00209984066858427248	0.00281077133689837594	0.000658915345546316753	0.0065473292176048973	0.783669418976048966	0.464696969983851756	0.0868331640298046195	0.160480603173174139	0.225364592122101888	0.217665723696253877	0.13252080274358161	0.139364604655473316	0.399074770021813016
T:	0.486489728748132794	0.347433108843088967	0.483099921594487081	0.608298897842987397	0.314736971383665963	0.177672292242444024	0.314704437632587587	0.156378621861976906	0.0382410803964342182	0.0353245461628865607	0.00994340644593577466	0.981282979776154073	0.523379465723329766	0.149265319819760993	0.138936741856276613	0.0189225331726064014	0.532899662328125389	0.243383099656628362	0.171140112459247858	0.278103462312254798	0.219415068069349193	0.420860213232303367	0.111397028055416903



