1	G.G.ATATTC	0.493945080995653892


A:	0.0567143869571440103	0.0232391326488311077	0.544637168237397666	0.328580848463708086	0.105204051440574335	0.102631122138738423	0.0434440947289288189	0.0746177536612215701	0.0234288115732536327	0.580765554002783292	0.966465102419462814	0.00502824451240142894	0.896366462346205165	0.0105713416894634559	0.00634695555936653753	0.00194476191400211419	0.00736532596831682674	0.03764548394663668	0.190680905173683468	0.13904291940827248	0.157846288353009047	0.281888165284073248	0.106849224445638065
C:	0.891239322034189071	0.839676937994528189	0.0520794721542451691	0.251336171460376539	0.4224652748631391	0.0619296324616170082	0.152441763168888381	0.152584545038341024	0.0244445199434964265	0.0884526684012406935	0.00263066164120423574	0.00761983132113474493	0.0939582180342044171	0.00659857224162847099	0.0434431889555354018	0.971431851916822225	0.593529039188488618	0.376059456105696369	0.537835457457938124	0.192909436607744468	0.224863371523171318	0.349691151851912746	0.309949957997879526
G:	0.0169104536786874426	0.0692773661716129351	0.251173038950454918	0.265717072709469483	0.281097801285501572	0.679994460063549793	0.711491187449224206	0.758738861842607804	0.943353964798983547	0.298286457110917999	0.00222200786229985904	0.199794417976459538	0.00525140117615734977	0.00212705443131276087	0.0314058029811842	0.00836299719883663816	0.284119797226476971	0.53476311657392861	0.081581298862813045	0.416062080749020691	0.438347952143805153	0.15592487796943035	0.496818240267856987
T:	0.0351358373299794762	0.0678065631850277686	0.152110320657902247	0.154365907366445892	0.191232872410784992	0.155444785336094775	0.0926229546529585938	0.0140588394578296016	0.00877270368426639421	0.0324953204850580149	0.0286822280770330911	0.787557506190004289	0.00442391844343306797	0.980703031637595312	0.918804052503913861	0.0182603889703390229	0.114985837616717585	0.0515319433737383415	0.189902338505565364	0.251985563234962361	0.178942387980014481	0.212495804894583655	0.0863825772886254225



2	GAGATTCC	0.493545021238763212


A:	0.238341960770688832	0.3351431796452981	0.0959763821174052655	0.437198000752683715	0.135887433303863505	0.142809013556222958	0.0147569976989773239	0.27231446363583632	0.713734277944410094	0.0129493838905609834	0.945827903226456503	0.163293583544078393	0.052874649596373531	0.00650173770968864234	0.00470583375941259775	0.154683144554369259	0.0692323068257464723	0.115802236206809453	0.0721040350094234797	0.241417196945423866	0.15337936235504928	0.0759197220268357186
C:	0.119668170424355059	0.17564656798056585	0.377655806203548839	0.194215913931988728	0.196435136786086373	0.25907212329856393	0.677347946146921061	0.137147366945267192	0.133726135208708277	0.00669055480399583588	0.0070185491987916088	0.00297266967511054854	0.0186558808394148556	0.978501474227339963	0.561430539378272202	0.519401976969143953	0.698304135940358062	0.287096912016384598	0.600214905769319713	0.112396020220028951	0.304696839673051385	0.319883101942180644
G:	0.566531756421171331	0.231005693857546247	0.207086303303599096	0.310810126983110409	0.401838180530675947	0.342234150575355177	0.193829137031173476	0.537962477770519527	0.0835736573269429828	0.696559563520396127	0.0423215968293373344	0.00540395847654944214	0.061920805930421655	0.00546159655626994239	0.2739661954838574	0.187533714533493466	0.211273430953808151	0.487908664712929632	0.177332238887755691	0.564204115888988769	0.480069203883033439	0.445837976359097454
T:	0.0754581123837847775	0.258204558516589803	0.319281508375446799	0.0577759583322171476	0.265839249379374175	0.255884712569857935	0.114065919122928139	0.0525756916483769599	0.0689659295199386459	0.283800497785047054	0.00483195074541455359	0.828329788304261617	0.866548663633789958	0.0095351915067014526	0.159897431378457801	0.138381163942993322	0.0211901262800873147	0.109192187063876317	0.150348820333501117	0.0819826669455584141	0.061854594088865895	0.158359199671886183



3	GAATAT.CC	0.492372326764458932


A:	0.0863825772886254225	0.212495804894583655	0.178942387980014481	0.251985563234962361	0.189902338505565364	0.0515319433737383415	0.114985837616717585	0.0056093237368005063	0.951270586647878203	0.989270389779816311	0.0020581811316507725	0.915704548007708835	0.0109712182997665265	0.0324953204850580149	0.0172719048912184307	0.0140588394578296016	0.0926229546529585938	0.155444785336094775	0.191232872410784992	0.154365907366445892	0.152110320657902247	0.0678065631850277686	0.0351358373299794762
C:	0.496818240267856987	0.15592487796943035	0.438347952143805153	0.416062080749020691	0.081581298862813045	0.53476311657392861	0.284119797226476971	0.00832631925213295926	0.0239112173738084602	0.00194183612725106655	0.00290551536100100993	0.0736238508292695256	0.00250223314875250645	0.298286457110917999	0.953954668828607243	0.758738861842607804	0.711491187449224206	0.679994460063549793	0.281097801285501572	0.265717072709469483	0.251173038950454918	0.0692773661716129351	0.0169104536786874426
G:	0.309949957997879526	0.349691151851912746	0.224863371523171318	0.192909436607744468	0.537835457457938124	0.376059456105696369	0.593529039188488617	0.9793361419112259	0.0186196166474616964	0.00254589991184903618	0.129706804236876701	0.00711341181349291162	0.00165439905438985104	0.0884526684012406935	0.0166116646261743761	0.152584545038341024	0.152441763168888381	0.0619296324616170082	0.4224652748631391	0.251336171460376539	0.0520794721542451691	0.839676937994528189	0.891239322034189071
T:	0.106849224445638065	0.281888165284073248	0.157846288353009047	0.13904291940827248	0.190680905173683468	0.03764548394663668	0.00736532596831682674	0.00672821509984063408	0.00619857933085164005	0.00624187418108358607	0.865329499270471516	0.00355818934952872736	0.984872149497091116	0.580765554002783292	0.0121617616539999507	0.0746177536612215701	0.0434440947289288189	0.102631122138738423	0.105204051440574335	0.328580848463708086	0.544637168237397666	0.0232391326488311077	0.0567143869571440103



4	G.ATATTCC	0.492109942213661283


A:	0.0232391326488311077	0.544637168237397666	0.328580848463708086	0.105204051440574335	0.102631122138738423	0.0434440947289288189	0.0746177536612215701	0.0209622002324114565	0.580765554002783292	0.96611341398295714	0.00459579252005459432	0.959418014899710528	0.00815208497875134792	0.0206973703562525889	0.00453448693169728516	0.00736532596831682674	0.03764548394663668	0.190680905173683468	0.13904291940827248	0.157846288353009047	0.281888165284073248	0.106849224445638065	0.226143913396335762
C:	0.839676937994528189	0.0520794721542451691	0.251336171460376539	0.4224652748631391	0.0619296324616170082	0.152441763168888381	0.152584545038341024	0.0475231932889976259	0.0884526684012406935	0.00239780353323738758	0.00458218818351837727	0.0323110907380033908	0.00346909399025913833	0.014692836543614353	0.979858966841142972	0.593529039188488618	0.376059456105696369	0.537835457457938124	0.192909436607744468	0.224863371523171318	0.349691151851912746	0.309949957997879526	0.139934576617059355
G:	0.0692773661716129351	0.251173038950454918	0.265717072709469483	0.281097801285501572	0.679994460063549793	0.711491187449224206	0.758738861842607804	0.886622908569536145	0.298286457110917999	0.00370502377096299346	0.292641610992037405	0.00537905253128602627	0.00172810584603891228	0.033096663815881065	0.00341059568246082091	0.284119797226476971	0.53476311657392861	0.081581298862813045	0.416062080749020691	0.438347952143805153	0.15592487796943035	0.496818240267856987	0.350253779503602043
T:	0.0678065631850277686	0.152110320657902247	0.154365907366445892	0.191232872410784992	0.155444785336094775	0.0926229546529585938	0.0140588394578296016	0.0448916979090547726	0.0324953204850580149	0.0277837587128424789	0.698180408304389623	0.00289184183100005492	0.986650715184950602	0.931513129284251993	0.0121959505446989224	0.114985837616717585	0.0515319433737383415	0.189902338505565364	0.251985563234962361	0.178942387980014481	0.212495804894583655	0.0863825772886254225	0.28366773048300284



5	C.GAATAT.C	0.492041619334551621


A:	0.28366773048300284	0.0863825772886254225	0.212495804894583655	0.178942387980014481	0.251985563234962361	0.189902338505565364	0.0515319433737383415	0.114985837616717585	0.0455397825373290149	0.945013439932956937	0.960385356058755201	0.0059414266919301198	0.853357054506840476	0.0244750642967129978	0.0324953204850580149	0.0213852459952400979	0.0140588394578296016	0.0926229546529585938	0.155444785336094775	0.191232872410784992	0.154365907366445892	0.152110320657902247	0.0678065631850277686
C:	0.350253779503602043	0.496818240267856987	0.15592487796943035	0.438347952143805153	0.416062080749020691	0.081581298862813045	0.53476311657392861	0.284119797226476971	0.0139914696472290241	0.0177161935249318293	0.0029068560755268735	0.00973542006756419155	0.120093051408893777	0.00552783037813140313	0.298286457110917999	0.872655389362000726	0.758738861842607804	0.711491187449224206	0.679994460063549793	0.281097801285501572	0.265717072709469483	0.251173038950454918	0.0692773661716129351
G:	0.139934576617059355	0.309949957997879526	0.349691151851912746	0.224863371523171318	0.192909436607744468	0.537835457457938124	0.376059456105696369	0.593529039188488617	0.933761106108976788	0.0180135537895807384	0.0120298525880337369	0.104668661122959815	0.0200185622277603611	0.00702104479685974742	0.0884526684012406935	0.0567303329033549798	0.152584545038341024	0.152441763168888381	0.0619296324616170082	0.4224652748631391	0.251336171460376539	0.0520794721542451691	0.839676937994528189
T:	0.226143913396335762	0.106849224445638065	0.281888165284073248	0.157846288353009047	0.13904291940827248	0.190680905173683468	0.03764548394663668	0.00736532596831682674	0.00670764170646517287	0.0192568127525304953	0.0246779352776841889	0.879654492117545874	0.00653133185650538563	0.962976060528295852	0.580765554002783292	0.0492290317394041963	0.0746177536612215701	0.0434440947289288189	0.102631122138738423	0.105204051440574335	0.328580848463708086	0.544637168237397666	0.0232391326488311077



