1	GACGGTTA	0.496486960387236985


A:	0.205547446362988616	0.203156873588612111	0.299266195062798325	0.0821629262629305197	0.258208399249994473	0.298584241364325611	0.429327669263136284	0.254252689421305381	0.46727638949382724	0.0031860284049885385	0.0482579349963380244	0.00335879274790274147	0.0023570235323521153	0.010576390881428643	0.745379088351401217	0.133747429502028546	0.334428430370988186	0.181356500148447408	0.391850116281524446	0.453396380371703057	0.215749564744120179	0.152917182690071853
C:	0.336389856563983007	0.0136459679824151333	0.432875732159458516	0.398342763756578431	0.327584131338219551	0.38342869990821063	0.143723724156382769	0.00493000380904043872	0.00153657892537399182	0.983484352938603471	0.367756406868384328	0.00107736495348791934	0.00112559643905940549	0.00123659726645241607	0.00204062322574150509	0.347014757195279859	0.0911199832035219219	0.332905406276234603	0.100517957247920882	0.0840162579087520206	0.166548444514515253	0.493372031498659964
G:	0.314601341734880752	0.625206276051341121	0.122511933630466803	0.361849265508507651	0.15641821298367944	0.134041968122904646	0.0881635113382366798	0.708131706545645745	0.491855224020947525	0.000892913548669420287	0.58258151121938097	0.987643577936793985	0.0135577650015272883	0.00180200128136748344	0.234724824283712913	0.160587792208591175	0.223606947223888593	0.380196366828377059	0.277838080646364896	0.401930405441330083	0.282458908034820386	0.0860022240558253084
T:	0.143461355338147624	0.157990882377631635	0.145346139147276357	0.157645044471983398	0.257789256428106536	0.183945090604559113	0.338785095242244267	0.0326856002240084354	0.0393318075598512427	0.0124367051077385705	0.0014041469158966783	0.00792026436181535447	0.982959615027061191	0.986385010570751457	0.0178554641391443647	0.35865002109410042	0.350844639201601299	0.10554172674694093	0.229793845824189776	0.0606569562782148391	0.335243082706544182	0.267708561755442874



2	GGC.GTTAC	0.495165950511186843


A:	0.101046566232212289	0.184674668875123566	0.539093645104224082	0.11451100927078002	0.206021394726376865	0.14426963440641397	0.227926651886862245	0.0429261843837799721	0.28161433010544343	0.0079659794278837716	0.243916820160925727	0.00328431489307869767	0.00152482924528639038	0.0267465129145106148	0.942635570361718827	0.120300672681226509	0.239331087772518197	0.196978377603637966	0.0737619702195186811	0.241330576383088354	0.240949344040940392	0.129317943506207003	0.0850549238473081417
C:	0.480973164474781202	0.221569227632885875	0.218370720753687493	0.251239175194319147	0.114177126113252821	0.190353818667036397	0.280729593443931916	0.00446327924585436911	0.00209905187373504385	0.747989377834434363	0.260499627259953823	0.00355057717062837078	0.00138109054365525386	0.00214394942940257997	0.00312762400360931669	0.614379170455905198	0.2239761240061475	0.136749027575090527	0.152473417150231265	0.181709499911394004	0.155693533764867319	0.156526606765947515	0.13229738561924523
G:	0.186671709146527566	0.531098255379208476	0.170251375834215347	0.228603059896601357	0.040419901400104843	0.25312007633614836	0.101631843867442323	0.861029844679277723	0.626647298005577549	0.00104021855715377699	0.49406820245608132	0.986982319684912565	0.050509007215285899	0.001766054130757497	0.0415790989716392149	0.112544190343654072	0.396757837871428621	0.525741142514539852	0.221807130384200646	0.260409723679142116	0.195510211620817119	0.100114300161425857	0.419383718411982336
T:	0.231308560146478943	0.0626578481127820833	0.0722842583078730778	0.405646755638299475	0.639381577760265471	0.412256470590401273	0.389711910801763516	0.0915806916910879355	0.0896393200152439769	0.243004424180528089	0.00151535012303912965	0.00618278825138036619	0.946585072995772457	0.969343483525329308	0.0126577066630326416	0.152775966519214221	0.139934950349905682	0.140531452306731654	0.551957482246049408	0.316550200026375527	0.40784691057337517	0.614041149566419624	0.363263972121464292



3	AGAC.GTTA	0.495027041043117499


A:	0.158520813552391261	0.239671419109223626	0.132909529898084835	0.367141577393626624	0.0505615835269670185	0.144157285556296096	0.28509149893345105	0.692813034427515017	0.161051914054721594	0.630023658030743595	0.00284720467582076251	0.174202383396854625	0.00852411478559478325	0.00263005587223569544	0.00573179766672079724	0.923427564928232289	0.0653489594879985061	0.41143019447317968	0.18027197711291416	0.133076880327690065	0.207617241647428976	0.407748173386535033	0.307915229798402008
C:	0.207271641694840003	0.209937749365747793	0.213341644795410732	0.188839655750370069	0.363700914859451493	0.410417667190807446	0.204821862371435386	0.0784765245004589589	0.0018653828257905603	0.00143260905316995908	0.979212664115244281	0.255694130767922186	0.00223830942083258538	0.00223402838046568782	0.00381247950771914074	0.00167115850008090043	0.525032991019189808	0.10006354492212093	0.413595845701163587	0.137524607919049016	0.0981020264359438413	0.125048665224473753	0.267041486458898039
G:	0.361798317560195257	0.125223060135107134	0.362536892600022868	0.164810124825287917	0.234524896787084487	0.228984088224438325	0.157872757579042381	0.0448090044300657534	0.803308860603124599	0.230759155699127456	0.00216735027326123979	0.55585349748501465	0.987305082304902133	0.0160038731964155832	0.00128781462058631206	0.0596993832788503734	0.216157309945271644	0.341146355656166781	0.254117588654474354	0.173484640528553628	0.519024928401423156	0.274803736853695315	0.0907114145380658847
T:	0.272409227192573479	0.425167771389921447	0.291211932706481566	0.279208642030715389	0.351212604826497001	0.216440959028458133	0.352213881116071183	0.18390143664196027	0.0337738425163632468	0.13778457721695899	0.0157727809356737171	0.0142499883502085394	0.00193249348867049821	0.979132042550883034	0.98916790820497375	0.0152018932928364368	0.193460739547540042	0.147359904948532609	0.152014588531447899	0.555913871224707292	0.175255803515204026	0.192399424535295899	0.334331869204634068



4	C.TAAC.GTC	0.494866729227375249


A:	0.638144864997605727	0.169222554469646321	0.215766514584833477	0.204986365158294632	0.485682645763917009	0.106860943287513155	0.142656613510361322	0.235540970170723733	0.0267484423658852292	0.981007012068124551	0.980988306064349055	0.00376330447521435958	0.0014041469158966783	0.0205709378219509608	0.10294439997782247	0.0635128792227544952	0.18390143664196027	0.209196508430080685	0.118349181616020097	0.42718295127617898	0.13046804982807822	0.34858694060942172	0.30170961574555272
C:	0.172387620272057514	0.214491500461897355	0.303179683726391319	0.282400062817603821	0.153336122209274992	0.168658776328051601	0.463674807298011254	0.236248218829498285	0.15509449009539073	0.00172916470036768801	0.0118306948833221814	0.985820572782467446	0.58258151121938097	0.00492267835224427565	0.480349341068743468	0.751247681858886924	0.0448090044300657534	0.230197352994513314	0.142653942236575362	0.153080343755600123	0.275750590420900589	0.238134287693396785	0.176177418328610074
G:	0.0879245011600951591	0.181690940776560413	0.102963429964922151	0.201681541000597723	0.10181633161155432	0.426809932710291936	0.0636005696388451332	0.45145923660369739	0.0117911892266746131	0.00739018613572221249	0.0021021302547145052	0.0039125393138497387	0.367756406868384328	0.964007362247256426	0.00135669979916578553	0.0151408821218657081	0.0784765245004589589	0.21051656358771621	0.489900897539159167	0.294016267270103256	0.305355815318447224	0.155926979352937816	0.362717071519976429
T:	0.1015430135702416	0.434595004291895911	0.378090371723853052	0.310932031023503824	0.259164900415253679	0.297670347674143309	0.33006800955278229	0.0767515743960805921	0.806365878312049428	0.00987363709578554872	0.0050788687976142589	0.00650358342846845549	0.0482579349963380244	0.0104990215785483379	0.415349559154268277	0.170098556796492873	0.692813034427515017	0.350089574987689791	0.249095978608245374	0.12572043769811764	0.288425544432573967	0.257351792344243678	0.159395894405860777



5	GGCGGTTA	0.494863182850933518


A:	0.101046566232212289	0.184674668875123566	0.539093645104224082	0.11451100927078002	0.206021394726376865	0.14426963440641397	0.227926651886862245	0.0377389895880329885	0.46727638949382724	0.00328831343226896155	0.243916820160925727	0.00117016420512724556	0.00131136569935665085	0.00459234735143008775	0.940010092176754156	0.120300672681226509	0.239331087772518197	0.196978377603637966	0.0737619702195186811	0.241330576383088354	0.240949344040940392	0.129317943506207003
C:	0.480973164474781202	0.221569227632885875	0.218370720753687493	0.251239175194319147	0.114177126113252821	0.190353818667036397	0.280729593443931916	0.00247133021270947237	0.00153657892537399182	0.907384198462971436	0.260499627259953823	0.00258242461596605906	0.000696619102486599654	0.00200941875016649898	0.000893120985642968342	0.614379170455905198	0.2239761240061475	0.136749027575090527	0.152473417150231265	0.181709499911394004	0.155693533764867319	0.156526606765947515
G:	0.186671709146527566	0.531098255379208476	0.170251375834215347	0.228603059896601357	0.040419901400104843	0.25312007633614836	0.101631843867442323	0.907511931234257789	0.491855224020947525	0.000395444237527283624	0.49406820245608132	0.99020630505821732	0.0133323095498851277	0.00134822836470699627	0.0503057194886749297	0.112544190343654072	0.396757837871428621	0.525741142514539852	0.221807130384200646	0.260409723679142116	0.195510211620817119	0.100114300161425857
T:	0.231308560146478943	0.0626578481127820833	0.0722842583078730778	0.405646755638299475	0.639381577760265471	0.412256470590401273	0.389711910801763516	0.0522777489649997504	0.0393318075598512427	0.0889320438672323189	0.00151535012303912965	0.00604110612068937512	0.984659705648271622	0.992050005533696417	0.00879106734892794589	0.152775966519214221	0.139934950349905682	0.140531452306731654	0.551957482246049408	0.316550200026375527	0.40784691057337517	0.614041149566419624



