1	GTTAGGTA	0.498789944189262607


A:	0.52842902842172709	0.421729878665594719	0.306203703645267621	0.389783469250231102	0.502231024831042675	0.258143810744762256	0.585379351708027194	0.0517873656697814372	0.00107552624963449595	0.00281786150340690889	0.957673740483454096	0.00343641616341223636	0.00188438579155129395	0.00170630848271443143	0.921297448600679257	0.251047178681015248	0.326658268392419478	0.0462234218138092634	0.086486424672445319	0.19779373980093554	0.326956528700600095	0.251119697789325946
C:	0.219639036742269094	0.329954415373775222	0.269020601720395735	0.20496657466081832	0.186516490932878064	0.177476769751585426	0.100117573668005439	0.000615197166409688914	0.00066301352839696009	0.00579276212402534754	0.0271830892896146942	0.00130738758193218999	0.00079960490338774932	0.148602730565657359	0.0442382218128270626	0.156324186881915409	0.141032601072146755	0.232421533327516165	0.120620583516425585	0.344387678254840534	0.166923963291067261	0.53837596330743767
G:	0.0945915112266343965	0.176515464949356979	0.161379951632542541	0.218306015875020103	0.151447668817577225	0.205250848414935881	0.19714290387979428	0.937767407383149579	0.144953984472189575	0.000887881761946685628	0.000836739224434057871	0.992125061832041065	0.985790297983475054	0.000507594175948691386	0.0234429420149024099	0.35334003282469264	0.371208480243557873	0.526944601307998319	0.129683418990719208	0.259532200761999394	0.415208390151568027	0.138365369156927103
T:	0.157340423609369419	0.0718002410112730794	0.263395743001794102	0.186943940213930475	0.159804815418502037	0.359128571088716437	0.117360170744173087	0.00983002978065929495	0.853307475749778969	0.990501494610621058	0.0143064310024971519	0.00313113442261450873	0.0115257113215859032	0.849183366775679518	0.0110213875715912706	0.239288601612376703	0.161100650291875894	0.194410443550676252	0.663209572820409888	0.198286381182224533	0.0909111178567646169	0.0721389697463092811



2	ACCTAACT	0.498709984833605476


A:	0.395103865923205512	0.29059180926230514	0.181400393389518056	0.207896949642695839	0.110179408306158928	0.140560899512031046	0.0110213875715912706	0.705868575059338529	0.0119933175060237108	0.00272938599501208781	0.02711854752023476	0.990934648264154917	0.927898467487842112	0.00585063319273052717	0.132597771002772018	0.147253780120972353	0.054518158982846424	0.0746819492447391033	0.0713295973323313429	0.0744066162344047658	0.0491040312204140221	0.309690791256459004
C:	0.227178703542296528	0.244002328596442259	0.282170019404176014	0.220441774566717701	0.515131459395363426	0.380326156375879307	0.0234429420149024099	0.000821497414048494957	0.985426219200967739	0.993129391888187888	0.00125690736536178369	0.000879253161208302067	0.0702370532056663537	0.885553398879775923	0.102347977165584029	0.276666974903030394	0.359031808323903362	0.194943114539219417	0.123937240147706188	0.388901655775015258	0.275842694399121556	0.125018263473586163
G:	0.128470938465925528	0.321390104414392661	0.189204629657790992	0.297356221496999609	0.151362548633894531	0.0528914363434622168	0.0442382218128270626	0.291478281725164341	0.000710619664905667079	0.0014324021320835923	0.0334534871535487113	0.00483860309649634299	0.000525205691884992723	0.000609228383314895985	0.0258601501312763111	0.11042190572409979	0.346914406516855199	0.232493251681144413	0.467751471433039659	0.381244645479226575	0.342161649643890347	0.221749347744623401
T:	0.249246492068572432	0.144015757726859939	0.347224957548514938	0.274305054293586851	0.223326583664583116	0.42622150776862743	0.921297448600679257	0.00183164580144863524	0.00186984362810288327	0.00270881998471643143	0.938171057960854745	0.00334749547814043751	0.00133927361460654129	0.107986739544178654	0.739194101700367641	0.465657339251897463	0.239535626176395015	0.497881684534897066	0.33698169108692281	0.155447082511353401	0.332891624736574075	0.343541597525331432



3	A.TTAGGTA	0.497536672099570307


A:	0.394120800120771863	0.547423646000933382	0.477208917306708746	0.153575751012949117	0.529444143986546494	0.299000534419028437	0.377039357782858476	0.538514684795975591	0.0517873656697814372	0.00910567521190473475	0.0165727322558793599	0.834828318982588161	0.0178264558106218913	0.0103374013714406797	0.00324852174666986688	0.746949970153752084	0.319260874033365423	0.479783119137179609	0.175921093284089055	0.448361493815378909	0.163676898701338316	0.256535879907658942	0.308601234488933955
C:	0.33325042165978374	0.152365544290609733	0.181156031849043013	0.49460574407833118	0.103080146433247524	0.148837044183462424	0.14673639594898584	0.0390728089585507348	0.000615197166409688914	0.00502629112341400181	0.0215117312774155165	0.0473025065373989141	0.00527338751614248429	0.00313885089850097006	0.367342515029996498	0.0680654830388787705	0.216311233255720931	0.0649464444447939919	0.230325487765716982	0.140228334854174815	0.157357239015534767	0.221143389688242905	0.204408668331320336
G:	0.145928830479277954	0.105737147163174974	0.118735555998618039	0.109108578025802098	0.187239247738038101	0.341314818536675126	0.21167893066781272	0.220382303066039589	0.937767407383149579	0.0975684320565634079	0.0101966289087037933	0.00819944907202802457	0.970263623102387944	0.941905512467392803	0.00302298351180308858	0.0829591762259277228	0.270791321042248395	0.365220696354868387	0.282578029407759486	0.187503579021528398	0.309496349524678628	0.153121688548926894	0.198067683682916237
T:	0.126699947740166444	0.194473662545281911	0.222899494845630202	0.242709926882917606	0.180236461842167881	0.210847602860834013	0.264545315600342964	0.202030203179434086	0.00983002978065929495	0.888299601608117855	0.95171890755800133	0.1096697254079849	0.00663653357084768013	0.0446182352626655471	0.626385979711530546	0.102025370581441423	0.193636571668665251	0.0900497400631580118	0.311175389542434477	0.223906592308917877	0.36946951275844829	0.369199041855171259	0.288922413496829471



4	ACCTAAC..G	0.497484525220597919


A:	0.395103865923205512	0.29059180926230514	0.181400393389518056	0.207896949642695839	0.110179408306158928	0.140560899512031046	0.0110213875715912706	0.859707903802951825	0.0144711611154431872	0.00281330999921280605	0.0214562185647889625	0.991626524366837759	0.927103611286476798	0.00648263051814908195	0.132597771002772018	0.147253780120972353	0.054518158982846424	0.0746819492447391033	0.0713295973323313429	0.0744066162344047658	0.0491040312204140221	0.309690791256459004	0.247280656959864017
C:	0.227178703542296528	0.244002328596442259	0.282170019404176014	0.220441774566717701	0.515131459395363426	0.380326156375879307	0.0234429420149024099	0.000510108072135880096	0.983095666923385336	0.992510980688209993	0.000814321349807260684	0.00159760469856453585	0.0703935917735418661	0.94273283152135635	0.102347977165584029	0.276666974903030394	0.359031808323903362	0.194943114539219417	0.123937240147706188	0.388901655775015258	0.275842694399121556	0.125018263473586163	0.150149357857939558
G:	0.128470938465925528	0.321390104414392661	0.189204629657790992	0.297356221496999609	0.151362548633894531	0.0528914363434622168	0.0442382218128270626	0.137331360626288012	0.000546055756782593075	0.00168295143234412686	0.0252977523191351911	0.00353326775446365519	0.00067786037330040516	0.000760936364223494055	0.0258601501312763111	0.11042190572409979	0.346914406516855199	0.232493251681144413	0.467751471433039659	0.381244645479226575	0.342161649643890347	0.221749347744623401	0.152796274348930206
T:	0.249246492068572432	0.144015757726859939	0.347224957548514938	0.274305054293586851	0.223326583664583116	0.42622150776862743	0.921297448600679257	0.00245062749862428244	0.0018871162043888836	0.00299275788023307401	0.952431707766268586	0.00324260318013404981	0.00182493656668093069	0.0500236015962710739	0.739194101700367641	0.465657339251897463	0.239535626176395015	0.497881684534897066	0.33698169108692281	0.155447082511353401	0.332891624736574075	0.343541597525331432	0.449773710833266219



5	AGTTAGG.A	0.49733602509013681


A:	0.447461089576752844	0.691429056802740712	0.311475899377056103	0.235568344375506972	0.0952275199606370709	0.52525758245796637	0.344347152039891122	0.585379351708027194	0.252436580773725164	0.0157540730878612788	0.0269475412642194659	0.756681796853530595	0.0129980546779729479	0.0150506849877954587	0.00183164580144863524	0.49408654914697499	0.350360966666629415	0.0884164042925532091	0.0830613657301128902	0.330717350926483138	0.219998745752344564	0.131041472052065716	0.387464371687889929
C:	0.0721851298840127346	0.186220762053718626	0.0704108546870228785	0.503137427339888229	0.264463294474966741	0.164205372907425912	0.197927573013734854	0.100117573668005439	0.0140684431214302455	0.00531273786371953276	0.0343707689771784714	0.111089643371662434	0.0230397456553331596	0.0227241917338698556	0.291478281725164341	0.152915328454030319	0.139614957676697244	0.102604672743975039	0.155147533715280423	0.439334595038382818	0.346421459154991932	0.279455357506677881	0.38114431637008971
G:	0.093767811480046323	0.0994461826692762206	0.499112114307928381	0.152266668494553619	0.422619598528853322	0.158427976165277682	0.317971834374762187	0.19714290387979428	0.683036568687598929	0.192736602621849642	0.00442202503588041462	0.0205946166324610324	0.931411331955983112	0.901515697973523729	0.000821497414048494957	0.259929554556008988	0.350360966666629415	0.681558316926905783	0.567893802641414837	0.153303297773414087	0.168587053734848897	0.119466399028486122	0.129972160400759271
T:	0.386585969059188098	0.0229039984742644416	0.119001131627992638	0.10902755979005118	0.217689587035542867	0.152109068469330036	0.139753440571611837	0.117360170744173087	0.0504584074172456608	0.786196586426569547	0.934259664722721648	0.111633943142345938	0.0325508677107107801	0.0607094253048109566	0.705868575059338529	0.0930685678429857023	0.159663108990043927	0.127420606036565969	0.19389729791319185	0.0766447562617199573	0.264992741357814607	0.470036771412770281	0.10141915154126109



