1	GTGCCCTA	0.499132587543833654


A:	0.468138049799289123	0.568185666665506817	0.146598368891514416	0.334552674138528915	0.0389946011774950354	0.111746357736985343	0.0763771300513628768	0.0575505906419175793	0.259592790642038129	0.05588182399472387	0.090514055020436577	0.00307644999607331489	0.00170602142723928932	0.00136266211479254714	0.977470699722188715	0.679371659579180585	0.154411208545818062	0.164187686736603625	0.0904509798963037849	0.169958317423703444	0.0319501277836961257	0.425916976856861339
C:	0.148077322604775224	0.116657728074507756	0.591174010104961676	0.41744285964307732	0.471978486009716405	0.251898153508085211	0.116400012246715628	0.00988968213245771388	0.0556480678882265534	0.0005588182399472387	0.907775898341333366	0.991157017789957442	0.99119645297881464	0.0450936196884538522	0.00362083068388835205	0.0201217306680363327	0.269534465174514151	0.538752843967855425	0.253157499041040095	0.258767674808433333	0.291820519104996649	0.0879713435689233584
G:	0.152958304298120232	0.201627136443661628	0.145635184586522695	0.152680749432993182	0.202300754964916606	0.151769906599398769	0.104343383472834133	0.881418847839747852	0.00850653238938012854	0.942173227187361391	0.00076455995664649139	0.00314157482261476111	0.00329630891811023017	0.000868145513287387986	0.0105646167777816184	0.291800579098370375	0.21900513139679457	0.200476876027823147	0.275207557628307723	0.148592805520468092	0.0642042296702434126	0.143644765705760965
T:	0.230826323297815422	0.113529468816323799	0.116592436417001212	0.0953237167854005835	0.286726157847871953	0.484585582155530676	0.702879474229087362	0.051140879385876855	0.676252609080355189	0.00138613057796750068	0.000945486681583566074	0.00262495739135448195	0.00380121667583584018	0.952675572683466213	0.00834385281614131458	0.0087060306544127072	0.357049194882873216	0.0965825932677178032	0.381183963434348397	0.422681202247395131	0.612025123441063813	0.342466913868454338



2	G.GCCCTAA	0.499015286215241764


A:	0.468138049799289123	0.568185666665506817	0.146598368891514416	0.334552674138528915	0.0389946011774950354	0.111746357736985343	0.0763771300513628768	0.0669133313824041246	0.259592790642038129	0.0482432387616244897	0.0359107028269476093	0.0020957140648304919	0.00265194999323159109	0.00203061897624136759	0.983604225313092384	0.679371659579180585	0.154411208545818062	0.164187686736603625	0.0904509798963037849	0.169958317423703444	0.0319501277836961257	0.425916976856861339	0.192624205147537024
C:	0.148077322604775224	0.116657728074507756	0.591174010104961676	0.41744285964307732	0.471978486009716405	0.251898153508085211	0.116400012246715628	0.00428759428487108347	0.0556480678882265534	0.000372784021747927535	0.962532482160964681	0.993375119010648541	0.993159357226897005	0.00519015733985878384	0.00212339559465747904	0.0201217306680363327	0.269534465174514151	0.538752843967855425	0.253157499041040095	0.258767674808433333	0.291820519104996649	0.0879713435689233584	0.278070929341355976
G:	0.152958304298120232	0.201627136443661628	0.145635184586522695	0.152680749432993182	0.202300754964916606	0.151769906599398769	0.104343383472834133	0.897614732495863403	0.00850653238938012854	0.949964310318905729	0.00088615795209599976	0.00168375905660902476	0.00149573270652712563	0.000964562767118780176	0.00173855649076630929	0.291800579098370375	0.21900513139679457	0.200476876027823147	0.275207557628307723	0.148592805520468092	0.0642042296702434126	0.143644765705760965	0.17244601678095488
T:	0.230826323297815422	0.113529468816323799	0.116592436417001212	0.0953237167854005835	0.286726157847871953	0.484585582155530676	0.702879474229087362	0.0311843418368613891	0.676252609080355189	0.00141966689772185404	0.000670657059991709647	0.00284540786791194205	0.00269296007334427873	0.991814660916781068	0.0125338226014838278	0.0087060306544127072	0.357049194882873216	0.0965825932677178032	0.381183963434348397	0.422681202247395131	0.612025123441063813	0.342466913868454338	0.35685884873015212



3	TAGGGC.CA	0.49828987010421297


A:	0.342466913868454338	0.612025123441063813	0.422681202247395131	0.381183963434348397	0.0965825932677178032	0.357049194882873216	0.0087060306544127072	0.0147208143264898372	0.975832063064606711	0.00386743756738181398	0.00531746131190913791	0.000973307452651079988	0.00200497356466296994	0.676252609080355189	0.036396671452966854	0.702879474229087362	0.484585582155530676	0.286726157847871953	0.0953237167854005835	0.116592436417001212	0.113529468816323799	0.230826323297815422	0.0935555856857347619
C:	0.143644765705760965	0.0642042296702434126	0.148592805520468092	0.275207557628307723	0.200476876027823147	0.21900513139679457	0.291800579098370375	0.00922161178101237756	0.00205870364612497372	0.00195230789952519766	0.00360487247476074026	0.00154462176747052443	0.956079634887986917	0.00850653238938012854	0.892084809171400675	0.104343383472834133	0.151769906599398769	0.202300754964916606	0.152680749432993182	0.145635184586522695	0.201627136443661628	0.152958304298120232	0.634004325041772035
G:	0.0879713435689233584	0.291820519104996649	0.258767674808433333	0.253157499041040095	0.538752843967855425	0.269534465174514151	0.0201217306680363327	0.00276292651980405575	0.0207108536764564653	0.991465206744254547	0.9886310259981234	0.958519853331589254	0.000866014806905519123	0.0556480678882265534	0.00422341614736417482	0.116400012246715628	0.251898153508085211	0.471978486009716405	0.41744285964307732	0.591174010104961676	0.116657728074507756	0.148077322604775224	0.154435927115215522
T:	0.425916976856861339	0.0319501277836961257	0.169958317423703444	0.0904509798963037849	0.164187686736603625	0.154411208545818062	0.679371659579180585	0.973294647372693729	0.00139837961281184998	0.00271504778883844089	0.00244664021520672159	0.0389622174482891413	0.0410493767404445936	0.259592790642038129	0.0672951032282682959	0.0763771300513628768	0.111746357736985343	0.0389946011774950354	0.334552674138528915	0.146598368891514416	0.568185666665506817	0.468138049799289123	0.118004162157277681



4	CTAGGGC.C	0.498246653825258063


A:	0.35685884873015212	0.342466913868454338	0.612025123441063813	0.422681202247395131	0.381183963434348397	0.0965825932677178032	0.357049194882873216	0.0087060306544127072	0.00258700364548895695	0.983228431977362996	0.00317964097175077548	0.00326966133419132712	0.000905771717969207916	0.00225157453372963914	0.676252609080355189	0.0309726017694216582	0.702879474229087362	0.484585582155530676	0.286726157847871953	0.0953237167854005835	0.116592436417001212	0.113529468816323799	0.230826323297815422
C:	0.17244601678095488	0.143644765705760965	0.0642042296702434126	0.148592805520468092	0.275207557628307723	0.200476876027823147	0.21900513139679457	0.291800579098370375	0.00666056891865379518	0.00123033350079687327	0.0015263796909356895	0.00381611812139855275	0.000532782567066767586	0.936403291306762342	0.00850653238938012854	0.888939952296073608	0.104343383472834133	0.151769906599398769	0.202300754964916606	0.152680749432993182	0.145635184586522695	0.201627136443661628	0.152958304298120232
G:	0.278070929341355976	0.0879713435689233584	0.291820519104996649	0.258767674808433333	0.253157499041040095	0.538752843967855425	0.269534465174514151	0.0201217306680363327	0.00349662760297524592	0.0144902367460051486	0.992674598407052452	0.990291891859052111	0.922213034133984465	0.000468160560814776229	0.0556480678882265534	0.017155316754640537	0.116400012246715628	0.251898153508085211	0.471978486009716405	0.41744285964307732	0.591174010104961676	0.116657728074507756	0.148077322604775224
T:	0.192624205147537024	0.425916976856861339	0.0319501277836961257	0.169958317423703444	0.0904509798963037849	0.164187686736603625	0.154411208545818062	0.679371659579180585	0.987255799832882002	0.00105099777583498202	0.00261938093026108327	0.002622328685358009	0.0763484115809795597	0.0608769735986932422	0.259592790642038129	0.0629321291798641967	0.0763771300513628768	0.111746357736985343	0.0389946011774950354	0.334552674138528915	0.146598368891514416	0.568185666665506817	0.468138049799289123



5	TGCCCTAA	0.497931327030466439


A:	0.221409767280468695	0.330816132369185223	0.29311094292465146	0.146730388080046558	0.215184170323103823	0.0904423531412417376	0.0669133313824041246	0.204201240159236809	0.066254262988864389	0.112293891694853499	0.00338630168287167844	0.00240253889833253893	0.00171067723890813569	0.981333773405344118	0.736329683618047446	0.124778613742552484	0.563995525499496386	0.174723944608097529	0.186758291561636523	0.130858877335736886	0.102153450703361248	0.106919816543258871
C:	0.161587087070497703	0.137497489675886991	0.589243525358380643	0.578819416072781972	0.33763295205185333	0.220080772972612088	0.00428759428487108347	0.0829541157659663906	0.000387850903658835311	0.886264800574221937	0.992305298410253914	0.993306656757938922	0.0143278635584498932	0.00149908522278429219	0.0417554447430482016	0.11383798902982733	0.0814688099309437441	0.170916059084838146	0.369101258078772873	0.414892344961565603	0.232137122118554227	0.293813634038496078
G:	0.451744097570714767	0.363029635688700099	0.0576241983526403515	0.171911911205227624	0.0842521075299402379	0.153697967427645243	0.897614732495863403	0.0129701347821625234	0.932071269593441556	0.000545293904433676878	0.00342509861341631345	0.00273230837138455249	0.000738467851310251009	0.00437776331375739521	0.206859748539866878	0.142539185912420724	0.136957221532958226	0.47415311273293367	0.259307767603396121	0.146184892105133797	0.321953000371893981	0.435963376199026039
T:	0.165259048078318835	0.168656742266227687	0.0600213333643275454	0.102538284641943846	0.362930770095102609	0.535778906458500932	0.0311843418368613891	0.699874509292634277	0.00128661651403522004	0.000896013826490887759	0.000883301293458094094	0.00155849597234398693	0.98322299135133172	0.0127893780581141945	0.0150551230990374741	0.618844211315199463	0.217578443036601644	0.180206883574130655	0.184832682756194483	0.308063885597563715	0.343756426806190543	0.163303173219219011



