1	T.TGGATAA	0.495145540721623902


A:	0.0845348884007324762	0.0790327269527177156	0.385938567299747107	0.218557265997006824	0.219616094725349299	0.144645941245601513	0.282153844259937906	0.210756675881226391	0.313325247865279212	0.0374383870715646335	0.0859232902640635794	0.00430223680564969794	0.984076231064346381	0.0015077048000598228	0.921509829427087855	0.806579705536889641	0.0989952779953940686	0.245892100930184029	0.173496842773043106	0.261241876086669479	0.183654509387730923	0.181832481266854136	0.45843235735555941
C:	0.27371995337706526	0.315829062030896901	0.188696659560413572	0.566889787800401701	0.341658833788002048	0.253955131183393748	0.140411170153219368	0.0783598940524380334	0.0767457278984335561	0.421340221835966557	0.0129997637729183372	0.00363891728117573492	0.00282723608671170358	0.00992515665250638385	0.0253105775588797296	0.00246049388746364665	0.235055101948574273	0.0332854930394284739	0.323639291813896849	0.387064396594959317	0.221031485198733134	0.10547899961887916	0.0786458614632596911
G:	0.147373844782100601	0.367790435118623689	0.237121296703856758	0.0751990193751948029	0.114108690315934383	0.239999282692122358	0.138841619265656012	0.0363714409236876781	0.40879663021427651	0.00594228944840082497	0.899182283060312263	0.989774855317657125	0.00865045913487152615	0.00204737269068425584	0.0176624951410540497	0.155060598933442353	0.518551959471132938	0.555790660082781515	0.115880033104689458	0.236892849234906489	0.4025401197719001	0.558536202625464093	0.277817342608237693
T:	0.494371313440101663	0.237347775897761695	0.188243476435982563	0.139353926827396672	0.324616381170714271	0.361399644878882381	0.438593366321186714	0.674511989142647898	0.201132394022010722	0.535279101644067984	0.00189466290270582074	0.00228399059551744254	0.0044460737140703892	0.986519765856749537	0.0355170978729783658	0.035899201642204359	0.147397660584898721	0.165031745947605982	0.386983832308370587	0.114800878083464715	0.192773885641635843	0.154152316488802611	0.185104438572943206



2	CCTTATCC	0.493957516502059656


A:	0.36375178950836136	0.0811779311763828342	0.429339191960953325	0.194234224819346489	0.562627189629067508	0.194715610024133198	0.51692063535992537	0.0485739236358669616	0.0412174261157048095	0.0208577910370912661	0.00641234094963201882	0.991727247344897847	0.000940178147295021615	0.00188184105956144504	0.00330967673554810288	0.473098621828995631	0.230394240013962678	0.272258181954791986	0.247100968790926187	0.354935780096156813	0.0956332506603112346	0.098350849751075005
C:	0.0904978938205215135	0.184392236152635785	0.116106433205342846	0.300924982742383354	0.103463666277301803	0.266497153633374329	0.164941568240436877	0.829566678619501504	0.735139109535425814	0.0442498793182735011	0.0114929815661136485	0.00104637272723284515	0.00979234983223920771	0.990788624557718392	0.91879207880258014	0.0249808914894429473	0.319521879966754768	0.225488035125696443	0.175732019082693123	0.0452067974959627839	0.66852973415612492	0.414775494183999285
G:	0.427241532963464932	0.0851090117620718801	0.0368298578810803311	0.438861709633765035	0.192269300040602851	0.242223114729571834	0.166931560323756666	0.0261427427464403772	0.200417914298532747	0.002113853338738703	0.0175718192032025151	0.00440676121260502723	0.00379051326646275122	0.00237126919078453157	0.0221675268081846208	0.305384869790120095	0.117408350212533364	0.251126891459755785	0.291925906961648933	0.393968345710146879	0.0956332506603112346	0.146419695078169831
T:	0.118508783707652194	0.6493208209089095	0.417724516952623498	0.0659790828045051222	0.141639844053027839	0.296564121612920639	0.151206236075881088	0.095716654998191157	0.0232255500503366302	0.93277847630589653	0.964522858281051818	0.00281961871526428052	0.985476958754003019	0.00495826519193563119	0.0557307176536871359	0.196535616891441326	0.332675529806749189	0.251126891459755785	0.285241105164731756	0.205889076697733524	0.14020376452325261	0.340453960986755879



3	CTTATCC..A	0.493793217535153019


A:	0.0623759771520438287	0.359560010379725628	0.233646179795258212	0.135158025121567058	0.0969871677177643212	0.412524655215714181	0.0485739236358669616	0.129503468605296356	0.039335753867255003	0.0103912053622161426	0.988090588017435474	0.00360582087787267658	0.00242718864693494691	0.00554124512253478776	0.478249376022698878	0.254832681454458369	0.555170460305482162	0.104182981250249543	0.140506645068968652	0.119527689571692655	0.735933394299798264	0.234940053774741409	0.619546603505477272
C:	0.38439783404449995	0.0348042911926180332	0.0645580830068838391	0.240080022532040972	0.108818303057834959	0.0632436490888664476	0.829566678619501504	0.589431816463231714	0.103455368314540957	0.0172997008087192326	0.00101124465014766048	0.0167773941373426556	0.989367283186911165	0.819142102362023657	0.0205306243820001771	0.183321704652279924	0.0431825209596006718	0.215926189006359825	0.0150931465263409136	0.561404112964732151	0.0535913961881856353	0.470484609566682897	0.0286362162684380776
G:	0.289592887464325799	0.0393514831417884026	0.474116087503524266	0.411992894390089466	0.262132054238931924	0.261990148795824798	0.0261427427464403772	0.244244548393534626	0.00364204291800581272	0.0308436587994347035	0.00600078249271614742	0.00161987568108438895	0.00226803899187080961	0.0313363543332394842	0.337201661750989728	0.224031489090132593	0.125968319525006531	0.206628122547865768	0.782570329563972451	0.208588552819658739	0.0817915284031185089	0.179501584126983394	0.200298619792927367
T:	0.263633301339130423	0.566284215285867936	0.227679649694333683	0.212769057956302504	0.532062474985468796	0.262241546899594573	0.095716654998191157	0.0368201665379373039	0.853566834900198228	0.941465435029629921	0.00489738483970071763	0.977996909303700279	0.0059374891742830783	0.143980298182202071	0.164018337844311217	0.337814124803129114	0.275678699209910635	0.473262707195524864	0.0618298788407179837	0.110479644643916454	0.128683681108897592	0.115073752531592299	0.151518560433157284



4	T..TGGATAA	0.492741575264281106


A:	0.0845348884007324762	0.0790327269527177156	0.385938567299747107	0.218557265997006824	0.219616094725349299	0.144645941245601513	0.282153844259937906	0.210756675881226391	0.313325247865279212	0.0784826528648574046	0.138415722545425828	0.00529672203472692888	0.965028536579922248	0.0057426305467776047	0.891558092954259972	0.833266727608552958	0.0989952779953940686	0.245892100930184029	0.173496842773043106	0.261241876086669479	0.183654509387730923	0.181832481266854136	0.45843235735555941
C:	0.27371995337706526	0.315829062030896901	0.188696659560413572	0.566889787800401701	0.341658833788002048	0.253955131183393748	0.140411170153219368	0.0783598940524380334	0.0767457278984335561	0.304146614044390026	0.00578767048707193309	0.00817268229536244233	0.0168285491764808442	0.0171959695034059364	0.0466077337352942126	0.00774228487750042344	0.235055101948574273	0.0332854930394284739	0.323639291813896849	0.387064396594959317	0.221031485198733134	0.10547899961887916	0.0786458614632596911
G:	0.147373844782100601	0.367790435118623689	0.237121296703856758	0.0751990193751948029	0.114108690315934383	0.239999282692122358	0.138841619265656012	0.0363714409236876781	0.40879663021427651	0.0220518577236663548	0.847802178537934278	0.982361430693987054	0.0121140003576296018	0.00418370792556098357	0.013696706559705847	0.0744057926889551909	0.518551959471132938	0.555790660082781515	0.115880033104689458	0.236892849234906489	0.4025401197719001	0.558536202625464093	0.277817342608237693
T:	0.494371313440101663	0.237347775897761695	0.188243476435982563	0.139353926827396672	0.324616381170714271	0.361399644878882381	0.438593366321186714	0.674511989142647898	0.201132394022010722	0.595318875367086214	0.00799442842956796061	0.00416916497592357529	0.0060289138859673063	0.972877692024255475	0.0481374667507399687	0.0845851948249914277	0.147397660584898721	0.165031745947605982	0.386983832308370587	0.114800878083464715	0.192773885641635843	0.154152316488802611	0.185104438572943206



5	TT..GGATAA	0.492714640198511166


A:	0.175600509432680034	0.170209315134711696	0.305722573146700904	0.0770412044251863249	0.0573844007623288317	0.243960417426331242	0.286383830257437989	0.3417203067675742	0.220135938144476893	0.0374383870715646335	0.0747204812747600678	0.00506481310223677719	0.976014703783128643	0.00243816660756295818	0.931169963186919061	0.925557483883271058	0.0368201665379373039	0.314784555908290721	0.269461347539048293	0.34594871491221424	0.164869555215059061	0.636644355800282201	0.570991067858929365
C:	0.384985980126187646	0.236730590585353633	0.287398087340853215	0.220536403227555878	0.0420572301435504015	0.307279273005798481	0.14476120748258693	0.0607394149665580721	0.200859258122430075	0.421340221835966557	0.00970493819738495013	0.00438875363091504632	0.00470436733524570157	0.0140853518545823689	0.0306065241620812809	0.00505270332295223103	0.244244548393534626	0.219197800169419275	0.36108649559102476	0.370089029006600917	0.115502843854017024	0.0798495876221449793	0.0771903102462768812
G:	0.200823252613895313	0.251559057378516087	0.220105784560373672	0.215625955554881091	0.738464950934430444	0.0187697679145211446	0.119588449186459919	0.0614960114078827111	0.243838557574168187	0.00594228944840082497	0.907170135879523801	0.988402407054346273	0.0133783950362538229	0.00233720132731030964	0.0180579899881830628	0.0447527697670665734	0.589431816463231714	0.4013729086916225	0.131972292182559916	0.156117603551215813	0.383433642829973225	0.176371545991942468	0.139647141390758492
T:	0.238590257827237008	0.341501036901418584	0.186773554952072209	0.486796436792376706	0.162093418159690322	0.429990541653349132	0.449266513073515162	0.536044266857985017	0.335166246158924845	0.535279101644067984	0.00840444464833118127	0.00214402621250190357	0.0059025338453718321	0.981139280210544363	0.0201655226628165947	0.0246370430267101378	0.129503468605296356	0.064644735230667505	0.237479864687367031	0.12784465252996903	0.336193958100950689	0.107134510585630352	0.212171480504035261



