1	AGATACGC	0.497864396437755147


A:	0.0672028775562985196	0.279128104785785822	0.1390148250196381	0.420603449783899097	0.141749354754604855	0.203403492611084223	0.623192226601860092	0.917726926380126386	0.0107404706113309307	0.989987834216103498	0.00500954714768507914	0.724541417646326216	0.00987981933106619137	0.0266372931485085622	0.0556454120050754524	0.423854729138895081	0.163375643961559845	0.0940193952372565255	0.608760306573538106	0.46601939845080706	0.161533501805116114	0.171258724631043009
C:	0.291690084771726993	0.201921138202361342	0.0888365023720381804	0.120691083394730923	0.263374464398330487	0.468927821979156019	0.0818184970467717815	0.00330874120116462482	0.000633023133688082674	0.0024104726535489736	0.00285531043259303171	0.0326853699572801364	0.975900659251340985	0.00352363143341001332	0.657628314963105296	0.092141783978318619	0.166792263801358572	0.336352507593432633	0.117031549668254906	0.220569271216533327	0.292748255214118899	0.158978747810266017
G:	0.100816256534030653	0.0953527111253244625	0.194733257819547538	0.147357959287629563	0.1675760753435229	0.178930735871834027	0.100587223285902818	0.0394752970591885606	0.979372038228543456	0.00224001902236459527	0.00199508779347198985	0.00182280639563390138	0.00157713661646859748	0.94583236613303514	0.258925283460531927	0.0664552862672884515	0.0374207130471155631	0.455540041130917722	0.124592236850610432	0.134440801170563848	0.319803897002846404	0.236775440584405327
T:	0.540290781137943834	0.423598045886528373	0.577415414788776181	0.311347507533740417	0.427300105503541758	0.148737949537925731	0.194402053065465309	0.0394890353595204282	0.00925446802643753075	0.00536167410798293333	0.990140054626249899	0.240950406000759746	0.0126423848011242265	0.0240067092850462844	0.0278009895712873249	0.417548200615497848	0.63241137918996602	0.11408805603839312	0.149615906907596555	0.178970529162095765	0.225914345977918582	0.432987086974285647



2	A..CGTATCT	0.497826838543981824


A:	0.0457482487544307445	0.432987086974285647	0.225914345977918582	0.178970529162095765	0.149615906907596555	0.11408805603839312	0.63241137918996602	0.417548200615497848	0.0278009895712873249	0.0336441253125830085	0.0368238478452399146	0.0689925591709809705	0.982997709563979275	0.00262368371683917634	0.0126100151534638309	0.0401805854804659176	0.194402053065465309	0.148737949537925731	0.427300105503541758	0.311347507533740417	0.577415414788776181	0.423598045886528373	0.540290781137943834
C:	0.413248636913263579	0.236775440584405327	0.319803897002846404	0.134440801170563848	0.124592236850610432	0.455540041130917722	0.0374207130471155631	0.0664552862672884515	0.258925283460531927	0.949029087820660173	0.00250688980991043925	0.00301214678842076863	0.00202491326339848108	0.00389129607211040995	0.97783987484694527	0.0111185957577550864	0.100587223285902818	0.178930735871834027	0.1675760753435229	0.147357959287629563	0.194733257819547538	0.0953527111253244625	0.100816256534030653
G:	0.410256510152478452	0.158978747810266017	0.292748255214118899	0.220569271216533327	0.117031549668254906	0.336352507593432633	0.166792263801358572	0.092141783978318619	0.657628314963105296	0.00919926127487968182	0.954509832136740289	0.0196568742353216797	0.00760574201815021874	0.00589117335478960317	0.00352354239896927857	0.0119841394837196123	0.0818184970467717815	0.468927821979156019	0.263374464398330487	0.120691083394730923	0.0888365023720381804	0.201921138202361342	0.291690084771726993
T:	0.130746604179827224	0.171258724631043009	0.161533501805116114	0.46601939845080706	0.608760306573538106	0.0940193952372565255	0.163375643961559845	0.423854729138895081	0.0556454120050754524	0.00812752559187713616	0.00615943020810935687	0.908338419805276581	0.00737163515447202566	0.987593846856260811	0.00602656760062162083	0.936716679278059384	0.623192226601860092	0.203403492611084223	0.141749354754604855	0.420603449783899097	0.1390148250196381	0.279128104785785822	0.0672028775562985196



3	AAGATACG	0.495967249885235137


A:	0.0884781533126830429	0.0672028775562985196	0.279128104785785822	0.1390148250196381	0.420603449783899097	0.141749354754604855	0.203403492611084223	0.623192226601860092	0.951480672238075954	0.00571059052937424223	0.987890953997129977	0.00422645994921605714	0.778738712595509599	0.00562300960194858096	0.011453036807953624	0.0556454120050754524	0.423854729138895081	0.163375643961559845	0.0940193952372565255	0.608760306573538106	0.46601939845080706	0.161533501805116114
C:	0.180855689720705118	0.291690084771726993	0.201921138202361342	0.0888365023720381804	0.120691083394730923	0.263374464398330487	0.468927821979156019	0.0818184970467717815	0.00611286691025516445	0.00262231144974188871	0.00246611275962909342	0.00537850862553721833	0.0392476727929789632	0.946808270021319291	0.00609586855442722347	0.657628314963105296	0.092141783978318619	0.166792263801358572	0.336352507593432633	0.117031549668254906	0.220569271216533327	0.292748255214118899
G:	0.24329834434811253	0.100816256534030653	0.0953527111253244625	0.194733257819547538	0.147357959287629563	0.1675760753435229	0.178930735871834027	0.100587223285902818	0.0179285078646423385	0.975348143346947102	0.00412715807205845723	0.00295416181718599207	0.00301377312993204107	0.00198762946636848509	0.935558627057486791	0.258925283460531927	0.0664552862672884515	0.0374207130471155631	0.455540041130917722	0.124592236850610432	0.134440801170563848	0.319803897002846404
T:	0.487367812618499309	0.540290781137943834	0.423598045886528373	0.577415414788776181	0.311347507533740417	0.427300105503541758	0.148737949537925731	0.194402053065465309	0.0244779529870265435	0.0163189546739367667	0.00551577517118247284	0.987440869608060732	0.178999841481579397	0.0455810909103636425	0.0468924675801323615	0.0278009895712873249	0.417548200615497848	0.63241137918996602	0.11408805603839312	0.149615906907596555	0.178970529162095765	0.225914345977918582



4	AGATTCGC	0.495656763965031857


A:	0.501346048003002421	0.0972642482137084813	0.186619187788614882	0.169171549370970009	0.440772344463270864	0.368073406125736974	0.38481739279080936	0.852410536191736802	0.0137317376640178102	0.968843403592230157	0.063376559286685741	0.724541417646326216	0.00431285135257849202	0.0446764290702048108	0.0602638018815135128	0.241164919313947526	0.673028348958353295	0.206506822426670868	0.198332857260702718	0.337511559071669108	0.162075134511080146	0.718642714754597608
C:	0.238681498214419644	0.51137012548083637	0.324568180876152631	0.379538614693617442	0.0914970980484820278	0.121103200566193111	0.174539752907183635	0.0132426633820013313	0.00427354261935113261	0.00674585639672710048	0.00887958233252830867	0.0326853699572801364	0.806003696472094217	0.0359804628054513258	0.662792037669771527	0.15448740616201555	0.114554358757902906	0.208769243110213978	0.1530584064050862	0.281893375196851273	0.366317616604115538	0.0300217658520163095
G:	0.0386450717163613622	0.0995622764296569515	0.149179245305251284	0.0805737223739768078	0.109487442005334916	0.325911277483185984	0.257051411457820162	0.100409807723385761	0.933032883952101885	0.00585034424810759357	0.00289647581698226233	0.00182280639563390138	0.0139702951320085064	0.848845114105190596	0.215222629701524409	0.0578638748373338204	0.129085987794159653	0.53220410210792003	0.321328959198425725	0.194568694462644703	0.131744400976259331	0.109004546915580932
T:	0.221327382066216573	0.291803349875798197	0.339633386029981202	0.370716113561435741	0.358243115482912192	0.184912115824883931	0.183591442844186842	0.0339369927028761054	0.0489618357645291718	0.0185603957629351495	0.924847382563803688	0.240950406000759746	0.175713157043318785	0.0704979940191532671	0.061721530747190551	0.546483799686703103	0.0833313044895841458	0.0525198323551951235	0.327279777135785357	0.186026371268834916	0.339862847908544985	0.142330972477805151



5	A.CGTATCT	0.494767743369388057


A:	0.0457482487544307445	0.432987086974285647	0.225914345977918582	0.178970529162095765	0.149615906907596555	0.11408805603839312	0.63241137918996602	0.417548200615497848	0.0278009895712873249	0.0586762266765666168	0.0638632147792688701	0.373673422888371831	0.985075125814239836	0.0161764689134623012	0.0160171488139475634	0.0981502852810236341	0.194402053065465309	0.148737949537925731	0.427300105503541758	0.311347507533740417	0.577415414788776181	0.423598045886528373	0.540290781137943834
C:	0.413248636913263579	0.236775440584405327	0.319803897002846404	0.134440801170563848	0.124592236850610432	0.455540041130917722	0.0374207130471155631	0.0664552862672884515	0.258925283460531927	0.91173458158968393	0.00500935749592251444	0.0043802876064657819	0.00381953962147168331	0.00388232654002434313	0.964327131428285717	0.0491916699597238163	0.100587223285902818	0.178930735871834027	0.1675760753435229	0.147357959287629563	0.194733257819547538	0.0953527111253244625	0.100816256534030653
G:	0.410256510152478452	0.158978747810266017	0.292748255214118899	0.220569271216533327	0.117031549668254906	0.336352507593432633	0.166792263801358572	0.092141783978318619	0.657628314963105296	0.0125282168224427879	0.923436478518048998	0.0618361169989977504	0.00745376339498102724	0.00240302742604944182	0.00356880940642382373	0.0192859873475225074	0.0818184970467717815	0.468927821979156019	0.263374464398330487	0.120691083394730923	0.0888365023720381804	0.201921138202361342	0.291690084771726993
T:	0.130746604179827224	0.171258724631043009	0.161533501805116114	0.46601939845080706	0.608760306573538106	0.0940193952372565255	0.163375643961559845	0.423854729138895081	0.0556454120050754524	0.0170609749113066652	0.00769094920675961739	0.560110172506164637	0.00365157116930745319	0.977538177120463914	0.0160869103513428961	0.833372057411730042	0.623192226601860092	0.203403492611084223	0.141749354754604855	0.420603449783899097	0.1390148250196381	0.279128104785785822	0.0672028775562985196



