1	AAGATACG	0.475171232876712329


A:	0.199762538579030112	0.178960470208357628	0.166459126689008558	0.752220586168390478	0.392245152015601107	0.399479441130662937	0.313045620022503168	0.826839500658110558	0.903843461983759962	0.051201422265827254	0.964520977272994337	0.0112797737971910941	0.778951227259322948	0.00957189948601430807	0.00547963103232111184	0.128530299782003911	0.353403787141030638	0.385124298810145439	0.127411230131452155	0.138287263183871001	0.192177698078099902	0.25858908613260772
C:	0.122030172628932308	0.307296958557475776	0.498913684843754615	0.0839795752225355801	0.163878534691910261	0.136456174848867642	0.328428596997717144	0.0522977339251633329	0.00695072947628968564	0.00660067144925630128	0.0180125335951054485	0.00641918267582943729	0.0129573328008499034	0.959812681176865302	0.0267399957550394995	0.393233560090438373	0.056076571915125349	0.0970766376577726604	0.0765796027705765974	0.448961258977673906	0.0840340664600877191	0.185014459782775376
G:	0.0590610094037907116	0.283995649082136866	0.0718297967027528027	0.0805318667060135099	0.229834239164473299	0.245596308793713329	0.176038488808488907	0.0449378740866685737	0.0459582885918190213	0.878741524973170937	0.00478706421501829404	0.00664235427771637963	0.00602289064183617371	0.00751036529899690969	0.91822731325369235	0.428920684392456578	0.0223778104535243992	0.0503492551998107881	0.0183966113643815722	0.131427710839248866	0.0680962406962092841	0.0636651083649182323
T:	0.619146279388246868	0.229746922152029729	0.262797391764484024	0.0832679719030604324	0.214042074128015332	0.218468075226756092	0.182487294171290781	0.0759248913300575351	0.0432475199481313306	0.0634563813117455073	0.0126794249168819206	0.975658689249263089	0.202068549297990975	0.0231050540381234806	0.0495530599589470384	0.0493154557351011383	0.568141830490319614	0.467449808332271112	0.777612555733589675	0.281323766999206227	0.655691994765603094	0.492731345719698672



2	A.CGTATCT	0.469759665492083974


A:	0.480680367996788047	0.216698071178907366	0.492731345719698672	0.655691994765603094	0.281323766999206227	0.777612555733589675	0.467449808332271112	0.568141830490319614	0.0493154557351011383	0.105447033235669415	0.178866822081215003	0.296079177766581889	0.944981960425356967	0.0246806246959251679	0.0626988954041607642	0.106841410461970483	0.0759248913300575351	0.182487294171290781	0.218468075226756092	0.214042074128015332	0.0832679719030604324	0.262797391764484024	0.229746922152029729
C:	0.067869957663684925	0.131854014289823656	0.0636651083649182323	0.0680962406962092841	0.131427710839248866	0.0183966113643815722	0.0503492551998107881	0.0223778104535243992	0.428920684392456578	0.837093459512359955	0.00779565673487031385	0.0136735584118544005	0.0106466304795090241	0.00885204571301931624	0.887772230944243157	0.0402055971364491991	0.0449378740866685737	0.176038488808488907	0.245596308793713329	0.229834239164473299	0.0805318667060135099	0.0718297967027528027	0.283995649082136866
G:	0.098912005346063055	0.142511041417144659	0.185014459782775376	0.0840340664600877191	0.448961258977673906	0.0765796027705765974	0.0970766376577726604	0.056076571915125349	0.393233560090438373	0.0330467013248867288	0.791340010314397085	0.0213564456716361908	0.0133254450189464591	0.0237371768079637523	0.0146910066862124077	0.0387398098243484646	0.0522977339251633329	0.328428596997717144	0.136456174848867642	0.163878534691910261	0.0839795752225355801	0.498913684843754615	0.307296958557475776
T:	0.352537668993463973	0.508936873114124319	0.25858908613260772	0.192177698078099903	0.138287263183871001	0.127411230131452155	0.385124298810145439	0.353403787141030638	0.128530299782003911	0.024412805927083901	0.0219975108695175984	0.66889081814992752	0.0310459640761875502	0.942730152783091764	0.0348378669653836715	0.814213182577231853	0.826839500658110558	0.313045620022503168	0.399479441130662937	0.392245152015601107	0.752220586168390478	0.166459126689008558	0.178960470208357628



3	A.A.CGTATC	0.467571591642265125


A:	0.509803896279405502	0.365552889437885005	0.067841247393058242	0.314569668409131128	0.543930578357328164	0.0308595145090033591	0.792737020320167258	0.516234223169921711	0.789826817967644934	0.156363534220480196	0.111708829341543198	0.111398469415760383	0.0806115225808610361	0.969382758910846507	0.0198968371603455013	0.0592434649196303479	0.0704187117233021098	0.211537200156584354	0.0709261945894459637	0.0679438596493976448	0.305186293852386945	0.0201447790797214626
C:	0.220087516120229829	0.0684922318180622005	0.420942045388076691	0.204450231011567102	0.103731640562560515	0.700234473254722663	0.0590100811062632293	0.0450650063414343202	0.0335235591361917829	0.213550262479412617	0.862751130602674883	0.0153202190868618071	0.0118623361526999261	0.00620438537134055635	0.00561966732782754581	0.879025342841269478	0.00857023508767967244	0.112891041344717897	0.190052175779579206	0.08006538071114	0.220888838174545615	0.655598992172035262
G:	0.106302193774017951	0.297491972716595529	0.243327238876986832	0.331299179821247879	0.187053848519173228	0.145562283986010346	0.123983493350858595	0.236563715233716077	0.0766828105616397786	0.376439997393397693	0.00758201353418092066	0.85803462325628121	0.0194036664354996338	0.0109564011561164552	0.00967859206715119522	0.0138950051615912938	0.0198718145775893771	0.103341709331816875	0.133913164438003693	0.0651263924270959242	0.124665446822531784	0.190758507912272021
T:	0.163806393826346718	0.268462906027457265	0.267889468341878235	0.149680920758053892	0.165283932560938092	0.123343728250263632	0.0242694052227109175	0.202137055254927892	0.0999668123345235042	0.253646205906709494	0.0179580265216009979	0.0152466882410966	0.888122474830939404	0.0134564545616964817	0.964804903444675758	0.0478361870775088802	0.901139238611428841	0.572230049166880875	0.605108465192971137	0.786864367212366431	0.349259421150535656	0.133497720835971254



4	TAT.CG.ATA	0.451913195699473419


A:	0.241558072213535099	0.165556876140851228	0.468827439344602376	0.0994218673031075338	0.296221988406829772	0.272132243037646155	0.109903261779121785	0.661570840713304111	0.103430254256718215	0.078172669810021978	0.0603268987869402139	0.249795568106831302	0.271879962084884138	0.624326336888879354	0.120838683383448761	0.496107507606876098	0.467656178176702735	0.123235555812384771	0.17236714975886132	0.535765762425778357	0.609697881100907417	0.213935175973249656
C:	0.211040838292049815	0.363345599160194252	0.0313179940492722768	0.0851569328645637955	0.0826666130212115415	0.133228610568071531	0.0716882223473847215	0.0839840296290749463	0.14105638918705095	0.087438603136831986	0.530949258995745859	0.158928274110482626	0.656402198398613185	0.131187019667351481	0.133606446274172181	0.322301008266617395	0.149780001776681489	0.0218192609757844697	0.422578855974325833	0.0443849508390762788	0.0647684807230084746	0.211535938534585979
G:	0.177428681651063417	0.0377402067251055872	0.0417222421578525939	0.598284904343914851	0.138893607152666319	0.274830183190331283	0.322301008266617395	0.133606446274172181	0.131187019667351481	0.71546579101921835	0.158928274110482626	0.530949258995745859	0.0288330065157276351	0.14105638918705095	0.0839840296290749463	0.0716882223473847215	0.103881461112526525	0.326448495157368455	0.100841645410445469	0.0100542627462526024	0.167149474648444313	0.190798238807625058
T:	0.369972407843351669	0.433357317973848933	0.458132324448272754	0.217136295488413819	0.482217791419292369	0.31980896320395103	0.496107507606876098	0.120838683383448761	0.624326336888879354	0.118922936033927686	0.249795568106831302	0.0603268987869402139	0.0428848330007750423	0.103430254256718215	0.661570840713304111	0.109903261779121785	0.278682358934089251	0.528496688054462304	0.304212348856367378	0.409795023988892762	0.158384163527639795	0.383730646684539307



5	ATTATAAT	0.450842139207223297


A:	0.157329134046196657	0.261035933886006919	0.251031672213922439	0.366193243886519501	0.312156619407726709	0.335691993405496166	0.153160536205354167	0.632871456623957396	0.123046073891526063	0.159811895115018713	0.713558006365171713	0.0867160556015480902	0.675603223686532838	0.452032856248716542	0.103782459796859041	0.12102547571208961	0.483342099042606603	0.914273083755879354	0.518200248679476623	0.460762745327399171	0.785721629320974373	0.305526504677822974
C:	0.145395063599204123	0.186575730226896314	0.0649165017293228409	0.41194679269635146	0.0575379103222872037	0.162276463183923796	0.309742728325247437	0.158403923791444444	0.299961438553914729	0.127371621892052351	0.106292217787439403	0.0934337202458407936	0.0372132593063960981	0.124959631305842667	0.104942159787739119	0.0971174672862079778	0.20074769379164054	0.00211895040919139103	0.056664466671405373	0.125626849737583454	0.0934012837074475601	0.124069138454964636
G:	0.142690643685337444	0.119567520324861403	0.0693381037314238041	0.0574005329558420704	0.143673347859500574	0.17104957907641671	0.29749400624360621	0.104942159787739119	0.124959631305842667	0.0372132593063960981	0.0934337202458407936	0.106292217787439403	0.127371621892052351	0.299961438553914729	0.158403923791444444	0.0932769740081461452	0.0373232572086953632	0.0463124345613716049	0.372045431538240204	0.132566308159973535	0.0129378965694246415	0.089022280156840696
T:	0.554585158669261776	0.432820815562235364	0.614713722325330916	0.164459430461286969	0.486632122410485513	0.330981964334163329	0.239602729225792186	0.103782459796859041	0.452032856248716542	0.675603223686532838	0.0867160556015480902	0.713558006365171713	0.159811895115018713	0.123046073891526063	0.632871456623957396	0.688580082993556267	0.278586949957057494	0.0372955312735576501	0.0530898531108777998	0.281044096775043839	0.107939190402153425	0.481382076710371694



