1	GAATATTC	0.499012491976497309


A:	0.266918701148699268	0.147894711257702086	0.13628599687607341	0.409379611537224853	0.247084413293753476	0.0999271683593553387	0.343462689384688803	0.00805266906868965345	0.906241408971715752	0.968861239338119223	0.000752349180064586611	0.74578580933060008	0.0279307765402574852	0.0326348953112749539	0.00392045892394892129	0.12171740170529375	0.260862013303778884	0.399266614227562377	0.161174265175884663	0.100408298293882289	0.31752949910346373	0.117358340972027587
C:	0.460381059705120026	0.0973559266887199186	0.571333095201335194	0.14669049989034796	0.0605903669656446925	0.205402884143907964	0.201350102659906535	0.0209889743168155607	0.00288608862865754211	0.0012919972274497018	0.00214932358805226742	0.251312517901283066	0.00191598689417358992	0.0582376070883517519	0.967037897690545865	0.354518078877483027	0.360652039224142774	0.146365703429692112	0.18688251961321751	0.362799293091444002	0.477710767917156311	0.14582027172586656
G:	0.0447119519786740332	0.538964036168057082	0.107702106550346467	0.158744888980638712	0.230410227781703039	0.200319994116251626	0.207733277032027955	0.967037897690545864	0.0582376070883517519	0.00191598689417358992	0.251312517901283066	0.00214932358805226742	0.0012919972274497018	0.00288608862865754211	0.0209889743168155607	0.22094350758046253	0.156626522732363525	0.0434380011106666876	0.269518048790872136	0.307796397020982005	0.093165291600095384	0.203201673609967038
T:	0.227988287167506672	0.215785325885520914	0.184678801372244929	0.285184999591788475	0.461914991958898793	0.494349953380485072	0.247453930923376707	0.00392045892394892129	0.0326348953112749539	0.0279307765402574852	0.74578580933060008	0.000752349180064586611	0.968861239338119223	0.906241408971715752	0.00805266906868965345	0.302821011836760694	0.221859424739714817	0.410929681232078824	0.38242516642002569	0.228996011593691704	0.111594441379284574	0.533619713692138815



2	GAATAT.C.A	0.493310406993974118


A:	0.415098183918737176	0.381552533091887304	0.386826999115524967	0.536533110315210546	0.500352373722225605	0.193442820891167217	0.364760697292996507	0.00667688646920633832	0.93842547301191284	0.981415776939829946	0.00185197082126196989	0.571500969818106328	0.0103101132764207254	0.0326348953112749539	0.00623305279701688942	0.0268220298410921166	0.521725511706870826	0.223865496826376348	0.146548353450406053	0.250035184357590948	0.316653067249102596	0.134944966072382456	0.293391707108489488
C:	0.148176004871930268	0.0969546373265747092	0.257425984701519433	0.234283362937826124	0.14785114644402424	0.207678763464548039	0.135502876122182744	0.00971616635075548121	0.00532875509970886463	0.00163285201112137976	0.00300772769712974486	0.422055277745462537	0.00403164130712675113	0.0582376070883517519	0.961790269192608948	0.276620586948331422	0.130266166227717845	0.235667436518799756	0.316724462984370214	0.0540171963244816726	0.429081581694967817	0.170979503003269626	0.0712911810156939132
G:	0.108218099238388033	0.139481723186976615	0.162465004408134085	0.0497218901642377498	0.197272827768677043	0.216927845940810604	0.46363338832996536	0.975486953770958778	0.0370014797096054939	0.00730366849720662577	0.139196992975825471	0.00213440124320828741	0.00165342733034103513	0.00288608862865754211	0.0254616186663486586	0.331492116069713553	0.191436069048893878	0.0904510916070466765	0.152740226859198421	0.390547599169258204	0.123906663694937671	0.372776674531027201	0.479316099167804118
T:	0.328507711970944522	0.382011106394561372	0.193282011774821514	0.17946163658272558	0.154523652065073112	0.38195056970347414	0.0361030382548553887	0.00811999340907940215	0.0192442921787728012	0.00964770255184204849	0.855943308505782814	0.00430935119322284711	0.984004818086111488	0.906241408971715752	0.0065150593440255038	0.365065267140862909	0.156572253016517451	0.450015975047777219	0.383986956706025311	0.305400020148669175	0.130358687360991916	0.321298856393320717	0.156001012708012481



3	G.ATATTC.A	0.492893658006519806


A:	0.321298856393320717	0.130358687360991916	0.305400020148669175	0.383986956706025311	0.450015975047777219	0.156572253016517451	0.365065267140862909	0.0210836510874176791	0.906241408971715752	0.973819848755552562	0.00337226894371396731	0.782907588596047948	0.00702314336665873275	0.0647197022795613929	0.0100896313569893958	0.0361030382548553887	0.38195056970347414	0.154523652065073112	0.17946163658272558	0.193282011774821514	0.382011106394561372	0.328507711970944522	0.210255462402060908
C:	0.372776674531027201	0.123906663694937671	0.390547599169258204	0.152740226859198421	0.0904510916070466765	0.191436069048893878	0.331492116069713553	0.0246527274313012891	0.00288608862865754211	0.00132180186988576108	0.00200108951422124217	0.210116820626831334	0.00809423042024354883	0.0312927271281339465	0.969628923867820992	0.46363338832996536	0.216927845940810604	0.197272827768677043	0.0497218901642377498	0.162465004408134085	0.139481723186976615	0.108218099238388033	0.106164852182939335
G:	0.170979503003269626	0.429081581694967817	0.0540171963244816726	0.316724462984370214	0.235667436518799756	0.130266166227717845	0.276620586948331422	0.944437845167052292	0.0582376070883517519	0.00344831281551961086	0.409672421595090889	0.00400214288659332932	0.00107650339777354045	0.00705603427194312396	0.00620780117511066762	0.135502876122182744	0.207678763464548039	0.14785114644402424	0.234283362937826124	0.257425984701519433	0.0969546373265747092	0.148176004871930268	0.368424688308160687
T:	0.134944966072382456	0.316653067249102596	0.250035184357590948	0.146548353450406053	0.223865496826376348	0.521725511706870826	0.0268220298410921166	0.00982577631422873942	0.0326348953112749539	0.0214100365590420658	0.584954219946973902	0.00297344789052738872	0.983806122815324178	0.896931536320361537	0.0140736436000789444	0.364760697292996507	0.193442820891167217	0.500352373722225605	0.536533110315210546	0.386826999115524967	0.381552533091887304	0.415098183918737176	0.31515499710683907



4	AAGATTC.C	0.492748925766780264


A:	0.365442850651402185	0.345519738815100485	0.203592908962113334	0.318966791601158358	0.480602464353861636	0.117163474710914949	0.233871897079306738	0.581299049752207913	0.904835415742929721	0.00181844619712043922	0.979500019149400425	0.146161811009747488	0.0393888480166285257	0.00393003477095251919	0.0614931448256062648	0.128388452691577304	0.0704055374783133066	0.101721984675447921	0.0184918158526392325	0.274034238541799803	0.114370954865975496	0.101061268406534801	0.179739889185914507
C:	0.0889911226268769763	0.0562013216668918882	0.207850933525856731	0.336124989030227274	0.200775125672954814	0.0938508210502111047	0.293848073607182442	0.111001142296008228	0.00558385553974158107	0.00267181091148174788	0.00153925916925052799	0.00102071872144553725	0.0386792943681613385	0.989550720788384991	0.57379186821308076	0.528578261491243876	0.161215280954315115	0.14979406336059101	0.525589345626926082	0.229508873057558297	0.182188626085237122	0.133228352228234253	0.0525241164245634323
G:	0.370588846600474968	0.404730008529482077	0.504357465385440243	0.223495286396729802	0.154369723612631134	0.309504696180686894	0.365210889645137361	0.15062713151786508	0.0601847218091358031	0.857797283394378385	0.0171044735572513785	0.00109553346207456709	0.00470124143316267573	0.00207516504240396791	0.0819950535056039939	0.161244272886789633	0.153671931496690219	0.0469076796727327475	0.196972419328821752	0.12612450665812921	0.211577580147373702	0.106061975447764849	0.073282725399177136
T:	0.174977180121245871	0.19354893098852555	0.0841986921265896918	0.121412932971884566	0.164252686360552416	0.479481008058187053	0.107069139668373459	0.157072676433918778	0.0293960069081928946	0.137712459497019428	0.00185624812409766833	0.851721936806732407	0.91723061618204746	0.00444407939825852243	0.282719933455708981	0.181789012930389187	0.614707250070681359	0.701576272291228322	0.258946419191612933	0.37033238174251269	0.491862838901413681	0.659648403917466097	0.694453268990344925



5	AGATTCC.C	0.492038550824854292


A:	0.551774911612417905	0.251110134992413775	0.462275988261508142	0.284585168989926884	0.185129062095116414	0.0312453697642601795	0.554025873579579882	0.932646416803123219	0.00179293378531621636	0.986311399984441395	0.0924449763935550124	0.019560941892809191	0.003813793478724903	0.0109848279202248177	0.182830880598718464	0.0610505466818533807	0.379353532453359588	0.0406083282532612747	0.281116547027722543	0.469430396464845563	0.22158992956947713	0.0306904844208865467	0.0690589997831134456
C:	0.0666868848837803972	0.292611682150110903	0.342352576887940918	0.0822958829169400873	0.147954594436736367	0.442086477077968391	0.100645077475788524	0.0111372066577964901	0.00159889282269497766	0.000730206676087268939	0.000855811585151139142	0.0269492593539190564	0.992005074302041981	0.681208378460903202	0.36024254786772518	0.689278038046225755	0.331580601509561628	0.332608215193592028	0.43196827998289727	0.0969028356920009788	0.257161682952830784	0.173556303055945389	0.103111977874201039
G:	0.171791726301303886	0.265672090225093	0.161634968395431542	0.359477033603972486	0.297106967184028882	0.444035044805361331	0.218870435829818886	0.0324111024862456541	0.851861229622312923	0.0117048490672412369	0.000927196910134625919	0.000585849977139402233	0.000743542205681330482	0.0623245623283417364	0.256280886564514166	0.117620594903802943	0.0990712523469111594	0.288955029212005921	0.133842849576048158	0.274767075443291142	0.135980156733709238	0.0562840414463878894	0.122141972366536346
T:	0.209746477202497812	0.190606092632382321	0.0337364664551193978	0.273641914489160543	0.369809376284118337	0.0826331083524100984	0.126458613114812708	0.0238052740528346372	0.144746943769675883	0.0012535442722300987	0.905772015111159223	0.95290394877613235	0.00343759001355178603	0.245482231290530244	0.20064568496904219	0.132050820368117921	0.189994613690167625	0.337828427341140777	0.153072323413332029	0.158899692399862316	0.385268230743982848	0.739469171076780175	0.70568704997614917



