1	AGATTCCC	0.497475060797061889


A:	0.193730332460007963	0.101069840537666489	0.577568545177952241	0.943761544189876351	0.373435437216605242	0.0869928808750306479	0.143892738465001905	0.892339924109609874	0.000964461541309781056	0.984534317899574878	0.0576249620731276303	0.0193952914721202266	0.00306341971949114997	0.00519380769736035757	0.0505572841114373574	0.175684763525950968	0.206597432966430469	0.0486390094471221429	0.00743817528224610117	0.0138018817667193505	0.213930524898666243	0.184331348774571728
C:	0.268935272426512826	0.0553717003521470991	0.214195039182216879	0.0364324532947855122	0.205050612124699584	0.323441850664099485	0.155156465210591879	0.00342542132910858922	0.000992109765379579046	0.00132263562430687502	0.000667399939213473396	0.0536111041826088949	0.991533778165909403	0.935017668227395788	0.746406916691513827	0.449041191668241939	0.531312531356718449	0.854476285424448143	0.960065314125831089	0.914896183498770334	0.369372768889131202	0.142350198348901987
G:	0.430718809098046072	0.82251431668447337	0.203490844474279224	0.0119568683932129067	0.285437385177403394	0.289480377258323934	0.493128402395121577	0.0572739810951249581	0.921177304695277312	0.0131668114437238733	0.000639961532677228593	0.000516625208041850748	0.00104370476990206167	0.0125778872180565225	0.0582840002464563897	0.210309600503098122	0.161459210708863795	0.0150432349473557195	0.0206019089026903753	0.0294403271511502236	0.304442606792129067	0.324225236237935879
T:	0.10661558601543314	0.021044142425713042	0.00474557116555165579	0.00784913412212523058	0.13607656548129178	0.300084891202545933	0.207822393929284639	0.0469606734661565785	0.0768661239980333282	0.000976235032394373384	0.941067676454981668	0.926476979137229028	0.00435909734469738569	0.0472106368571873322	0.144751798950592426	0.164964444302708971	0.100630824967987287	0.0818414701810739945	0.0118946016892324345	0.0418616075833600923	0.112254099420073488	0.349093216638590406



2	AGATTCC..C	0.497192788724006154


A:	0.193730332460007963	0.101069840537666489	0.577568545177952241	0.943761544189876351	0.373435437216605242	0.0869928808750306479	0.143892738465001905	0.933156067158556398	0.00110373826411548447	0.978170598800133773	0.0893369932332376411	0.0243128293013120794	0.00195735805377009471	0.00421359524829683725	0.0505572841114373574	0.175684763525950968	0.206597432966430469	0.0486390094471221429	0.00743817528224610117	0.0138018817667193505	0.213930524898666243	0.184331348774571728	0.0994093673232029533
C:	0.268935272426512826	0.0553717003521470991	0.214195039182216879	0.0364324532947855122	0.205050612124699584	0.323441850664099485	0.155156465210591879	0.00588649869849561291	0.00103638793564788703	0.00163283415976000839	0.00120067118378181888	0.0595178715293006657	0.991563246875661918	0.736550239777077813	0.746406916691513827	0.449041191668241939	0.531312531356718449	0.854476285424448143	0.960065314125831089	0.914896183498770334	0.369372768889131202	0.142350198348901987	0.621259569734915302
G:	0.430718809098046072	0.82251431668447337	0.203490844474279224	0.0119568683932129067	0.285437385177403394	0.289480377258323934	0.493128402395121577	0.0433132678134117176	0.947239606728987174	0.019464878614775046	0.000687389079151730687	0.000560598603451381663	0.00359267435724404446	0.0210074397970641829	0.0582840002464563897	0.210309600503098122	0.161459210708863795	0.0150432349473557195	0.0206019089026903753	0.0294403271511502236	0.304442606792129067	0.324225236237935879	0.224602319984073919
T:	0.10661558601543314	0.021044142425713042	0.00474557116555165579	0.00784913412212523058	0.13607656548129178	0.300084891202545933	0.207822393929284639	0.0176441663295362711	0.0506202670712494549	0.00073168842533117296	0.908774946503828809	0.915608700565935873	0.00288672071332394297	0.238228725177561167	0.144751798950592426	0.164964444302708971	0.100630824967987287	0.0818414701810739945	0.0118946016892324345	0.0418616075833600923	0.112254099420073488	0.349093216638590406	0.054728742957807825



3	GAGATTCC	0.497036634784944353


A:	0.338619706705760631	0.193730332460007963	0.101069840537666489	0.577568545177952241	0.943761544189876351	0.373435437216605242	0.0869928808750306479	0.143892738465001905	0.951074384339675125	0.000845989984065905047	0.987419188911189385	0.0460118364724273146	0.0266919959097929287	0.00374300442123899079	0.00542995021573732125	0.0505572841114373574	0.175684763525950968	0.206597432966430469	0.0486390094471221429	0.00743817528224610117	0.0138018817667193505	0.213930524898666243
C:	0.28011608922763797	0.268935272426512826	0.0553717003521470991	0.214195039182216879	0.0364324532947855122	0.205050612124699584	0.323441850664099485	0.155156465210591879	0.0042205017101005939	0.000601773114802223761	0.0016512108499231313	0.000587616104858574208	0.0406565782477957008	0.992816294937029406	0.749541783538083806	0.746406916691513827	0.449041191668241939	0.531312531356718449	0.854476285424448143	0.960065314125831089	0.914896183498770334	0.369372768889131202
G:	0.319483969159353399	0.430718809098046072	0.82251431668447337	0.203490844474279224	0.0119568683932129067	0.285437385177403394	0.289480377258323934	0.493128402395121577	0.0283490900304001224	0.928007728158319774	0.00997352313530102764	0.000770596064806961468	0.0004471343287810688	0.00182847714504600156	0.0174405651431255035	0.0582840002464563897	0.210309600503098122	0.161459210708863795	0.0150432349473557195	0.0206019089026903753	0.0294403271511502236	0.304442606792129067
T:	0.0617802349072479989	0.10661558601543314	0.021044142425713042	0.00474557116555165579	0.00784913412212523058	0.13607656548129178	0.300084891202545933	0.207822393929284639	0.0163560239198241591	0.0705445087428120969	0.000956077103586455635	0.95262995135790715	0.932204291513630302	0.00161222349668560188	0.227587701103053369	0.144751798950592426	0.164964444302708971	0.100630824967987287	0.0818414701810739945	0.0118946016892324345	0.0418616075833600923	0.112254099420073488



4	GAATATTC	0.496979118431787612


A:	0.180544054252322263	0.151558980461293934	0.367218509974837318	0.0225817131804608256	0.111504671000619993	0.0689290331114977162	0.41025861127314376	0.0166924419879052542	0.691143334297990649	0.93880617318312532	0.00164831736501272862	0.549658368036303661	0.0552003586073376268	0.208083257167425161	0.0146127751418725341	0.018914041479457859	0.0887923180289078167	0.136372293247879326	0.313348039922136319	0.0501865500731411677	0.110307872235274909	0.23365045932288183
C:	0.252063943750436143	0.712413411065550762	0.0469507988143472688	0.331746764089692701	0.0924539985793020628	0.780654614516357751	0.121512507986801831	0.00548862294931731487	0.00669714495137311917	0.000946695739201949959	0.00196283952304637782	0.446730475075637233	0.00504677247033510319	0.0940762635832110704	0.963206159920904897	0.802520833179893056	0.433704530974641288	0.565954736953775803	0.178617669362916631	0.139758377578117687	0.0203192512390625356	0.381469945723702325
G:	0.138660387899409482	0.0230187231783445483	0.239124015068324384	0.418751254072004091	0.682719407970536619	0.0817449098572750065	0.425210285083208312	0.963206159920904897	0.0940762635832110704	0.00504677247033510319	0.446730475075637233	0.00196283952304637782	0.000946695739201949959	0.00669714495137311917	0.00548862294931731487	0.0320040327573916573	0.341081490799388637	0.244117945860257869	0.164911691955265551	0.757647014091607184	0.2539323781952659	0.3095588038159173
T:	0.428731614097832113	0.113008885294810756	0.34670667614249103	0.226920268657842383	0.113321922449541325	0.0686714425148695263	0.0430185956568460968	0.0146127751418725342	0.208083257167425161	0.0552003586073376268	0.549658368036303661	0.00164831736501272862	0.93880617318312532	0.691143334297990649	0.0166924419879052542	0.146561092583257428	0.136421660197062259	0.0535550239380870027	0.343122598759681499	0.0524080582571339611	0.615440498330396655	0.0753207911374985454



5	GATTCCCC	0.496491761377735868


A:	0.649402273690178387	0.235527280180805298	0.96236121795712694	0.618638077774044189	0.0623194526760752299	0.211341001700599272	0.892339924109609874	0.00262939105755959464	0.991179589078138251	0.0321957450121773306	0.0216982758442950108	0.00434914234606863477	0.00347178343730554997	0.0196130523309169344	0.037424476785089391	0.133891938743026545	0.290588873896555042	0.250721326519895325	0.542959836505120052	0.112999726731808394	0.140385746867268612	0.540666434808662198
C:	0.195862108090039871	0.0292821782470349556	0.00324217507675890205	0.0489016419196353302	0.227052685830202679	0.408910056016257333	0.00342542132910858922	0.000919294029366474535	0.00197650195471080595	0.000771331264519657374	0.018604735720978583	0.992318401355712188	0.978265163898517966	0.913929159607112205	0.862044082039413141	0.343034409051400915	0.536502366636512082	0.584521823683495843	0.338149407022839485	0.105908899659285356	0.144581739986861202	0.159250042537095189
G:	0.0423207737372787927	0.421664693291145371	0.0272869379529820289	0.143389233581968729	0.163273242071136538	0.170953697473321015	0.0572739810951249581	0.98807107326039607	0.00489812541881890361	0.000952654680183160648	0.000664346442457049384	0.0011307121941276249	0.00370991664190564485	0.0449002776404115609	0.0282280572720586018	0.255717450454494834	0.102046636608235872	0.149175424486678706	0.0982478032577651508	0.603636942770793907	0.270730804905243904	0.229759905323223352
T:	0.112414844482502949	0.313525848281014375	0.00710966901313212858	0.189071046724351752	0.547354619422585553	0.20879524480982238	0.0469606734661565785	0.00838024165267786111	0.00194578354833203961	0.966080269043119851	0.959032641992269357	0.00220174410409155228	0.0145531360222708388	0.0215575104215592999	0.0723033839034388663	0.267356201751077706	0.0708621228586970039	0.0155814253099301266	0.0206429532142753122	0.177454430838112343	0.444301708240626283	0.0703236173310192609



