1	AAATATCT	0.499485060551915823


A:	0.161346646773438187	0.233947790533798409	0.0303442969596521568	0.526429732087371795	0.121099469294895724	0.268372720825299604	0.310755176623072838	0.83447914423801731	0.870147119932817659	0.96576016933487539	0.0368007442516360644	0.964599263694313741	0.00178965372109209245	0.0140348379252050641	0.0163423282953741541	0.173550933984461344	0.149924698561545858	0.057514928255449353	0.0508652270161355653	0.211076185211097963	0.0751018136525418925	0.0346796954935684218
C:	0.222639551847116342	0.226235264334339454	0.285489211488792898	0.186596824184593217	0.318855723696179161	0.324790664467010075	0.120854304093266957	0.00166113674848460016	0.00294415342878384309	0.00353594624082844458	0.000191987774617405151	0.0343903466070178349	0.00435091589501215108	0.979758515195534617	0.0905471147829242759	0.189400999232308466	0.376008123650502812	0.0588170812896185708	0.139953634356156898	0.178882156872429347	0.458635408175628924	0.25230868545765449
G:	0.413612449044748341	0.161909728684268189	0.483765889101086252	0.278179060466432283	0.237944446602843537	0.300471235372067806	0.248177338010586005	0.115029551483276303	0.124747503370514963	0.0299712804169823418	0.0115117994887641793	0.000571983384774933084	0.00139798519378019365	0.000133231161196220707	0.0114209356812225993	0.171804148350237629	0.343007495861635909	0.457883093573023407	0.659006558724466737	0.304185753629542625	0.283951788683647217	0.440345717034593785
T:	0.202401352334697131	0.377907216447593948	0.200400602450468693	0.00879438326160270461	0.322100360406081578	0.106365379335622515	0.3202131812730742	0.0488301675302217865	0.00216122326788353489	0.000732604007313823658	0.951495468484982351	0.000438406313893491489	0.992461445190115563	0.00607341571806409872	0.881689621240478971	0.465243918432992562	0.131059681926315422	0.425784896881908669	0.1501745799032408	0.305855904286930065	0.182310989488181967	0.272665902014183303



2	AATATCT..G	0.498681384121312661


A:	0.233947790533798409	0.0303442969596521568	0.526429732087371795	0.121099469294895724	0.268372720825299604	0.310755176623072838	0.83447914423801731	0.795561692785561996	0.93078442856686102	0.0548623695177370328	0.983906174083896745	0.00118840629678958036	0.0114763250251917098	0.0184759626987524855	0.173550933984461344	0.149924698561545858	0.057514928255449353	0.0508652270161355653	0.211076185211097963	0.0751018136525418925	0.0346796954935684218	0.0941522426295024258	0.378821509853533623
C:	0.226235264334339454	0.285489211488792898	0.186596824184593217	0.318855723696179161	0.324790664467010075	0.120854304093266957	0.00166113674848460016	0.0132992863852309411	0.00372328271559807045	0.000325281279219387812	0.0141066932337983242	0.00513768035054586694	0.982528531278965109	0.0601467917768652643	0.189400999232308466	0.376008123650502812	0.0588170812896185708	0.139953634356156898	0.178882156872429347	0.458635408175628924	0.25230868545765449	0.171857537861159073	0.114394302965596222
G:	0.161909728684268189	0.483765889101086252	0.278179060466432283	0.237944446602843537	0.300471235372067806	0.248177338010586005	0.115029551483276303	0.186429713866161018	0.062837022097475892	0.0209680175199033528	0.00120080459396605831	0.00233740577856427342	0.000243590538793765611	0.0170447216604536851	0.171804148350237629	0.343007495861635909	0.457883093573023407	0.659006558724466737	0.304185753629542625	0.283951788683647217	0.440345717034593785	0.451576158836425675	0.149913390178522562
T:	0.377907216447593948	0.200400602450468693	0.00879438326160270461	0.322100360406081578	0.106365379335622515	0.3202131812730742	0.0488301675302217865	0.00470930696304604509	0.00265526662006501729	0.923844331683140227	0.000786328088338872344	0.991336507574100279	0.00575155315704941587	0.904332523863928565	0.465243918432992562	0.131059681926315422	0.425784896881908669	0.1501745799032408	0.305855904286930065	0.182310989488181967	0.272665902014183303	0.282414060672912826	0.356870797002347593



3	C..AAATATC	0.498352357320099256


A:	0.0516719224461554854	0.265490928602096692	0.20522893352431536	0.171811248515766384	0.149225816577638696	0.0346736322033285332	0.158518806597996305	0.331261661458055279	0.558971416511318611	0.853948839621944836	0.751320231780096365	0.940251902440744003	0.030613087227193028	0.950048563113856905	0.00254264061486869965	0.0103626431132389002	0.0163423282953741541	0.0726443886444871891	0.146498013900505161	0.183472158573205412	0.0445619733594052895	0.113325669076057135	0.433271602191137668
C:	0.204769399531503556	0.25982462979105201	0.36900258753158402	0.398792281078258899	0.0900249747291877557	0.136343787297424275	0.468928701152552183	0.225010314020207011	0.0676290316348684682	0.00365876494541147324	0.00160754138545488755	0.00224977002864160273	0.000289543340469700563	0.0483172114506716364	0.00264219162246233616	0.981703808538074313	0.0905471147829242759	0.251341714480055641	0.21071252459388099	0.244884907556941527	0.0414359058307448918	0.442172959229089083	0.291214552765962028
G:	0.194224670897222127	0.241534808640103543	0.219476681947723871	0.231872110318250985	0.0916837358121025584	0.777262216739649839	0.199513424633938337	0.326332823879818439	0.0976593507795448629	0.0751368422689426155	0.243350041360907539	0.0557091758379167212	0.0156865469308873878	0.00123526097449981965	0.00219486976328067062	0.000457753666667967816	0.0114209356812225993	0.197149565022742394	0.426381931414550679	0.242262610005291212	0.902102562794806658	0.389465830616136121	0.178240667728373471
T:	0.549334007125118832	0.233149632966747756	0.20629179699637675	0.197524360087723732	0.66906547288107099	0.0517203637595973524	0.173039067615513176	0.117395200641919271	0.275740201074268057	0.0672555531637010756	0.00372218547354120849	0.00178915169269767323	0.953410822501449884	0.000398964460971638548	0.992620297999388294	0.00747579468201881896	0.881689621240478971	0.478864331852714775	0.21640753009106317	0.329380323864561849	0.011899558015043161	0.0550355410787176613	0.0972731773145268335



4	AGATATCT	0.498232536217503473


A:	0.163767942224540559	0.264638937135813921	0.0345369869088573769	0.00946016015182269957	0.0353698361556655863	0.432454495619031229	0.553968577062832421	0.937589219031247881	0.870147119932817659	0.869407707733770067	0.0426688020912647586	0.948642761988493514	0.000556145521304426099	0.00216122326788353489	0.0169499082427931222	0.0998663019573308701	0.0883125327021078597	0.0947755427583687894	0.0499458984914049939	0.32505699432297052	0.421092512876191651	0.0839476068968535582
C:	0.345681128251973616	0.202431080300678081	0.056788869177748923	0.00352386431987651322	0.363278723085512576	0.241911488233972341	0.0520003227058651842	0.00501156039731401799	0.00294415342878384309	0.000959457431523240217	0.000165581384337214904	0.00852285453590451264	0.129076689313402267	0.124747503370514963	0.0404493123286449783	0.357914901857636217	0.190227159376724214	0.194911295080307005	0.832916896042060188	0.209330397360252182	0.129487310775703449	0.214850681441545951
G:	0.414048947690335207	0.0488777351150009063	0.460949696932922772	0.984208837503577476	0.0161638212556050798	0.184168091166762998	0.202115279351153204	0.0404493123286449783	0.124747503370514963	0.129076689313402267	0.00852285453590451264	0.000165581384337214904	0.000959457431523240217	0.00294415342878384309	0.00501156039731401799	0.105902648570177027	0.469171989608325682	0.482835586305307812	0.110415117999039005	0.234045042444473984	0.143525912058202321	0.186403848595246939
T:	0.0765019818331506178	0.484052247448507092	0.447724446980470928	0.00280713802472331137	0.585187619503216757	0.141465924980233432	0.19191582088014919	0.0169499082427931222	0.00216122326788353489	0.000556145521304426099	0.948642761988493514	0.0426688020912647586	0.869407707733770067	0.870147119932817659	0.937589219031247881	0.436316147614855886	0.252288318312842244	0.227477575856016394	0.0067220874674958123	0.231567565872303314	0.305894264289902579	0.514797863066353552



5	A.GATATTT	0.498045808724998759


A:	0.455372526795174497	0.0897452788177571376	0.0972731773145268335	0.0550355410787176613	0.011899558015043161	0.329380323864561849	0.21640753009106317	0.478864331852714775	0.881689621240478971	0.00956439623447909476	0.99315778018039086	0.000529755322458729453	0.965056567732454782	0.0014243502014206584	0.00216150241484963946	0.0254365115173630266	0.275740201074268057	0.117395200641919271	0.173039067615513176	0.0517203637595973524	0.66906547288107099	0.197524360087723732	0.20629179699637675
C:	0.11149335052494524	0.242980284509852151	0.178240667728373471	0.389465830616136121	0.902102562794806658	0.242262610005291212	0.426381931414550679	0.197149565022742394	0.0114209356812225993	0.000282090695405634949	0.00151569563225870248	0.000944881643932181469	0.00762064854762025201	0.0166465835423058354	0.126816796312288775	0.0208074072078920349	0.0976593507795448629	0.326332823879818439	0.199513424633938337	0.777262216739649839	0.0916837358121025584	0.231872110318250985	0.219476681947723871
G:	0.390080909868581432	0.415059844268125039	0.291214552765962028	0.442172959229089083	0.0414359058307448918	0.244884907556941527	0.21071252459388099	0.251341714480055641	0.0905471147829242759	0.98597754054306233	0.00345688486987614063	0.024885726783728689	0.000288106310358109314	0.00276297654374243889	0.00184038318034739348	0.0023318313306168398	0.0676290316348684682	0.225010314020207011	0.468928701152552183	0.136343787297424275	0.0900249747291877557	0.398792281078258899	0.36900258753158402
T:	0.0430532128112988312	0.252214592404265672	0.433271602191137668	0.113325669076057135	0.0445619733594052895	0.183472158573205412	0.146498013900505161	0.0726443886444871891	0.0163423282953741541	0.00417597252705293988	0.00186963931747429696	0.9736396362498804	0.0270346774095668571	0.979166089712531067	0.869181318092514192	0.951424249944128099	0.558971416511318611	0.331261661458055279	0.158518806597996305	0.0346736322033285332	0.149225816577638696	0.171811248515766384	0.20522893352431536



