1	CTAGGGCA	0.495108075243200318


A:	0.222761418356601746	0.455042804706957398	0.0347497478929164615	0.465849551556355627	0.756146292317563637	0.43160493720565417	0.434222374600841957	0.00807694912052538593	0.00484401014240139865	0.989405769783979367	0.00229298606497886752	0.00246709557504426138	0.00192105852692417363	0.00156619640151792073	0.811025135174017246	0.451882134293303618	0.597564972001474258	0.0219895636314889259	0.0200243609475014141	0.180673513286737065	0.0711919579878917228	0.142004941271678397
C:	0.108071757782524941	0.301634367832738213	0.907415293032138155	0.303402816111686136	0.07921794826496875	0.109761589775732124	0.128190644133450246	0.489439619159113918	0.00226882702304077067	0.000847160419928417068	0.00277252609381049958	0.000923457189179801553	0.000835926234498323506	0.902299572565298086	0.00528105174835115238	0.206261945941609673	0.214324901165467498	0.0211514369297980235	0.0451317182750298305	0.281989974650818399	0.231689394927554113	0.585280150136020798
G:	0.231404474241565814	0.0998640254639206769	0.017526023244829076	0.225561534993458997	0.12837808245021168	0.262430310997577968	0.307186722239311768	0.0130438125612467776	0.00250824666293761355	0.00814573991227872179	0.993293181304765147	0.991504903354445748	0.899249815772733402	0.000779850168370971072	0.0245739218716516753	0.0714188824424301819	0.0901094935497523552	0.429533215350728247	0.856517480086568475	0.0465444767221837745	0.143385406369053671	0.100577917716181352
T:	0.437762349619307499	0.143458801996383712	0.0403089358301163071	0.0051860973384992402	0.0362576769672559326	0.196203162021035738	0.130400259026396029	0.489439619159113918	0.990378916171620217	0.00160132988381349445	0.00164130653644548581	0.00510454388133018906	0.0979931994658441008	0.0953543808648130223	0.159119891205979927	0.270437037322656528	0.0980006332833058886	0.527325784087984804	0.0783264406909002801	0.490792035340260762	0.553733240715500493	0.172136990876119453



2	TGCCCTAA	0.495036728211236847


A:	0.172136990876119453	0.553733240715500493	0.490792035340260762	0.0783264406909002801	0.527325784087984804	0.0980006332833058886	0.270437037322656528	0.091418851238815534	0.0586180861258597864	0.161089215509010939	0.00380179216599531293	0.00171369503341325906	0.00328357275839776325	0.976714540989453207	0.489439619159113918	0.130400259026396029	0.196203162021035738	0.0362576769672559326	0.0051860973384992402	0.0403089358301163071	0.143458801996383712	0.437762349619307499
C:	0.100577917716181352	0.143385406369053671	0.0465444767221837745	0.856517480086568475	0.429533215350728247	0.0901094935497523552	0.0714188824424301819	0.0192807399849588358	0.00192197072894783237	0.835546472434508024	0.991680084107191171	0.992120153362186815	0.00676273164235884814	0.0017617040856368189	0.0130438125612467776	0.307186722239311768	0.262430310997577968	0.12837808245021168	0.225561534993458997	0.017526023244829076	0.0998640254639206769	0.231404474241565814
G:	0.585280150136020798	0.231689394927554113	0.281989974650818399	0.0451317182750298305	0.0211514369297980235	0.214324901165467498	0.206261945941609673	0.00676983748647386395	0.937138564845214869	0.000866598350405239146	0.00336978556415721778	0.00362924168941693408	0.000575603335296481831	0.00434142637026221647	0.489439619159113918	0.128190644133450246	0.109761589775732124	0.07921794826496875	0.303402816111686136	0.907415293032138155	0.301634367832738213	0.108071757782524941
T:	0.142004941271678397	0.0711919579878917228	0.180673513286737065	0.0200243609475014141	0.0219895636314889259	0.597564972001474258	0.451882134293303618	0.882530571289751766	0.00232137829997751248	0.00249771370607579818	0.00114833816265629872	0.00253690991498299186	0.989378092263946907	0.0171823285546477576	0.00807694912052538593	0.434222374600841957	0.43160493720565417	0.756146292317563638	0.465849551556355627	0.0347497478929164615	0.455042804706957398	0.222761418356601746



3	A..TAGGGCA	0.494689826302729529


A:	0.0280190933116561662	0.222761418356601746	0.455042804706957398	0.0347497478929164615	0.465849551556355627	0.756146292317563637	0.43160493720565417	0.434222374600841957	0.00807694912052538593	0.013829901173338846	0.970515830808810947	0.0080105992906127307	0.0130337260034844912	0.00469250181808159008	0.00640099715802204303	0.663268597696609171	0.451882134293303618	0.597564972001474258	0.0219895636314889259	0.0200243609475014141	0.180673513286737065	0.0711919579878917228	0.142004941271678397
C:	0.481367892281353648	0.108071757782524941	0.301634367832738213	0.907415293032138155	0.303402816111686136	0.07921794826496875	0.109761589775732124	0.128190644133450246	0.489439619159113918	0.00820870303914184445	0.00411870520037813225	0.00450893706077455622	0.00158627027164347253	0.00388638011254538813	0.811126532637991534	0.0223361078329439707	0.206261945941609673	0.214324901165467498	0.0211514369297980235	0.0451317182750298305	0.281989974650818399	0.231689394927554113	0.585280150136020798
G:	0.0357301825233418575	0.231404474241565814	0.0998640254639206769	0.017526023244829076	0.225561534993458997	0.12837808245021168	0.262430310997577968	0.307186722239311768	0.0130438125612467776	0.00519157643363053208	0.0238624369929708199	0.984437229717739421	0.98123062838755081	0.699502301631660378	0.0029164181000152255	0.0370376003548556998	0.0714188824424301819	0.0901094935497523552	0.429533215350728247	0.856517480086568475	0.0465444767221837745	0.143385406369053671	0.100577917716181352
T:	0.454882831883648328	0.437762349619307499	0.143458801996383712	0.0403089358301163071	0.0051860973384992402	0.0362576769672559326	0.196203162021035738	0.130400259026396029	0.489439619159113918	0.972769819353888777	0.00150302699784010096	0.00304323393087329223	0.00414937533732122584	0.291918816437712644	0.179556052103971197	0.277357694115591158	0.270437037322656528	0.0980006332833058886	0.527325784087984804	0.0783264406909002801	0.490792035340260762	0.553733240715500493	0.172136990876119453



4	AG..CTAGGG	0.49413328606876994


A:	0.1774119585156033	0.137237395079493786	0.483383932966510772	0.234264208302420949	0.294871439829145272	0.317210871184381708	0.762384491841349105	0.102135803225972058	0.449566227211892931	0.147594037745777631	0.0748755686512756888	0.024299540461176473	0.946570584597881508	0.0121955837932453225	0.011873103180214107	0.0163438112523165198	0.00842318872987585728	0.134022427112436466	0.457904373744477808	0.178574631573747194	0.142564349070304387	0.0166206516287834613
C:	0.152417478228023599	0.385501726719415881	0.093820391940692844	0.185523235637658391	0.0184410475040865382	0.597370557771684278	0.191833558111266118	0.0696066777956673717	0.130182959414556979	0.410470509879726166	0.687868114350624908	0.00980240918797063121	0.00343965260078209347	0.0146901083114870763	0.012363997048272612	0.0123594961994188028	0.273286108052291948	0.0110548737012881488	0.204815254521027305	0.179751963919888085	0.633721234328945221	0.764833156686393574
G:	0.623374741650370658	0.180511399964041003	0.264782075392714669	0.164114282098774343	0.676215989522708285	0.0207561017740182228	0.0260104100131106154	0.531103983052202464	0.210113312559003564	0.318023673637551364	0.0284452963937440265	0.0184362296123096741	0.0335833685294060589	0.948020495328622632	0.952282958392162946	0.691302473976808981	0.118390556819988583	0.201779864968200386	0.0892797347445314546	0.311576094677556948	0.0268323569566077834	0.00188356602589469325
T:	0.0467958216060024431	0.296749478237049331	0.158013599700081714	0.416098273961146317	0.0104715231440599044	0.0646624692699157907	0.0197715400342741612	0.297153535926158106	0.210137500814546527	0.123911778736944839	0.208811020604355377	0.947461820738543222	0.0164063942719303396	0.0250938125666449693	0.0234799413793503351	0.279994218571455697	0.599900146397843612	0.653142834218074999	0.248000636989963433	0.330097309828807773	0.196882059644142609	0.216662625658928271



5	T.TGCCCTA	0.494025758102139064


A:	0.147606321448391813	0.190891376118096573	0.172136990876119453	0.553733240715500493	0.490792035340260762	0.0783264406909002801	0.527325784087984804	0.0980006332833058886	0.270437037322656528	0.135898721692365227	0.113251379238443994	0.132899490959571246	0.0101345878677588677	0.00559166478652046859	0.00317176879285298841	0.974414771029374499	0.489439619159113918	0.130400259026396029	0.196203162021035738	0.0362576769672559326	0.0051860973384992402	0.0403089358301163071	0.143458801996383712
C:	0.130826325846229376	0.267079438558591955	0.100577917716181352	0.143385406369053671	0.0465444767221837745	0.856517480086568475	0.429533215350728247	0.0901094935497523552	0.0714188824424301819	0.0605575643535349795	0.00240253958126449453	0.860441273045348654	0.983828715706855205	0.982500533251368965	0.0150342847573981507	0.00640401281170705574	0.0130438125612467776	0.307186722239311768	0.262430310997577968	0.12837808245021168	0.225561534993458997	0.017526023244829076	0.0998640254639206769
G:	0.485999498766818253	0.316443867298356157	0.585280150136020798	0.231689394927554113	0.281989974650818399	0.0451317182750298305	0.0211514369297980235	0.214324901165467498	0.206261945941609673	0.0105428462489018604	0.880710093130615961	0.00123672550540766293	0.0026037537404144934	0.00639933547690694255	0.00256361972864915318	0.00291074577281634786	0.489439619159113918	0.128190644133450246	0.109761589775732124	0.07921794826496875	0.303402816111686136	0.907415293032138155	0.301634367832738213
T:	0.235567853938560558	0.225585318024955314	0.142004941271678397	0.0711919579878917228	0.180673513286737065	0.0200243609475014141	0.0219895636314889259	0.597564972001474258	0.451882134293303618	0.793000867705197933	0.00363598804967555085	0.00542251048967243712	0.00343294268497143376	0.00550846648520362425	0.979230326721099708	0.016270470386102097	0.00807694912052538593	0.434222374600841957	0.43160493720565417	0.756146292317563638	0.465849551556355627	0.0347497478929164615	0.455042804706957398



