1	GTTAAG.AA	0.49645309113769087


A:	0.0874861651138843477	0.171233187869482721	0.0213258436870581866	0.0535986915710784588	0.045703635153614978	0.4885196904521279	0.0927978476562293077	0.409164544750498417	0.025489338428124593	0.0150643602502585681	0.968997363403580215	0.888246935228006192	0.00819209397829382391	0.0803871962187980146	0.890685607218547605	0.881469951321602959	0.146553892372732861	0.204947694033414881	0.380362738410907183	0.078157647903045716	0.0751303789376944529	0.0794667502829113921	0.396551370531760879
C:	0.618445698723475804	0.211710958592141296	0.0555471725028998777	0.43763915953738578	0.168080450207328057	0.2905392778274292	0.137986254709507069	0.0886991584127777374	0.319446050083831028	0.00834526777021762441	0.00736701729095026376	0.0983758632670584581	0.0298239483518869925	0.257800133604851006	0.0198576799499626775	0.00466223981495840588	0.343391091479323749	0.620438154633597237	0.0839062409538709855	0.088674948189530423	0.0864400888281475896	0.214297495925012124	0.335122565646628857
G:	0.264425006455566409	0.36476299657744799	0.0435156087173375681	0.0728337753194488929	0.618135464431728909	0.18475435453293529	0.576782578197127547	0.479974887469546583	0.017436726137667363	0.0700317841162875349	0.0181623507181454544	0.00427664345228226329	0.954470195438646155	0.182060206621596517	0.00728525295687604136	0.00725604340603559033	0.0948605470916265998	0.115932145655398387	0.329578384883424098	0.0395711709511110388	0.301614810282224256	0.118468068965383394	0.195180878797026511
T:	0.0296431297070734392	0.252292856960927993	0.879611375092704368	0.435928373572086868	0.168080450207328057	0.0361866771875076105	0.192433319437136076	0.022161409367177263	0.637627885350377016	0.906558587863236272	0.00547326858732406683	0.00910055805265308619	0.00751376223117302838	0.479752463554754463	0.0821714598746136764	0.106611765457403045	0.41519446905631679	0.0586820056775894946	0.206152635751797733	0.793596232956312822	0.536814721951933702	0.58776768482669309	0.073145185024583754



2	G.TT.CTTAA	0.496038885304481612


A:	0.183465771497814771	0.073145185024583754	0.58776768482669309	0.536814721951933702	0.793596232956312822	0.206152635751797733	0.0586820056775894946	0.41519446905631679	0.0723541298682453443	0.0616527075632340897	0.479752463554754463	0.0097568804474848113	0.00969091906412555941	0.0051485404831108803	0.922313886045443074	0.668058882583847493	0.022161409367177263	0.192433319437136076	0.0361866771875076105	0.168080450207328057	0.435928373572086868	0.879611375092704368	0.252292856960927993
C:	0.058036562200102779	0.195180878797026511	0.118468068965383394	0.301614810282224256	0.0395711709511110388	0.329578384883424098	0.115932145655398387	0.0948605470916265998	0.00479664452173450142	0.00517861211865656752	0.182060206621596517	0.974611430249005502	0.00324271772901977803	0.0104463462328059981	0.0632457890238412655	0.0676380513166502023	0.479974887469546583	0.576782578197127547	0.18475435453293529	0.618135464431728909	0.0728337753194488928	0.0435156087173375681	0.36476299657744799
G:	0.681164523965149412	0.335122565646628857	0.214297495925012124	0.0864400888281475896	0.088674948189530423	0.0839062409538709855	0.620438154633597238	0.343391091479323749	0.00207386187647018858	0.012392063875533014	0.257800133604851006	0.0100576796051959933	0.0635417581800726542	0.00639976997238589454	0.00657737936659821698	0.253066821248797246	0.0886991584127777374	0.137986254709507069	0.2905392778274292	0.168080450207328057	0.43763915953738578	0.0555471725028998777	0.211710958592141296
T:	0.0773331423369330383	0.396551370531760879	0.0794667502829113921	0.0751303789376944529	0.078157647903045716	0.380362738410907183	0.204947694033414881	0.146553892372732861	0.920775363733549966	0.920776616442576329	0.0803871962187980146	0.00557400969831369304	0.923524605026782008	0.978005343311697227	0.00786294556411744301	0.0112362448507050587	0.409164544750498416	0.0927978476562293077	0.4885196904521279	0.045703635153614978	0.0535986915710784588	0.0213258436870581866	0.171233187869482721



3	G.TTAAG.AA	0.495785182559376108


A:	0.0874861651138843477	0.171233187869482721	0.0213258436870581866	0.0535986915710784588	0.045703635153614978	0.4885196904521279	0.0927978476562293077	0.409164544750498417	0.0151737458260250947	0.00842153940157822356	0.97677135498394057	0.901719167406916452	0.00713388561726921867	0.0803871962187980146	0.916732057560136079	0.887077192105332922	0.146553892372732861	0.204947694033414881	0.380362738410907183	0.078157647903045716	0.0751303789376944529	0.0794667502829113921	0.396551370531760879
C:	0.618445698723475804	0.211710958592141296	0.0555471725028998777	0.43763915953738578	0.168080450207328057	0.2905392778274292	0.137986254709507069	0.0886991584127777374	0.289868042018281103	0.00580899713561433387	0.0102514317774410505	0.0899845358275333689	0.0236078544563744555	0.257800133604851006	0.0287556273934903891	0.00276184975274179855	0.343391091479323749	0.620438154633597237	0.0839062409538709855	0.088674948189530423	0.0864400888281475896	0.214297495925012124	0.335122565646628857
G:	0.264425006455566409	0.36476299657744799	0.0435156087173375681	0.0728337753194488929	0.618135464431728909	0.18475435453293529	0.576782578197127547	0.479974887469546583	0.0272963691141322108	0.0677515932067489203	0.00767088352884704593	0.00317385026080612663	0.954858677642474026	0.182060206621596517	0.00283683972857475294	0.0080916270755469608	0.0948605470916265998	0.115932145655398387	0.329578384883424098	0.0395711709511110388	0.301614810282224256	0.118468068965383394	0.195180878797026511
T:	0.0296431297070734392	0.252292856960927993	0.879611375092704368	0.435928373572086868	0.168080450207328057	0.0361866771875076105	0.192433319437136076	0.022161409367177263	0.667661843041561592	0.918017870256058522	0.0053063297097713339	0.00512244650474405228	0.0143995822838823002	0.479752463554754463	0.0516754753177987794	0.102069331066378319	0.41519446905631679	0.0586820056775894946	0.206152635751797733	0.793596232956312822	0.536814721951933702	0.58776768482669309	0.073145185024583754



4	ATTAAG.AA	0.495725594322298873


A:	0.0874861651138843477	0.171233187869482721	0.0213258436870581866	0.0535986915710784588	0.045703635153614978	0.4885196904521279	0.0927978476562293077	0.409164544750498417	0.0066197378489827825	0.00977175839505795858	0.9725794822571849	0.917385524137987522	0.00606821475843774664	0.0803871962187980146	0.74289743117825196	0.884294153410558137	0.146553892372732861	0.204947694033414881	0.380362738410907183	0.078157647903045716	0.0751303789376944529	0.0794667502829113921	0.396551370531760879
C:	0.618445698723475804	0.211710958592141296	0.0555471725028998777	0.43763915953738578	0.168080450207328057	0.2905392778274292	0.137986254709507069	0.0886991584127777374	0.387050715328410262	0.00480152252507396543	0.0124686616538234992	0.0693726028236248068	0.00888469107818881118	0.257800133604851006	0.0134909781828840404	0.00637778199771083698	0.343391091479323749	0.620438154633597237	0.0839062409538709855	0.088674948189530423	0.0864400888281475896	0.214297495925012124	0.335122565646628857
G:	0.264425006455566409	0.36476299657744799	0.0435156087173375681	0.0728337753194488929	0.618135464431728909	0.18475435453293529	0.576782578197127547	0.479974887469546583	0.0823934853454828088	0.0869343618685306875	0.00986620974553487215	0.00533366294089443638	0.974518547080018396	0.182060206621596517	0.0044225060934299861	0.00315268141772173409	0.0948605470916265998	0.115932145655398387	0.329578384883424098	0.0395711709511110388	0.301614810282224256	0.118468068965383394	0.195180878797026511
T:	0.0296431297070734392	0.252292856960927993	0.879611375092704368	0.435928373572086868	0.168080450207328057	0.0361866771875076105	0.192433319437136076	0.022161409367177263	0.523936061477124147	0.898492357211337389	0.00508564634345672903	0.00790821009749323465	0.0105285470833550466	0.479752463554754463	0.239189084545434014	0.106175383174009292	0.41519446905631679	0.0586820056775894946	0.206152635751797733	0.793596232956312822	0.536814721951933702	0.58776768482669309	0.073145185024583754



5	TTAAGTAA	0.495381008411703392


A:	0.171233187869482721	0.0213258436870581866	0.0535986915710784588	0.045703635153614978	0.4885196904521279	0.0927978476562293077	0.409164544750498417	0.0170380899669276529	0.0141527030829543439	0.961572841582421408	0.869076620922242079	0.00715454671793148846	0.0803871962187980146	0.840318175310297548	0.94176190456348028	0.146553892372732861	0.204947694033414881	0.380362738410907183	0.078157647903045716	0.0751303789376944529	0.0794667502829113921	0.396551370531760879
C:	0.211710958592141296	0.0555471725028998777	0.43763915953738578	0.168080450207328057	0.2905392778274292	0.137986254709507069	0.0886991584127777374	0.39015821936812469	0.0085117196971934206	0.0115226074535248332	0.118944094707173173	0.0146691221354840358	0.257800133604851006	0.0320625096050308991	0.00520527686267523245	0.343391091479323749	0.620438154633597237	0.0839062409538709855	0.088674948189530423	0.0864400888281475896	0.214297495925012124	0.335122565646628857
G:	0.36476299657744799	0.0435156087173375681	0.0728337753194488929	0.618135464431728909	0.18475435453293529	0.576782578197127547	0.479974887469546583	0.0513615729681731484	0.127338850542162662	0.0196545495051554807	0.00644113096361833425	0.967214449633651677	0.182060206621596517	0.00359766291453182965	0.00988622559099819732	0.0948605470916265998	0.115932145655398387	0.329578384883424098	0.0395711709511110388	0.301614810282224256	0.118468068965383394	0.195180878797026511
T:	0.252292856960927993	0.879611375092704368	0.435928373572086868	0.168080450207328057	0.0361866771875076105	0.192433319437136076	0.022161409367177263	0.541442117696774509	0.849996726677689574	0.00725000145889827859	0.00553815340696641344	0.0109618815129327984	0.479752463554754463	0.124021652170139723	0.0431465929828462906	0.41519446905631679	0.0586820056775894946	0.206152635751797733	0.793596232956312822	0.536814721951933702	0.58776768482669309	0.073145185024583754



