1	TTAAGTAA	0.486380025684085745


A:	0.328536522182245858	0.13523025652233659	0.181807287126812869	0.401614529949306661	0.384488506090399803	0.0590640356184289715	0.434732129245388643	0.0395756807647379508	0.0124360135635708336	0.969346897874186832	0.85958855122045996	0.00974005521801823648	0.0201657396792151074	0.931670986937795613	0.946517003940281111	0.164034370079861497	0.100312709443134474	0.353622517345422419	0.320656235667830369	0.482268525314476765	0.365269662573444728	0.797018477594498197
C:	0.0891350969352233547	0.311233874245414309	0.276813358175021096	0.202258093555143099	0.0544209584939188159	0.202766972014197922	0.113049208100986782	0.119817012616159348	0.0214392109782576973	0.00852649660832131529	0.126952504175588409	0.00744177868845696483	0.111359990286381615	0.0213180063283516962	0.0167301600738799598	0.153179246238692251	0.499717296674900399	0.25350431491289729	0.129834180114822855	0.195858354602653411	0.111530671457397965	0.0468488742120054291
G:	0.42906756383107357	0.291969557621308965	0.206441728077480678	0.280120184412011589	0.427636165331322814	0.567948613556015329	0.399153429383345235	0.0239918703253749796	0.0180554152847038913	0.0148035355671087385	0.00526242531011552632	0.972513006427872162	0.0438794063014207893	0.0144521397941791838	0.0205847803206380546	0.10345418081882157	0.301291958024648368	0.143681061081061769	0.130342272631706955	0.174013174681138074	0.245761880482568846	0.0928646789376568562
T:	0.153260817051457218	0.261566311610940136	0.334937626620685357	0.116007192083538651	0.133454370084358568	0.170220378811357778	0.0530652332702793403	0.816615436293727721	0.948069360173467578	0.00732306995038311389	0.00819651929383610487	0.0103051596656526365	0.824594863732982488	0.0325588669396735072	0.0161680556652008748	0.579332202862624683	0.0986780358573167594	0.249192106660618522	0.419167311585639821	0.147859945401731751	0.27743778548658846	0.0632679692558395178



2	ATTACTTA	0.478307443445618888


A:	0.250392625702093828	0.0632679692558395178	0.27743778548658846	0.147859945401731751	0.419167311585639821	0.249192106660618522	0.0986780358573167594	0.579332202862624683	0.0320127163922972024	0.0825084759166035649	0.811902284958326131	0.0443193448371873958	0.0158444778756568392	0.0151763531152434182	0.890195238492912009	0.816615436293727721	0.0530652332702793403	0.170220378811357778	0.133454370084358568	0.116007192083538651	0.334937626620685357	0.261566311610940136
C:	0.313100538110033555	0.0928646789376568562	0.245761880482568846	0.174013174681138074	0.130342272631706955	0.143681061081061769	0.301291958024648368	0.10345418081882157	0.042551155354694503	0.0330901652520190458	0.0775796304330210104	0.923069256467283438	0.0266885819204858683	0.0212573222878421609	0.0651509023281659354	0.0239918703253749796	0.399153429383345235	0.567948613556015329	0.427636165331322814	0.280120184412011589	0.206441728077480678	0.291969557621308965
G:	0.0893721872515956401	0.0468488742120054291	0.111530671457397965	0.195858354602653411	0.129834180114822855	0.25350431491289729	0.499717296674900399	0.153179246238692251	0.0262882108713293202	0.0240716455552876255	0.0571990152734726084	0.0127702565408802123	0.20370433250763367	0.0199807685030724111	0.0353633793941745791	0.119817012616159348	0.113049208100986782	0.202766972014197922	0.0544209584939188159	0.202258093555143099	0.276813358175021096	0.311233874245414309
T:	0.347134648936276977	0.797018477594498197	0.365269662573444728	0.482268525314476765	0.320656235667830369	0.353622517345422419	0.100312709443134474	0.164034370079861497	0.899147917381678974	0.860329713276089764	0.0533190693351802501	0.0198411421546489544	0.753762607696223623	0.94358555609384201	0.00929047978474747615	0.0395756807647379508	0.434732129245388643	0.0590640356184289715	0.384488506090399803	0.401614529949306661	0.181807287126812869	0.13523025652233659



3	G..TAAGTAA	0.476352052155874944


A:	0.288833932475718793	0.328536522182245858	0.13523025652233659	0.181807287126812869	0.401614529949306661	0.384488506090399803	0.0590640356184289715	0.434732129245388643	0.0395756807647379508	0.0214401542626576045	0.951174984497683403	0.919076041022915851	0.0698181393320395197	0.067686850452342668	0.880567788729422862	0.920371153636613783	0.164034370079861497	0.100312709443134474	0.353622517345422419	0.320656235667830369	0.482268525314476765	0.365269662573444728	0.797018477594498197
C:	0.136995870093257373	0.0891350969352233547	0.311233874245414309	0.276813358175021096	0.202258093555143099	0.0544209584939188159	0.202766972014197922	0.113049208100986782	0.119817012616159348	0.0255773919260199633	0.0304086946659900696	0.0326674662898520603	0.0161899701627180607	0.106769599839421116	0.0246574102761554997	0.0291879566992162073	0.153179246238692251	0.499717296674900399	0.25350431491289729	0.129834180114822855	0.195858354602653411	0.111530671457397965	0.0468488742120054291
G:	0.284109927624320277	0.42906756383107357	0.291969557621308965	0.206441728077480678	0.280120184412011589	0.427636165331322814	0.567948613556015329	0.399153429383345235	0.0239918703253749796	0.0534764749360637109	0.00795864760417530564	0.0259716332308182363	0.892742311176941575	0.0528006340578374999	0.0252355432987853555	0.0265511614255956093	0.10345418081882157	0.301291958024648368	0.143681061081061769	0.130342272631706955	0.174013174681138074	0.245761880482568846	0.0928646789376568562
T:	0.290060269806703557	0.153260817051457218	0.261566311610940136	0.334937626620685357	0.116007192083538651	0.133454370084358568	0.170220378811357778	0.0530652332702793403	0.816615436293727721	0.899505978875258721	0.0104576732321512218	0.0222848594564138521	0.0212495793283008444	0.772742915650398716	0.0695392576956362823	0.0238897282385744008	0.579332202862624683	0.0986780358573167594	0.249192106660618522	0.419167311585639821	0.147859945401731751	0.27743778548658846	0.0632679692558395178



4	G.TAAGTAA	0.472218106386131279


A:	0.288833932475718793	0.328536522182245858	0.13523025652233659	0.181807287126812869	0.401614529949306661	0.384488506090399803	0.0590640356184289715	0.434732129245388643	0.0395756807647379508	0.0420079635817714791	0.880469379096274985	0.826509261878174492	0.0387163134841150984	0.129605960051294123	0.66134427923507714	0.860914959803701397	0.164034370079861497	0.100312709443134474	0.353622517345422419	0.320656235667830369	0.482268525314476765	0.365269662573444728	0.797018477594498197
C:	0.136995870093257373	0.0891350969352233547	0.311233874245414309	0.276813358175021096	0.202258093555143099	0.0544209584939188159	0.202766972014197922	0.113049208100986782	0.119817012616159348	0.0213105562899233562	0.0733309267098037212	0.120589702752319714	0.0225386739982155097	0.058680865008043212	0.0337089811933487042	0.0547451526555694359	0.153179246238692251	0.499717296674900399	0.25350431491289729	0.129834180114822855	0.195858354602653411	0.111530671457397965	0.0468488742120054291
G:	0.284109927624320277	0.42906756383107357	0.291969557621308965	0.206441728077480678	0.280120184412011589	0.427636165331322814	0.567948613556015329	0.399153429383345235	0.0239918703253749796	0.164347197301855724	0.0299201837742384543	0.0373418337692986106	0.888625435200110461	0.12477514581137687	0.0193607620120571706	0.0370744603131531576	0.10345418081882157	0.301291958024648368	0.143681061081061769	0.130342272631706955	0.174013174681138074	0.245761880482568846	0.0928646789376568562
T:	0.290060269806703557	0.153260817051457218	0.261566311610940136	0.334937626620685357	0.116007192083538651	0.133454370084358568	0.170220378811357778	0.0530652332702793403	0.816615436293727721	0.77233428282644944	0.016279510419682839	0.0155592016002071831	0.0501195773175589304	0.686938029129285796	0.285585977559516985	0.0472654272275760093	0.579332202862624683	0.0986780358573167594	0.249192106660618522	0.419167311585639821	0.147859945401731751	0.27743778548658846	0.0632679692558395178



5	GTTAAG.AA	0.471998938114288537


A:	0.704156106950242453	0.467302784987173951	0.507206931026606704	0.320415452432908432	0.158479891500076489	0.255921728129474206	0.104246962569017151	0.247841992056796729	0.0183145274754637212	0.0186036034119460513	0.952458888355855334	0.912707421862842405	0.00915653036469458329	0.0201657396792151074	0.822371125094110751	0.940395513434056856	0.197808619868958886	0.329211428881425893	0.135536591058776508	0.297309751942463843	0.309203301787004779	0.298147096405927519	0.362731556213268144
C:	0.151334929466103036	0.0808578215813507369	0.13806723419481711	0.259398042303793199	0.182372756779683999	0.312095682246718134	0.103199614990062715	0.140820738288157726	0.244005472353999057	0.0331204157786106347	0.0293175374776267164	0.0652376410369237949	0.0312092278063344701	0.111359990286381615	0.0268869498595802984	0.0207520281790922832	0.201516090454456248	0.333664005821697656	0.0513368922107703764	0.320809006584641999	0.084519408999637938	0.388560930956510798	0.256661949640692108
G:	0.042129886915690427	0.21636386122223116	0.196624249771215626	0.244653553145256335	0.118732074890163741	0.300402506736040104	0.355255947121971085	0.598623296968586874	0.0288249118271165627	0.0246984442150347256	0.00629736315749284899	0.00877818033928290821	0.946354510969239141	0.0438794063014207893	0.0147575825589658487	0.0241081960834202685	0.371910775263122229	0.0994790493500139259	0.36469160567446328	0.32757236721051755	0.394253376139367422	0.138957397583380668	0.137190138862871004
T:	0.102379076667964084	0.235475532209244152	0.158101585007360559	0.175532952118042034	0.540415276830075771	0.131580082887767556	0.437297475318949049	0.012713972686458671	0.708855088343420659	0.923577536594408588	0.0119262110090251006	0.0132767567609508917	0.0132797308597318053	0.824594863732982488	0.135984342487343102	0.0147442623034305926	0.228764514413462638	0.237645515946862526	0.448434911055989836	0.0543088742623766077	0.212023913073989861	0.174334575054181015	0.243416355283168744



