1	ACGCAACT	0.488858910402054727


A:	0.423768815839871657	0.281882789222771853	0.277347242023333343	0.262056119948115775	0.476091050549064398	0.167129579663178746	0.0478102683970532862	0.957688794936236609	0.00980453809125151443	0.00980346606362260683	0.0100296225226361303	0.963051598693734184	0.92626524812200107	0.0162780423675983097	0.0294644383621555973	0.160682926644702648	0.362909484738002457	0.173943034902451327	0.04568649723764282	0.256927832028782807	0.128973386095977688	0.407102139058942708
C:	0.163162142964643587	0.0682755102536008428	0.21749288893919875	0.416496489290422855	0.135567505960166955	0.0832077814294535922	0.442249158355125279	0.0302847788162043715	0.971016742273982899	0.00274928497861728084	0.654324695466368121	0.0155644724475143042	0.0125011046757149362	0.877759122629325254	0.314283057457380827	0.184763016081867402	0.133691152311868543	0.0901863032625829406	0.513016600384080797	0.414257953512176083	0.0430653825350153927	0.191229537026593776
G:	0.221526247740865054	0.0974448152582139526	0.348022109560232174	0.0651104755960784041	0.227863378287843089	0.565233715895571495	0.0304023110772430102	0.00791541743930127643	0.0147994310578583054	0.973525651450108282	0.0879119883996204305	0.00524435808006975938	0.00854426523482766173	0.0307193917756681951	0.0161760367376162197	0.343943477355779147	0.152400616748935995	0.665034329696361574	0.147724084770932282	0.217509950756234591	0.563813246304392346	0.0680464829013874863
T:	0.191542793454619702	0.552396885265413352	0.157137759477235733	0.256336915165382967	0.160478065202925558	0.184428923011796166	0.479538262170578424	0.00411100880825774342	0.00437928857690728126	0.0139215975076518307	0.247733693611375318	0.0161395707786817529	0.0526893819674563318	0.0752434432274082415	0.640076467442847356	0.310610579917650803	0.350998746201193005	0.0708363321386041581	0.2935728176073441	0.111304263702806519	0.264147985064614573	0.33362184101307603



2	A.ACGTAA.C	0.486516520966069047


A:	0.0809381901601467998	0.252330955994063841	0.33932861550194797	0.316521720264035687	0.620538591071983874	0.357211219580775317	0.182654426706327927	0.800035787388261865	0.0380615614299744763	0.97210791464846885	0.0140228479633214613	0.012379063847333093	0.0214169214639039498	0.902944454295864469	0.83479037011500498	0.138823492867367219	0.0310960135757636151	0.192073948727655092	0.509516976828958327	0.117094974216688485	0.30985954781724381	0.356561010548033347	0.0997521660145653522
C:	0.373123207088894955	0.146427324469196852	0.0631433650768923901	0.0993016231304431896	0.078827859788332108	0.246930606065466827	0.0790928131671461241	0.0457037573813916342	0.650189356752604794	0.0133063802504881086	0.973520855754061208	0.00598609035924291747	0.237513378789325937	0.0679211641542101887	0.0216436313773237693	0.551342283454821023	0.735416075836001286	0.293984603350425519	0.183040631835835831	0.256103574350621175	0.0995512089308823818	0.0841848747579555232	0.103263963386811489
G:	0.331683938788210511	0.29150911818821132	0.161068076572513339	0.255297562604878342	0.0852684292009324577	0.126201015682814338	0.667997030506640313	0.0583559897957534803	0.0993496907150291071	0.00746216928702199622	0.00428362228186655557	0.975892273107724226	0.0269673928819456808	0.0125727966524645161	0.00877640307592807188	0.120216192067370513	0.0961260997305639815	0.188150972868480948	0.0745588655719771509	0.477823663255012363	0.332605638704682464	0.299749889134221085	0.2902937453350074
T:	0.214254663962747735	0.309732601348527987	0.436459942848646301	0.328879094000642781	0.215365119938751561	0.269657158670943518	0.0702557296198856361	0.0959044654345930209	0.212399391102391622	0.00712353581402104499	0.00817267400075077524	0.00574257268569976306	0.714102306864824432	0.0165615848974608262	0.134789595431743178	0.189618031610441245	0.137361810857671117	0.32579047505343844	0.232883525763228691	0.148977788177677978	0.257983604547191345	0.259504225559790045	0.506690125263615758



3	ACACGTAA	0.486139921963747716


A:	0.0809381901601467998	0.252330955994063841	0.33932861550194797	0.316521720264035687	0.620538591071983874	0.357211219580775317	0.182654426706327927	0.746414341302988208	0.0380615614299744763	0.958136328718104422	0.0101624728577031652	0.0124798980700039498	0.00857434008789073714	0.813530994372083355	0.856168612737148069	0.138823492867367219	0.0310960135757636151	0.192073948727655092	0.509516976828958327	0.117094974216688485	0.30985954781724381	0.356561010548033347
C:	0.373123207088894955	0.146427324469196852	0.0631433650768923901	0.0993016231304431896	0.078827859788332108	0.246930606065466827	0.0790928131671461241	0.0245785689673132429	0.650189356752604794	0.0126262001080757275	0.972811756497096988	0.00689188769879406807	0.539046537717299372	0.143502536270534757	0.0126034254085071496	0.551342283454821023	0.735416075836001286	0.293984603350425519	0.183040631835835831	0.256103574350621175	0.0995512089308823818	0.0841848747579555232
G:	0.331683938788210511	0.29150911818821132	0.161068076572513339	0.255297562604878342	0.0852684292009324577	0.126201015682814338	0.667997030506640313	0.143819185424885456	0.0993496907150291071	0.0190702913918118836	0.00542073556767359131	0.955465213248832309	0.0667071331485834318	0.00645444106536462988	0.0125795186453009052	0.120216192067370513	0.0961260997305639815	0.188150972868480948	0.0745588655719771509	0.477823663255012363	0.332605638704682464	0.299749889134221085
T:	0.214254663962747735	0.309732601348527987	0.436459942848646301	0.328879094000642781	0.215365119938751561	0.269657158670943518	0.0702557296198856361	0.0851879043048130933	0.212399391102391622	0.0101671797820079674	0.011605035077526255	0.0251630009823696728	0.385671989046226459	0.0365120282920172576	0.118648443209043876	0.189618031610441245	0.137361810857671117	0.32579047505343844	0.232883525763228691	0.148977788177677978	0.257983604547191345	0.259504225559790045



4	ACGCAACC	0.48550114044135807


A:	0.154134855690376049	0.144140322604828123	0.0679877620185220581	0.0941132794001210927	0.272109995722970117	0.492849346104312779	0.0162525770076703911	0.964015024584237241	0.00991459763047579565	0.00854923792236950956	0.010276625343145775	0.870566468045726151	0.919283086874363325	0.0613096986946433761	0.0294644383621555973	0.0823672758951960089	0.349379801028211612	0.222357605341809557	0.296463053682803674	0.153764290904206213	0.169391426340234104	0.216049014059344013
C:	0.251237621215755443	0.137706138631185932	0.43018914384528994	0.217503486678278555	0.280798959692690176	0.046814638968243663	0.37402566102420244	0.016360557115390729	0.968336982703231233	0.00990912653019840742	0.639395456404893773	0.00953380263963197518	0.0134656135886454147	0.639528033326894978	0.314283057457380827	0.23979845671810186	0.172366699552843269	0.201131007840006944	0.215466499820423237	0.267358782455571545	0.264643616678137564	0.183373892532256639
G:	0.318195299323210118	0.171316699834621677	0.205482337839384749	0.0683741550387348872	0.330082814583394079	0.280626247548649375	0.27301257372967826	0.00615501950722753875	0.0135600510124785748	0.9550703748567514	0.0549935309367751721	0.0177629961210965171	0.0228021683475411886	0.061246976181232916	0.0161760367376162197	0.280963199473314016	0.144653448254876055	0.346241781524890579	0.121190422047901886	0.345150605392482161	0.272568256313582052	0.211722379138222083
T:	0.276432223770658391	0.546836838929364269	0.296340756296803253	0.620009078882865465	0.117008230000945627	0.179709767378794183	0.336709188238448909	0.0134693987931444913	0.00818836865381439653	0.0264712606906806833	0.29533438731518528	0.102136733193545356	0.0444491311894500717	0.23791529179722873	0.640076467442847356	0.396871067913388115	0.333600051164069064	0.23026960529329292	0.366880024448871203	0.233726321247740082	0.29339670066804628	0.388854714270177265



5	AGTT.CGTG	0.485226206351558256


A:	0.33362184101307603	0.264147985064614573	0.111304263702806519	0.2935728176073441	0.0708363321386041581	0.350998746201193005	0.310610579917650803	0.607999520020189087	0.0591632015136503472	0.0642799111224715079	0.0435581913654075376	0.247733693611375318	0.0137038488499651508	0.00815575975198354995	0.00724298703860563194	0.479538262170578424	0.184428923011796166	0.160478065202925558	0.256336915165382967	0.157137759477235733	0.552396885265413352	0.191542793454619702	0.132951794477866654
C:	0.0680464829013874863	0.563813246304392346	0.217509950756234591	0.147724084770932282	0.665034329696361574	0.152400616748935995	0.343943477355779147	0.0183260937142829196	0.0791322930023942184	0.00954883233155848601	0.00847485621308810996	0.0879119883996204305	0.962047967689942552	0.0387746384893867571	0.0102555598795069829	0.0304023110772430102	0.565233715895571495	0.227863378287843089	0.0651104755960784041	0.348022109560232174	0.0974448152582139526	0.221526247740865054	0.321837762992476248
G:	0.191229537026593776	0.0430653825350153927	0.414257953512176083	0.513016600384080797	0.0901863032625829406	0.133691152311868543	0.184763016081867402	0.30969520869410546	0.837709293903951001	0.0214542218709258375	0.149805642612141536	0.654324695466368121	0.0197558957830353289	0.944640382693916377	0.0310047422066053894	0.442249158355125279	0.0832077814294535922	0.135567505960166955	0.416496489290422855	0.21749288893919875	0.0682755102536008428	0.163162142964643587	0.230621694499060633
T:	0.407102139058942708	0.128973386095977688	0.256927832028782807	0.04568649723764282	0.173943034902451327	0.362909484738002457	0.160682926644702648	0.0639791775714225338	0.0239952115800044338	0.904717034675044169	0.798161309809362817	0.0100296225226361303	0.00449228767705696843	0.00842921906471331617	0.951496710875281996	0.0478102683970532862	0.167129579663178746	0.476091050549064398	0.262056119948115775	0.277347242023333343	0.281882789222771853	0.423768815839871657	0.314588748030596465



