1	ACG.AACT.C	0.493134481446556488


A:	0.0806601829206445691	0.0544540707353796181	0.431944819258661772	0.0916411713189929099	0.282465982572215625	0.563957338497432474	0.0188974622265805603	0.947913301317912869	0.00679639861238917058	0.0078806673644456069	0.0151481993026887003	0.843432794623258182	0.930680556646166547	0.0170501879048752081	0.0380276809038752099	0.152898968957808804	0.261199327232059981	0.297890989305421293	0.318859173170895091	0.229512709961004788	0.409648233997771863	0.445855673739367569	0.161433112347443694
C:	0.148885101805981291	0.0524821960982097405	0.38228353503683096	0.248684173364330319	0.14344598840594388	0.122966312716236583	0.343176917715713089	0.0144822187224142241	0.962601803745779828	0.00687728623159838802	0.545915200317591069	0.128751314537983385	0.00850217331433554012	0.870306614768712263	0.219179306482870321	0.24393642595981518	0.621828501786343773	0.0444691124394397085	0.245816993468795034	0.251748320015226721	0.192026761599819721	0.183308633580978016	0.6939464416202592
G:	0.105140783206559593	0.301971953248522154	0.0488593007340242172	0.228355307446773698	0.161917869591807578	0.13229005617895218	0.121983002595048354	0.027667114257081192	0.0129896522281081852	0.966460376100016609	0.13108964224322881	0.00973888848958768101	0.0131185243841271511	0.0643714326989991605	0.0544184737221144848	0.284696363357704676	0.0485581244609665988	0.161799807905499789	0.189506839891514841	0.161724491069830932	0.282547032378346918	0.146955256616692783	0.124353864574446441
T:	0.665313932066814546	0.591091779917888487	0.136912344970483051	0.431319347869903073	0.412170159430032917	0.180786292607378763	0.515942617462657998	0.00993736570259171521	0.0176121454137228165	0.0187816703039393966	0.30784695813649142	0.0180770023491707516	0.047698745655370762	0.0482717646274133685	0.688374538891139984	0.31846824172467134	0.068414046520629647	0.49584009034963921	0.245816993468795034	0.357014478953937558	0.115777972024061499	0.223880436062961632	0.0202665814578506644



2	ACGCAACT	0.491609385081145466


A:	0.0806601829206445691	0.0544540707353796181	0.431944819258661772	0.0916411713189929099	0.282465982572215625	0.563957338497432474	0.0188974622265805603	0.9714077782492142	0.00828585487384334493	0.0118778361088972662	0.0151481993026887003	0.946415822861560735	0.931045821816964738	0.0135751642584644686	0.0385504982945896219	0.152898968957808804	0.261199327232059981	0.297890989305421293	0.318859173170895091	0.229512709961004788	0.409648233997771863	0.445855673739367569
C:	0.148885101805981291	0.0524821960982097405	0.38228353503683096	0.248684173364330319	0.14344598840594388	0.122966312716236583	0.343176917715713089	0.0207807390553244789	0.977232281316344559	0.00519865181507026516	0.545915200317591069	0.0259900720060413754	0.00420973413527803371	0.862772618745899589	0.105402014856186478	0.24393642595981518	0.621828501786343773	0.0444691124394397085	0.245816993468795034	0.251748320015226721	0.192026761599819721	0.183308633580978016
G:	0.105140783206559593	0.301971953248522154	0.0488593007340242172	0.228355307446773698	0.161917869591807578	0.13229005617895218	0.121983002595048354	0.00377502861701853514	0.00327868573601103024	0.976286023837256199	0.13108964224322881	0.0121836066725323506	0.00750161945096999188	0.0829612845064856966	0.0374880907999780305	0.284696363357704676	0.0485581244609665988	0.161799807905499789	0.189506839891514841	0.161724491069830932	0.282547032378346918	0.146955256616692783
T:	0.665313932066814546	0.591091779917888487	0.136912344970483051	0.431319347869903073	0.412170159430032917	0.180786292607378763	0.515942617462657998	0.00403645407844278634	0.0112031780738010659	0.00663748823877626957	0.30784695813649142	0.015410498459865539	0.0572428245967872362	0.0406909324891502458	0.81855939604924587	0.31846824172467134	0.068414046520629647	0.49584009034963921	0.245816993468795034	0.357014478953937558	0.115777972024061499	0.223880436062961632



3	A.ACG.AACT	0.491066554171422899


A:	0.319612019070845421	0.0806601829206445691	0.0544540707353796181	0.431944819258661772	0.0916411713189929099	0.282465982572215625	0.563957338497432474	0.0188974622265805603	0.929011786478130782	0.021055296549085695	0.00544750898432694702	0.0151481993026887003	0.774319908734689086	0.861185395001470126	0.0351737333514712025	0.0591625243119081573	0.152898968957808804	0.261199327232059981	0.297890989305421293	0.318859173170895091	0.229512709961004788	0.409648233997771863	0.445855673739367569
C:	0.15737320695876589	0.148885101805981291	0.0524821960982097405	0.38228353503683096	0.248684173364330319	0.14344598840594388	0.122966312716236583	0.343176917715713089	0.0427101920950436813	0.942177548438035037	0.00793271652886696599	0.545915200317591069	0.167012550203871986	0.0127420542982967252	0.830667725596742272	0.23647302864669074	0.24393642595981518	0.621828501786343773	0.0444691124394397085	0.245816993468795034	0.251748320015226721	0.192026761599819721	0.183308633580978016
G:	0.278809047898584508	0.105140783206559593	0.301971953248522154	0.0488593007340242172	0.228355307446773698	0.161917869591807578	0.13229005617895218	0.121983002595048354	0.01856127196689202	0.00957514531701387689	0.963065619933642722	0.13108964224322881	0.0118887839387749368	0.0242068604768604752	0.0965295567139842282	0.086838709855691677	0.284696363357704676	0.0485581244609665988	0.161799807905499789	0.189506839891514841	0.161724491069830932	0.282547032378346918	0.146955256616692783
T:	0.24420572607180418	0.665313932066814546	0.591091779917888487	0.136912344970483051	0.431319347869903073	0.412170159430032917	0.180786292607378763	0.515942617462657998	0.00971674945993351694	0.0271920096958653909	0.0235541545531633653	0.30784695813649142	0.0467787571226639913	0.101865690223372674	0.0376289843378022976	0.617525737185709426	0.31846824172467134	0.068414046520629647	0.49584009034963921	0.245816993468795034	0.357014478953937558	0.115777972024061499	0.223880436062961632



4	AGTT.CGTA	0.490880440716660876


A:	0.223880436062961632	0.115777972024061499	0.357014478953937558	0.245816993468795034	0.49584009034963921	0.068414046520629647	0.31846824172467134	0.643193090507121323	0.0374597246411737134	0.0952404681066348677	0.0236184204408226633	0.30784695813649142	0.0188050209021310944	0.0122188864966405667	0.00825456862045389359	0.515942617462657998	0.180786292607378763	0.412170159430032917	0.431319347869903073	0.136912344970483051	0.591091779917888487	0.665313932066814546	0.24420572607180418
C:	0.146955256616692783	0.282547032378346918	0.161724491069830932	0.189506839891514841	0.161799807905499789	0.0485581244609665988	0.284696363357704676	0.0303769032538892313	0.0640932070908473884	0.0129011029546074703	0.00451336908054927316	0.13108964224322881	0.96652105769124615	0.023002297384938744	0.0182018459662672488	0.121983002595048354	0.13229005617895218	0.161917869591807578	0.228355307446773698	0.0488593007340242172	0.301971953248522154	0.105140783206559593	0.278809047898584508
G:	0.183308633580978016	0.192026761599819721	0.251748320015226721	0.245816993468795034	0.0444691124394397085	0.621828501786343773	0.24393642595981518	0.280523358623334097	0.880437640516825891	0.00846704960635096392	0.0697112600369244953	0.545915200317591069	0.00532226797201014722	0.952705591037441361	0.0188757800680341179	0.343176917715713089	0.122966312716236583	0.14344598840594388	0.248684173364330319	0.38228353503683096	0.0524821960982097405	0.148885101805981291	0.15737320695876589
T:	0.445855673739367569	0.409648233997771863	0.229512709961004788	0.318859173170895091	0.297890989305421293	0.261199327232059981	0.152898968957808804	0.0459066476156553485	0.0180094277511530077	0.883391379332406698	0.902156950441703568	0.0151481993026887003	0.00935165343461260827	0.0120732250809793284	0.95466780534524474	0.0188974622265805603	0.563957338497432474	0.282465982572215625	0.0916411713189929099	0.431944819258661772	0.0544540707353796181	0.0806601829206445691	0.319612019070845421



5	ACGTAACT	0.489311448224316528


A:	0.0806601829206445691	0.0544540707353796181	0.431944819258661772	0.0916411713189929099	0.282465982572215625	0.563957338497432474	0.0188974622265805603	0.898273204481346159	0.0178271067599821573	0.0225888620264905346	0.0151481993026887003	0.769082671776303499	0.845582922528057571	0.0393855966501034434	0.0510402065744672513	0.152898968957808804	0.261199327232059981	0.297890989305421293	0.318859173170895091	0.229512709961004788	0.409648233997771863	0.445855673739367569
C:	0.148885101805981291	0.0524821960982097405	0.38228353503683096	0.248684173364330319	0.14344598840594388	0.122966312716236583	0.343176917715713089	0.0689134937211652693	0.933616461075120946	0.0108010685342299697	0.545915200317591069	0.192032168759547009	0.023365884644801203	0.735796436561086446	0.345077723162632465	0.24393642595981518	0.621828501786343773	0.0444691124394397085	0.245816993468795034	0.251748320015226721	0.192026761599819721	0.183308633580978016
G:	0.105140783206559593	0.301971953248522154	0.0488593007340242172	0.228355307446773698	0.161917869591807578	0.13229005617895218	0.121983002595048354	0.0153129024097708082	0.0171565003893607823	0.941995905897633511	0.13108964224322881	0.00721728718464686071	0.00999760441460803657	0.155649387166344701	0.0316185418509281596	0.284696363357704676	0.0485581244609665988	0.161799807905499789	0.189506839891514841	0.161724491069830932	0.282547032378346918	0.146955256616692783
T:	0.665313932066814546	0.591091779917888487	0.136912344970483051	0.431319347869903073	0.412170159430032917	0.180786292607378763	0.515942617462657998	0.0175003993877177632	0.0313999317755361144	0.0246141635416459847	0.30784695813649142	0.0316678722795026313	0.121053588412533189	0.0691685796224654094	0.572263528411972124	0.31846824172467134	0.068414046520629647	0.49584009034963921	0.245816993468795034	0.357014478953937558	0.115777972024061499	0.223880436062961632



