1	CGGTCAA.C	0.496743344693040944


A:	0.548465921519999711	0.121472056776915898	0.415690000408896715	0.24130545820119332	0.379629884526796526	0.120858416611418518	0.156228942544499444	0.090750275484251042	0.0985989839602488575	0.00229030118027206122	0.0145482291270959442	0.0068881774964287625	0.970992641174827306	0.986211605879826861	0.160132502009228604	0.0821642101633321922	0.486196934673158907	0.372779206211488094	0.326196038614722537	0.0810545790299079628	0.234584119841300385	0.276175107335408251	0.162313711571469545
C:	0.194803451303372399	0.260136554824878246	0.132294739129273023	0.375485774355433401	0.144978912343843173	0.446048582267740501	0.301954102599509728	0.570197140997973274	0.0078508034803232505	0.000675506354821239925	0.000745496397304583368	0.989283633939387588	0.0214915640218602905	0.00223216676890307762	0.354952633624506043	0.405491405678204636	0.193780572955436498	0.238364062743480188	0.153158068938353031	0.479007024245387044	0.183549686828859602	0.260086023829412049	0.0998426840829182888
G:	0.188081038237225171	0.320488667445564973	0.237538506735510051	0.142390946500173211	0.345764723660904969	0.224912577328884827	0.379122443678699682	0.0315874537278072975	0.893107403813901578	0.977587758853115008	0.00242194512547954341	0.0016820338301435142	0.000321179034735130498	0.00480253025005150863	0.457800297521764804	0.466174661512472965	0.213954284776643685	0.138397429931128726	0.202392952032306167	0.276651175622478619	0.321641135162557774	0.265017492103524991	0.206427668352094757
T:	0.0686495889394027184	0.297902720952640883	0.214476753726320212	0.240817820943200068	0.129626479468455332	0.208180423791956153	0.162694511177291146	0.307465129789968386	0.000442808745526313881	0.0194464336117916911	0.982284329350119929	0.00214615473404013504	0.0071946157685772733	0.00675369710121855324	0.0271145668445005484	0.0461697226459902075	0.106068207594760909	0.250459301113902992	0.318252940414618265	0.163287221102226375	0.26022505816728224	0.198721376731654709	0.531415935993517409



2	GGTCAA.C.A	0.496565746365716732


A:	0.332356297657148442	0.483433193904094474	0.0176242372791261614	0.307077963026359681	0.130340351837411341	0.255169750763201526	0.090750275484251042	0.310704806980950433	0.00166177884378306453	0.00543506589970749196	0.00728592927561387368	0.970821302161630756	0.976862498732967561	0.547782379802991289	0.117822313552797393	0.190972679456870484	0.493504655344652493	0.281383257316576808	0.145255161456767775	0.45344349139008473	0.325887714899141025	0.152312486883001355	0.0929272385292896429
C:	0.165212407123179747	0.118649335996848181	0.662983556717410265	0.230893185811185596	0.177080879476163777	0.293611799370527486	0.570197140997973274	0.0053504186265854682	0.000999504365175884774	0.00108516380683552973	0.989696651606984428	0.0250639760688519851	0.00288860390033299325	0.124436143400422708	0.469483607413023446	0.268951995991621105	0.17138785728886298	0.207225831344184496	0.422975622770605105	0.096951215575159084	0.160544095064820405	0.0926281012057693477	0.443880492418169321
G:	0.172467766603141981	0.295015236001235049	0.242157176486558276	0.128799569754274162	0.488845119496964764	0.317205414612670061	0.0315874537278072975	0.683167505891286198	0.984766082814984572	0.00247811601146787697	0.00212808659387407469	0.000571079137194766345	0.00902453503767727791	0.315025833966136531	0.348809395780399541	0.393423155984192352	0.047321492621430436	0.223375986343644296	0.189779517757726013	0.0680220185290534459	0.304016587928332381	0.516080915272053181	0.288084936069819658
T:	0.32996352861652983	0.102902234097822296	0.0772350295169052976	0.333229281408180561	0.203733649189460117	0.134013035253600927	0.307465129789968386	0.000777268501177900898	0.0125726339760564784	0.991001654281989101	0.000889332523527623768	0.00354364263232249216	0.0112243623290221676	0.0127556428304494719	0.0638846832537796196	0.146652168567316059	0.287785994745054091	0.2880149249955944	0.241989698014901108	0.38158327450570274	0.209551602107706189	0.238978496639176116	0.175107332982721378



3	GTTGACCA	0.49629266064108263


A:	0.212400531817283126	0.351119662745277008	0.149244009995165407	0.203533987398274598	0.237889788456935146	0.247433942136413105	0.0367098802650441026	0.0182374894099025664	0.00307150057537105063	0.00521748980750929748	0.000966288415813376265	0.989454644671425185	0.0141602915157494492	0.000575063654920956601	0.64905995055706021	0.304169545005340247	0.0316890269950717808	0.409044612457983831	0.0398714131818812525	0.176192144379833715	0.0861543073355974258	0.297621485495912576
C:	0.27441699928614806	0.130883144992839422	0.253472778368989217	0.127499706301719738	0.110912726138273263	0.204664527689202029	0.522912232391530652	0.25484149517093188	0.00283407793925004316	0.000674929088656285419	0.00154162164611780534	0.000995344018901585156	0.983119322787582363	0.821689056120083147	0.0106769270873195789	0.258151653354232669	0.397337405083271269	0.303905401308670134	0.472317640614216284	0.290320316347554896	0.484916045823169994	0.158558581190210275
G:	0.360567651082899631	0.33076351323665725	0.414138090942146242	0.561754036839272835	0.38193908389919472	0.35749190578602393	0.193257845979323443	0.633099782983507938	0.00124195808751840981	0.00788086999722666723	0.989671878369658095	0.00121984593250897466	0.000608448576123940337	0.00292532717039064967	0.285843665850037363	0.228799397873039666	0.188671300459303982	0.137465854540454472	0.457376908377850935	0.112508243373601265	0.168159835577856245	0.504849416829681715
T:	0.152614817813669183	0.187233679025226319	0.183145120693699133	0.107212269460732829	0.269258401505596871	0.190409624388360936	0.247120041364101802	0.0938212324356576152	0.992852463397860496	0.98622671110660775	0.00782021156841072326	0.00833016537716425489	0.00211193712054424778	0.174810553054605247	0.0544194565055828476	0.208879403767387418	0.382302267462352968	0.149584131692891563	0.0304340378260515284	0.420979295899010123	0.260769811263376335	0.0389705164841954348



4	T..TGGTCAA	0.496256235491677779


A:	0.47527003390961195	0.231804279872250176	0.0389705164841954348	0.260769811263376335	0.420979295899010123	0.0304340378260515284	0.149584131692891563	0.382302267462352968	0.208879403767387418	0.0833466271644194245	0.121755398782040945	0.00154326472065556147	0.00603976897999159639	0.00364111334554700818	0.979001421138870405	0.987644243278825282	0.0938212324356576152	0.247120041364101802	0.190409624388360936	0.269258401505596871	0.107212269460732829	0.183145120693699133	0.187233679025226319
C:	0.383551634430794508	0.194457179325603042	0.504849416829681715	0.168159835577856245	0.112508243373601265	0.457376908377850935	0.137465854540454472	0.188671300459303982	0.228799397873039666	0.260047479283829138	0.00373151175533061989	0.000806748664018078698	0.00136970371330677411	0.992587793756878138	0.0156615353468552611	0.00100496351824170912	0.633099782983507938	0.193257845979323443	0.35749190578602393	0.38193908389919472	0.561754036839272835	0.414138090942146242	0.33076351323665725
G:	0.0409523948069156391	0.134639712109983555	0.158558581190210275	0.484916045823169994	0.290320316347554896	0.472317640614216284	0.303905401308670134	0.397337405083271269	0.258151653354232669	0.0228606133385192376	0.873780213379682478	0.985836039302917415	0.00184866782378559071	0.00154960034964112137	0.000248429432194720843	0.00302404134769576929	0.25484149517093188	0.522912232391530652	0.204664527689202029	0.110912726138273263	0.127499706301719738	0.253472778368989217	0.130883144992839422
T:	0.100225936852677903	0.439098828692163227	0.297621485495912576	0.0861543073355974258	0.176192144379833715	0.0398714131818812525	0.409044612457983831	0.0316890269950717808	0.304169545005340247	0.6337452802132322	0.000732876082945957354	0.0118139473124089454	0.990741859482916039	0.00222149254793373214	0.0050886140820796129	0.00832675185523723953	0.0182374894099025665	0.0367098802650441026	0.247433942136413105	0.237889788456935146	0.203533987398274598	0.149244009995165407	0.351119662745277008



5	G..CTTGACC	0.496114650730149323


A:	0.456791783793051806	0.190360349716807054	0.501823548032519683	0.368425733133833662	0.430737276126020571	0.0749457450902485577	0.216380445121325127	0.10814833543673703	0.0208078658596980713	0.0455145807559746637	0.0121040710806475028	0.00520020564613983964	0.00111784186484424913	0.991411325928475452	0.0123078801005783937	0.000606052303179386743	0.352220131502346461	0.246681202181210788	0.157355110081064382	0.420601253027859789	0.0783250854572808039	0.146841257387185547	0.0913204031996955705
C:	0.274428851674967253	0.518815462531402464	0.108750214141977872	0.18110424147237371	0.162187618973572556	0.547564521647394796	0.0436079665553853535	0.33791814001269302	0.55913244858777513	0.624353385651374977	0.000908218612010170955	0.000443502522723491806	0.00150834030605137126	0.00401482266682867602	0.985725347060666402	0.855320803915001394	0.0332706817151280774	0.364516563555133999	0.259168901810818231	0.136220611972071827	0.674731153048714225	0.133403245898515215	0.0552922993621769561
G:	0.215400990248555765	0.193387150332420761	0.248590119868522095	0.14854224803908654	0.201023940135806024	0.121893499469500672	0.537935160206950951	0.359877965037853094	0.268884182361576748	0.284126085654445939	0.00518918714903886743	0.00983030762639933155	0.989113379154503766	0.00129084160986145616	0.000977103241862686315	0.00418098126963041825	0.533627112843100154	0.203817429196796472	0.300206368043770183	0.13740451292360807	0.224197784260724164	0.0727503449715411487	0.651874294235301065
T:	0.053378374283425175	0.0974370374193697209	0.140836117956980349	0.301927777354706089	0.206051164764600848	0.255596233792855974	0.202076428116338569	0.194055559512716856	0.15117550319095005	0.0460059479382044206	0.981798523158303459	0.984525984204737337	0.00826043867460061358	0.0032830097948344159	0.000989669596892518187	0.139892162512188801	0.0808820739394253072	0.184984805066858742	0.283269620064347203	0.305773622076460313	0.0227459772332808077	0.647005151742758089	0.201513003202826408



