1	GACC.GGTC	0.496117973904846951


A:	0.555692217889423512	0.380351701168138134	0.450427855775860527	0.124903881150854403	0.0119066456622521181	0.648203765094386664	0.189640512389457909	0.00420028951755977749	0.961307029904989816	0.0100981203865450584	0.00198033062388730826	0.0897664959307676401	0.0685389389436431844	0.00306939685584516854	0.0329821365151678417	0.00337261468344184701	0.574196509723136191	0.161407942709190581	0.198510111902691935	0.227707360959160674	0.0340124118448117047	0.438189534789205212	0.060611841615829526
C:	0.105545878728270018	0.233055747083648388	0.214399601157245401	0.459883006626034276	0.0189907142618111022	0.0129838566136594566	0.100825468457776408	0.0164827331074780309	0.00382244534966386695	0.97998563700779521	0.920206743262788907	0.63042475742689565	0.00927398716968060052	0.00684684574981456261	0.00188838823017847564	0.975944362691520345	0.177070278935057872	0.150769527383984525	0.476372540581072725	0.133337526014596795	0.15893063735995433	0.157642261734232495	0.559033667211889582
G:	0.22242169503899576	0.164288695450078061	0.0986940656330944972	0.0917030478764791745	0.343161306730507805	0.237476874128878324	0.153791339076040892	0.975944362691520345	0.00188838823017847564	0.00684684574981456261	0.00927398716968060052	0.124147236731650556	0.920206743262788907	0.97998563700779521	0.00382244534966386694	0.0164827331074780309	0.0969293668019426487	0.25418190319575879	0.16255867375811767	0.505617587011645736	0.670107963986284309	0.137670118699736098	0.170776188203884756
T:	0.11634020834331071	0.222303856298135417	0.236478477433799575	0.323510064346632147	0.625941333345428974	0.101335504163075555	0.555742680076724791	0.00337261468344184701	0.0329821365151678417	0.00306939685584516854	0.0685389389436431844	0.155661509910686154	0.00198033062388730826	0.0100981203865450584	0.961307029904989816	0.00420028951755977749	0.151803844539863288	0.433640626711066104	0.16255867375811767	0.133337526014596795	0.136948986808949656	0.266498084776826194	0.209578302968396136



2	C.GGTCAAC	0.495663556504044866


A:	0.354761952623905324	0.332900118968640381	0.196579896619267288	0.136829186097488066	0.0187423486968789688	0.269173561953255021	0.160956564466247028	0.120542409660316627	0.0911344680151120745	0.144735574949324818	0.00126831239561332044	0.00758194726222886293	0.00264436942617361187	0.985545437617987195	0.973770678880214999	0.0820847394014579339	0.58115389623108795	0.196134872447734589	0.187391742707436857	0.153567578092644227	0.266671202979698195	0.340918214989056843	0.137045328595675804
C:	0.0362949035389140666	0.210801991011171729	0.327686658463145005	0.180271116825783603	0.20453618484698354	0.20265977289217051	0.634236398010079421	0.592305982005678654	0.382257891178842157	0.00220136905930802638	0.00112751589137705962	0.0009158239764985332	0.991939470163663031	0.00986064746713692166	0.00193705032499273168	0.7753947218456074	0.129215414986905075	0.132435648055818239	0.498492193141161982	0.400676588075579753	0.023352342080909093	0.355130768439823829	0.360141107943175319
G:	0.509153364772010908	0.361920117340418771	0.0917378815144098088	0.115037906362000609	0.0585075781847494228	0.279250405792818736	0.0870279009283866683	0.0615847527500789543	0.144035830666411779	0.851768792338354316	0.986797259615391901	0.00143160242688436346	0.00172126157467574643	0.000638689174366231186	0.0130643640036020117	0.115531370107011771	0.26013587223681635	0.0709684721605831387	0.245728489506297212	0.21941845072045174	0.655819086791913436	0.092760693099303073	0.0832799720836455517
T:	0.0997897790651697008	0.0943777726797691195	0.383995563403177899	0.567861790714727722	0.718213888271388068	0.248916259361755733	0.117779136595286883	0.225566855583925765	0.382571810139633989	0.00129426365301283937	0.0108069120976177185	0.99007062633438824	0.00369489883548761051	0.00395522574050965186	0.0112279067911902575	0.0269891686459228952	0.0294948165451906245	0.600461007335864033	0.0683875746451039487	0.22633738311132428	0.0541573681474792753	0.211190323471816255	0.419533591377503326



3	GA..TTGACC	0.495600850762141085


A:	0.200400594886178135	0.164580016885577287	0.454872835506075474	0.362260948908085955	0.412127507721693462	0.33253457835961909	0.0333710495287100298	0.52518494993005055	0.050594181818576392	0.0285907824119438664	0.0135252536774310944	0.00350867392529337174	0.0022811349903803674	0.99140302687575014	0.00769924765952091046	0.00149567894274354696	0.131044680824192876	0.23033507251043626	0.199241140229107529	0.0670124770715994398	0.583626815946814891	0.346639589597906092
C:	0.361667315676199397	0.0743577618078146435	0.127806003775294792	0.267276813323239945	0.309553577935400253	0.252168700678833115	0.169516842670073261	0.145964986718323536	0.446889208998145928	0.252231335581471794	0.00520731181619224376	0.000538105895289194403	0.00176671142960994128	0.00124379024380755079	0.989146344197776421	0.89240378778756879	0.230897911199527197	0.189307305538041884	0.0685588516031681249	0.752840364964304856	0.169713010197774111	0.145689401425623022
G:	0.222127335445086801	0.501930711104035755	0.283434937666983072	0.255306193729848798	0.0598581088505063862	0.246079107137989362	0.529556049759983227	0.157634921355587972	0.312492966766381896	0.637909781496457141	0.00792201766392824944	0.0138199300228689531	0.992637792746924588	0.00237809186567872925	0.00111866879263651177	0.0057658041282241243	0.420900206565638702	0.404153289876256778	0.562865538175107039	0.150514810244058267	0.0679640481925577065	0.210331713994910616
T:	0.215804753992535666	0.259131510202572314	0.133886223051646662	0.115156044038825302	0.218460805492399899	0.169217613823558434	0.267556058041233482	0.171215141996037941	0.190023642416895784	0.0812681005101271982	0.973345416842448412	0.982133290156548481	0.00331436083308510282	0.0049750910147635796	0.00203573935006615707	0.100334729141463538	0.217157201410641225	0.176204332075265078	0.169334469992617307	0.0296323477200374371	0.178696125662853291	0.297339294981560271



4	A..TTGACCG	0.495182763412576307


A:	0.467547029446349114	0.427208085418858131	0.0630693203528420231	0.15630747195208065	0.159134899745944336	0.237392551722043402	0.571030225268588751	0.275558255373026555	0.0999909727397303974	0.00937642056760624585	0.00582164520577020712	0.00226373051264152621	0.992921041958815237	0.012078548417015403	0.000685959966702225199	0.174116433753954684	0.155557983336588994	0.213998794269676158	0.0512981140956174773	0.285611108225575947	0.0938089405803628081	0.142931848275840771	0.127705761044416415
C:	0.0490624038498649653	0.11517134803863948	0.0871163841119079069	0.198879920059851201	0.590757541103040123	0.305778430879978408	0.104674755236441785	0.411805927125560914	0.199931211407114665	0.00277736871175271674	0.000383756859099986157	0.00210953801118057718	0.00126020572163914213	0.985697950082296623	0.937673103529589738	0.0905150565295372175	0.0659946415259698182	0.389787576614204296	0.611464335792506066	0.247487274051848586	0.0821185567946995158	0.269991869397719255	0.560072987559405903
G:	0.207552890854375871	0.414547116302739631	0.706613558990482494	0.31244626809637423	0.135931173568146226	0.287369250483375287	0.275418069522372121	0.127138161354480283	0.535952695643076452	0.00521929607886780848	0.0099866708050410506	0.991544236053502377	0.00190968589118055487	0.00123028110332945418	0.00505765491307171323	0.708015853684071016	0.594328606088981879	0.250854411612277614	0.228008407615133536	0.228319574929530899	0.191242391231851059	0.0702137979107285365	0.081550950026708342
T:	0.27583767584941005	0.0430734502397627573	0.143200736544767576	0.332366339891693919	0.114176385582869314	0.169459766914602903	0.0488769499725973432	0.185497656146932248	0.164125120210078486	0.982626914641773229	0.983807927130088756	0.00408249542267551975	0.00390906642836506601	0.000993220397358519723	0.0565832815906363233	0.0273526560324370826	0.184118769048459309	0.145359217503841932	0.109229142496742921	0.238582042793044568	0.632830111393086617	0.516862484415711438	0.23067030136946934



5	C..GGTCAAC	0.495172630568928152


A:	0.354761952623905324	0.332900118968640381	0.196579896619267288	0.136829186097488066	0.0187423486968789688	0.269173561953255021	0.160956564466247028	0.120542409660316627	0.0911344680151120745	0.14248397352898573	0.000778729457344202209	0.0129030065271154559	0.00333441641441872803	0.979142966092311454	0.98577928741441753	0.111116332911398745	0.58115389623108795	0.196134872447734589	0.187391742707436857	0.153567578092644227	0.266671202979698195	0.340918214989056843	0.137045328595675804
C:	0.0362949035389140666	0.210801991011171729	0.327686658463145005	0.180271116825783603	0.20453618484698354	0.20265977289217051	0.634236398010079421	0.592305982005678654	0.382257891178842157	0.00294841112682040733	0.00147528297385150601	0.0015817057326688465	0.992663712067725448	0.0148451561914221355	0.00279158048213236968	0.809711849611854453	0.129215414986905075	0.132435648055818239	0.498492193141161982	0.400676588075579753	0.023352342080909093	0.355130768439823829	0.360141107943175319
G:	0.509153364772010908	0.361920117340418771	0.0917378815144098088	0.115037906362000609	0.0585075781847494228	0.279250405792818736	0.0870279009283866683	0.0615847527500789543	0.144035830666411779	0.852929332444705543	0.988776224240665559	0.000479680351930126213	0.00172859697334551348	0.000331109672800146826	0.00513611926012818268	0.0511884535917883622	0.26013587223681635	0.0709684721605831387	0.245728489506297212	0.21941845072045174	0.655819086791913436	0.092760693099303073	0.0832799720836455517
T:	0.0997897790651697008	0.0943777726797691195	0.383995563403177899	0.567861790714727722	0.718213888271388068	0.248916259361755733	0.117779136595286883	0.225566855583925765	0.382571810139633989	0.00163828289948831962	0.00896976332813873301	0.985035607388285571	0.00227327454451031044	0.00568076804346626343	0.00629301284332191813	0.0279833638849584393	0.0294948165451906245	0.600461007335864033	0.0683875746451039487	0.22633738311132428	0.0541573681474792753	0.211190323471816255	0.419533591377503326



