1	ACACGCAA	0.498334381239176236


A:	0.342954809938048168	0.21770255753390574	0.357667112795054392	0.118849162233138291	0.212925318634130132	0.1187326545476016	0.332906069555923338	0.846627905498680775	0.00221961376874558298	0.990659920402031923	0.0336580385931712048	0.0106114269236890444	0.019925372909829343	0.826014734317405759	0.919229473030163135	0.0869508259573648477	0.0204491091701361872	0.125998809471233105	0.953549674504627862	0.376049031851275251	0.537260052688002837	0.331341634957279265
C:	0.186561194517972257	0.104544611059671547	0.119009011876107927	0.223617112006791232	0.0560870020034513039	0.273291765452368248	0.3630886848959756	0.020156684391124267	0.917160311706093278	0.00671765227073195075	0.964274848430781291	0.000654643401083268346	0.913578434864161164	0.038835695555572753	0.00114462094723416968	0.463182792088753082	0.911488740831633326	0.280735879902882825	0.017812455550970014	0.192721907091209021	0.288372889823720286	0.161533995580004405
G:	0.112666912989678439	0.0885836696683513159	0.0156298640114404418	0.443775796774905662	0.286100093136800675	0.169409918754573978	0.0164661346455665651	0.114112402414408715	0.0085319274167132716	0.00126825802342396828	0.000860828059414453917	0.980358549831016409	0.0029772932363738027	0.0162291624324976486	0.00250846201370259654	0.0801963270366007936	0.0149307907917961875	0.118463146721326036	0.00905838628133321261	0.103458701026243911	0.0570601266998275191	0.202097635725577671
T:	0.357817082554301136	0.589169161738071397	0.50769401131739724	0.213757928985164815	0.444887586225617889	0.438565661245456175	0.287539110902534497	0.0191030076957862431	0.0720881471084478674	0.00135416930381215752	0.00120628491663304989	0.00837537984421127788	0.0635188989896356905	0.118920407694523839	0.077117444008900099	0.369670054917281277	0.0531313592064342994	0.474802163904558033	0.0195794836630689113	0.327770360031271817	0.117306930788449358	0.305026733737138659



2	ACACGC.A.C	0.498097506906877099


A:	0.342954809938048168	0.21770255753390574	0.357667112795054392	0.118849162233138291	0.212925318634130132	0.1187326545476016	0.332906069555923338	0.930539840082839692	0.00126213805462901733	0.992509183868351957	0.01822160233275575	0.00590478998249112545	0.00484188227229533899	0.826014734317405759	0.978401799385106202	0.0869508259573648477	0.0204491091701361872	0.125998809471233105	0.953549674504627862	0.376049031851275251	0.537260052688002837	0.331341634957279265	0.0669386879175236654
C:	0.186561194517972257	0.104544611059671547	0.119009011876107927	0.223617112006791232	0.0560870020034513039	0.273291765452368248	0.3630886848959756	0.00549535772934512061	0.931508265261507461	0.00361612070072757664	0.979341632318294468	0.000741195744245806237	0.93847547247629034	0.038835695555572753	0.00163773084614684995	0.463182792088753082	0.911488740831633326	0.280735879902882825	0.017812455550970014	0.192721907091209021	0.288372889823720286	0.161533995580004405	0.536261262827712359
G:	0.112666912989678439	0.0885836696683513159	0.0156298640114404418	0.443775796774905662	0.286100093136800675	0.169409918754573978	0.0164661346455665651	0.0553303415617984726	0.00552049138631514836	0.00133034544300278251	0.000833405481695460953	0.984636119143494192	0.00399384064998659452	0.0162291624324976486	0.00201570217852236928	0.0801963270366007936	0.0149307907917961875	0.118463146721326036	0.00905838628133321261	0.103458701026243911	0.0570601266998275191	0.202097635725577671	0.108330356834203985
T:	0.357817082554301136	0.589169161738071397	0.50769401131739724	0.213757928985164815	0.444887586225617889	0.438565661245456175	0.287539110902534497	0.00863446062601671478	0.0617091052975483734	0.00254434998791768363	0.00160335986725432137	0.00871789512976887649	0.0526888046014277261	0.118920407694523839	0.017944767590224579	0.369670054917281277	0.0531313592064342994	0.474802163904558033	0.0195794836630689113	0.327770360031271817	0.117306930788449358	0.305026733737138659	0.28846969242055999



3	CACGCAA.C	0.497589830760831803


A:	0.158395530609013697	0.36645304554350095	0.0413946693981048313	0.00371299585863737741	0.211897513730354879	0.230433137012476207	0.40087240345208903	0.00442207695775826154	0.9829813102514773	0.0351294669497430168	0.0160562683989422981	0.02070151006202399	0.845420972349667887	0.944470443253184161	0.100339618362786752	0.049517111960157853	0.114300863154487602	0.398457240082810618	0.0895322379715161061	0.420423602350896972	0.406029491729105963	0.176233740794545921	0.17911755864486772
C:	0.175701147268741574	0.156447801934491942	0.205314732642755439	0.461471517220696964	0.475603039834501703	0.360647562658033315	0.061575029325645136	0.65493652781452374	0.00485909821299931857	0.96026643615650681	0.00161528360833446086	0.846665871324065088	0.0420510136799415383	0.00327934918898402726	0.559505905417639682	0.81208045280871276	0.0729015916022537618	0.574222335589002353	0.0700320352526846415	0.317606514733983484	0.439668630538971982	0.51794306223914007	0.335633602128969735
G:	0.145663109897465113	0.0718672434102795541	0.381417555076054309	0.0493663669945868297	0.0868685399104368755	0.247595996753261393	0.447411671619548137	0.00703799919843069509	0.0047439380662212354	0.00266068701549734729	0.955837802796650728	0.00790249331752542125	0.0229764825399514301	0.00337305500202803663	0.0694100175372662721	0.0711717083241618402	0.558805658048999836	0.0134911143457539841	0.140327898824717457	0.0275994241688521475	0.118804059392274088	0.1678615674996825	0.0909088946394544064
T:	0.520240212224779615	0.405231909111727554	0.371873042883085421	0.485449119926078829	0.225630906524706543	0.161323303576229085	0.0901408956027176969	0.333603396029287304	0.00741565346930214596	0.00194340987825282578	0.0264906451960725131	0.124730125296385501	0.0895515314304391448	0.048877152555803775	0.270744458682307295	0.0672307269069675469	0.253991887194258801	0.0138293099824330454	0.700107827951081796	0.234370458746267396	0.0354978183396479673	0.137961629466631509	0.394339944586708139



4	T.ACACGC.A	0.496459708504971297


A:	0.534597448011231711	0.342954809938048168	0.21770255753390574	0.357667112795054392	0.118849162233138291	0.212925318634130132	0.1187326545476016	0.332906069555923338	0.880779812386254327	0.00274107699756968992	0.987724817649457937	0.0378838961235316495	0.0132340275990443638	0.0137221483297392126	0.826014734317405759	0.938674919039229413	0.0869508259573648477	0.0204491091701361872	0.125998809471233105	0.953549674504627862	0.376049031851275251	0.537260052688002837	0.331341634957279265
C:	0.204401471831574188	0.186561194517972257	0.104544611059671547	0.119009011876107927	0.223617112006791232	0.0560870020034513039	0.273291765452368248	0.3630886848959756	0.0128064900416925434	0.873572814165831699	0.00666082420329578618	0.95714818754458025	0.00106357085290505994	0.87726742386101473	0.038835695555572753	0.00372286003722634766	0.463182792088753082	0.911488740831633326	0.280735879902882825	0.017812455550970014	0.192721907091209021	0.288372889823720286	0.161533995580004405
G:	0.149758777008629446	0.112666912989678439	0.0885836696683513159	0.0156298640114404418	0.443775796774905662	0.286100093136800675	0.169409918754573978	0.0164661346455665651	0.0753867803679278063	0.0212660541771490468	0.0020613964107715678	0.000739862855517930986	0.958836878416277668	0.0229659448130981584	0.0162291624324976486	0.00436588236482474361	0.0801963270366007936	0.0149307907917961875	0.118463146721326036	0.00905838628133321261	0.103458701026243911	0.0570601266998275191	0.202097635725577671
T:	0.111242303148564654	0.357817082554301136	0.589169161738071397	0.50769401131739724	0.213757928985164815	0.444887586225617889	0.438565661245456175	0.287539110902534497	0.0310269172041253237	0.102420054659449565	0.00355296173647470898	0.00422805347637017001	0.0268655231317729087	0.086044482996147899	0.118920407694523839	0.0532363385587194959	0.369670054917281277	0.0531313592064342994	0.474802163904558033	0.0195794836630689113	0.327770360031271817	0.117306930788449358	0.305026733737138659



5	ACGCAA.C.A	0.496436724565756824


A:	0.0110795410785982718	0.161675010649168197	0.112991369162757102	0.195566699126630028	0.723210871088926459	0.0303687726920396435	0.959568458104365572	0.0656687772128299031	0.0337601466793739453	0.0155484524418541577	0.923191026794128417	0.951302049465730951	0.194649296842831891	0.111301784365371837	0.0537282283485341816	0.398457240082810618	0.186816427093998936	0.147545268272899288	0.544886959053442904	0.151438169682165489	0.106377362013880873	0.0554796343147250178
C:	0.0620717777592844602	0.0511261274383349417	0.0487153590267507584	0.201145717578034461	0.137293552726103125	0.747841938874287951	0.0159459654628044973	0.920944715763427121	0.00394915957962952816	0.728484452011097007	0.0271273591120131893	0.0225170753316365704	0.263349451419360334	0.686542076118316606	0.132966409367973783	0.574222335589002353	0.177672983558393674	0.228490193956934898	0.190158807903259036	0.411019753439510116	0.223953310697783414	0.247991399872545481
G:	0.821771098652430381	0.673047760160059693	0.255444938033970695	0.0217926507793543158	0.111317542773702303	0.143596267030547545	0.0176729455246811791	0.00507251982327166578	0.931472442313301611	0.00899235589171122123	0.0174477709338933122	0.0067928293763372303	0.336227696622062833	0.0645868139603483081	0.17425752091722696	0.0134911143457539841	0.37003077554799685	0.125730696114884764	0.169955787563503313	0.264741167659311574	0.332932091611342858	0.179252606154579914
T:	0.105077582509686887	0.114151101752437169	0.582848333776521445	0.581494932515981195	0.0281780334112681128	0.0781930214031248602	0.00681263090814875193	0.00831398720047131057	0.0308182514276949151	0.246974739655337614	0.0322338431599650814	0.0193880458262952485	0.205773555115744942	0.137569325555963249	0.639047841366265076	0.0138293099824330454	0.26547981379961054	0.49823384165528105	0.0949984454797947472	0.172800909219012821	0.336737235676992855	0.517276359658149588



