1	CAAGAAAC	0.470187284634292322


A:	0.0652365812097006729	0.520881511093512073	0.105259293003136047	0.160059211011641371	0.372110344442054075	0.149483141441263673	0.346429445860451913	0.0148313902856609324	0.969777011292105403	0.874998784908124832	0.00920724603058134257	0.814824173633785691	0.937451632682915356	0.945875341111965286	0.0704532844487389256	0.341779062073496724	0.37061982407351539	0.0816969245366197329	0.348008604228727788	0.333746319088065287	0.0280617923986449217	0.357611267856637168
C:	0.140722950647260983	0.147833889196252231	0.139912318787266105	0.106351283991700612	0.116653255514266605	0.554855435685133187	0.103481406728255007	0.925066869361060349	0.0123499694272079278	0.0929392958128175897	0.0171551440552364523	0.127689255585854509	0.0224840512745787877	0.00804110070386517188	0.805009467709628705	0.419970840905979881	0.241295219182725047	0.180985123902515778	0.161184034427811213	0.191297004774650871	0.204922399896897912	0.419124960212674618
G:	0.0995333627800421525	0.15009364475100909	0.0909109161110084876	0.3798848895317051	0.341851954134470113	0.10215044026905028	0.394445891083663454	0.0210461922490370997	0.0135107752239618646	0.0216372839566755404	0.949901739541822331	0.00798792508269840882	0.00684637093789569226	0.0154110267383228091	0.0401531531808112294	0.131471970726669658	0.187134754606041055	0.196842281386171293	0.0816043104075852512	0.272237546204512105	0.234527259878554353	0.0788100770962872453
T:	0.694507105362996192	0.181190954959226606	0.663917472098589361	0.353704615464952916	0.169384445909209207	0.19351098260455286	0.155643256327629626	0.0390555481042416193	0.00436224405672480476	0.0104246353223820379	0.023735870372359874	0.0494986456976613918	0.033217945104610164	0.0306725314458467334	0.0843840946608211403	0.106778126293853737	0.200950202137718508	0.540475670174693196	0.409203050935875748	0.202719129932771738	0.532488547825902813	0.144453694834400969



2	GCAAGCCA	0.463594842263686073


A:	0.0696312431328384426	0.122255171294068779	0.497936781855058946	0.054225042187494609	0.0965140142121631429	0.334528032436513853	0.226131535348343041	0.0562964214005040718	0.0103348376240828541	0.936481963131355384	0.615545739731038445	0.0325996047992660129	0.0286530950998197621	0.0843690731144196262	0.918263202074795714	0.275058884919991385	0.276320288451395811	0.169173170329056942	0.410942752073745708	0.487123872892259885	0.393414491295964568	0.233394646474044847
C:	0.343851877647233449	0.0789104289311850343	0.104176959701875995	0.0817946195383749387	0.107461784190881994	0.15466933548346213	0.449826816043919706	0.0200422823596038703	0.888850513699706106	0.0092362784268742044	0.369123329309730528	0.0243306388117487383	0.668733416572869967	0.84030393518015712	0.00349705847344091412	0.116809227469378053	0.162905125749561452	0.10980910042080415	0.206484174476947039	0.196801591905173227	0.329136011686136481	0.401124797657773782
G:	0.123367788870352524	0.0664976175119282031	0.168794504519516338	0.380808792442000935	0.172361936617504376	0.369056103111736055	0.144418985318996463	0.886854955850453301	0.0414831858953077507	0.0220085714609601084	0.0032850216869355937	0.905194167494543985	0.10321157741717668	0.0415249016886966695	0.0232709083024409299	0.288872578741510343	0.178376206393462924	0.0863955107724961037	0.172847637029961181	0.207527972610005905	0.203233779104654334	0.211466729907610809
T:	0.463149090349575585	0.732336782262817983	0.229091753923548721	0.483171545832129518	0.623662264979450487	0.141746528968287961	0.17962266328874079	0.0368063403894387565	0.0593314627809032894	0.0322731869808103034	0.0120459092722954334	0.0378755888944412637	0.199401910910133592	0.0338020900167265843	0.0549688311493224416	0.319259308869120219	0.382398379405579814	0.634622218477642804	0.209725436419346072	0.108546562592560983	0.074215717913244618	0.154013825960570562



3	C.CAAGAAA	0.46092322319355954


A:	0.14317901481441423	0.0533498783346029783	0.0652365812097006729	0.520881511093512073	0.105259293003136047	0.160059211011641371	0.372110344442054075	0.149483141441263673	0.346429445860451913	0.0579249726402219867	0.904434373151783353	0.646670296142816817	0.0657442275380470411	0.535719683017988282	0.893333898216257009	0.91781171131675931	0.0704532844487389256	0.341779062073496724	0.37061982407351539	0.0816969245366197329	0.348008604228727788	0.333746319088065287	0.0280617923986449217
C:	0.452870559833012328	0.669978875894576109	0.140722950647260983	0.147833889196252231	0.139912318787266105	0.106351283991700612	0.116653255514266605	0.554855435685133187	0.103481406728255007	0.80584248315086191	0.00802220445129551891	0.33436790136698677	0.0364338488277744185	0.0818743998374213138	0.0301758593812489506	0.0206213025913610187	0.805009467709628705	0.419970840905979881	0.241295219182725047	0.180985123902515778	0.161184034427811213	0.191297004774650871	0.204922399896897912
G:	0.0325685094259185613	0.133707118044366917	0.0995333627800421525	0.15009364475100909	0.0909109161110084876	0.3798848895317051	0.341851954134470113	0.10215044026905028	0.394445891083663454	0.0542156687171282563	0.0390655304802194971	0.0129260003314073732	0.866604303703288152	0.0295830444691606008	0.0106939663678907735	0.0164687199712920133	0.0401531531808112294	0.131471970726669658	0.187134754606041055	0.196842281386171293	0.0816043104075852512	0.272237546204512105	0.234527259878554353
T:	0.37138191592665488	0.142964127726453995	0.694507105362996192	0.181190954959226606	0.663917472098589361	0.353704615464952916	0.169384445909209207	0.19351098260455286	0.155643256327629626	0.0820168754917878466	0.0484778919167016306	0.00603580215878903939	0.0312176199308903883	0.352822872675429803	0.0657962760346032666	0.0450982661205876577	0.0843840946608211403	0.106778126293853737	0.200950202137718508	0.540475670174693196	0.409203050935875748	0.202719129932771738	0.532488547825902813



4	AC.T.ACTTG	0.460543948897779095


A:	0.495941079458607309	0.252008855254759363	0.208031208999202037	0.215393923699339818	0.149055520171638091	0.067171661809290855	0.858595124841523976	0.0505718368008043906	0.250024016228511616	0.0354083841892414096	0.419793307950053075	0.877034957325546769	0.0190238078183178267	0.0125347038533001089	0.00859779636126406375	0.0194265162982686599	0.135086052380400717	0.543912679083632875	0.271485531362637983	0.104077715768093968	0.327488837587858032	0.324024069677513263
C:	0.0705956044898471174	0.126961813479909067	0.196144804481591015	0.238391623031122366	0.262429152481710016	0.26580379755494179	0.0174781163876110613	0.847837564926921609	0.300556154976097268	0.00994739675245741391	0.0374614826287512943	0.0190471876966670591	0.950709855288720771	0.00964048886877881565	0.0141829170277177818	0.0491414045976186894	0.400232291926601483	0.165043043463061397	0.309068103709787232	0.214208498654763615	0.226845839580255334	0.271149654302369419
G:	0.193180836035050293	0.532175279648498783	0.190569040398433242	0.329239491177519719	0.177975519515673649	0.0822540833469291169	0.052286285967921154	0.028005719596457761	0.319621457000117337	0.00971742107593095378	0.372426243012493502	0.0768422534326237548	0.00978391396906928084	0.0778265970267451524	0.00636883867521290693	0.913063732758874589	0.0853653503254639379	0.221169768783017176	0.264723215700768752	0.34096794905287938	0.214269495478085457	0.289782085653410238
T:	0.240282480016495281	0.0888540516168327871	0.405254946120773707	0.216974962092018097	0.410539807830978244	0.584770457288838238	0.071640472802943809	0.0735848786758162395	0.129798371795273779	0.944926797982370223	0.170318966408702128	0.0270756015451624168	0.0204824229238921216	0.899998210251175923	0.970850447935805248	0.0183683463452380618	0.379316305367533862	0.0698745086702885516	0.154723149226806034	0.340745836524263037	0.231395827353801177	0.11504419036670708



5	A..CAAGCAA	0.458797576715395759


A:	0.135176571904218324	0.0317404286949510775	0.0468771839934733892	0.261394839490864502	0.1886599161006863	0.192150865358288089	0.636985787987122	0.384697496322614026	0.169363121618325711	0.0391279374691589461	0.899882995542487659	0.834337612134130231	0.0471494442551978111	0.299561823018495353	0.845301077884342379	0.841155852155650294	0.110491991175169532	0.273767030872658246	0.288916754574673078	0.247276088519739297	0.280968241126102149	0.198499270582609326
C:	0.691688314660499952	0.269469931043820504	0.0942371276493624934	0.237961543314969662	0.137337883369730688	0.201932111194373779	0.199784180696786309	0.284155906514670203	0.157374655279136007	0.848323765478845358	0.0648854653506576045	0.078389607295365494	0.0844002706035567652	0.455335734748496373	0.0786347558122518203	0.0383276098007624594	0.543680514203241315	0.471174628791499702	0.186085384789489217	0.255159592710432404	0.130421580800425319	0.288041371494114634
G:	0.0435326555869133592	0.580829675499417288	0.0356027834019700301	0.437386676430168317	0.264810810317569119	0.377882123668488348	0.0595133493906435301	0.0694167608585271485	0.348178493284377928	0.0505052234984248369	0.0223980993619191255	0.0221272969378039511	0.851205450258334897	0.061087337068471409	0.028258162686061024	0.0243890739971132101	0.250567081681875326	0.113601759983552975	0.0604061796226236163	0.212277091080793927	0.0449398173283194538	0.0619002978494942736
T:	0.129602457848368365	0.117959964761811131	0.823282904955194087	0.0632569407639975184	0.409191390212013893	0.228034899778849784	0.10371668192544816	0.261729836304188623	0.325083729818160355	0.062043073553570859	0.0128334397449356113	0.0651454836327003241	0.0172448348829105266	0.184015105164536865	0.0478060036173447766	0.0961274640464740368	0.0952604129397138276	0.141456580352289078	0.464591681013214089	0.285287227689034371	0.543670360745153078	0.451559060073781766



