1	ACACGC.AC	0.496718649676495283


A:	0.0477271056794163854	0.0930281823552983746	0.138788358750540139	0.227034203276652319	0.252880341086801714	0.637813879968845244	0.338055660689253172	0.81955809308027624	0.00556128026080068645	0.975121585475841953	0.0161502759846392481	0.00966227326338975716	0.0138345187766522011	0.732873574814879627	0.873299395281962	0.0987843499591678861	0.280224590285640392	0.126828233960242414	0.368524516302494298	0.509499195520075943	0.0830635591264610741	0.262812467647603534	0.0600058562470268788
C:	0.635160670408145836	0.117647899362119108	0.140753416456229687	0.230002932722117439	0.358235953259601659	0.0403965985710017038	0.315366348693436042	0.0127145616740540673	0.895789632732651848	0.00293037603195716124	0.964320978614647874	0.00374645898529805204	0.914695530807862893	0.19802183541376235	0.00139408148539194747	0.758760672929859489	0.445585018137985579	0.441384565225484034	0.217742006597160344	0.0763660354046722867	0.202448842402806254	0.083166402591293124	0.350052962640795184
G:	0.179978135475862722	0.612631606546825829	0.309234971460268941	0.10527125127187457	0.219150192723892353	0.111643684397173766	0.122386319816988861	0.0698010485690080852	0.0266786816806629772	0.00688679417569314396	0.00579251874923199226	0.943327834325310809	0.0141703547826632282	0.0172804009540404396	0.00850049878124533517	0.0366183324334288	0.134045375678587727	0.186934583076749422	0.258854566845558	0.138436391620149213	0.524095626895053998	0.117695103574623974	0.321213054870444603
T:	0.137134088436575056	0.176692311735756688	0.411223253332961234	0.437691612729355671	0.169733512929704274	0.210145837062979286	0.224191670800321925	0.0979262966766616076	0.0719704053258844882	0.0150612443165077422	0.0137362266514808859	0.0432634334260013816	0.0572995956328216776	0.0518241888173175842	0.116806024451400718	0.105836644677543825	0.140145015897786302	0.24485261773752413	0.154878910254787357	0.275698377455102558	0.190391971575678674	0.536326026186479367	0.268728126241733334



2	CACGCAAC	0.495403528992069372


A:	0.330611787366809492	0.174400003390147663	0.269979817318928078	0.525403154374312999	0.219337949037953068	0.27387630404428407	0.862815847187687132	0.0228551534540209413	0.968306361835072418	0.0489296551682580374	0.0208617903251991167	0.0241055965697934661	0.713954562474047626	0.928544177811733278	0.0263532760125514923	0.293177440994594144	0.330641871854213806	0.448556054023645872	0.106764847863696419	0.187398634649375545	0.0941438355222800587	0.224629682593849167
C:	0.104691406261579472	0.248734767903467382	0.182038920346220074	0.296073785565751432	0.187462316984613464	0.404413171412455331	0.0252174240091051601	0.80682620001785218	0.00738728247449684618	0.928285149791367862	0.00589659875136409309	0.903189949537279107	0.0739609526861742173	0.00633132170445940712	0.663697450017473106	0.447429175565213492	0.217701753693897351	0.258783026601042017	0.0610560004143199002	0.343895274016426665	0.0699487030293327992	0.124087304989974984
G:	0.264144758484716822	0.130841268407060152	0.135124945578811376	0.0971595967355552701	0.247158459878033752	0.127122119464308729	0.0538703945453367078	0.0315780571926981043	0.00508755734136041509	0.00978024214490089117	0.921587894239429529	0.0106769985681414241	0.027405957185264164	0.00492372045296144732	0.0791686010371236515	0.100829794743171756	0.166581219160591627	0.171076855993484316	0.116118313161725955	0.342200707225518839	0.0960146556810383212	0.175527285390872074
T:	0.300552047886894214	0.446023960299324803	0.412856316756040472	0.0813634633243802992	0.346041274099399715	0.19458840507895187	0.0580963342578709999	0.138740589335428774	0.0192187983490703211	0.0130049528954732095	0.0516537166840072612	0.0620274553247860026	0.184678527654513993	0.0602007800308458674	0.23078067293285175	0.158563588697020607	0.285075155291297215	0.121584063381827796	0.716060838560257726	0.126505384108678951	0.739892805767348821	0.475755727025303775



3	ACACGCAA	0.495388205660097792


A:	0.0477271056794163854	0.0930281823552983746	0.138788358750540139	0.227034203276652319	0.252880341086801714	0.637813879968845244	0.338055660689253172	0.862815847187687132	0.00384280558144946069	0.985862257849488568	0.0142570515886149636	0.00933993132306785229	0.0216828190989783011	0.732873574814879627	0.945994285189918466	0.0987843499591678861	0.280224590285640392	0.126828233960242414	0.368524516302494298	0.509499195520075943	0.0830635591264610741	0.262812467647603534
C:	0.635160670408145836	0.117647899362119108	0.140753416456229687	0.230002932722117439	0.358235953259601659	0.0403965985710017038	0.315366348693436042	0.0252174240091051601	0.902502155650424611	0.00455716484481988827	0.975172099997052745	0.00241838287743760707	0.901664599840823841	0.19802183541376235	0.00397764377533072371	0.758760672929859489	0.445585018137985579	0.441384565225484034	0.217742006597160344	0.0763660354046722867	0.202448842402806254	0.083166402591293124
G:	0.179978135475862722	0.612631606546825829	0.309234971460268941	0.10527125127187457	0.219150192723892353	0.111643684397173766	0.122386319816988861	0.0538703945453367078	0.0282934649859106883	0.00463956152820032577	0.00710875326544001989	0.972849036317679581	0.011186791974187227	0.0172804009540404396	0.00689068266929586027	0.0366183324334288	0.134045375678587727	0.186934583076749422	0.258854566845558	0.138436391620149213	0.524095626895053998	0.117695103574623974
T:	0.137134088436575056	0.176692311735756688	0.411223253332961234	0.437691612729355671	0.169733512929704274	0.210145837062979286	0.224191670800321925	0.0580963342578709999	0.0653615737822152402	0.00494101577749121777	0.00346209514889227103	0.0153926494818149594	0.0654657890860106311	0.0518241888173175842	0.0431373883654549503	0.105836644677543825	0.140145015897786302	0.24485261773752413	0.154878910254787357	0.275698377455102558	0.190391971575678674	0.536326026186479367



4	A.ACACGC.A	0.492779177162048699


A:	0.557440119321345349	0.0477271056794163854	0.0930281823552983746	0.138788358750540139	0.227034203276652319	0.252880341086801714	0.637813879968845244	0.338055660689253172	0.922602131899634553	0.0088080479997459159	0.985937759294200651	0.0125104039096397883	0.0118379799849164114	0.0120710191841503122	0.732873574814879627	0.959994468158601391	0.0987843499591678861	0.280224590285640392	0.126828233960242414	0.368524516302494298	0.509499195520075943	0.0830635591264610741	0.262812467647603534
C:	0.155423236261205357	0.635160670408145836	0.117647899362119108	0.140753416456229687	0.230002932722117439	0.358235953259601659	0.0403965985710017038	0.315366348693436042	0.00462971515434330799	0.961054099000912173	0.00480087119581455376	0.978767333204629912	0.00188053723905169929	0.936763972903381609	0.19802183541376235	0.00138094656206664141	0.758760672929859489	0.445585018137985579	0.441384565225484034	0.217742006597160344	0.0763660354046722867	0.202448842402806254	0.083166402591293124
G:	0.079047461931306942	0.179978135475862722	0.612631606546825829	0.309234971460268941	0.10527125127187457	0.219150192723892353	0.111643684397173766	0.122386319816988861	0.0591174107544402963	0.00338635440168436064	0.00497674116676943392	0.00222290396435002469	0.976664026732447355	0.0140799349949341529	0.0172804009540404396	0.00616813733960627703	0.0366183324334288	0.134045375678587727	0.186934583076749422	0.258854566845558	0.138436391620149213	0.524095626895053998	0.117695103574623974
T:	0.208089182486142352	0.137134088436575056	0.176692311735756688	0.411223253332961234	0.437691612729355671	0.169733512929704274	0.210145837062979286	0.224191670800321925	0.0136507421915818423	0.0267514985976575503	0.0042846283432153615	0.00649935892138027507	0.00961745604358453394	0.0370850729175339264	0.0518241888173175842	0.0324564479397256908	0.105836644677543825	0.140145015897786302	0.24485261773752413	0.154878910254787357	0.275698377455102558	0.190391971575678674	0.536326026186479367



5	AACACGC.A	0.490976612664229971


A:	0.557440119321345349	0.0477271056794163854	0.0930281823552983746	0.138788358750540139	0.227034203276652319	0.252880341086801714	0.637813879968845244	0.338055660689253172	0.690561284557490306	0.00753028857640312602	0.964342900362280883	0.0268900792471673178	0.0627427799240964626	0.039224252322820539	0.732873574814879627	0.818822761964997174	0.0987843499591678861	0.280224590285640392	0.126828233960242414	0.368524516302494298	0.509499195520075943	0.0830635591264610741	0.262812467647603534
C:	0.155423236261205357	0.635160670408145836	0.117647899362119108	0.140753416456229687	0.230002932722117439	0.358235953259601659	0.0403965985710017038	0.315366348693436042	0.0141632209644061582	0.838549667959625742	0.019332389347755436	0.945833336095042942	0.00708596182826202708	0.759467635944407676	0.19802183541376235	0.0048993065216197561	0.758760672929859489	0.445585018137985579	0.441384565225484034	0.217742006597160344	0.0763660354046722867	0.202448842402806254	0.083166402591293124
G:	0.079047461931306942	0.179978135475862722	0.612631606546825829	0.309234971460268941	0.10527125127187457	0.219150192723892353	0.111643684397173766	0.122386319816988861	0.128040569685596766	0.0305090211015009691	0.0104600306180903349	0.00798969547201442989	0.89672343337564899	0.0661239513521243016	0.0172804009540404396	0.0176336709387774689	0.0366183324334288	0.134045375678587727	0.186934583076749422	0.258854566845558	0.138436391620149213	0.524095626895053998	0.117695103574623974
T:	0.208089182486142352	0.137134088436575056	0.176692311735756688	0.411223253332961234	0.437691612729355671	0.169733512929704274	0.210145837062979286	0.224191670800321925	0.167234924792506769	0.123411022362470162	0.00586467967187334609	0.0192868891857753106	0.0334478248719925206	0.135184160380647483	0.0518241888173175842	0.158644260574605601	0.105836644677543825	0.140145015897786302	0.24485261773752413	0.154878910254787357	0.275698377455102558	0.190391971575678674	0.536326026186479367



