1	ACACGCAA	0.487914876277967106


A:	0.0826072685791068383	0.165331905520213945	0.227815785423840924	0.200500650534970216	0.173964858916179413	0.210303846598226831	0.314484710783752577	0.938057210961283417	0.00286703751664572641	0.989988624234365022	0.0257628414607718451	0.00489465679428759104	0.0299195908158202514	0.854102915518672759	0.968349764291588737	0.397211715448966052	0.121535249484348287	0.267805323005665129	0.304346360084935092	0.670013843773026093	0.0831501874022538537	0.16897221210282226
C:	0.29712722089572258	0.195936089068470267	0.108175955922676982	0.172138625825213301	0.293547426942383	0.140310876380646078	0.326744983963682396	0.00735573574653434366	0.899243708744893028	0.00127095401097474711	0.970565140426957276	0.000887472631572128911	0.856971646347028998	0.0603975225061685415	0.0026548178248231003	0.40080054110959572	0.399287956044991684	0.376172878461785479	0.30924836295586474	0.135153104275976715	0.429848695726770342	0.120400980194352213
G:	0.201698975452933098	0.390067639716727695	0.113073328638117309	0.232043409872646252	0.185909530713778696	0.17068592899080635	0.0598543235796144777	0.0315636356876663541	0.00638249643133822162	0.00521768488981498712	0.00130815334890617449	0.956249739963590273	0.0108978974365118521	0.00844422329967514517	0.00169714566777796441	0.0529690335657555948	0.101814105400863994	0.0822138505391332038	0.173970603153102494	0.0630885378634712509	0.325359305494369612	0.0880983212900438925
T:	0.418566535072237484	0.248664365694588093	0.550934930015364784	0.395317313767170231	0.346578183427658891	0.47869934803032074	0.298915981672950549	0.0230234176045158852	0.0915067573071230242	0.00352273686484524361	0.00236386476336470445	0.0379681306105500068	0.102210865400638899	0.0770553386754835545	0.0272982722158101984	0.149018709875682634	0.377362689069796035	0.273807947993416188	0.212434673806097674	0.131744514087525941	0.161641811376606192	0.622528486412781634



2	T.ACACGC.A	0.484850430516455113


A:	0.667640590396769181	0.0826072685791068383	0.165331905520213945	0.227815785423840924	0.200500650534970216	0.173964858916179413	0.210303846598226831	0.314484710783752577	0.836846216512060601	0.0137034199193504817	0.981510478077724497	0.029473848593107115	0.0265747847532051874	0.0296085086212114324	0.854102915518672759	0.949689355530971305	0.397211715448966052	0.121535249484348287	0.267805323005665129	0.304346360084935092	0.670013843773026093	0.0831501874022538537	0.16897221210282226
C:	0.211413150576233234	0.29712722089572258	0.195936089068470267	0.108175955922676982	0.172138625825213301	0.293547426942383	0.140310876380646078	0.326744983963682396	0.0223278023965388131	0.840301382848183272	0.00243669718538164998	0.959917101059199593	0.0050505850018015994	0.840838260780756425	0.0603975225061685415	0.00419100657043010913	0.40080054110959572	0.399287956044991684	0.376172878461785479	0.30924836295586474	0.135153104275976715	0.429848695726770342	0.120400980194352213
G:	0.0186081853314720339	0.201698975452933098	0.390067639716727695	0.113073328638117309	0.232043409872646252	0.185909530713778696	0.17068592899080635	0.0598543235796144777	0.117074414931236514	0.0275080968758492515	0.00968563981177307256	0.00453158400317593558	0.940155025249890065	0.0484039460461324867	0.00844422329967514517	0.00520920100064342553	0.0529690335657555948	0.101814105400863994	0.0822138505391332038	0.173970603153102494	0.0630885378634712509	0.325359305494369612	0.0880983212900438925
T:	0.102338073695525551	0.418566535072237484	0.248664365694588093	0.550934930015364784	0.395317313767170231	0.346578183427658891	0.47869934803032074	0.298915981672950549	0.023751566160164072	0.118487100356616995	0.00636718492512078025	0.00607746634451735682	0.0282196049951031486	0.0811492845518996562	0.0770553386754835545	0.0409104368979551606	0.149018709875682634	0.377362689069796035	0.273807947993416188	0.212434673806097674	0.131744514087525941	0.161641811376606192	0.622528486412781634



3	ACACG.AA.C	0.484787869807872771


A:	0.214031323677650446	0.199038351169918287	0.306675980000801539	0.184710685985652912	0.230425380512411246	0.273143278394740551	0.258066035812388022	0.919406206277138317	0.00707317262770082482	0.984761646144229892	0.0402888750124176149	0.00840138015678522294	0.0299195908158202514	0.743326634879027407	0.971759397634554066	0.183280733467068912	0.0256365731002721416	0.540067812057907465	0.360139636511079766	0.126432461519945737	0.130847089128430402	0.434918876172502005	0.445601330670624172
C:	0.414867633748001183	0.04296203985243701	0.173158488901635341	0.0819650111517098422	0.128411760961564406	0.230312927824222501	0.440240115251769416	0.0231378312024446094	0.893448778833798711	0.00448618995720492541	0.953653216779035798	0.00254741724533836296	0.856971646347028998	0.144323678462509136	0.00707445929679602598	0.199331138605105527	0.733861954296069729	0.0616886960845877384	0.196016687081257334	0.565142245511175522	0.343440000124092775	0.051424562174464337	0.104245874218493523
G:	0.120881932792527011	0.513269718926043201	0.0778116983561164789	0.332870310947061467	0.185854472770004618	0.219056550469116588	0.0601172203522955141	0.0287900774184524045	0.0123318845458565691	0.00473451579850243222	0.00167651635740399462	0.968527958100016851	0.0108978974365118521	0.00379379999446445987	0.00315197107937916529	0.261857327297240896	0.136799776419176228	0.141505291177951972	0.253132280132670462	0.147435951267835962	0.105031985311750556	0.138922540107904764	0.273486992351996773
T:	0.25021910978182136	0.244729890051601502	0.442353832741446641	0.400453991915575779	0.45530838575601973	0.277487243311920359	0.241576628583547048	0.0286658851019646687	0.0871461639926438951	0.00601764810006275	0.00438139185114259224	0.0205232444978595629	0.102210865400638899	0.108555886663998997	0.0180141719892707431	0.355530800630584665	0.103701696184481902	0.256738200679552825	0.190711396274992438	0.160989341701042778	0.420680925435726268	0.374734021545128893	0.176665802758885532



4	CACACGC.A	0.483932804859979256


A:	0.667640590396769181	0.0826072685791068383	0.165331905520213945	0.227815785423840924	0.200500650534970216	0.173964858916179413	0.210303846598226831	0.314484710783752577	0.786530355432539847	0.0112817806067416298	0.947475207625333018	0.037693105928182117	0.0185700565660468492	0.0415134323761751646	0.854102915518672759	0.90636094718922779	0.397211715448966052	0.121535249484348287	0.267805323005665129	0.304346360084935092	0.670013843773026093	0.0831501874022538537	0.16897221210282226
C:	0.211413150576233234	0.29712722089572258	0.195936089068470267	0.108175955922676982	0.172138625825213301	0.293547426942383	0.140310876380646078	0.326744983963682396	0.0264097374319971927	0.779563207961368937	0.00221338742393040716	0.949680923829556706	0.00898895197154274935	0.733811436770384081	0.0603975225061685415	0.0145556080090400595	0.40080054110959572	0.399287956044991684	0.376172878461785479	0.30924836295586474	0.135153104275976715	0.429848695726770342	0.120400980194352213
G:	0.0186081853314720339	0.201698975452933098	0.390067639716727695	0.113073328638117309	0.232043409872646252	0.185909530713778696	0.17068592899080635	0.0598543235796144777	0.0964399896629169362	0.0156963510262502011	0.0153994551293859314	0.00678461304201773502	0.912471852956028629	0.0267166741002591645	0.00844422329967514517	0.00382209242273915251	0.0529690335657555948	0.101814105400863994	0.0822138505391332038	0.173970603153102494	0.0630885378634712509	0.325359305494369612	0.0880983212900438925
T:	0.102338073695525551	0.418566535072237484	0.248664365694588093	0.550934930015364784	0.395317313767170231	0.346578183427658891	0.47869934803032074	0.298915981672950549	0.0906199174725460245	0.193458660405639232	0.0349119498213506433	0.00584135720024344243	0.0599691385063817724	0.197958456753181589	0.0770553386754835545	0.0752613523789929979	0.149018709875682634	0.377362689069796035	0.273807947993416188	0.212434673806097674	0.131744514087525941	0.161641811376606192	0.622528486412781634



5	CACACG.AA	0.48294809107522102


A:	0.61364842197428393	0.214031323677650446	0.199038351169918287	0.306675980000801539	0.184710685985652912	0.230425380512411246	0.273143278394740551	0.258066035812388022	0.854104342220647933	0.00817420542753574618	0.969452521132094668	0.0379789076761612017	0.0222467936214416166	0.0299195908158202514	0.760544928069583415	0.952739617890432679	0.183280733467068912	0.0256365731002721416	0.540067812057907465	0.360139636511079766	0.126432461519945737	0.130847089128430402	0.434918876172502005
C:	0.0712736718690946857	0.414867633748001183	0.04296203985243701	0.173158488901635341	0.0819650111517098422	0.128411760961564406	0.230312927824222501	0.440240115251769416	0.0239153024838490198	0.872561533355034605	0.00396739746105928436	0.947715287759922422	0.00862777047258082589	0.856971646347028998	0.132437291739904608	0.0167404023374860275	0.199331138605105527	0.733861954296069729	0.0616886960845877384	0.196016687081257334	0.565142245511175522	0.343440000124092775	0.051424562174464337
G:	0.111716639321657564	0.120881932792527011	0.513269718926043201	0.0778116983561164789	0.332870310947061467	0.185854472770004618	0.219056550469116588	0.0601172203522955141	0.0650997069422289545	0.00597255299648740811	0.0137679821541629538	0.00445197673720278636	0.918248946120032429	0.0108978974365118521	0.0034464729517004152	0.00411519947574628357	0.261857327297240896	0.136799776419176228	0.141505291177951972	0.253132280132670462	0.147435951267835962	0.105031985311750556	0.138922540107904764
T:	0.20336126683496382	0.25021910978182136	0.244729890051601502	0.442353832741446641	0.400453991915575779	0.45530838575601973	0.277487243311920359	0.241576628583547048	0.0568806483532740923	0.113291708220942241	0.0128120992526830934	0.00985382782671358959	0.0508764897859451281	0.102210865400638899	0.103571307238811562	0.0264047802963350101	0.355530800630584665	0.103701696184481902	0.256738200679552825	0.190711396274992438	0.160989341701042778	0.420680925435726268	0.374734021545128893



