1	ACACGCAA	0.493912678421494542


A:	0.0745054466338201776	0.0980818333141965612	0.146235870074824842	0.165644030059963349	0.21557374649378051	0.553515264765930696	0.332997675941088189	0.900200184860073203	0.00184028941748288836	0.986738995647734229	0.0318798453237255088	0.00976265960997957561	0.0123054846458708853	0.746193940234131151	0.961380073742676135	0.327287590468194147	0.190684422110506314	0.149321618289304683	0.20846828525101946	0.388497287631644457	0.0308888761931617874	0.344809986964894884
C:	0.484955457883005919	0.103915003143569938	0.0986987574536537014	0.332981994885033007	0.278783300544508083	0.0777517633820208217	0.249167261233572112	0.0126061479134710242	0.931591334640385874	0.00548602168594307548	0.964242586891249307	0.000798713150079924557	0.88109530200798258	0.176271915201177527	0.00165874361437748911	0.49799066913767043	0.353479612413661524	0.32594364348792396	0.278075152314829294	0.237732019236939562	0.19245354601055827	0.0528259066021487961
G:	0.201396289493599453	0.633494831009337257	0.225403469363569419	0.0862458745255274339	0.127917538016253838	0.104961347215701981	0.148683978843269014	0.0386155157853508522	0.0213708203578413852	0.00536672865836424231	0.00267655637483097961	0.971895233859989752	0.0142504574984909356	0.00875303466752731554	0.00502723815849534564	0.0455154358096404803	0.178345814201123827	0.258320199523727985	0.18098322914812465	0.202788255878528893	0.623450687202018952	0.0758527022060946955
T:	0.23914280598957445	0.164508332532896244	0.529661903107952037	0.415128100529476211	0.377725414945457569	0.263771624636346501	0.269151083982070685	0.0485781514411049206	0.0451975555842898525	0.0024082540079584528	0.00120101141019420499	0.0175433933799507481	0.0923487558476555991	0.0687811098971640059	0.0319339444844510299	0.129206304584494943	0.277490151274708336	0.266414538699043373	0.332473333286026596	0.170982437252887088	0.153206890594260991	0.526511404226861624



2	CACGCAAC	0.492080349057380423


A:	0.382425374636277568	0.273321409912072392	0.197574455215535582	0.364820892756025384	0.188725781219072344	0.234989820916083988	0.900200184860073203	0.012515850513048717	0.971303646615812127	0.0727632619297271104	0.017664088696485839	0.0366336958539297993	0.710393988952367211	0.924125020560455047	0.0523177879605273619	0.251928422718230714	0.368446622152219619	0.414578010435381498	0.15977675242222866	0.146159658044690732	0.0820056672033645093	0.226646556718873449
C:	0.0766094175490631151	0.235549076599388796	0.152665759093769698	0.351841760547139253	0.296752615802963996	0.497244380367628322	0.0126061479134710242	0.731392677227736895	0.0119063083778175372	0.914507848444756302	0.00327975374601752215	0.836286419664466515	0.0833116474133896071	0.00631826750274087186	0.560475051602853084	0.387951260812132223	0.180827440325396053	0.197099237747814723	0.16414415416489638	0.488342670428936862	0.0978771290047059225	0.155734976816690488
G:	0.308038832529406651	0.116803085398446215	0.149567808363190807	0.181339618144183657	0.301500945622178942	0.0941702305394320532	0.0386155157853508522	0.0462958737959081443	0.00437984082341002471	0.00751850839905356848	0.926925736015774221	0.0174407336409179716	0.0239095348607312775	0.00846961514885699323	0.0970995923543946471	0.13666338314951444	0.200273583502190391	0.211861070396796436	0.196400309779392615	0.239296805234842498	0.10759901613708294	0.198582840325753856
T:	0.232926375285252666	0.374326428090092597	0.500191977327503913	0.101997728552651706	0.213020657355784718	0.173595568176855637	0.0485781514411049206	0.209795598463306243	0.0124102041829603111	0.00521038122646301866	0.052130421541722418	0.109639150840685715	0.182384828773511905	0.0610870967879470874	0.290107568082224907	0.223456933320122624	0.250452354020193937	0.176461681420007343	0.479678783633482345	0.126200866291529908	0.712518187654846628	0.419035626138682207



3	ACACGC.AC	0.491307354175927298


A:	0.0745054466338201776	0.0980818333141965612	0.146235870074824842	0.165644030059963349	0.21557374649378051	0.553515264765930696	0.332997675941088189	0.787733347854853037	0.00398000923201037199	0.983021615941056813	0.020963357413777766	0.00659006531802850203	0.0160744734400269805	0.746193940234131151	0.902666252986140202	0.327287590468194147	0.190684422110506314	0.149321618289304683	0.20846828525101946	0.388497287631644457	0.0308888761931617874	0.344809986964894884	0.05592824277870426
C:	0.484955457883005919	0.103915003143569938	0.0986987574536537014	0.332981994885033007	0.278783300544508083	0.0777517633820208217	0.249167261233572112	0.0121125309942239806	0.870417931711038971	0.00483024675882563872	0.970119919846441676	0.00253996199948573652	0.871990503873436334	0.176271915201177527	0.00201597684495155641	0.49799066913767043	0.353479612413661524	0.32594364348792396	0.278075152314829294	0.237732019236939562	0.19245354601055827	0.0528259066021487961	0.322757319962998115
G:	0.201396289493599453	0.633494831009337257	0.225403469363569419	0.0862458745255274339	0.127917538016253838	0.104961347215701981	0.148683978843269014	0.092584779759216817	0.0317854108559539581	0.00468757775274663015	0.00272925536201738651	0.955758243416150543	0.0312751394938589824	0.00875303466752731554	0.00639422071213524301	0.0455154358096404803	0.178345814201123827	0.258320199523727985	0.18098322914812465	0.202788255878528893	0.623450687202018952	0.0758527022060946955	0.226752358509242795
T:	0.23914280598957445	0.164508332532896244	0.529661903107952037	0.415128100529476211	0.377725414945457569	0.263771624636346501	0.269151083982070685	0.107569341391706166	0.0938166482009966989	0.00746055954737091805	0.006187467377763171	0.0351117292663352188	0.0806598831926777027	0.0687811098971640059	0.0889235494567729988	0.129206304584494943	0.277490151274708336	0.266414538699043373	0.332473333286026596	0.170982437252887088	0.153206890594260991	0.526511404226861624	0.39456207874905483



4	A.ACACGC.A	0.490326138851846364


A:	0.535071892247948948	0.0745054466338201776	0.0980818333141965612	0.146235870074824842	0.165644030059963349	0.21557374649378051	0.553515264765930696	0.332997675941088189	0.928970694464361328	0.00400857908852124508	0.986220819753328626	0.0192374006848642777	0.00672886875674614453	0.00615385185921266084	0.746193940234131151	0.96522596358934649	0.327287590468194147	0.190684422110506314	0.149321618289304683	0.20846828525101946	0.388497287631644457	0.0308888761931617874	0.344809986964894884
C:	0.176176012867224051	0.484955457883005919	0.103915003143569938	0.0986987574536537014	0.332981994885033007	0.278783300544508083	0.0777517633820208217	0.249167261233572112	0.0045617211516957457	0.955585517126494433	0.00653336787449653504	0.976374068491905276	0.00141474795966853324	0.911237717357139834	0.176271915201177527	0.00112552124658015739	0.49799066913767043	0.353479612413661524	0.32594364348792396	0.278075152314829294	0.237732019236939562	0.19245354601055827	0.0528259066021487961
G:	0.0468440937289046622	0.201396289493599453	0.633494831009337257	0.225403469363569419	0.0862458745255274339	0.127917538016253838	0.104961347215701981	0.148683978843269014	0.0469093038064307072	0.00402154544825724899	0.00376316949307243467	0.00170157249993312236	0.979237826379361462	0.0243322444372008794	0.00875303466752731554	0.00598058532458751886	0.0455154358096404803	0.178345814201123827	0.258320199523727985	0.18098322914812465	0.202788255878528893	0.623450687202018952	0.0758527022060946955
T:	0.241908001155922339	0.23914280598957445	0.164508332532896244	0.529661903107952037	0.415128100529476211	0.377725414945457569	0.263771624636346501	0.269151083982070685	0.0195582805775122195	0.0363843583367270726	0.00348264287910240403	0.00268695832329732384	0.0126185569042238599	0.0582761863464466262	0.0687811098971640059	0.0276679298394858338	0.129206304584494943	0.277490151274708336	0.266414538699043373	0.332473333286026596	0.170982437252887088	0.153206890594260991	0.526511404226861624



5	ACACGC.A.C	0.489674396206845459


A:	0.0745054466338201776	0.0980818333141965612	0.146235870074824842	0.165644030059963349	0.21557374649378051	0.553515264765930696	0.332997675941088189	0.707924053416984243	0.00771307497883844022	0.978039171767665868	0.0394227950191631409	0.0395302347423899373	0.0438774979347622499	0.746193940234131151	0.874765205704070445	0.327287590468194147	0.190684422110506314	0.149321618289304683	0.20846828525101946	0.388497287631644457	0.0308888761931617874	0.344809986964894884	0.05592824277870426
C:	0.484955457883005919	0.103915003143569938	0.0986987574536537014	0.332981994885033007	0.278783300544508083	0.0777517633820208217	0.249167261233572112	0.0429490638184114344	0.725490631264367567	0.00650870438580578026	0.949128149734391779	0.00685414963188426174	0.603743535940756122	0.176271915201177527	0.00587047162374204834	0.49799066913767043	0.353479612413661524	0.32594364348792396	0.278075152314829294	0.237732019236939562	0.19245354601055827	0.0528259066021487961	0.322757319962998115
G:	0.201396289493599453	0.633494831009337257	0.225403469363569419	0.0862458745255274339	0.127917538016253838	0.104961347215701981	0.148683978843269014	0.133535632980827271	0.0399808942284388158	0.00424899839902781364	0.0044524159549494411	0.919450842829905302	0.0561401471432658461	0.00875303466752731554	0.0176715938667076628	0.0455154358096404803	0.178345814201123827	0.258320199523727985	0.18098322914812465	0.202788255878528893	0.623450687202018952	0.0758527022060946955	0.226752358509242795
T:	0.23914280598957445	0.164508332532896244	0.529661903107952037	0.415128100529476211	0.377725414945457569	0.263771624636346501	0.269151083982070685	0.115591249783777051	0.226815399528355177	0.0112031254475005383	0.00699663929149563869	0.0341647727958204985	0.296238818981215782	0.0687811098971640059	0.101692728805479844	0.129206304584494943	0.277490151274708336	0.266414538699043373	0.332473333286026596	0.170982437252887088	0.153206890594260991	0.526511404226861624	0.39456207874905483



