1	ACACGC.A.C	0.498305953976210565


A:	0.320346241155897389	0.466517983382357435	0.264417936757047241	0.00662931127714979708	0.223486824209167572	0.20029059409806788	0.94875076305944964	0.000798871584418701091	0.99357974512005462	0.0159218691389354302	0.00474315027225383781	0.00199965086660984494	0.549625521421395435	0.974111269549287083	0.274782087825055023	0.00782674872554514446	0.124879836244465505	0.218883028667402839	0.158893820082278799	0.31995826857214666	0.303655010662142779	0.268471148254270225
C:	0.049889758394057144	0.425359068245061612	0.334958251994763031	0.681661350969192716	0.319837645588115949	0.23226091051462472	0.00308235278411395773	0.942729682446096331	0.00226333276040210396	0.9819368706312607	0.000823413118490441929	0.94915164566334262	0.0436306984536112048	0.00105932436934675237	0.377976102390441553	0.950028778479988148	0.132628272038879591	0.434124978544069799	0.361255326012035907	0.445331157549361875	0.479336527265994161	0.312554830561484627
G:	0.118245211604819279	0.0274989152748363741	0.182150447245409004	0.0171718147948500282	0.299522618992152389	0.235978630274548223	0.0407027435336912089	0.00448545533224230137	0.00183753762204785267	0.000622954854708871231	0.987581228448223379	0.00516896610641269577	0.0358156598055054908	0.00203917692635163881	0.105491583081308813	0.00676191121906810099	0.508289896914738629	0.199718237752134611	0.248982449223700114	0.075049836116938394	0.0704163471332521983	0.183493730446994627
T:	0.511518788845226188	0.0806240330977445783	0.218473364002780724	0.294537522958807459	0.15715291121056409	0.331469865112759177	0.00746414062274519303	0.0519859906372426664	0.00231938449749542357	0.00151830537509499832	0.00685220816103234123	0.0436797373636348394	0.370928120319487869	0.0227902291550145257	0.241750226703194611	0.0353825615753986065	0.234201994801916276	0.147273755036392751	0.23086840468198518	0.159660737761553071	0.146592114938610862	0.235480290737250521



2	CACGCAA.C	0.498017891706784456


A:	0.14951234985791346	0.33117816338572984	0.0114784695130939443	0.00332751091185747957	0.236717291947446693	0.151071711209841734	0.523466240703184943	0.00306618217467393561	0.988296565365317537	0.0311011537643465688	0.00948428040775643996	0.0146777440210832618	0.862970612469371028	0.943808604761305198	0.099805279535873527	0.0537447162801116692	0.0584400714176299329	0.450571697177608687	0.161927956133079753	0.446853895614819488	0.268798537181827591	0.272918459272402508	0.105632596149756708
C:	0.20746324001529699	0.212255930532018037	0.24773622707618887	0.753765111888862584	0.33817018841150606	0.453867659366990155	0.0556198322431412994	0.612885299392778036	0.00350240571378260381	0.965397652801481165	0.00166147560478029217	0.883648459506980802	0.0326850495326388427	0.00205438585633455161	0.380878671333663008	0.842652036230700366	0.100250313174786698	0.526445044547579068	0.266462330914168203	0.233745158120811938	0.598353402729995972	0.290279249667761151	0.536322058201932489
G:	0.279011310393115873	0.109915701369925787	0.341967091719936634	0.0236658053254531023	0.253215263328547099	0.237808560210342491	0.352178015324090055	0.00469346720748177229	0.0046986232071172551	0.00191381571376739752	0.968543138939842531	0.00652783409080074681	0.019086787951224283	0.00367358521154833604	0.123000095234549209	0.0325752575383258521	0.461417264993316449	0.0122890474638768023	0.209839768392776794	0.0464512025579418898	0.0752674790788750305	0.21706154456477142	0.0756887777310959366
T:	0.364013099733673676	0.346650204712326336	0.398818211690780552	0.219241571873826834	0.171897256312500148	0.15725206921282562	0.0687359117295837026	0.379355051225066256	0.00350240571378260381	0.00158737772040486911	0.0203111050476207371	0.0951459623811351893	0.0852575500467658458	0.0504634241708119143	0.396315953895914256	0.0710279899508621125	0.37989235041426692	0.010694210810935443	0.36176994455997525	0.272949743706426684	0.0575805810093014063	0.219740746495064921	0.282356567917214866



3	ACACGCAA	0.497559482444819484


A:	0.519498661961979889	0.270647772638738128	0.715375967210302594	0.0212272305081823268	0.221583963668917361	0.0625242851232157876	0.155749859864915693	0.829532784131054243	0.00101882385770504323	0.992053665533110954	0.0288978070390814134	0.00605432253428549251	0.0087571107967775049	0.854833649959017881	0.917018391824731955	0.0511445252995879508	0.0537447162801116692	0.0440085129075912366	0.414611626994725521	0.0738081643563093679	0.362776572274003678	0.438167415830838882
C:	0.0898957527256667718	0.104913299506678163	0.210587403038261377	0.819326326632375904	0.0850761816055154075	0.571186649034741597	0.323695005103000465	0.0130248074132648616	0.889580230739954809	0.0048322816432360442	0.969346860968876371	0.000550229495432465398	0.937822859056883137	0.0248623452297616096	0.000990192952533432796	0.414511175804524844	0.842652036230700366	0.0215385447160962348	0.338063313531944381	0.399108943835462818	0.173387833460751959	0.150730896254188433
G:	0.244085983852440577	0.246810946361962352	0.0211109800936034964	0.0250722104763644405	0.187057492491319825	0.167965947983926521	0.0280308326069052699	0.140036046721810351	0.00835147450555246621	0.00159029967910045904	0.000711929076150714587	0.979242871300033298	0.00303893490702652088	0.0163356154925526437	0.00194161960704101996	0.0627429241684806727	0.0325752575383258521	0.247824192718752792	0.0451269595740328842	0.056205589459957443	0.0692543713578775392	0.154950320594808268
T:	0.146519601459912763	0.377627981492621356	0.0529256496578325324	0.134374232383077329	0.506282362234247406	0.198323117858116095	0.492524302425178572	0.0174063617338705441	0.101049470896787681	0.00152375314455254245	0.0010434029158915014	0.0141525766702487445	0.0503810952393128376	0.103968389318667866	0.0800497956156935923	0.471601374727406532	0.0710279899508621125	0.686628749657559737	0.202198099899297213	0.470877302348270371	0.394581222907366824	0.256151367320164417



4	ACGCAA.C.A	0.497247311827956989


A:	0.00591157253077152712	0.232111837813759936	0.0800661699867622512	0.124654320796183693	0.370554258097020146	0.0076387104576498601	0.971316915883405604	0.0544285186190689545	0.0182913129243920991	0.0104122802645196329	0.944300990564312328	0.95861061019478039	0.114777683704744176	0.119598685293314527	0.0459326056454983486	0.450571697177608687	0.258679364858360839	0.20944123484067929	0.583114710068007583	0.165879638102011444	0.0588756695589387106	0.0655080662642112327
C:	0.0822942614452997776	0.280264851320344371	0.10650548774787553	0.375379700724852222	0.241068400255723251	0.742489819214645321	0.00805502491103661504	0.935743406027752242	0.0036889636670658103	0.80846117854701934	0.0158926896185621859	0.0180680402261384185	0.389182970770837447	0.744484658939169881	0.09988355692129533	0.526445044547579068	0.295904387299868672	0.155286728240424556	0.16149132853130476	0.26088899057116479	0.32325664569379114	0.311650994457564147
G:	0.634177905460652559	0.332976595179139613	0.259820618433234462	0.021259310772458187	0.234654647597096183	0.109822291972987776	0.0153689467668498214	0.0028297673634766878	0.94907947595710034	0.00378724024405520572	0.0169044895161454594	0.00481288880777076492	0.277876794888675744	0.0534281001625465345	0.174498385155289251	0.0122890474638768023	0.13890773779589029	0.197431308134276949	0.160200876089322405	0.36592472932768003	0.211000062793914751	0.233447035558016604
T:	0.277616260563276137	0.15464671568675608	0.553607723832127757	0.478706667706505898	0.15372269405016042	0.140049178354717043	0.00525911243870795943	0.00699830798970211563	0.0289402474514417504	0.177339300944405821	0.0229018303009800268	0.018508460771310427	0.218162550635742633	0.0824885556049690574	0.67968545227791707	0.010694210810935443	0.3065085100458802	0.437840728784619205	0.0951930853113652523	0.207306641999143736	0.406867621953355399	0.389393903720208016



5	C.CACGCAA	0.496811256141744007


A:	0.307441296193993852	0.519498661961979889	0.270647772638738128	0.715375967210302594	0.0212272305081823268	0.221583963668917361	0.0625242851232157876	0.155749859864915693	0.829532784131054243	0.00414359217387682647	0.988418269663997218	0.0676251630374046348	0.00717840577609676417	0.0227643538239011143	0.855336175766715594	0.914296850092995859	0.0511445252995879508	0.0537447162801116692	0.0440085129075912366	0.414611626994725521	0.0738081643563093679	0.362776572274003678	0.438167415830838882
C:	0.124009833104623285	0.0898957527256667718	0.104913299506678163	0.210587403038261377	0.819326326632375904	0.0850761816055154075	0.571186649034741597	0.323695005103000465	0.0130248074132648616	0.638082750172543988	0.00392306022001154958	0.929536012131222826	0.00129734970562039031	0.860769571487982253	0.0506141860586542052	0.00338719115832402326	0.414511175804524844	0.842652036230700366	0.0215385447160962348	0.338063313531944381	0.399108943835462818	0.173387833460751959	0.150730896254188433
G:	0.468132548569203844	0.244085983852440577	0.246810946361962352	0.0211109800936034964	0.0250722104763644405	0.187057492491319825	0.167965947983926521	0.0280308326069052699	0.140036046721810351	0.00745736392430537797	0.00550799320443792615	0.00112983332576608834	0.97866572174880802	0.00810160596357694192	0.014454445098206574	0.00551661060460443344	0.0627429241684806727	0.0325752575383258521	0.247824192718752792	0.0451269595740328842	0.056205589459957443	0.0692543713578775392	0.154950320594808268
T:	0.100416322132179019	0.146519601459912763	0.377627981492621356	0.0529256496578325324	0.134374232383077329	0.506282362234247406	0.198323117858116095	0.492524302425178572	0.0174063617338705441	0.350316293729273807	0.00215067691155330639	0.00170899150560645045	0.0128585227694748259	0.108364468724539691	0.0795951930764236264	0.0767993481440756843	0.471601374727406532	0.0710279899508621125	0.686628749657559737	0.202198099899297213	0.470877302348270371	0.394581222907366824	0.256151367320164417



