1	ACACGC.A.C	0.496085827253627144


A:	0.518954889260266576	0.161040967258878585	0.354999001559758459	0.148191655237969276	0.226244372897585852	0.225610256419703567	0.236258961224409051	0.829452822342861834	0.00187598318414100888	0.990729853643895312	0.0224457943875714049	0.00561233520130638493	0.00643320210511216387	0.743031596760499554	0.959150744106353956	0.0732094090504354076	0.0253860093489817499	0.233424137746806558	0.82327918711406867	0.298561969700574331	0.537764319705566514	0.184009985102284765	0.121818660516031869
C:	0.15492016930317209	0.163391786701600861	0.331026670549584755	0.370099180501302784	0.0920664920562479161	0.369607708982532964	0.535454027347497513	0.00566372997508307778	0.886104433686005896	0.00308078554765011454	0.974539405724377425	0.00115694321762315438	0.867380422339749547	0.0478063584455110798	0.000929735240351603021	0.540859611613814254	0.847379585299636061	0.215036547703258466	0.0768516075791212097	0.31696250941607556	0.322160319640731157	0.159856014734703106	0.448930614219823246
G:	0.0384211205323566985	0.100957114325426682	0.0387500479618092192	0.253666625561257538	0.195012144114042535	0.158847330231131263	0.0221060762193105231	0.141031480618596126	0.0064362807497685663	0.00195940522306599085	0.00135147820073609919	0.977755323418620582	0.0127194877892237622	0.0268425458766240397	0.00386508593101539305	0.0383354014772097046	0.0241782190758441251	0.178367488739858518	0.0263112942353870913	0.099783662537300568	0.0545146546885717608	0.289085480134317825	0.165896073768481743
T:	0.287703820904204635	0.574610131714093872	0.275224279928847567	0.228042538699470403	0.486676990932123697	0.245934704366632205	0.206180935208782913	0.0238519670634589618	0.105583302380084529	0.00422995558538858292	0.00166332168731507081	0.0154753981624498783	0.113466887765914527	0.182319498917365326	0.0360544347222790482	0.347595577858540634	0.103056186275538064	0.373171825810076458	0.0735579110714230293	0.284691858346049541	0.0855607059651305685	0.367048520028694305	0.263354651495663141



2	ACACGCAA	0.495494004875519816


A:	0.518954889260266576	0.161040967258878585	0.354999001559758459	0.148191655237969276	0.226244372897585852	0.225610256419703567	0.236258961224409051	0.786137736450902667	0.00335733086949366537	0.991879871709219343	0.0505610602228712158	0.00854740441377950863	0.0108046061353380549	0.743031596760499554	0.903757894159418974	0.0732094090504354076	0.0253860093489817499	0.233424137746806558	0.82327918711406867	0.298561969700574331	0.537764319705566514	0.184009985102284765
C:	0.15492016930317209	0.163391786701600861	0.331026670549584755	0.370099180501302784	0.0920664920562479161	0.369607708982532964	0.535454027347497513	0.0216017722485061328	0.901457825059463891	0.00532284975610262117	0.947055213930100345	0.000851423058339791608	0.90084684326951708	0.0478063584455110798	0.000889440302773154962	0.540859611613814254	0.847379585299636061	0.215036547703258466	0.0768516075791212097	0.31696250941607556	0.322160319640731157	0.159856014734703106
G:	0.0384211205323566985	0.100957114325426682	0.0387500479618092192	0.253666625561257538	0.195012144114042535	0.158847330231131263	0.0221060762193105231	0.171496903395317512	0.0140442187295802207	0.00139066785383270373	0.00107901981115464704	0.976083980988520582	0.00595498028537132638	0.0268425458766240397	0.00567732335943001495	0.0383354014772097046	0.0241782190758441251	0.178367488739858518	0.0263112942353870913	0.099783662537300568	0.0545146546885717608	0.289085480134317825
T:	0.287703820904204635	0.574610131714093872	0.275224279928847567	0.228042538699470403	0.486676990932123697	0.245934704366632205	0.206180935208782913	0.0207635879052736891	0.0811406253414622231	0.00140661068084533261	0.00130470603587379225	0.0145171915393601183	0.0823935703097735392	0.182319498917365326	0.0896753421783778563	0.347595577858540634	0.103056186275538064	0.373171825810076458	0.0735579110714230293	0.284691858346049541	0.0855607059651305685	0.367048520028694305



3	CACGCAA.C	0.49537508064916373


A:	0.210206878533755721	0.452032049620810896	0.0391000552526070993	0.00673445057985333999	0.23305020238132667	0.230783214452542156	0.413344921012257603	0.00662604362171595395	0.983822636092034808	0.0635327771857781529	0.0192779175769837932	0.0198897735896158951	0.808602479806444692	0.950647986306493358	0.138697523456287569	0.0540547609247792963	0.0916893613581647804	0.50844182915536876	0.104366707039493647	0.149446412380197365	0.313698972146018556	0.276131674366147165	0.143530171881507399
C:	0.236546409121139569	0.141188087647282975	0.235194385602629323	0.454004522215027985	0.351925880269205235	0.440459490912009627	0.0671787851427370486	0.67868922975171961	0.00459396459735606778	0.931453622211571609	0.00260176730857271678	0.832549649856608367	0.0470334492013649509	0.00380673631532105083	0.226597098409846736	0.810242838046371086	0.0756807826095809319	0.443105621727283204	0.0777756348586112364	0.354868458349737408	0.517421570364916737	0.349984546016987867	0.377447562272680502
G:	0.295526896023000552	0.119169904844799882	0.578292208639631258	0.144309965306833915	0.106330473057295526	0.230783214452542156	0.423869478790668282	0.00805173934689377553	0.00511755647519620692	0.00291967630500602357	0.947253828228302087	0.0139852604640988745	0.0328810437660518555	0.00685910032726121116	0.168909628964417976	0.0302154999267928768	0.573936689679584616	0.0262309106702664186	0.43975856128701115	0.0265699118848441643	0.123234294955239197	0.191939704686408925	0.0786946585805145111
T:	0.257719816322104159	0.287609957887106246	0.147413350505132321	0.39495106189828476	0.308693444292172569	0.0979740801829060613	0.0956068150543370666	0.306632987279670661	0.00646584283541291723	0.00209392429764421425	0.0308664868861414026	0.133575316089676863	0.111483027226138502	0.0386861770509243805	0.465795749169447718	0.105486901102056741	0.258693166352669671	0.0222216384470816169	0.378099096814883966	0.469115217385221062	0.0456451625338255104	0.181944074930456043	0.400327607265297588



4	C.CACGCAA	0.495105216139758797


A:	0.249091640329075094	0.458634707655869803	0.339947937212583945	0.7578758381316571	0.020870530420010115	0.222214405271361383	0.0642543991878450463	0.164419533652870536	0.786137736450902667	0.011804194547143495	0.980392462706641679	0.104857836115225631	0.0199162901821164768	0.0344956004957185693	0.812714888831743816	0.900923089943780579	0.0703036125944808499	0.0540547609247792963	0.0326914876627179063	0.433867536046106763	0.0696198019469837031	0.190783760316410185	0.335371718290014189
C:	0.175286307744440058	0.0792498334019817532	0.198997984447286052	0.152721831045026282	0.809071857276758007	0.0725129992853549508	0.422254878936525604	0.478073948763418891	0.0216017722485061328	0.64612658208348604	0.00750949080810881504	0.890324367054924038	0.00140093392026032621	0.810618182798640965	0.0515254210488432757	0.00531518262705522889	0.319944422920694356	0.810242838046371086	0.0222032901103648559	0.218018550019118711	0.478482902195961259	0.213337032171547972	0.196701439243362762
G:	0.421805141658260941	0.351358659132127905	0.179115896852335735	0.0353093089226220015	0.0395005089114443498	0.350326797097052007	0.219919995726249571	0.0278689161398741917	0.171496903395317512	0.0099797506865779135	0.00876427009752484092	0.00237601895427292423	0.95255898448074558	0.0102982566149055968	0.0264032243553082209	0.0114746886180778919	0.132013150303315962	0.0302154999267928768	0.297274896064312597	0.112093060839620721	0.0899329628912170677	0.0385135780641043083	0.269323718684710319
T:	0.153816910268223908	0.110756799810020538	0.281938181487794268	0.0540930219006946164	0.130557103391787528	0.354945798346231659	0.293570726149379779	0.329637601443836381	0.0207635879052736891	0.332089472682792551	0.00333377638772466533	0.0024417778755774068	0.0261237914168776171	0.144587960090734868	0.109356465764104687	0.0822870388110863005	0.477738814181508832	0.105486901102056741	0.647830326162604641	0.236020853095153805	0.36196433296583797	0.557365629447937534	0.198603123781912729



5	ACACGC.AC	0.493594595265273711


A:	0.518954889260266576	0.161040967258878585	0.354999001559758459	0.148191655237969276	0.226244372897585852	0.225610256419703567	0.236258961224409051	0.870575552284195606	0.00536885802565528533	0.98585346538432019	0.0739289035194416512	0.00628420743755171931	0.00914581605636439568	0.743031596760499554	0.947297130315241572	0.0732094090504354076	0.0253860093489817499	0.233424137746806558	0.82327918711406867	0.298561969700574331	0.537764319705566514	0.184009985102284765	0.121818660516031869
C:	0.15492016930317209	0.163391786701600861	0.331026670549584755	0.370099180501302784	0.0920664920562479161	0.369607708982532964	0.535454027347497513	0.0138815526932989277	0.851927726685436204	0.00531597831510974756	0.922929295767337304	0.0012090967079331263	0.790796189047216238	0.0478063584455110798	0.00209518831717714223	0.540859611613814254	0.847379585299636061	0.215036547703258466	0.0768516075791212097	0.31696250941607556	0.322160319640731157	0.159856014734703106	0.448930614219823246
G:	0.0384211205323566985	0.100957114325426682	0.0387500479618092192	0.253666625561257538	0.195012144114042535	0.158847330231131263	0.0221060762193105231	0.0658800371578321364	0.0224375621877342094	0.00675693696391635534	0.00175839462812287218	0.954617649866083278	0.0279736269062004227	0.0268425458766240397	0.00968043389953539543	0.0383354014772097046	0.0241782190758441251	0.178367488739858518	0.0263112942353870913	0.099783662537300568	0.0545146546885717608	0.289085480134317825	0.165896073768481743
T:	0.287703820904204635	0.574610131714093872	0.275224279928847567	0.228042538699470403	0.486676990932123697	0.245934704366632205	0.206180935208782913	0.04966285786467333	0.120265853101174301	0.00207361933665370705	0.00138340608509817256	0.0378890459884318767	0.172084367990218943	0.182319498917365326	0.0409272474680458905	0.347595577858540634	0.103056186275538064	0.373171825810076458	0.0735579110714230293	0.284691858346049541	0.0855607059651305685	0.367048520028694305	0.263354651495663141



