1	ACACGC.A.C	0.498517709729184244


A:	0.207335172207814051	0.212345857335146299	0.360628813848737705	0.0808833948399882046	0.210277237214323155	0.12637124159003062	0.382618314185433677	0.936976023898754075	0.00105485208060793935	0.992334697161690915	0.0190297700667872094	0.00412414323659188449	0.00274265092117825289	0.809310670099443968	0.973897657695245478	0.079764340388650317	0.00969873259532619863	0.104706137377093571	0.913805584723367898	0.355050954067451306	0.497800784596758864	0.273403924527271393	0.147461499091803187
C:	0.248775255485205791	0.159964302313968117	0.147825548484358761	0.316047659154515723	0.0572417492915621582	0.281587396286359021	0.389776921994290482	0.00416698866977661635	0.936775019288665965	0.00404790582727127902	0.978945001436649017	0.000853440670390268424	0.945245543560825572	0.0430646637135023822	0.0010323671282552982	0.438183178151426301	0.937152676639233007	0.209092492206393871	0.0265583794328435171	0.204140799021306135	0.327145310073662721	0.156318895150764083	0.453299712192220175
G:	0.0641915631502884817	0.133791330491125815	0.021534043515753935	0.406026913529449465	0.230982097555180552	0.229377191165902923	0.0130166831142031519	0.0499770791519880697	0.00530628999788908738	0.00155849843926091126	0.000964839318466228059	0.985376025910674472	0.00380433378601412247	0.0206634927218273073	0.00241487232599611651	0.0882631478692526519	0.011434258398705899	0.146999255050805185	0.0183929490222677946	0.142836521214721984	0.0827295462246129053	0.221494439609485655	0.126362293734063134
T:	0.479698009156691675	0.493898509859759769	0.470011594151149599	0.197042032476046608	0.501498915938934135	0.362664170957707436	0.214588080706072689	0.00887990827948123936	0.056863838632837008	0.00205889857177689438	0.00106038917809754559	0.00964639018234337532	0.0482074717319820522	0.126961173465226343	0.0226551028505031077	0.39378933359067073	0.0417143323667348958	0.539202115365707372	0.0412430868215207901	0.297971725696520575	0.0923243591049655096	0.348782740712478869	0.272876494981913504



2	CACGCAA.C	0.498107846543252767


A:	0.134476230838091061	0.339330420406878097	0.0273812859438966384	0.00516243806407350881	0.234110507437834601	0.198036806893748238	0.445502595188147816	0.00458596966584512227	0.983317635134195929	0.0412564132161364785	0.0122815132999389705	0.0168895313145564549	0.852485603286981003	0.945932649105071489	0.11841268121418751	0.0469404467918663632	0.0708462757304773408	0.454839922776056108	0.11843899739962282	0.355145594176915613	0.379660387462270456	0.244327744926380413	0.144565049763899809
C:	0.175749454383336512	0.172923427767578757	0.186253341618955881	0.534430215428369556	0.387266157641500795	0.380149072560808222	0.0356224513069696392	0.661127685911596908	0.00785303581289883624	0.953668850721423896	0.00178118986862384743	0.852362288647468925	0.0452999114771874176	0.00299605722438657787	0.437606204446859647	0.839752655155217415	0.0559052304085189762	0.515969126254914621	0.134203373885330542	0.283006982045004571	0.485177340740192843	0.365344320886707366	0.452620589284996847
G:	0.221196084633561122	0.056164832071259648	0.412579175780194266	0.0457702357515375471	0.132303815605454469	0.247528976792403507	0.44569915340921073	0.00747602527665665729	0.00481723679228317533	0.0037150000349351325	0.957588597821046033	0.00724956130605599411	0.0192590305385542484	0.00493905338837763609	0.109276343920415778	0.0462420205475837204	0.59136375722001633	0.0160119715340678436	0.250137678856468443	0.0313734843932558567	0.101254548614869092	0.173123268721612835	0.041227113344285189
T:	0.468578230145011306	0.431581319754283498	0.373786196656953215	0.414637110756019389	0.246319519315210135	0.174285143753040033	0.0731758000956718152	0.326810319145901313	0.00401209226062205952	0.00135973602750449278	0.0283486990103911494	0.123498618731918626	0.0829554546972773315	0.0461322402821642972	0.334704770418537065	0.0670648775053325016	0.281884736640987353	0.013178979434961427	0.497219949858578194	0.330473939384823959	0.0339077231826676086	0.217204665465299386	0.361587247606818155



3	ACACGCAA	0.498069647131495637


A:	0.207335172207814051	0.212345857335146299	0.360628813848737705	0.0808833948399882046	0.210277237214323155	0.12637124159003062	0.382618314185433677	0.823713459732385264	0.00153358175626602381	0.988977975669053468	0.0359887666043535971	0.00816132201496974176	0.0116997237042626536	0.809310670099443968	0.904460163036672555	0.079764340388650317	0.00969873259532619863	0.104706137377093571	0.913805584723367898	0.355050954067451306	0.497800784596758864	0.273403924527271393
C:	0.248775255485205791	0.159964302313968117	0.147825548484358761	0.316047659154515723	0.0572417492915621582	0.281587396286359021	0.389776921994290482	0.0222207305709423025	0.879499113978075592	0.00892640862439757191	0.962226485911628934	0.000623398215689421337	0.926380925846654368	0.0430646637135023822	0.000884517590623474926	0.438183178151426301	0.937152676639233007	0.209092492206393871	0.0265583794328435171	0.204140799021306135	0.327145310073662721	0.156318895150764083
G:	0.0641915631502884817	0.133791330491125815	0.021534043515753935	0.406026913529449465	0.230982097555180552	0.229377191165902923	0.0130166831142031519	0.137815836688320218	0.0109240628841182486	0.00100900794391642229	0.000935270356670349167	0.980973018760602385	0.00306110558994585665	0.0206634927218273073	0.00377855213221682849	0.0882631478692526519	0.011434258398705899	0.146999255050805185	0.0183929490222677946	0.142836521214721984	0.0827295462246129053	0.221494439609485655
T:	0.479698009156691675	0.493898509859759769	0.470011594151149599	0.197042032476046608	0.501498915938934135	0.362664170957707436	0.214588080706072689	0.016249973008352215	0.108043241381540136	0.00108660776263253755	0.000849477127347119797	0.0102422610087384518	0.0588582448591371219	0.126961173465226343	0.090876767240487142	0.39378933359067073	0.0417143323667348958	0.539202115365707372	0.0412430868215207901	0.297971725696520575	0.0923243591049655096	0.348782740712478869



4	ACGCAA.C.A	0.49715136476426799


A:	0.00767115589557970377	0.222820123440146081	0.10104524400360647	0.15208422663800681	0.535294454567125846	0.0173022314291323172	0.955899735236331281	0.0819133612249605325	0.0272327171045644482	0.0113147884296488154	0.909467291917469999	0.928729938841631002	0.179374458968839983	0.112415885985331447	0.0457571151294594896	0.454839922776056108	0.20508913204526289	0.139835322278895213	0.592785529669251798	0.179348247112593904	0.104040070800868811	0.0642080714338417881
C:	0.119314732931428293	0.119935724389816058	0.0587873762653524674	0.235705377560067444	0.191796205532795987	0.726538582674972221	0.0227220357244491234	0.905247321705775212	0.00470291316817819364	0.731712754275451772	0.019923553248374835	0.0286271645741399679	0.275969453099607922	0.710901469587344279	0.0865182633391981897	0.515969126254914621	0.228977881587645009	0.134066301731878065	0.160830427512134785	0.253899397293102152	0.307591597138029605	0.307319151582382528
G:	0.665246142206437406	0.469177843827397574	0.295203486605443683	0.0281653913480556298	0.226155940775683827	0.13494213318063943	0.0158928166012965602	0.00766617105487649087	0.926860231576958641	0.00931012155478133391	0.0242746515698248694	0.00534558715046633296	0.328338524655469671	0.0716792811720743091	0.223881946961133814	0.0160119715340678436	0.223207540999819403	0.157726263734473167	0.140888948276242123	0.324434395371889177	0.245103461929724138	0.199950713818683159
T:	0.207767968966554597	0.188066308342640288	0.54496389312559738	0.584045004453870116	0.0467533991243943397	0.121217052715256032	0.0054854124379230354	0.00517314601438776464	0.0412041381502987172	0.247662335740118079	0.0463345032643302971	0.0372973094337626975	0.216317563276082424	0.105003363255249964	0.643842674570208507	0.013178979434961427	0.342725445367272697	0.568372112254753555	0.105495094542371294	0.242317960222414767	0.343264870131377446	0.428522063165092525



5	T.ACACGC.A	0.496658229523384122


A:	0.501044480188406563	0.207335172207814051	0.212345857335146299	0.360628813848737705	0.0808833948399882046	0.210277237214323155	0.12637124159003062	0.382618314185433677	0.877336841518010359	0.00244021484801743002	0.98879021014027619	0.0415084879404810998	0.00840931686712998547	0.00829871340369467013	0.809310670099443968	0.936842941136063697	0.079764340388650317	0.00969873259532619863	0.104706137377093571	0.913805584723367898	0.355050954067451306	0.497800784596758864	0.273403924527271393
C:	0.234193109436476804	0.248775255485205791	0.159964302313968117	0.147825548484358761	0.316047659154515723	0.0572417492915621582	0.281587396286359021	0.389776921994290482	0.00877541192866391124	0.878559180240789039	0.00641454518864924173	0.954966739250475406	0.00117675114690445884	0.886061578827781886	0.0430646637135023822	0.00367377681810213222	0.438183178151426301	0.937152676639233007	0.209092492206393871	0.0265583794328435171	0.204140799021306135	0.327145310073662721	0.156318895150764083
G:	0.181243429399720502	0.0641915631502884817	0.133791330491125815	0.021534043515753935	0.406026913529449465	0.230982097555180552	0.229377191165902923	0.0130166831142031519	0.0707599893737397127	0.0188919690149523275	0.00206404043631813072	0.000840688829856807933	0.968778451504012841	0.0194840795468869233	0.0206634927218273073	0.00441560159474669724	0.0882631478692526519	0.011434258398705899	0.146999255050805185	0.0183929490222677946	0.142836521214721984	0.0827295462246129053	0.221494439609485655
T:	0.0835189809753961301	0.479698009156691675	0.493898509859759769	0.470011594151149599	0.197042032476046608	0.501498915938934135	0.362664170957707436	0.214588080706072689	0.0431277571795860168	0.100108635896241204	0.00273120423475643723	0.00268408397918668664	0.0216354804819527147	0.0861556282216365202	0.126961173465226343	0.0550676804510874731	0.39378933359067073	0.0417143323667348958	0.539202115365707372	0.0412430868215207901	0.297971725696520575	0.0923243591049655096	0.348782740712478869



