1	TTACGTAA	0.481093225360458226


A:	0.344622830094913101	0.236342053680122534	0.228448432148826064	0.275312134312383336	0.421395818838189152	0.204099637877758679	0.120897115730919037	0.238412895980048731	0.0193524695544111787	0.731691555638250254	0.0841233881513567299	0.00998382411149953531	0.018950625955732994	0.890889460089881298	0.679605180557970239	0.265739993189241032	0.386548383474000647	0.322564153859130891	0.450770954585526506	0.361982424767535714	0.249169611721914925	0.132197880767555318
C:	0.239109307270731279	0.0844422664843708578	0.125022404618970598	0.326960030641061385	0.202841891637946483	0.183957359133053865	0.0769453190012967688	0.00951921371279192649	0.0480280579229073531	0.0194432787202419108	0.896323876383708481	0.00956891135343525367	0.229914539685774841	0.0417300124328001699	0.0724627097491891043	0.308013275269142346	0.274157074559465549	0.316871108175473919	0.113748501993917291	0.0631141301841428744	0.139211632566388785	0.15308482757496663
G:	0.119854405509415591	0.31121493533557757	0.0521917528430863133	0.133694226420863504	0.119867509657990004	0.161920495320240796	0.117628125982641068	0.0724627097491891043	0.0417300124328001699	0.229914539685774841	0.00956891135343525367	0.896323876383708481	0.0194432787202419108	0.0480280579229073531	0.00951921371279192649	0.132922382199062464	0.109682791414048744	0.0728985938573762985	0.0705184493912884148	0.449009599067119708	0.170284660009770055	0.28127376561245283
T:	0.296413457124940028	0.368000744499929038	0.594337410389117025	0.264033608625691775	0.255894779865874362	0.45002250766894666	0.684529439285143126	0.679605180557970239	0.890889460089881298	0.018950625955732994	0.00998382411149953531	0.0841233881513567299	0.731691555638250254	0.0193524695544111787	0.238412895980048731	0.293324349342554157	0.22961175055248506	0.287666144108018892	0.364962094029267789	0.125893845981201704	0.441334095701926235	0.433443526045025222



2	ACACGTAA	0.480759495233861807


A:	0.247906951264931388	0.148259068030479436	0.167439758368387192	0.386265477597665303	0.161887756065874798	0.250695550513490879	0.175216761842318949	0.918172275808445401	0.0393512169266463503	0.961494318358465222	0.0152994763181320032	0.00700413405864482342	0.0442895789214279617	0.855259281642226995	0.934157507704250426	0.0862561702152126004	0.138916874703280532	0.211815859388117035	0.401258976507008467	0.286651334714161295	0.293812338955939345	0.429888618448361476
C:	0.214253698346864381	0.0237068402687612631	0.223362795160984695	0.15977927918064504	0.250122961171157991	0.160249870053829097	0.325765843644751276	0.0136834974618536393	0.727860038901075255	0.00547143647668907223	0.969152793672405281	0.00941232025900128744	0.419304077231976032	0.0739747717463168787	0.0106163606618732335	0.269514315555907644	0.454206052033412058	0.115692750016136591	0.0895610295755231536	0.372586628028100889	0.348975944779652286	0.183772503240188176
G:	0.187805797358550235	0.451050340945727799	0.270997793931344797	0.209044911233121962	0.220626497422005662	0.319267360098670913	0.11738337110842397	0.0227707846961038842	0.0216076007260019229	0.0145648838735950913	0.00762647102397551323	0.968004387305838342	0.024413631521082932	0.00230414691727429559	0.0134329403952938257	0.200898952126948495	0.278531096968773228	0.250653617181888466	0.0904411211728327269	0.137398612851410611	0.0910954820389414638	0.180391948989626809
T:	0.350033553029653996	0.376983750755031502	0.338199652539283316	0.244910331988567695	0.367362785340961549	0.269787219334009111	0.381634023404505805	0.0453734420335970757	0.211181143446276472	0.0184693612912506147	0.00792125898548720294	0.0155791583765155476	0.511992712325513074	0.0684617996941818305	0.0417931912385825147	0.44333056210193126	0.128345976294534182	0.421837773413857908	0.418738872744635653	0.203363424406327205	0.266116234225466906	0.205946929321823539



3	C.TACGCAA	0.474584485824360367


A:	0.115155225161433534	0.291067463999717987	0.244551084311120906	0.291509371294703775	0.596234153777399408	0.0766977033826609091	0.117297254657295776	0.247860011944318236	0.390890925370727905	0.0303792303919813086	0.940759225024439924	0.0768671658708993972	0.0177858401846908779	0.0586732484171008397	0.859499168303450794	0.783039206705196152	0.0423247570554865274	0.100865538378497962	0.0910957442751871125	0.445826571883503542	0.396334643589739329	0.19050172276638927	0.123730275869178139
C:	0.0561458727277740551	0.0912109285713995136	0.0649888028578830171	0.207303010611552456	0.0937350624746673381	0.616303783279878751	0.462050407415946159	0.512346349687158575	0.0167713861068422	0.345135107689843035	0.0130156937497874342	0.871135806621155072	0.0156818751902243777	0.714543015862704595	0.0384265100479031054	0.0270582756711811663	0.304127020244392322	0.441981682601263381	0.218613491128553427	0.111828075255677185	0.220430254032717829	0.320325622096020692	0.0717911730025122467
G:	0.0499509696065522585	0.129733490664818056	0.0197468956734462456	0.196733508244827111	0.143755420272859748	0.182355638942965907	0.210990949043824072	0.127889630402092415	0.331543438095233048	0.0450784028214593085	0.0154102214038914312	0.0130353384599094027	0.811999567063786194	0.0545583447842107551	0.0463728295312626833	0.0221799167070745945	0.250737278845261756	0.146593240424352546	0.0926068798171227279	0.0728709526666184281	0.218693103886101815	0.0976486895851358586	0.686056220593290099
T:	0.778747932504240152	0.487988116764064444	0.670713217157549831	0.304454109848916658	0.166275363475073506	0.124642874394494433	0.209661388882933994	0.111904007966430773	0.260794250427196847	0.579407259096716347	0.0308148598218812105	0.0389616890480361286	0.15453271756129855	0.17222539093598381	0.0557014921173834168	0.167722600916548087	0.402810943854859395	0.310559538595886111	0.597683884779136733	0.369474400194200845	0.164541998491441026	0.39152396555245418	0.118422330535019515



4	A..TTGCGTA	0.472488669905826309


A:	0.442794433680168697	0.357604870748461038	0.118422330535019515	0.39152396555245418	0.164541998491441026	0.369474400194200845	0.597683884779136733	0.310559538595886111	0.402810943854859395	0.0548623803344229497	0.0364171123293210109	0.262471610899907877	0.0532058306080550689	0.0308882737055951532	0.0152747607026089182	0.723516411762568306	0.260794250427196847	0.111904007966430773	0.209661388882933994	0.124642874394494433	0.166275363475073506	0.304454109848916658	0.670713217157549831
C:	0.075581144609283098	0.446191462175159842	0.686056220593290099	0.0976486895851358586	0.218693103886101815	0.0728709526666184281	0.0926068798171227279	0.146593240424352546	0.250737278845261756	0.006760491534599936	0.0380598940215117256	0.0626179232241245389	0.917044789620218298	0.00476786667840127284	0.0108132076315967916	0.0804905107326639071	0.331543438095233048	0.127889630402092415	0.210990949043824072	0.182355638942965907	0.143755420272859748	0.196733508244827111	0.0197468956734462456
G:	0.257195307272854354	0.0637017390535055833	0.0717911730025122467	0.320325622096020692	0.220430254032717829	0.111828075255677185	0.218613491128553427	0.441981682601263381	0.304127020244392322	0.0366453762403365907	0.0308131197883084438	0.635596099976864431	0.0176865376948577022	0.911880164197066037	0.0108763180555551452	0.134517377218148833	0.0167713861068422	0.512346349687158575	0.462050407415946159	0.616303783279878751	0.0937350624746673381	0.207303010611552456	0.0649888028578830171
T:	0.224429114437693851	0.132501928022873537	0.123730275869178139	0.19050172276638927	0.396334643589739329	0.445826571883503542	0.0910957442751871125	0.100865538378497962	0.0423247570554865274	0.901731751890640524	0.89470987386085882	0.0393143658991031531	0.0120628420768689306	0.0524636954189375372	0.963035713610239145	0.0614757002866189545	0.390890925370727905	0.247860011944318236	0.117297254657295776	0.0766977033826609091	0.596234153777399408	0.291509371294703775	0.244551084311120906



5	ACACGCAA	0.472292191435768262


A:	0.247906951264931388	0.148259068030479436	0.167439758368387192	0.386265477597665303	0.161887756065874798	0.250695550513490879	0.175216761842318949	0.866760514112239189	0.00989096052137654727	0.968279280203362166	0.0144779594951298067	0.00662352604817961194	0.0442895789214279617	0.91940642528939869	0.89077006876285753	0.0862561702152126004	0.138916874703280532	0.211815859388117035	0.401258976507008467	0.286651334714161295	0.293812338955939345	0.429888618448361476
C:	0.214253698346864381	0.0237068402687612631	0.223362795160984695	0.15977927918064504	0.250122961171157991	0.160249870053829097	0.325765843644751276	0.0250171904528829631	0.681502886329180022	0.0030828709932066566	0.964186320343842171	0.00332190999650378533	0.419304077231976032	0.0201607273443114213	0.0221647771261456959	0.269514315555907644	0.454206052033412058	0.115692750016136591	0.0895610295755231536	0.372586628028100889	0.348975944779652286	0.183772503240188176
G:	0.187805797358550235	0.451050340945727799	0.270997793931344797	0.209044911233121962	0.220626497422005662	0.319267360098670913	0.11738337110842397	0.0395563809055547051	0.045519193630550996	0.0129793314238693754	0.00793271445033063931	0.913900109874380311	0.024413631521082932	0.0170636482872276375	0.0110458707991874757	0.200898952126948495	0.278531096968773228	0.250653617181888466	0.0904411211728327269	0.137398612851410611	0.0910954820389414638	0.180391948989626809
T:	0.350033553029653996	0.376983750755031502	0.338199652539283316	0.244910331988567695	0.367362785340961549	0.269787219334009111	0.381634023404505805	0.0686659145293231425	0.263086959518892434	0.0156585173795618019	0.0134030057106973831	0.0761544540809362921	0.511992712325513074	0.0433691990790622512	0.0760192833118092982	0.44333056210193126	0.128345976294534182	0.421837773413857908	0.418738872744635653	0.203363424406327205	0.266116234225466906	0.205946929321823539



