1	ACACGCAA	0.497749666617276634


A:	0.126778638034118065	0.112970539627031775	0.210392009905848137	0.0748065267300703206	0.129615843943965086	0.253468330231723184	0.352211238236618893	0.942464454680062743	0.000725028595298353259	0.990879997827044565	0.0219408100069948386	0.00281127875913279179	0.00472296699416331404	0.896039990563047151	0.979145458783472522	0.226936119454334386	0.115306892340688176	0.160446725380329387	0.234861275947632292	0.460685140982213157	0.0630961443942051721	0.328890139482345992
C:	0.578672585401393763	0.173531968085774915	0.109996894743881677	0.152268122052758665	0.330806468740480812	0.0806229440813555794	0.256145693121580393	0.00567601706907760723	0.953623592154648274	0.00103855559791043386	0.975997113013333001	0.000441997186115211948	0.9557820655020836	0.0582384025787176955	0.00137023956318468594	0.588797726315110002	0.574071159062278135	0.302583513271914132	0.230504688102512299	0.312214848327041717	0.370419036607507548	0.0468334541089024756
G:	0.144868741448694024	0.448713138341383057	0.282436345320750065	0.144876237723519476	0.122360984168432273	0.161554981991117976	0.152395307317079851	0.0312082545827112346	0.0033271652290537824	0.00409100403407175375	0.000988864667339434031	0.978146851354425691	0.00215313627544666338	0.00453456167959683073	0.00087418789766096785	0.0879924258652244095	0.107490259266174633	0.0890531442236112289	0.238238761209404627	0.0747951837162805643	0.344748846463970603	0.0497709650633785086
T:	0.149680035115794149	0.264784353945810253	0.397174750029520121	0.628049113493651538	0.417216703147121829	0.50435374369580326	0.239247761324720863	0.0206512736681484148	0.0423242140209995907	0.00399044254097324737	0.00107321231233272679	0.0185998727003263049	0.0373418312283064231	0.0411870451786383227	0.0186101137556818241	0.0962737283653312021	0.203131689330859056	0.447916617124145252	0.296395274740450783	0.152304826974464561	0.221735972534316677	0.574505441345373024



2	CACGCAAC	0.497373837161439038


A:	0.350817251080416267	0.258056043359087369	0.190494416387585439	0.431977396679688936	0.0926961559961748183	0.272766699633530486	0.942464454680062743	0.00361243382412090539	0.987096411225547189	0.0272154303864223077	0.00419215145389482195	0.0182684289876443924	0.800568365207534452	0.947055664932428746	0.0387244500718236272	0.114826475508185609	0.268145083154041044	0.200293216653341411	0.110115000459757238	0.160788307129668379	0.136830093991226304	0.1452150269529779
C:	0.0737962353866646661	0.0715011720594502555	0.180336494584221639	0.367169591377487276	0.210209238113907732	0.485055405702578653	0.00567601706907760723	0.815976756469017328	0.00197034670738421578	0.968454683904122942	0.0011579424207774642	0.933772944016099992	0.0357528161821307556	0.00190811933183570365	0.636701117685597136	0.710736634433213801	0.209905863489095089	0.191252868895752799	0.188855382334809002	0.439758894051260797	0.098093712119291924	0.218526664687984391
G:	0.331599999997946519	0.0959062506206580532	0.140173982497505553	0.077693488970458128	0.472616123110314308	0.0793109250998600406	0.0312082545827112346	0.0266996884491385058	0.00212259714698838559	0.00173262755539934299	0.955974314628641102	0.00961401516028069601	0.0128595579054196776	0.00164110404889275832	0.115066844253624894	0.0973705115029659308	0.18646557740418947	0.403795254999616975	0.118819687308291296	0.246930036108390532	0.0666141763467257229	0.206742785435943626
T:	0.243786513534972548	0.574536533960804323	0.48899510653068737	0.12315952297236566	0.224478482779603142	0.162866969564030821	0.0206512736681484148	0.15371112125772326	0.00881064492008020921	0.00259725815405540757	0.0386755914966866121	0.0383446118359749193	0.150819260704915115	0.0493951116868427923	0.209507587988954343	0.0770663785556346597	0.335483475952674397	0.204658659451288815	0.582209929897142463	0.152522762710680292	0.69846201754275605	0.429515522923094083



3	CACGCAA.C	0.497024250506247839


A:	0.350817251080416267	0.258056043359087369	0.190494416387585439	0.431977396679688936	0.0926961559961748183	0.272766699633530486	0.942464454680062743	0.00277724236173130154	0.989227889302484139	0.0345619739866071331	0.0046354187632000038	0.00825200690846783703	0.844518190894821851	0.968722913331946723	0.0387244500718236272	0.114826475508185609	0.268145083154041044	0.200293216653341411	0.110115000459757238	0.160788307129668379	0.136830093991226304	0.1452150269529779	0.312650461925710635
C:	0.0737962353866646661	0.0715011720594502555	0.180336494584221639	0.367169591377487276	0.210209238113907732	0.485055405702578653	0.00567601706907760723	0.800293330664106953	0.00172220888560769905	0.960746819992481986	0.00122084882916240106	0.89283274375027273	0.0467841336953959473	0.00541496190457594346	0.636701117685597136	0.710736634433213801	0.209905863489095089	0.191252868895752799	0.188855382334809002	0.439758894051260797	0.098093712119291924	0.218526664687984391	0.156166719139957687
G:	0.331599999997946519	0.0959062506206580532	0.140173982497505553	0.077693488970458128	0.472616123110314308	0.0793109250998600406	0.0312082545827112346	0.0241945722110093845	0.00331594725583546831	0.00169826237918083831	0.975002301900091037	0.0190999955954437538	0.0102931075041995748	0.00240287302662145572	0.115066844253624894	0.0973705115029659308	0.18646557740418947	0.403795254999616975	0.118819687308291296	0.246930036108390532	0.0666141763467257229	0.206742785435943626	0.117630106867152927
T:	0.243786513534972548	0.574536533960804323	0.48899510653068737	0.12315952297236566	0.224478482779603142	0.162866969564030821	0.0206512736681484148	0.172734854763152361	0.00573395455607269376	0.00299294364173004264	0.0191414305075465586	0.0798152537458156791	0.0984045679055826275	0.023459251736855878	0.209507587988954343	0.0770663785556346597	0.335483475952674397	0.204658659451288815	0.582209929897142463	0.152522762710680292	0.69846201754275605	0.429515522923094083	0.413552712067178752



4	ACACGC.A.C	0.496771126586654813


A:	0.126778638034118065	0.112970539627031775	0.210392009905848137	0.0748065267300703206	0.129615843943965086	0.253468330231723184	0.352211238236618893	0.80364646425557782	0.00394577746064990808	0.988145280309279531	0.025510331659409036	0.0131139858695214205	0.0176293054308904702	0.896039990563047151	0.931928431742817224	0.226936119454334386	0.115306892340688176	0.160446725380329387	0.234861275947632292	0.460685140982213157	0.0630961443942051721	0.328890139482345992	0.133740513482158536
C:	0.578672585401393763	0.173531968085774915	0.109996894743881677	0.152268122052758665	0.330806468740480812	0.0806229440813555794	0.256145693121580393	0.0214234403256733184	0.838031314778243644	0.00308675138529238539	0.969273063752859403	0.00279814066838373406	0.693652288523088495	0.0582384025787176955	0.00268847393789536763	0.588797726315110002	0.574071159062278135	0.302583513271914132	0.230504688102512299	0.312214848327041717	0.370419036607507548	0.0468334541089024756	0.186889529090104894
G:	0.144868741448694024	0.448713138341383057	0.282436345320750065	0.144876237723519476	0.122360984168432273	0.161554981991117976	0.152395307317079851	0.096411055327690268	0.0145815934637603214	0.00314997855847894153	0.00161061092861390548	0.966212393818811002	0.0319374118059684715	0.00453456167959683073	0.00553799536590910576	0.0879924258652244095	0.107490259266174633	0.0890531442236112289	0.238238761209404627	0.0747951837162805643	0.344748846463970603	0.0497709650633785086	0.241310084519335547
T:	0.149680035115794149	0.264784353945810253	0.397174750029520121	0.628049113493651538	0.417216703147121829	0.50435374369580326	0.239247761324720863	0.0785190400910585933	0.143441314297346127	0.00561798974694914166	0.00360599365911765519	0.0178754796432838437	0.256780994240052564	0.0411870451786383227	0.0598450989533783022	0.0962737283653312021	0.203131689330859056	0.447916617124145252	0.296395274740450783	0.152304826974464561	0.221735972534316677	0.574505441345373024	0.438059872908401023



5	T.ACACGC.A	0.496648063087535602


A:	0.273023268310135064	0.126778638034118065	0.112970539627031775	0.210392009905848137	0.0748065267300703206	0.129615843943965086	0.253468330231723184	0.352211238236618893	0.905632213185533822	0.00221570121547223766	0.98719095885115643	0.0148829088805485856	0.0180634984422553067	0.013038101213048611	0.896039990563047151	0.946417302107254058	0.226936119454334386	0.115306892340688176	0.160446725380329387	0.234861275947632292	0.460685140982213157	0.0630961443942051721	0.328890139482345992
C:	0.393260485459995939	0.578672585401393763	0.173531968085774915	0.109996894743881677	0.152268122052758665	0.330806468740480812	0.0806229440813555794	0.256145693121580393	0.0137605832969579288	0.918688419195311777	0.0017592799585909862	0.9797806991713617	0.00235597321754936196	0.894833677591908842	0.0582384025787176955	0.00190147363168941927	0.588797726315110002	0.574071159062278135	0.302583513271914132	0.230504688102512299	0.312214848327041717	0.370419036607507548	0.0468334541089024756
G:	0.0255911063794051081	0.144868741448694024	0.448713138341383057	0.282436345320750065	0.144876237723519476	0.122360984168432273	0.161554981991117976	0.152395307317079851	0.0683774469724744861	0.00731025032173853624	0.00658576845700725066	0.00262769085561339969	0.974740575785682089	0.0154942833269956089	0.00453456167959683073	0.0026486120055613062	0.0879924258652244095	0.107490259266174633	0.0890531442236112289	0.238238761209404627	0.0747951837162805643	0.344748846463970603	0.0497709650633785086
T:	0.308125139850463889	0.149680035115794149	0.264784353945810253	0.397174750029520121	0.628049113493651538	0.417216703147121829	0.50435374369580326	0.239247761324720863	0.0122297565450337634	0.0717856292674774494	0.0044639927332453336	0.00270870109247631439	0.0048399525545132426	0.0766339378680469386	0.0411870451786383227	0.0490326122554952162	0.0962737283653312021	0.203131689330859056	0.447916617124145252	0.296395274740450783	0.152304826974464561	0.221735972534316677	0.574505441345373024



