1	ACACGCAA	0.498166164774920856


A:	0.499015589245264746	0.23018857965555598	0.424387089544150691	0.139326448915536878	0.209536398674484268	0.20340095029823557	0.242048578345668184	0.812158282479556995	0.00486195815939099734	0.989013792692540804	0.0485991425652530842	0.0123759318032352935	0.0190898852937618451	0.790469467888555479	0.905629980496649965	0.0842983524283038213	0.0291481890978277537	0.237566738661891793	0.94668864495185017	0.186836792819871827	0.447786233832050792	0.305702397153257032
C:	0.117366103006688764	0.147807965384377379	0.105329998874385104	0.243820444497390587	0.0613657635069174965	0.335736534943186337	0.432369447650150174	0.0287202705155166229	0.90951516107697456	0.00731933069982639439	0.948537729549725422	0.00121849553312943644	0.881346213855329504	0.0402941556418981412	0.00156588327967476418	0.595368091954841283	0.885496492186680467	0.35303042749569613	0.0171861194896144825	0.216127617976570216	0.354958512796792706	0.146603424548653335
G:	0.0577634854667915583	0.119335319461826721	0.0180836450120553363	0.391863919275188628	0.199413290142578822	0.15470440847743916	0.0259111433460500635	0.137670600531900518	0.00894463304049510659	0.00118138693003492508	0.00114044204862059148	0.97689326918558064	0.00404176642336896099	0.0143119258043217712	0.00517018099265958016	0.0409651379248917219	0.0259410426688922021	0.136811428982263379	0.00893228542637968614	0.107094882984419448	0.0652271575137189346	0.190870455455030654
T:	0.325854822281254931	0.50266813549823992	0.452199266569408869	0.224989187311883907	0.529684547676019414	0.306158106281138932	0.299670830658131579	0.0214508464730258643	0.076678247723139336	0.00248548967759787625	0.00172268583640090207	0.00951230347805463002	0.0955221344275396903	0.154924450665224609	0.0876339552310156911	0.279368417691963173	0.059414276046599577	0.272591404860148698	0.0271929501321556609	0.489940706219138509	0.132028095857437568	0.356823722843058978



2	CACGCAA.C	0.497347883269641173


A:	0.17688708216277357	0.409584730740983434	0.0380610703300525823	0.00856485447407466892	0.230570957658527214	0.201577483017899919	0.372211821713825667	0.00578428543715960435	0.980799182263245833	0.0394438823095866716	0.018135637499672047	0.0224424600952745012	0.845314601927201542	0.95293399801384398	0.156440154795306548	0.0687056516631297768	0.0931437648385407244	0.517440712458214554	0.0901763151214631829	0.223732178523455509	0.39254430393120143	0.23002873538073107	0.157821209288730041
C:	0.250855125767780419	0.108468469965157841	0.243811734254756581	0.389079590445610839	0.3565605959279379	0.445489517639712201	0.0456549089000498289	0.682125522224591194	0.00532053243505154936	0.95383114681311336	0.00356042282396169897	0.836454019544116352	0.0520415918725711023	0.003998066113384384	0.350642998139137528	0.812660460356606714	0.0571365751592517899	0.439776899233820031	0.0700474107690901758	0.369751776816637515	0.447920686905413221	0.416921474503591022	0.357391090594539907
G:	0.205545063502069068	0.103124692340173226	0.428504534773107819	0.0927209618047245979	0.0991277637812817997	0.235377799950564691	0.499537320870627365	0.00849016992837986961	0.00780947361152813042	0.00378168878563912705	0.957610890346105165	0.00954407270725088835	0.0216228585779023817	0.0072743598391130869	0.130647291980661175	0.0363873808638768006	0.619221060187243345	0.0242371502384088287	0.260449777066056925	0.0274763614394612444	0.130867852830463181	0.17800665767172443	0.0667153813544769223
T:	0.366712728567376943	0.378822106953685499	0.289622660642083017	0.509634593275589894	0.313740682632253086	0.117555199391823189	0.0825959485154971389	0.303600022409869332	0.00607081169017448679	0.00294328209166084154	0.0206930493302610887	0.131559447653358258	0.0810209476223249742	0.0357935760336585487	0.362269555084894748	0.0822465071163867091	0.230498599814964141	0.0185452380695565859	0.579326497043389717	0.379039683220445731	0.0286671563329221675	0.175043132443953478	0.41807231876225313



3	ACACGC.A.C	0.497283570731384519


A:	0.111080158514842828	0.321082694539742254	0.42929874697665759	0.152768378610613427	0.203230339146916165	0.476978938700039724	0.860293954413308195	0.0020403599185904293	0.990448762767106616	0.0242480904721036714	0.00771580129139040056	0.00602002950403748606	0.845314601927201542	0.963383963945386485	0.137704767825655689	0.0291481890978277537	0.0275426085662758078	0.18293020095278656	0.302312289932706415	0.787616240018331181	0.656269206025310433	0.246021418793690615	0.0746034422075879732
C:	0.176531944103903925	0.589236446589947209	0.149721670275285601	0.0199259063436209329	0.51049153137422897	0.128008985278384301	0.00538064766133582813	0.920008476904886487	0.00439451287850275813	0.972673117012995714	0.000927456064459308955	0.918461607833839221	0.0520415918725711023	0.00190402114958582964	0.534858293037167663	0.885496492186680467	0.0364476641819744315	0.339837477458136421	0.0962092439148397359	0.100342998838519141	0.204615827379218968	0.349621923943119705	0.255772082264657737
G:	0.131668729406902554	0.0183655478297985698	0.298554029304705662	0.186257622641388862	0.0975269055315610436	0.210350547805729658	0.113713735220124619	0.00790447764144312928	0.00245012472254471732	0.000824908766927409417	0.977074600689993971	0.00653018872033165773	0.0216228585779023817	0.00328794564811718851	0.0934389446620696095	0.0259410426688922021	0.750872160703002524	0.296728579916643272	0.292311171416135527	0.0533199059879688844	0.0391601670294732435	0.283558531286665781	0.0831752914377356528
T:	0.580719167974350693	0.0713153110405119669	0.122425553443351147	0.641048092404376779	0.188751223947293821	0.184661528215846316	0.0206116627052313577	0.0700466855350799545	0.0027065996318459089	0.00225388374797320542	0.0142821419541563191	0.0689881739417916354	0.0810209476223249742	0.031424069256910497	0.233997994475107038	0.059414276046599577	0.185137566548747237	0.180503741672433747	0.309167294736318322	0.0587208551551807933	0.0999547995659973553	0.120798125976523899	0.586449184090018637



4	ACACGC.AC	0.496395602759442156


A:	0.499015589245264746	0.23018857965555598	0.424387089544150691	0.139326448915536878	0.209536398674484268	0.20340095029823557	0.242048578345668184	0.864544754673505286	0.00661507582756415398	0.982891425313742508	0.0570579608037918289	0.00775153285371093208	0.0104106074332587217	0.790469467888555479	0.940354907317108734	0.0842983524283038213	0.0291481890978277537	0.237566738661891793	0.94668864495185017	0.186836792819871827	0.447786233832050792	0.305702397153257032	0.0724822817902738833
C:	0.117366103006688764	0.147807965384377379	0.105329998874385104	0.243820444497390587	0.0613657635069174965	0.335736534943186337	0.432369447650150174	0.0122120192498299464	0.879493721478985003	0.00922915194992584361	0.938560082916550113	0.00172486858760371278	0.842113844137122761	0.0402941556418981412	0.00300081459710813042	0.595368091954841283	0.885496492186680467	0.35303042749569613	0.0171861194896144825	0.216127617976570216	0.354958512796792706	0.146603424548653335	0.486632628017140115
G:	0.0577634854667915583	0.119335319461826721	0.0180836450120553363	0.391863919275188628	0.199413290142578822	0.15470440847743916	0.0259111433460500635	0.0740768006482695817	0.0179526505258255786	0.00608376195950518902	0.00130524261999571655	0.941018406473233012	0.029519408378848882	0.0143119258043217712	0.0117450201105647714	0.0409651379248917219	0.0259410426688922021	0.136811428982263379	0.00893228542637968614	0.107094882984419448	0.0652271575137189346	0.190870455455030654	0.10711667993215616
T:	0.325854822281254931	0.50266813549823992	0.452199266569408869	0.224989187311883907	0.529684547676019414	0.306158106281138932	0.299670830658131579	0.0491664254283951861	0.095938552167625264	0.00179566077682645953	0.00307671365966234127	0.0495051920854523427	0.117956140050769636	0.154924450665224609	0.0448992579752183639	0.279368417691963173	0.059414276046599577	0.272591404860148698	0.0271929501321556609	0.489940706219138509	0.132028095857437568	0.356823722843058978	0.333768410260429843



5	C.CACGCAA	0.495883790758846593


A:	0.173939619815576083	0.25570913166136014	0.383512235781145442	0.87229641029917759	0.0517325085255475608	0.188514540827629232	0.0715205418296445487	0.183820006862613647	0.812158282479556995	0.0110236484261455396	0.975118758774622413	0.106368359361664862	0.0161076127771133845	0.043975073666611069	0.802472288739797187	0.90803666839460816	0.0884939839329535206	0.0687056516631297768	0.0617849210673306098	0.467509332912599258	0.025890058154019559	0.12471597018860201	0.474502681734333465
C:	0.226734458123714197	0.0569121181034869887	0.147763207663888424	0.0612483326957886248	0.728777830893396232	0.0346890468270443123	0.485431383822275821	0.306017980399647905	0.0287202705155166229	0.625506178680247525	0.0117662062966641182	0.886880471756152311	0.00336649931564777769	0.80118515076657408	0.0688690027255649015	0.00584321010749863288	0.398258100888856346	0.812660460356606714	0.0453872491633275024	0.142153844207790326	0.318306004730274403	0.26482694125020302	0.121771432180911784
G:	0.405202280119228842	0.591318920561424072	0.140392138056807803	0.0187189722192181551	0.11614083363506658	0.435074114940788295	0.17953548160992411	0.0187156656473418087	0.137670600531900518	0.0106660210707232785	0.00948888986583415423	0.00222469697742361257	0.962418799016868907	0.0145086708521439337	0.0213259904696626122	0.0138977281440564604	0.113021357084119475	0.0363873808638768006	0.379271737227758084	0.155110889555264771	0.0996487037460251785	0.0309952752773926443	0.215235586957972183
T:	0.194123641941480878	0.0960598296737287993	0.328332418498158332	0.0477362847858156305	0.103348826945989627	0.341722297404538161	0.263512592738155521	0.491446347090396639	0.0214508464730258643	0.352804151822883657	0.00362614506287931436	0.00452647190475921429	0.0181070888903699313	0.140331104714670917	0.107332718064975299	0.0722223933538367469	0.400226558094070658	0.0822465071163867091	0.513556092541583804	0.235225933324345645	0.556155233369680859	0.579461813283802325	0.188490299126782569



