1	ACACGCAA	0.496820433060877814


A:	0.476466743142297156	0.133082297187347768	0.873108423603110066	0.20415530273284995	0.129615358452015662	0.197679015016495462	0.215542394761687932	0.871062180735240331	0.00309046896176013058	0.989877676232914462	0.00803613429785200551	0.00386779581650695111	0.00918155925787624214	0.954651308820811152	0.917011408818745815	0.144204199511178107	0.090249983470629035	0.0202234192842865719	0.796016304770859935	0.0271288651887838483	0.259066780472543057	0.544400062546558149
C:	0.212508319459105732	0.337368252181508991	0.0879311730471007181	0.081730948836204939	0.0160416507848231297	0.317738703403035965	0.259806328122052733	0.0172341097603313664	0.868661552449644898	0.00328522701368313077	0.988123836876011035	0.000899834263489408421	0.714889326256843749	0.00365846888271191065	0.0031707475313972494	0.619142202938158651	0.733906439458068612	0.138445745306143444	0.175219498061533688	0.03419576600571012	0.213925966939729793	0.0664144099084977959
G:	0.128215574493082719	0.291430804577788635	0.0131589991654351611	0.509958445698095161	0.0919718514394114075	0.275732131337566641	0.0668675367153579168	0.0881076388907154736	0.0144131575927351025	0.00422159217683381405	0.00179926508286794413	0.966630964012221722	0.00947624340426203776	0.00208784525237513061	0.00491900266751156299	0.0342988841578763305	0.100951072901394457	0.0249557779433616815	0.0130984824659795738	0.251648572385255157	0.0542644414372035142	0.244650171637369271
T:	0.182809362905514392	0.238118646053354606	0.0258014041843540553	0.20415530273284995	0.762371139323749801	0.208850150242901933	0.457783740400901418	0.0235960706137128291	0.113834820995859869	0.00261550457656859339	0.00204076374326901492	0.0286014059077819186	0.266452871081017971	0.0396023770441018067	0.0748988409823453721	0.202354713392786911	0.0748925041699078962	0.816375057466208302	0.0156657147016268038	0.687026796420250875	0.472742811150523636	0.144535355907574784



2	CACGCAA.C	0.496380093304878654


A:	0.225157024706306992	0.26794340776180406	0.0433108643832845032	0.171863583803986003	0.386192799944225218	0.615520990066255916	0.787021505061614562	0.00685671879968870383	0.968523250873999772	0.0161951384999959663	0.00956168244152097627	0.022233587223992089	0.916878920695336327	0.85578068033821389	0.107916564133184419	0.0596075493431572698	0.169258437788575699	0.547121418443901338	0.0531413600701039204	0.483592780954854422	0.60146453856812491	0.108039948518759781	0.0852527235806444563
C:	0.0469165512946965919	0.365409452787118645	0.421384204393063625	0.0589302609757545722	0.207030791223555605	0.273910626087248165	0.0124895735327922693	0.305178433208992133	0.00493334287985222173	0.971267153291059803	0.00615358304573471942	0.606953084286885311	0.0148560898718854634	0.00830063678184184838	0.638592077664843325	0.739692588057952149	0.0858181472008306662	0.419612869365087614	0.0867796499101988563	0.331847180302343649	0.239492728364844688	0.43825222967104642	0.277989465577070761
G:	0.0845989023437773027	0.16024330436698701	0.0499265249300304096	0.0882686682723853755	0.0917213285228392667	0.0192026211860279219	0.16434715692158247	0.00843257260180385955	0.0149145464512624431	0.00833704549094545971	0.922378807311409532	0.026453189273542138	0.00881468354049356608	0.0155375699343960855	0.0722119284342515898	0.115281495109126202	0.462799836681291093	0.0100378090119220116	0.251672060426357714	0.0465261412320309538	0.0878323437008889599	0.372895504772712801	0.288146105532117502
T:	0.643327521655219113	0.206403835084090285	0.485378406293621463	0.68093748694787405	0.31505508030937991	0.0913657626604679973	0.0361417644840106994	0.679532275389515303	0.0116288597948855629	0.00420066271799877055	0.0619059272013347726	0.344360139215580462	0.0594503058922846436	0.120381112945548176	0.181279429767720667	0.0854183674897643794	0.282123578329302542	0.0232279031790890361	0.608406929593339509	0.138033897510770975	0.0712103893661414419	0.080812317037480998	0.34861170531016728



3	ACGCAA.C.A	0.49584449958643507


A:	0.351407484636274459	0.0529861420739953544	0.00263363501047654701	0.221860846669514527	0.234992436195184254	0.580280702965915695	0.00685671879968870383	0.966905841133247793	0.0172094690035733949	0.0120997220597755445	0.0160144015369281661	0.96434131328391846	0.952134875585235481	0.106514691511213737	0.0925466732207741881	0.116195767798441361	0.546051683565232758	0.0460308517153117357	0.319684097655983545	0.374452320841034992	0.184356952619945396	0.15552403009274706	0.0108012936474093371
C:	0.124461029746432154	0.197168925783013763	0.375452840926383894	0.430047197793096941	0.399127624269078441	0.0423689879363844378	0.305178433208992133	0.00380429938971657934	0.967799057058936456	0.00399075406080436694	0.737755840365308186	0.0101046349367381128	0.0151652303301994871	0.595671047896242235	0.803942677110284725	0.0810849606010275586	0.410033640370068354	0.0744222768177697939	0.380313646124332665	0.406362941662117383	0.521366805268303072	0.249703832034918162	0.0581898189355838049
G:	0.0515023809771392995	0.303397468355238585	0.0335667051167541257	0.0972920207318248022	0.240384300464723042	0.295093720242971605	0.00843257260180385955	0.019923364406778261	0.0030357083552353539	0.942068870681275299	0.0106909673279188221	0.00574680054629755922	0.0162352081957843994	0.102980885066076064	0.0435787995691778332	0.539072234068298983	0.0139184373716724897	0.178984522019348486	0.0228182475222481572	0.153514099868593677	0.186074505765434926	0.081837128754306825	0.0818453189342131384
T:	0.472629104640154087	0.446447463787752297	0.588346818946385434	0.25079993480556373	0.125495639071014263	0.0822565888547282632	0.679532275389515303	0.00936649507025736642	0.0119557655822547951	0.0418406531981447891	0.235538790769844825	0.0198072512330458683	0.0164646858887806328	0.194833375526467964	0.0599318500997632539	0.263647037532232098	0.0299962386930263977	0.700562349447569984	0.277184008697435632	0.0656706376282539485	0.108201736346316606	0.512935009118027953	0.84916356848279372



4	G.TTGCGTA	0.495412303340116135


A:	0.512935009118027953	0.108201736346316606	0.0656706376282539485	0.277184008697435632	0.700562349447569984	0.0299962386930263977	0.263647037532232098	0.0384880144683854415	0.194833375526467964	0.0185363818127077612	0.0305019049730863521	0.230225766999706069	0.023318005113058116	0.00234649379841148203	0.00683242217563195215	0.679532275389515303	0.0822565888547282632	0.125495639071014263	0.25079993480556373	0.588346818946385433	0.446447463787752297	0.472629104640154087	0.469325714923509358
C:	0.081837128754306825	0.186074505765434926	0.153514099868593677	0.0228182475222481572	0.178984522019348486	0.0139184373716724897	0.539072234068298983	0.0122441791075536036	0.102980885066076064	0.00459786500927428169	0.0023569360388558954	0.00294849731758560249	0.971710183208410627	0.00320505936027692863	0.00235475554148817852	0.00843257260180385955	0.295093720242971605	0.240384300464723042	0.0972920207318248022	0.0335667051167541257	0.303397468355238585	0.0515023809771392995	0.145616835659880792
G:	0.249703832034918162	0.521366805268303072	0.406362941662117383	0.380313646124332665	0.0744222768177697939	0.410033640370068354	0.0810849606010275586	0.915435163603187637	0.595671047896242235	0.00394593535874937041	0.00835270154607654314	0.759460152814801513	0.00183450212072034333	0.986545971292677975	0.00369610257776247334	0.305178433208992133	0.0423689879363844377	0.399127624269078441	0.430047197793096941	0.375452840926383894	0.197168925783013763	0.124461029746432154	0.237434676084984654
T:	0.15552403009274706	0.184356952619945396	0.374452320841034992	0.319684097655983545	0.0460308517153117357	0.546051683565232758	0.116195767798441361	0.0338326428208733177	0.106514691511213737	0.972919817819268587	0.958788457441981209	0.00736558286790681588	0.00313730955781091405	0.00790247554863361446	0.987116719705117396	0.00685671879968870383	0.580280702965915695	0.234992436195184254	0.221860846669514527	0.00263363501047654701	0.0529861420739953544	0.351407484636274459	0.147622773331625196



5	CACGCAAC	0.495276385235188035


A:	0.217642460421496283	0.772861764579036984	0.0618723259817083944	0.178240863134186743	0.0903770478292182658	0.232417902394635985	0.871062180735240331	0.00713918778956740146	0.975680470345158524	0.00940722070068710711	0.00767517518804777094	0.0380888865879033193	0.948412631802863138	0.852995974379438247	0.0923457087739350564	0.0596075493431572698	0.13465704403959968	0.449301597765956706	0.0171212058734453234	0.269099335372950408	0.573934249127684887	0.16685060554559328
C:	0.10128562089162739	0.157656284872884688	0.777817815425704865	0.0340334638588226996	0.407037655894514309	0.240932050780698563	0.0172341097603313664	0.528464259209260227	0.00906382231497972877	0.971046524373941522	0.00334608370376388838	0.784148003256998583	0.0177716933602378532	0.00800468550802163037	0.660371068947053459	0.739692588057952149	0.0617172110560556021	0.222992960253749972	0.12844937047640279	0.328306104858965654	0.0930547796250415869	0.244826741411918229
G:	0.186929377983806187	0.0137072778163256267	0.0705677131524961967	0.169649013222704946	0.115518094458917721	0.0536476653870068666	0.0881076388907154736	0.0193731912346417492	0.00715726558225824692	0.0116955202347913682	0.917911009166522198	0.021403648181991778	0.00652722842109469516	0.0115756651585787332	0.042537405050721225	0.115281495109126202	0.29266977927798424	0.0968859789997989353	0.0995278925336429082	0.0213663992580208984	0.148657098552438998	0.457232856730317843
T:	0.49414254070307014	0.0557746727317527011	0.0897421454400905443	0.618076659784285612	0.387067201817349704	0.473002381437658585	0.0235960706137128291	0.445023361766530622	0.00809844175760350001	0.00785073469058000223	0.0710677319416661429	0.15635946197310632	0.0272884464158043136	0.127423674953961389	0.20474581722829026	0.0854183674897643794	0.510955965626360478	0.230819462980494386	0.754901531116508979	0.38122816051006304	0.184353872694834528	0.131089796312170647



