1	G.CAAGT.AA	0.472204891882311237


A:	0.269070200178765601	0.0596491677377626159	0.115276266033702352	0.320458366339375597	0.567449162493997816	0.240734000164945153	0.230344137851868738	0.215894834863922981	0.367719348670789897	0.133447434772200972	0.912894704147999123	0.883291740958153807	0.0383770177318559081	0.0734543904094023429	0.351414282612040045	0.819715655149690276	0.58075342339279513	0.0635496255807077643	0.171813051233497139	0.190899065929489566	0.0996402664571823493	0.591431266733122518	0.799372246950680291
C:	0.474687634720374675	0.44168049210295323	0.116634552407385148	0.283807822517660088	0.157080118602677441	0.232596466131123993	0.142508016693976454	0.0557191964576016117	0.233130886716060012	0.691245685862275957	0.0199749701420514096	0.0397071334482832397	0.0230464390642072996	0.174578783109085768	0.346185594468523383	0.0391627900355154507	0.199894086874933456	0.482419223536874431	0.250980989452243678	0.201560252464737955	0.216876580968989514	0.0325054831496584917	0.0530630569853352207
G:	0.0513416482279444236	0.0874496820195235089	0.0367365892114212948	0.15739202710673985	0.0372210132001773457	0.248145358735043114	0.540535989055727156	0.606592513152503583	0.280755958568200171	0.0369980374201601336	0.0479747962218822366	0.0647958594314811046	0.920715118978728865	0.0639518325734716089	0.0217513429207046234	0.0214257475071318887	0.153125338656863818	0.272797257582141238	0.180659546332918316	0.152725327994394669	0.221185842199238378	0.318751154695127414	0.0697553020258295187
T:	0.2049005168729153	0.411220658139760646	0.731352592347491205	0.238341784036224466	0.238249705703147397	0.278524174968887739	0.0866118563984276516	0.121793455525971824	0.118393806044949919	0.138308841945362937	0.0191555294880672308	0.0122052661620818487	0.0178614242252079276	0.688014993908040281	0.280648779998731949	0.119695807307662385	0.0662271510754075966	0.181233893300276566	0.396546412981340867	0.45481535361137781	0.462297310374589759	0.0573120954220915757	0.0778093940381549701



2	ACAAGT.A.C	0.470431761786600496


A:	0.159269323141736021	0.0346499219577939542	0.437587694386301757	0.2272727202073198	0.44791581348228227	0.432244480777213545	0.130245974982725299	0.61250651277038273	0.0476178958351972703	0.946844935708075947	0.699188952620495859	0.0372291869326916826	0.0872195087023730399	0.34480647533217688	0.923724252403852259	0.28507174980976525	0.099980854365652002	0.881581859961017898	0.0397385698518103498	0.0337777782143620794	0.127542686461206382	0.403324686278192786	0.407148661492885707
C:	0.39093726630071389	0.083628586266173735	0.0901136520340337686	0.510435527023922976	0.159144367790855594	0.0526912035102273812	0.328455283465397578	0.0221547980747525059	0.843848781038457368	0.0337800130514044178	0.28023666802387362	0.0167536468994165442	0.0745596684091671069	0.390997359409256949	0.0114963903977285903	0.214569053135880655	0.654631265730223235	0.0261363416445556755	0.414335391856090497	0.57362897446800995	0.0597850929260849001	0.185945514646239658	0.469282985459330686
G:	0.14224533049137948	0.13177622597683953	0.0484307400233423114	0.0605966013986121729	0.215752092262576899	0.276809550109872632	0.25059640557394859	0.297170830130506687	0.0254166128640723724	0.007812002563581793	0.00940243035070605078	0.899307991111516771	0.0360811443086278716	0.0171222156675097543	0.0301267516853876326	0.157419832028843697	0.134918286783956145	0.0538105812831315432	0.0247232631073867264	0.201427619594492324	0.78886021856261784	0.158182078349981527	0.0875177140727296749
T:	0.307548080066170608	0.749945265799192781	0.423867913556322163	0.201695151370145051	0.177187726464285237	0.238254765602686441	0.290702335977928532	0.0681678590243580774	0.0831167102622729897	0.0115630486769378422	0.0111719490049244704	0.0467091750563750025	0.802139678579831982	0.247073949591056416	0.0346526055130315185	0.342939365025510398	0.110469593120168618	0.0384712171112948837	0.521202775184712426	0.191165627723135647	0.0238120020500908781	0.252547720725586029	0.0360506389750539315



3	AAGCAAG..A	0.46964613628467914


A:	0.762632223648164726	0.521177459730082815	0.0788685147323941422	0.380767806680233835	0.85891612603257652	0.695184704574249318	0.88327532161913011	0.565500466924883381	0.0448321077077016373	0.0949190279581587188	0.861341722659575255	0.917853126420540244	0.0676341270829163359	0.24489763573246113	0.239568138481438311	0.841495860715811503	0.0759175674325139524	0.189594740851080527	0.255537218751588382	0.451069590042292989	0.334219875464452354	0.168579403689874444
C:	0.0405162539784524043	0.00966062893066029551	0.0583393919257731707	0.305256008002324235	0.0785506984782602137	0.0755823195653412684	0.0302759711871726981	0.352333865428236284	0.0385158366545330642	0.710532436510511437	0.0906562408820816836	0.024068093416817694	0.087504252412827496	0.273602432373974507	0.415244760867124564	0.0919535320309216685	0.0796449837193889128	0.278999695005435966	0.306275666194184247	0.399750795451088256	0.170139275905214005	0.059565262085406997
G:	0.135754468332878456	0.42209531636396933	0.0702963658239329042	0.0899207040368188765	0.0205827608209553053	0.147649503587523947	0.0474319222089915948	0.0382935726255866052	0.761546951324618574	0.0193619478471046531	0.0307005962895253569	0.0497919248673606528	0.778452247295623045	0.115177242055432811	0.0376808367992517027	0.0168409826627161162	0.698190084981255741	0.0721505094592316988	0.0684681529067237495	0.0196899017495542004	0.40329858003685274	0.533039761773105019
T:	0.0610970540405044135	0.0470665949752875595	0.792495727517899783	0.224055481280623053	0.041950414668207961	0.0815834722728854666	0.0390167849847055974	0.0438720950212937294	0.155105104313146725	0.175186587684225191	0.0173014401688177043	0.00828685529528140929	0.0664093732086331232	0.366322689838131552	0.307506263852185423	0.0497096245905507124	0.146247363866841394	0.459255054684251809	0.369718962147503621	0.129489712757064555	0.0923422685934809011	0.238815572451613539



4	CAAGTAA.C	0.467909077373566926


A:	0.108821650613817728	0.271912382506845946	0.161089970225465144	0.164396978377735821	0.230528938369775924	0.151509835075025647	0.340215437442064487	0.0488957454686648745	0.91818344252937426	0.650541203852703918	0.0161099492992357082	0.301235183868625691	0.46047734250542357	0.860809403111471445	0.225717985610186336	0.154758207490285947	0.190996127076742917	0.387819532083600627	0.433876076981602008	0.145681640232455599	0.519196166005102708	0.25749861333649503	0.57448676499031326
C:	0.212537564559531085	0.321726594316845475	0.140906263499194338	0.0729475812305178492	0.0743472650257208593	0.327303949822626091	0.0826246887887363824	0.751475976149537684	0.0399274228538234356	0.271795680823669739	0.0554544342419189245	0.0728043902762736614	0.327560612456994259	0.0269986244169757385	0.26633019683755017	0.568692150079792678	0.121656306504651453	0.240003403582902906	0.0998702778795038074	0.137661608347194524	0.0936547532280394683	0.338608662430506071	0.168368324665820306
G:	0.0822346308774531788	0.12025361225731101	0.0868882916297837259	0.172930601831680163	0.493487170532682671	0.317591884944141763	0.506185538223776731	0.112149511853339169	0.0143830247108646746	0.0289226084086659505	0.87247485087721717	0.0431958672729526751	0.0171149951674714366	0.0230350479904486635	0.172374136441764133	0.19780289254967344	0.238051365647473098	0.129117952755249501	0.289117188111902354	0.325081171507413378	0.255119083436938891	0.170651580382186725	0.0363929472811244891
T:	0.596406153949198007	0.286107410918997569	0.611115474645556793	0.589724838560066167	0.201636626071820545	0.203594330158206499	0.0709743355454223994	0.0874787665284582728	0.0275061099059376294	0.0487405069149603927	0.0559607655816281973	0.582764558582147972	0.194847049870110734	0.0891569244811041533	0.335577681110499361	0.0787467498802479349	0.449296200771132531	0.243059111578246966	0.177136457026991831	0.391575579912936498	0.132029997329918933	0.233241143850812175	0.220751963062741946



5	GG.CAAGT.A	0.466254735553460056


A:	0.269070200178765601	0.0596491677377626159	0.115276266033702352	0.320458366339375597	0.567449162493997816	0.240734000164945153	0.230344137851868738	0.151837170939480826	0.367719348670789897	0.0840941101949269647	0.913787159485628465	0.566407822520505192	0.0229867766976542717	0.0950106366350895144	0.351414282612040045	0.895461999997416902	0.58075342339279513	0.0635496255807077643	0.171813051233497139	0.190899065929489566	0.0996402664571823493	0.591431266733122518	0.799372246950680291
C:	0.474687634720374675	0.44168049210295323	0.116634552407385148	0.283807822517660088	0.157080118602677441	0.232596466131123993	0.142508016693976454	0.145195745993127793	0.233130886716060012	0.734707635394005876	0.013333385099477714	0.411612162890133097	0.0533878665976123926	0.0465443495777251341	0.346185594468523383	0.0296240752427352203	0.199894086874933456	0.482419223536874431	0.250980989452243678	0.201560252464737955	0.216876580968989514	0.0325054831496584917	0.0530630569853352207
G:	0.0513416482279444236	0.0874496820195235089	0.0367365892114212948	0.15739202710673985	0.0372210132001773457	0.248145358735043114	0.540535989055727156	0.568057534581129327	0.280755958568200171	0.0282084938693915542	0.04592126271507839	0.0086830101516950317	0.882415719753084109	0.0730156943206811905	0.0217513429207046234	0.0196812200378115097	0.153125338656863818	0.272797257582141238	0.180659546332918316	0.152725327994394669	0.221185842199238378	0.318751154695127414	0.0697553020258295187
T:	0.2049005168729153	0.411220658139760646	0.731352592347491205	0.238341784036224466	0.238249705703147397	0.278524174968887739	0.0866118563984276516	0.134909548486262054	0.118393806044949919	0.152989760541675605	0.0269581926998154314	0.0132970044376666794	0.041209636951649227	0.785429319466504161	0.280648779998731949	0.0552327047220363681	0.0662271510754075966	0.181233893300276566	0.396546412981340867	0.45481535361137781	0.462297310374589759	0.0573120954220915757	0.0778093940381549701



