1	ACACGCAA	0.497394675754432755


A:	0.11937098202665582	0.101654131913523519	0.174119557074228672	0.171467979486998919	0.129923111730350578	0.327873971153322553	0.381693231871513337	0.928217158946720457	0.000817751786954944804	0.991738870714445017	0.0323002502686214128	0.00507269243404004793	0.0142484532185047636	0.791505385584834181	0.968431794883961696	0.346060973232656047	0.119135993434137047	0.195480921721421039	0.208954896931288262	0.526103310409646883	0.044342874805072094	0.238084004269094908
C:	0.467946317814909854	0.100397631698934994	0.0708168429207492448	0.19410452137709715	0.328530096285332462	0.136449350068340856	0.264224273100860922	0.00755146253045803377	0.93017267115960672	0.00207884555430628108	0.965431247535493197	0.000398152114699420087	0.894897483222800349	0.108278305852154828	0.00152563633187835605	0.450542700836381576	0.428271494787317706	0.287718774321186665	0.273144966670395393	0.322290644815856207	0.298237287538988538	0.0325722597826936479
G:	0.12249719933206686	0.570333154482514527	0.207931309190525602	0.123030957482798177	0.126157491602596257	0.123713837882287483	0.0720343633402741439	0.0356836749377572259	0.00554358017524286752	0.00406198362297546278	0.00156569734029170236	0.970113815618611759	0.00622128626988608254	0.00526591295793457519	0.00117669795599813813	0.0833034602555544194	0.106283426200037925	0.100757508412213574	0.179863064375180188	0.0606844714040063752	0.42104047363661985	0.0537042675590317413
T:	0.290185500826367465	0.22761508190502696	0.547132290814496481	0.511396541653105753	0.415389300381720703	0.411962840896049108	0.282048131687351597	0.0285477035850642832	0.0634659968781954678	0.00212030010827323888	0.00070280485559368791	0.0244153398326487732	0.0846327772888088052	0.0949503956050764152	0.0288658708281618097	0.120092865675407957	0.346309085578507321	0.416042795545178722	0.338037072023136157	0.0909215733704905343	0.236379364019319518	0.675639468389179703



2	ACACG.AA.C	0.496172272435422532


A:	0.193740760425543845	0.129747769960305825	0.0833492820890571845	0.248536935152532225	0.276065461194015572	0.607510225995854453	0.92048841316178839	0.00205258061393282036	0.99062257874553251	0.0585450745556471646	0.00700793681704283396	0.0360970241571744477	0.646417095500565551	0.966972995555185382	0.141147152050309	0.0339127790736636775	0.216354977975176397	0.101342672669494489	0.375130999091852307	0.154254153015680223	0.373171162365378201	0.218255555984280111
C:	0.18899036392309103	0.110241281286910666	0.39929188985952937	0.274787871946595071	0.170928082252576419	0.053543339086461629	0.0165749836512990269	0.911210161906792806	0.00216930395870935026	0.93913027302704452	0.00170773053423142416	0.618423201523682692	0.210703004408184662	0.0038171129278033285	0.40376040991668958	0.761394071975960189	0.151004446533774927	0.372188377614489993	0.191544454130953638	0.257130090541408586	0.0957756982539975887	0.126145008384926895
G:	0.245022697208248754	0.471015097003801564	0.200019985061160924	0.063303941871072926	0.130688909523314182	0.151853844749703306	0.022500611849318355	0.0109476445340888125	0.00331824327129157009	0.00119109834048709759	0.983981598021063934	0.0717396839328700288	0.00268493567929846845	0.0035635478914818408	0.0738062555101451725	0.139505902485973685	0.198115761828846646	0.135620974435601306	0.0886496304725230631	0.0653126685921889075	0.124172747850719988	0.302729261720849441
T:	0.372246178443116371	0.288995851748981945	0.317338842990252521	0.413371251029799777	0.422317547030093827	0.187092590167980613	0.0404359913375942276	0.075789612945185561	0.00388987402446657002	0.00113355407682121814	0.00730273462766180747	0.273740090386272832	0.140194964411951318	0.0256463436255294484	0.381286182522856247	0.0651872464644024489	0.43452481366220203	0.390847975280414211	0.344674916304670991	0.523303087850722283	0.406880391529904222	0.352870173909943554



3	T.ACACGC.A	0.495996114650730149


A:	0.361203496798284855	0.11937098202665582	0.101654131913523519	0.174119557074228672	0.171467979486998919	0.129923111730350578	0.327873971153322553	0.381693231871513337	0.861450909811508306	0.00225099203211232517	0.987184831932555601	0.0239404513229157244	0.0232091204305958268	0.0231190889967760571	0.791505385584834181	0.946637200992196051	0.346060973232656047	0.119135993434137047	0.195480921721421039	0.208954896931288262	0.526103310409646883	0.044342874805072094	0.238084004269094908
C:	0.323568081833769431	0.467946317814909854	0.100397631698934994	0.0708168429207492448	0.19410452137709715	0.328530096285332462	0.136449350068340856	0.264224273100860922	0.0156163177638895508	0.891796708117353537	0.00357809152205336013	0.970707834801622454	0.00142633954452069216	0.824205568911399063	0.108278305852154828	0.00270584440489257357	0.450542700836381576	0.428271494787317706	0.287718774321186665	0.273144966670395393	0.322290644815856207	0.298237287538988538	0.0325722597826936479
G:	0.0344666158272661092	0.12249719933206686	0.570333154482514527	0.207931309190525602	0.123030957482798177	0.126157491602596257	0.123713837882287483	0.0720343633402741439	0.106039894164567118	0.016880058901345301	0.00708931048235551594	0.00403186479308245055	0.962100620926226136	0.0388371476194678627	0.00526591295793457519	0.00249069650071880947	0.0833034602555544194	0.106283426200037925	0.100757508412213574	0.179863064375180188	0.0606844714040063752	0.42104047363661985	0.0537042675590317413
T:	0.280761805540679605	0.290185500826367465	0.22761508190502696	0.547132290814496481	0.511396541653105753	0.415389300381720703	0.411962840896049108	0.282048131687351597	0.0168928782600350248	0.0890722409491888368	0.00214776606303552247	0.00131984908237937132	0.0132639190986573445	0.113838194472357017	0.0949503956050764152	0.0481662581021925661	0.120092865675407957	0.346309085578507321	0.416042795545178722	0.338037072023136157	0.0909215733704905343	0.236379364019319518	0.675639468389179703



4	ACACGC.A.C	0.495412900676643453


A:	0.11937098202665582	0.101654131913523519	0.174119557074228672	0.171467979486998919	0.129923111730350578	0.327873971153322553	0.381693231871513337	0.73805558430165905	0.00487723601700229443	0.989243412065500531	0.0409154102371441043	0.0152800627688023507	0.0360970241571744477	0.791505385584834181	0.938321084305533979	0.346060973232656047	0.119135993434137047	0.195480921721421039	0.208954896931288262	0.526103310409646883	0.044342874805072094	0.238084004269094908	0.0822013307056413256
C:	0.467946317814909854	0.100397631698934994	0.0708168429207492448	0.19410452137709715	0.328530096285332462	0.136449350068340856	0.264224273100860922	0.0329468838824386994	0.810808799127255218	0.00254804692687833446	0.956050984818563096	0.00222765445678501925	0.618423201523682692	0.108278305852154828	0.00382443794362071953	0.450542700836381576	0.428271494787317706	0.287718774321186665	0.273144966670395393	0.322290644815856207	0.298237287538988538	0.0325722597826936479	0.220544701649302448
G:	0.12249719933206686	0.570333154482514527	0.207931309190525602	0.123030957482798177	0.126157491602596257	0.123713837882287483	0.0720343633402741439	0.116812522240414711	0.0169112870843403124	0.00625451451750894319	0.00111436537653256598	0.961019119028390931	0.0717396839328700288	0.00526591295793457519	0.00659627832498134059	0.0833034602555544194	0.106283426200037925	0.100757508412213574	0.179863064375180188	0.0606844714040063752	0.42104047363661985	0.0537042675590317413	0.211629952925633986
T:	0.290185500826367465	0.22761508190502696	0.547132290814496481	0.511396541653105753	0.415389300381720703	0.411962840896049108	0.282048131687351597	0.112185009575487539	0.167402677771402175	0.00195402649011219142	0.00191923956776023392	0.0214731637460216996	0.273740090386272832	0.0949503956050764152	0.0512581994258639611	0.120092865675407957	0.346309085578507321	0.416042795545178722	0.338037072023136157	0.0909215733704905343	0.236379364019319518	0.675639468389179703	0.48562401471942224



5	CACGCAAC	0.495340413270766444


A:	0.357037274741070786	0.287142960200124201	0.253588287782951331	0.375672914335656359	0.153081905199862794	0.277725637218237613	0.928217158946720457	0.00527557708016200794	0.986766784802127059	0.0535269382708334583	0.00893658913227259674	0.0212193749764234735	0.733920497178766538	0.930671041789081307	0.0501507001199780711	0.147302184518321191	0.189374461328286624	0.233512840332225476	0.11692773848810327	0.203217647057774764	0.10676351279301855	0.202502362565581446
C:	0.0747992517140709006	0.054621996312719384	0.132163638541651733	0.332655064955368204	0.289193865024741297	0.535515717382186962	0.00755146253045803377	0.718756223659571202	0.0059950509761166154	0.941801290154086193	0.00159375584788161704	0.883663365493934707	0.0765679386020828127	0.00287160873572941547	0.513698276650607118	0.643923370398896736	0.281120020373242714	0.239316650245392923	0.318798081657457498	0.437239681773004293	0.0959043161226140882	0.217902871280000915
G:	0.382633600346831139	0.0803436129022514804	0.108494885977323465	0.117055665518649658	0.317258466250006561	0.0351949664244430537	0.0356836749377572259	0.0279203797842934487	0.00167413195406452375	0.00258849954532683624	0.956552538005629021	0.0209789798618914098	0.0161130325257535657	0.00213698103846770829	0.115538043710749555	0.0683716174827008792	0.164058395557656779	0.288064387781397865	0.165418135622737898	0.188188182821536473	0.0715535719522415234	0.205042174920899427
T:	0.185529873198027175	0.577891430584904934	0.505753187698073472	0.174616355190325779	0.240465763525389349	0.151563678975132372	0.0285477035850642832	0.248047819475973342	0.00556403226769180142	0.00208327202975351216	0.0329171170142167655	0.0741382796677504098	0.173398531693397084	0.0643203684367215698	0.320612979518665256	0.140402827600081194	0.365447122740813884	0.239106121640983736	0.398856044231701334	0.171354488347684469	0.725778599132125839	0.374552591233518212



