1	CGTACGGA	0.493082308490146688


A:	0.111513214210620146	0.100405178392410272	0.402312473932961021	0.124417163904306274	0.324624744030016011	0.207198606016003724	0.0641551316912702533	0.0239084803047281933	0.0395952377274232613	0.00471272774434531304	0.977301163685070116	0.00465941026140710575	0.0251797383414165953	0.0670441577860292405	0.663184993957146411	0.611400217543786112	0.300427043031871049	0.103703858217500578	0.456705813887616634	0.496418276704499055	0.290725657776479272	0.618733995836630355
C:	0.25331149768756111	0.42849795582814159	0.212276129634440693	0.343102258788239148	0.0862762129065987736	0.203679046427596758	0.800361891326631353	0.704828817684146966	0.00288251170404983017	0.00980320374704603052	0.00621157619000908884	0.958213455222972024	0.00402763367338622158	0.0192604208774592919	0.0708017156733565795	0.137819829540563787	0.0325331012561178339	0.315122882260979531	0.10505497234297618	0.119488552473872683	0.0974037351099596504	0.0543235656875450675
G:	0.0911838164639553551	0.0634702521083951801	0.270564555436770431	0.164656861217701896	0.297626215783783672	0.135012793905240596	0.0324975705043378201	0.0178327378964274945	0.949715333355102713	0.00695378228057725566	0.00762648348704734014	0.00231248329515859295	0.952404574495629875	0.827810073470101574	0.0700612120339678676	0.0475070328408882835	0.213676072299030702	0.249419777071706897	0.253367205832640996	0.145645197188210302	0.0851832137009770075	0.115462229510271657
T:	0.543991471637863389	0.407626613671052958	0.114846840995827855	0.367823716089752681	0.291472827279601543	0.454109553651158921	0.102985406477760573	0.253429964114697347	0.00780691721342419597	0.978530286228031401	0.00886077663787345529	0.0348146512204622773	0.0183880534895673084	0.0858853478664098936	0.195952078335529141	0.203272920074761817	0.453363783412980415	0.331753482449812993	0.18487200793676619	0.23844797363341796	0.526687393412584071	0.211480208965552921



2	CGTACGG.A	0.492448762573289713


A:	0.111513214210620146	0.100405178392410272	0.402312473932961021	0.124417163904306274	0.324624744030016011	0.207198606016003724	0.0641551316912702533	0.0245892329161347524	0.015147934955587705	0.00698480187973499947	0.976117836679652391	0.00982800596927963801	0.0413169048115353761	0.0670222200954600268	0.663184993957146411	0.611400217543786112	0.300427043031871049	0.103703858217500578	0.456705813887616634	0.496418276704499055	0.290725657776479272	0.618733995836630355	0.274064023126692233
C:	0.25331149768756111	0.42849795582814159	0.212276129634440693	0.343102258788239148	0.0862762129065987736	0.203679046427596758	0.800361891326631353	0.816918166915174567	0.00367034740634357375	0.0163648594619498615	0.00441876431545702974	0.966921326244462489	0.00338079264203194625	0.0304148463012348984	0.0708017156733565795	0.137819829540563787	0.0325331012561178339	0.315122882260979531	0.10505497234297618	0.119488552473872683	0.0974037351099596504	0.0543235656875450675	0.0896720758429416859
G:	0.0911838164639553551	0.0634702521083951801	0.270564555436770431	0.164656861217701896	0.297626215783783672	0.135012793905240596	0.0324975705043378201	0.00703683930999994871	0.964459929198009253	0.00515319860529805086	0.00824392764566352239	0.00674147540995129985	0.940255090729220052	0.878759311382658291	0.0700612120339678676	0.0475070328408882835	0.213676072299030702	0.249419777071706897	0.253367205832640996	0.145645197188210302	0.0851832137009770075	0.115462229510271657	0.0716631226335734349
T:	0.543991471637863389	0.407626613671052958	0.114846840995827855	0.367823716089752681	0.291472827279601543	0.454109553651158921	0.102985406477760573	0.151455760858690732	0.0167217884400594684	0.971497140053017088	0.0112194713592270567	0.0165091923763065735	0.0150472118172126259	0.0238036222206467835	0.195952078335529141	0.203272920074761817	0.453363783412980415	0.331753482449812993	0.18487200793676619	0.23844797363341796	0.526687393412584071	0.211480208965552921	0.564600778396792646



3	A..CCGTACG	0.490510526612857707


A:	0.564600778396792646	0.211480208965552921	0.526687393412584071	0.23844797363341796	0.18487200793676619	0.331753482449812993	0.453363783412980415	0.203272920074761817	0.195952078335529141	0.0341884773190936592	0.022407552255781434	0.0137267698680300214	0.00703528864348758204	0.979253420916793262	0.00666004719539710814	0.092788774676045921	0.102985406477760573	0.454109553651158921	0.291472827279601543	0.367823716089752681	0.114846840995827855	0.407626613671052958	0.543991471637863389
C:	0.0716631226335734349	0.115462229510271657	0.0851832137009770075	0.145645197188210302	0.253367205832640996	0.249419777071706897	0.213676072299030702	0.0475070328408882835	0.0700612120339678676	0.880402024685022033	0.943780614029920758	0.00231490998334879091	0.00655639362082136961	0.00520319860512180722	0.97478352195579168	0.0179722523881211028	0.0324975705043378201	0.135012793905240596	0.297626215783783672	0.164656861217701896	0.270564555436770431	0.0634702521083951801	0.0911838164639553551
G:	0.0896720758429416859	0.0543235656875450675	0.0974037351099596504	0.119488552473872683	0.10505497234297618	0.315122882260979531	0.0325331012561178339	0.137819829540563787	0.0708017156733565795	0.0340159958474631074	0.00483795438901303952	0.973651518737068017	0.00614393519737546236	0.00783897958803839296	0.00404823403893902123	0.874188645633163215	0.800361891326631353	0.203679046427596758	0.0862762129065987736	0.343102258788239148	0.212276129634440693	0.42849795582814159	0.25331149768756111
T:	0.274064023126692233	0.618733995836630355	0.290725657776479272	0.496418276704499055	0.456705813887616634	0.103703858217500578	0.300427043031871049	0.611400217543786112	0.663184993957146411	0.0513935021484212007	0.0289738793252847689	0.0103068014115531704	0.980264382538315586	0.00770440089004653826	0.0145081968098721904	0.0150503273026697609	0.0641551316912702533	0.207198606016003724	0.324624744030016011	0.124417163904306274	0.402312473932961021	0.100405178392410272	0.111513214210620146



4	CCGTACGG	0.488416530884313435


A:	0.6126620795213118	0.111513214210620146	0.100405178392410272	0.402312473932961021	0.124417163904306274	0.324624744030016011	0.207198606016003724	0.0641551316912702533	0.0130839461722512419	0.00990389818548240751	0.00451362527520500316	0.985406557139488723	0.00428776589726110762	0.0587973524505839496	0.102985406477760573	0.663184993957146411	0.611400217543786112	0.300427043031871049	0.103703858217500578	0.456705813887616634	0.496418276704499055	0.290725657776479272
C:	0.22627074568155506	0.25331149768756111	0.42849795582814159	0.212276129634440693	0.343102258788239148	0.0862762129065987736	0.203679046427596758	0.800361891326631353	0.923911020002052267	0.00192315565008611664	0.00692232222854054043	0.00315749535676573356	0.983885180267170368	0.0042076813751125412	0.0324975705043378201	0.0708017156733565795	0.137819829540563787	0.0325331012561178339	0.315122882260979531	0.10505497234297618	0.119488552473872683	0.0974037351099596504
G:	0.0657460480738549936	0.0911838164639553551	0.0634702521083951801	0.270564555436770431	0.164656861217701896	0.297626215783783672	0.135012793905240596	0.0324975705043378201	0.0042076813751125412	0.983885180267170368	0.00315749535676573356	0.00692232222854054043	0.00192315565008611664	0.923911020002052267	0.800361891326631353	0.0700612120339678676	0.0475070328408882835	0.213676072299030702	0.249419777071706897	0.253367205832640996	0.145645197188210302	0.0851832137009770075
T:	0.0953211267232781464	0.543991471637863389	0.407626613671052958	0.114846840995827855	0.367823716089752681	0.291472827279601543	0.454109553651158921	0.102985406477760573	0.0587973524505839496	0.00428776589726110762	0.985406557139488723	0.00451362527520500316	0.00990389818548240751	0.0130839461722512419	0.0641551316912702533	0.195952078335529141	0.203272920074761817	0.453363783412980415	0.331753482449812993	0.18487200793676619	0.23844797363341796	0.526687393412584071



5	CGTACG.A.A	0.485935813408775037


A:	0.074561808389736608	0.224539563957361145	0.380646150491510802	0.460083036124023694	0.355848637163689819	0.090894805820054302	0.0949080313839267272	0.0242593957522716379	0.042192410209153365	0.0111723495086479557	0.959307543773694262	0.00975645673932524727	0.0509080808153148763	0.0670441577860292405	0.742007072446652515	0.265713426538767577	0.596660646737697595	0.247326620272396332	0.187901704356894013	0.230854893303854883	0.173419674372060231	0.3006744832095486	0.461090331026027518
C:	0.199754860156606186	0.331272115065882551	0.0733466300001965893	0.223904607039994268	0.0732945492917989552	0.078891666414715738	0.633866919385867183	0.859355659470788438	0.00431539435603659794	0.0107805703170694985	0.0229825767117828884	0.968078698897615314	0.0174573106710857022	0.0192604208774592919	0.119697502790180676	0.437777262215480088	0.141421374567674417	0.267483889332848487	0.144108264938018296	0.189599173129520601	0.117657632569924288	0.117508644707672007	0.0464811831257583021
G:	0.0441286558357260675	0.0896379304250164493	0.255817746846373008	0.151342496297356586	0.367075916098784854	0.107143946166333625	0.0246568226572914627	0.0238313291314474582	0.933591482457318914	0.00957714831982467029	0.00712528710520922853	0.00733158578162262377	0.882343591240354088	0.827810073470101574	0.0688416844707189004	0.0963856588019616658	0.0640951235341746081	0.335542272726628236	0.408809785285949173	0.195120981295812746	0.361385078309222297	0.251184647129996489	0.286816917289038768
T:	0.681554675617931138	0.354550390551739855	0.290189472661919601	0.164669860538625452	0.203780897445726372	0.723069581598896335	0.246568226572914627	0.0925536156454924664	0.0199007129774911226	0.968469931854457875	0.0105845924093136215	0.0148332585814368151	0.049291017273245334	0.0858853478664098936	0.0694537402924479091	0.200123652443790669	0.19782285516045338	0.149647217668126945	0.259180245419138517	0.384424952270811769	0.347537614748793184	0.330632224952782904	0.205611568559175412



