1	TCGTACGA	0.496830279376419484


A:	0.214929460854423273	0.0806750428145967408	0.0988504544928197425	0.0476513987045367465	0.226951752983786768	0.37020791537445773	0.44221978804316251	0.103181517975664337	0.0709259523772498152	0.0128310844561669246	0.00214335873444744734	0.981057187153665755	0.00219952118533353281	0.101555395156233724	0.41932284309623166	0.168515644187239344	0.203584087912068467	0.577044231760766184	0.408624073894692167	0.244293536261127266	0.695274575940771102	0.270350753990361763
C:	0.31582854131943656	0.737188183781302511	0.160066799994223985	0.871411213058482696	0.415665804123026331	0.393818983719788628	0.108700817105832008	0.436383964187689007	0.743559132447342172	0.00398874387460724746	0.0121441488883018451	0.00465530522358495293	0.980980650483892295	0.083959520019174289	0.0411116747404149964	0.323130773448078804	0.391612686813966635	0.172603441088073851	0.273381301694638774	0.441236968885727365	0.109463756020731215	0.205341854965555644
G:	0.0894812923280454871	0.0723074419054685693	0.664589701815294903	0.0360179178359685053	0.120155336879218443	0.128526153148073798	0.162311251657110381	0.0411116747404149964	0.083959520019174289	0.980980650483892295	0.00465530522358495293	0.0121441488883018451	0.00398874387460724746	0.743559132447342172	0.436383964187689007	0.0464715943865658781	0.260376539605912372	0.146922012737543203	0.0961139064663097241	0.185843467319502334	0.165895872237263544	0.115928281636402983
T:	0.37976070549809468	0.109829331498632179	0.0764930436976613697	0.0449194704010120516	0.237227106013968458	0.107446947757679844	0.286768143193895101	0.41932284309623166	0.101555395156233724	0.00219952118533353281	0.981057187153665755	0.00214335873444744734	0.0128310844561669246	0.0709259523772498152	0.103181517975664337	0.461881987978115974	0.144426685668052526	0.103430314413616762	0.221880717944359335	0.128626027533643034	0.0293657958012341394	0.40837910940767961



2	AA..GTACGG	0.495678859165880854


A:	0.349778266644584781	0.0650389988729672328	0.195284758410101223	0.206477067221709092	0.0283057250982606754	0.0644206705610725835	0.586036718758534066	0.557086497020368672	0.187579245987066238	0.172938399952597852	0.0153552014705689549	0.00163590674753815369	0.987498687716209259	0.00174497499137592664	0.00726815567226417741	0.135088817800871045	0.137886572357644516	0.080170768446629205	0.122104971650077549	0.652026055273132734	0.205023627047771002	0.428707828539337384
C:	0.268189430429239385	0.232029708057783953	0.095533972783713329	0.34304339708885085	0.3992223581751175	0.0130667655321795836	0.141184898530574649	0.123353806713323823	0.263497725031654171	0.261817675895360337	0.00244610687844989528	0.0029593655642102437	0.00658020877899625852	0.99212314744758548	0.00902512128618478121	0.00350160169688093797	0.672502679190352097	0.697125218557201808	0.412403458643022158	0.134015477850222436	0.0486480493308779537	0.055636795270476401
G:	0.222175223741377501	0.105501589134139464	0.599702164106109416	0.308564670807170154	0.0290024936678492429	0.680444947771915523	0.20468148944220732	0.25681190404300755	0.320013510210588368	0.074133112190286891	0.980211262788476242	0.00378300524434584029	0.00530491879267741113	0.00158660620073287266	0.976720126321221641	0.805376933992181392	0.025989796245274686	0.0737278480588391891	0.104780545763625176	0.0790391087128680722	0.56020366581578895	0.423884376067358028
T:	0.159857079184798333	0.597429703935109351	0.109479104700076033	0.141914864882269904	0.543469423058772582	0.24206761613483231	0.0680968932686839646	0.0627477922232999551	0.228909518770691223	0.49111081196175492	0.00198742886250490773	0.991621722443905762	0.000616184712117071739	0.00454527136030572114	0.00698659672032940069	0.0560326465100666249	0.163620952206728701	0.148976164937329798	0.360711023943275117	0.134919358163776758	0.186124657805562095	0.0917710001228281871



3	CGTACGG..A	0.494842254519673875


A:	0.300693479435186882	0.591845627990741676	0.00807691104791143016	0.0111605016200633172	0.383643608848430486	0.476426155052203087	0.110193938316332414	0.0335162833423895062	0.0178188640603519925	0.000751583381948139285	0.984294615445049778	0.00170615777283616366	0.0824338940678248654	0.206202711369808807	0.306823706536553737	0.18873704935863247	0.690034929797410943	0.458267332495345278	0.359852574961693447	0.468893458646225305	0.366450722446272125	0.41512974924348772	0.0872884178968616934
C:	0.143479468058537191	0.0343890619984572548	0.176252054809774091	0.0809232516516718922	0.182165625425065982	0.0816144393088017347	0.552940674933958258	0.772846518306887055	0.00103883443905677761	0.00545957399538835357	0.0107403522560961954	0.988978967583723322	0.0334947533115663338	0.0249297841629140729	0.161332641805235189	0.286045439576805152	0.0931549533331132108	0.0120756609561036883	0.0426459422384860649	0.186378453957934409	0.23314133725865946	0.114975284279134472	0.371835420144489135
G:	0.18383412377565034	0.341248537423398099	0.00426056820615200327	0.090783275631586911	0.315355030013268441	0.21652226668062252	0.159049645319342434	0.0264378144486660848	0.979623246486328573	0.0041285435710504281	0.00459133576554841429	0.00154865879037482978	0.843741935533151451	0.742066599848680159	0.0863411593467411564	0.402000129379370187	0.0966508882403126528	0.407270743152936276	0.493088882459480434	0.192166834986206185	0.147528570321164131	0.274470932071187204	0.323546910902301631
T:	0.371992928730625587	0.0325167725874029697	0.811410465936162476	0.81713297109667788	0.11883573571323509	0.225437138958372658	0.177815741430366894	0.167199383902057354	0.00151905501426265703	0.989660299051613079	0.000373696533305612047	0.00776621585306568408	0.0403294170874573494	0.0268009046185969605	0.445502492311469917	0.123217381685192191	0.120159228629163193	0.122386263395614758	0.104412600340340054	0.152561252409634101	0.252879369973904285	0.195424034406190603	0.217329251056347541



4	ACCGTAC.C	0.494472430393567919


A:	0.284833731562932403	0.0971707262237044209	0.498181243513159329	0.130154880281127706	0.082405795566741892	0.169017203421627653	0.293026013917588364	0.425368905684110585	0.0170960892592351361	0.00423669525526060661	0.00183066675203111603	0.00122249591663497779	0.981375164139788128	0.00153804460863899797	0.212281437704803024	0.218885834501484547	0.188212803243958554	0.181966408368630108	0.110497722347557915	0.628072589919326998	0.236216258824703839	0.303104489911269447	0.368494849715489401
C:	0.286662782667427016	0.6299145587830584	0.333911117530643062	0.740896438803814914	0.0727434592374752492	0.269502309043182775	0.136614585040153284	0.101782236592297127	0.921171967522366193	0.986580414313641587	0.00165324973119392932	0.00201374390088971188	0.00107512328708961412	0.960598376628972452	0.240362924853351106	0.452905015583611159	0.278395201942374928	0.0343701715096825353	0.850284031537898698	0.0199879263967424747	0.163236239252666986	0.190869531303909983	0.069799522767962971
G:	0.203969060151284285	0.128714952687651379	0.0655807751629346246	0.0395779826983480836	0.210025535680933049	0.259093923311747573	0.200130552275850171	0.334656352518059029	0.00117556925616529168	0.00588818417858446743	0.993080133843115563	0.00430476712806606929	0.0154793146992441229	0.00095840984937494163	0.43012552698793988	0.16604513112423165	0.151333123159026728	0.476620854890238557	0.00519358535156520792	0.326424952143976549	0.192298039662585931	0.146148572605293112	0.088966353355567959
T:	0.224534425618356296	0.1441997623055858	0.102326863793262984	0.0893706982167092959	0.634825209514849809	0.302386564223441999	0.370228848766408181	0.138192505205533259	0.0605563739622333793	0.00329470625251333887	0.00343594967365939192	0.992458993054409241	0.00207039787387813551	0.0369051689130136081	0.11723011045390599	0.162164018790672645	0.382058871654639789	0.3070425652314488	0.0340246607629781787	0.0255145315399539782	0.408249462260043243	0.359877406179527459	0.472739274160979669



5	A..TGTACGG	0.494249793217535153


A:	0.349778266644584781	0.0650389988729672328	0.195284758410101223	0.206477067221709092	0.0283057250982606754	0.0644206705610725835	0.644750411347598155	0.557086497020368672	0.187579245987066238	0.172938399952597852	0.0299003254110380808	0.000536122312672148077	0.982646560086791274	0.00439390334693648321	0.000767660725528899231	0.0799297121852468678	0.137886572357644516	0.080170768446629205	0.122104971650077549	0.652026055273132734	0.205023627047771002	0.428707828539337384
C:	0.268189430429239385	0.232029708057783953	0.095533972783713329	0.34304339708885085	0.3992223581751175	0.0130667655321795836	0.116375955321120193	0.123353806713323823	0.263497725031654171	0.261817675895360337	0.00204278782770863579	0.0265556144976578428	0.0142693603867702725	0.991702640829008953	0.0102771012966243732	0.00186254687260095326	0.672502679190352097	0.697125218557201808	0.412403458643022158	0.134015477850222436	0.0486480493308779537	0.055636795270476401
G:	0.222175223741377501	0.105501589134139464	0.599702164106109416	0.308564670807170154	0.0290024936678492429	0.680444947771915523	0.119920981396392384	0.25681190404300755	0.320013510210588368	0.074133112190286891	0.966186767898771834	0.00181601633456687662	0.00236487711849124546	0.00190256834682481569	0.975848148064564432	0.842445846748869261	0.025989796245274686	0.0737278480588391891	0.104780545763625176	0.0790391087128680722	0.56020366581578895	0.423884376067358028
T:	0.159857079184798333	0.597429703935109351	0.109479104700076033	0.141914864882269904	0.543469423058772582	0.24206761613483231	0.118952651934889268	0.0627477922232999551	0.228909518770691223	0.49111081196175492	0.0018701188624814497	0.971092246855103132	0.000719202407947207649	0.0020008874772297483	0.0131070899132822957	0.0757618941932829183	0.163620952206728701	0.148976164937329798	0.360711023943275117	0.134919358163776758	0.186124657805562095	0.0917710001228281871



