1	CCGTACGG	0.499318619463783143


A:	0.273386735198365865	0.186158387733808655	0.105230825709175545	0.574591411312698337	0.0595116859447343514	0.131109207800410897	0.170077431351619903	0.0524652452060435836	0.00498642377873991306	0.0212264647930472859	0.000448687514726651039	0.978445358782372136	0.00109318538161544877	0.0146653780239560049	0.0466107010805657152	0.226121680827333113	0.522580778744447473	0.238395965383223642	0.154083173059533963	0.347467835337979706	0.389478146578601052	0.363038894261657885
C:	0.347121203095951482	0.0958348722735148125	0.382149352739535514	0.126957766762380821	0.594872378921845197	0.0893447517971523775	0.237946883760147836	0.8673951505616432	0.969292209668871729	0.00193578358403259133	0.0076764703624807455	0.0134294833404204676	0.975744566241304674	0.011055988528432353	0.0335289031517475016	0.133989102398481559	0.222347146109757992	0.0310688803111384907	0.157047898933416104	0.102919721606124955	0.221607640576984264	0.105632073975624636
G:	0.102755401821514588	0.270203108820818847	0.0659503414469446042	0.234800064712352487	0.0912008905784154203	0.597992922548573755	0.269185368396059845	0.0335289031517475016	0.011055988528432353	0.975744566241304674	0.0134294833404204676	0.0076764703624807455	0.00193578358403259133	0.969292209668871729	0.8673951505616432	0.308699364312499511	0.0450960547067364965	0.320141539967724515	0.305624915974577516	0.328730586083768299	0.120800983662398454	0.118371914621002317
T:	0.276736659884168065	0.447803631171857686	0.446669480104344337	0.063650757212568355	0.254415044555005032	0.181553117853862971	0.322790316492172416	0.0466107010805657152	0.0146653780239560049	0.00109318538161544877	0.978445358782372136	0.000448687514726651039	0.0212264647930472859	0.00498642377873991306	0.0524652452060435836	0.331189852461685816	0.209976020439058038	0.410393614337913353	0.383244012032472417	0.220881856972127041	0.26811322918201623	0.412957117141715163



2	A..CCGTACG	0.499096912569848168


A:	0.594065038307554365	0.247066348289114283	0.412957117141715163	0.26811322918201623	0.220881856972127041	0.383244012032472417	0.410393614337913353	0.209976020439058038	0.331189852461685816	0.0284527964562180226	0.00485260322277054486	0.00909302098386235796	0.000995783710651578671	0.991546793223318125	0.00105456122985057701	0.0197973009650898867	0.0466107010805657152	0.322790316492172416	0.181553117853862971	0.254415044555005032	0.063650757212568355	0.446669480104344337	0.447803631171857686
C:	0.123430871189861989	0.0638741085734404177	0.118371914621002317	0.120800983662398454	0.328730586083768299	0.305624915974577516	0.320141539967724515	0.0450960547067364965	0.308699364312499511	0.948803040314476239	0.986826331084817	0.000776124264414945643	0.00213724276164336938	0.00229292523015083963	0.987325539571673774	0.0289390196786154785	0.0335289031517475016	0.269185368396059845	0.597992922548573755	0.0912008905784154203	0.234800064712352487	0.0659503414469446042	0.270203108820818847
G:	0.0416974926181347589	0.0536032105174318671	0.105632073975624636	0.221607640576984264	0.102919721606124955	0.157047898933416105	0.0310688803111384907	0.222347146109757992	0.133989102398481559	0.00521511977012242035	0.00390717766046204206	0.987521783310319665	0.00634031800273951895	0.00478281267320813905	0.00125448918211152587	0.945570126689705259	0.8673951505616432	0.237946883760147836	0.0893447517971523775	0.594872378921845197	0.126957766762380821	0.382149352739535514	0.0958348722735148125
T:	0.240806597884448887	0.635456332620013433	0.363038894261657885	0.389478146578601052	0.347467835337979706	0.154083173059533963	0.238395965383223642	0.522580778744447473	0.226121680827333113	0.0175290434591833184	0.00441388803195041296	0.00260907144140303131	0.990526655524965533	0.00137746887332289595	0.0103654100163641227	0.00569355266658937634	0.0524652452060435836	0.170077431351619903	0.131109207800410897	0.0595116859447343514	0.574591411312698337	0.105230825709175545	0.186158387733808655



3	CGTACGG.A	0.499006339669128542


A:	0.186158387733808655	0.105230825709175545	0.574591411312698337	0.0595116859447343514	0.131109207800410897	0.170077431351619903	0.0524652452060435836	0.00592098775015171787	0.0157027315917935428	0.00106930345756602053	0.992950281103194346	0.00174269829033952136	0.00648760841804528024	0.015498340522496953	0.226121680827333113	0.522580778744447473	0.238395965383223642	0.154083173059533963	0.347467835337979706	0.389478146578601052	0.363038894261657885	0.635456332620013433	0.240806597884448887
C:	0.0958348722735148125	0.382149352739535514	0.126957766762380821	0.594872378921845197	0.0893447517971523775	0.237946883760147836	0.8673951505616432	0.965170515791547171	0.00086837770424557287	0.00631612670141698972	0.00367306471331005596	0.992071523325040262	0.00424288880628121848	0.00529688795053125365	0.133989102398481559	0.222347146109757992	0.0310688803111384907	0.157047898933416104	0.102919721606124955	0.221607640576984264	0.105632073975624636	0.0536032105174318671	0.0416974926181347589
G:	0.270203108820818847	0.0659503414469446042	0.234800064712352487	0.0912008905784154203	0.597992922548573755	0.269185368396059845	0.0335289031517475016	0.0109389539790799718	0.982442713395667271	0.00228772596546832484	0.0023009309187284278	0.00148454524957482427	0.986579547968504662	0.964994832494013755	0.308699364312499511	0.0450960547067364965	0.320141539967724515	0.305624915974577516	0.328730586083768299	0.120800983662398454	0.118371914621002317	0.0638741085734404177	0.123430871189861989
T:	0.447803631171857686	0.446669480104344337	0.063650757212568355	0.254415044555005032	0.181553117853862971	0.322790316492172416	0.0466107010805657152	0.017969542479221139	0.000986177308293613364	0.990326843875548665	0.00107572326476717022	0.00470123313504539216	0.00268995480716883935	0.0142099390329580381	0.331189852461685816	0.209976020439058038	0.410393614337913353	0.383244012032472417	0.220881856972127041	0.26811322918201623	0.412957117141715163	0.247066348289114283	0.594065038307554365



4	CCGTACG..C	0.498987504321627895


A:	0.412957117141715163	0.26811322918201623	0.220881856972127041	0.383244012032472417	0.410393614337913353	0.209976020439058038	0.331189852461685816	0.0563199640325552694	0.00444404200280413034	0.00799974736881910507	0.00104066809075810505	0.991211053790661026	0.00167869093420469508	0.0117022650865378252	0.0466107010805657152	0.322790316492172416	0.181553117853862971	0.254415044555005032	0.063650757212568355	0.446669480104344337	0.447803631171857686	0.276736659884168065	0.296004149726825621
C:	0.118371914621002317	0.120800983662398454	0.328730586083768299	0.305624915974577516	0.320141539967724515	0.0450960547067364965	0.308699364312499511	0.92300609268281806	0.982676170967787286	0.000746648438611445665	0.00243712304157469646	0.00377687007826302063	0.988853682844064218	0.00996640788083924534	0.0335289031517475016	0.269185368396059845	0.597992922548573755	0.0912008905784154203	0.234800064712352487	0.0659503414469446042	0.270203108820818847	0.102755401821514588	0.1191565992867296
G:	0.105632073975624636	0.221607640576984264	0.102919721606124955	0.157047898933416105	0.0310688803111384907	0.222347146109757992	0.133989102398481559	0.00711622498797860722	0.00421956784129343726	0.98946120264515823	0.00356209540348332653	0.00440563084784770459	0.000627716600791042809	0.972523694992144042	0.8673951505616432	0.237946883760147836	0.0893447517971523775	0.594872378921845197	0.126957766762380821	0.382149352739535514	0.0958348722735148125	0.347121203095951482	0.0839820194820204589
T:	0.363038894261657885	0.389478146578601052	0.347467835337979706	0.154083173059533963	0.238395965383223642	0.522580778744447473	0.226121680827333113	0.0135577182966480636	0.00866021918811514613	0.00179240154741121889	0.992960113464183872	0.000606445283228249006	0.00883990962094004374	0.00580763204047888802	0.0524652452060435836	0.170077431351619903	0.131109207800410897	0.0595116859447343514	0.574591411312698337	0.105230825709175545	0.186158387733808655	0.273386735198365865	0.50085723150442432



5	C..CCGTACG	0.498799145510224242


A:	0.594065038307554365	0.247066348289114283	0.412957117141715163	0.26811322918201623	0.220881856972127041	0.383244012032472417	0.410393614337913353	0.209976020439058038	0.331189852461685816	0.0211201027749815623	0.00387925864314378095	0.00684743912602771206	0.000919426857324516854	0.993295770964378497	0.000890182118573455812	0.017335773615141333	0.0466107010805657152	0.322790316492172416	0.181553117853862971	0.254415044555005032	0.063650757212568355	0.446669480104344337	0.447803631171857686
C:	0.123430871189861989	0.0638741085734404177	0.118371914621002317	0.120800983662398454	0.328730586083768299	0.305624915974577516	0.320141539967724515	0.0450960547067364965	0.308699364312499511	0.946697387739855935	0.986630820777132968	0.00068459266212628498	0.00201100834719244038	0.00201989090117375999	0.988225438293796296	0.0167031676078029095	0.0335289031517475016	0.269185368396059845	0.597992922548573755	0.0912008905784154203	0.234800064712352487	0.0659503414469446042	0.270203108820818847
G:	0.0416974926181347589	0.0536032105174318671	0.105632073975624636	0.221607640576984264	0.102919721606124955	0.157047898933416105	0.0310688803111384907	0.222347146109757992	0.133989102398481559	0.00327173915768687349	0.0029754492322085619	0.990578287652736148	0.00498772970131611831	0.00372528558783925898	0.00121473885220967962	0.962017861688835635	0.8673951505616432	0.237946883760147836	0.0893447517971523775	0.594872378921845197	0.126957766762380821	0.382149352739535514	0.0958348722735148125
T:	0.240806597884448887	0.635456332620013433	0.363038894261657885	0.389478146578601052	0.347467835337979706	0.154083173059533963	0.238395965383223642	0.522580778744447473	0.226121680827333113	0.0289107703274756293	0.00651447134751468879	0.00188968055910985513	0.992081835094166925	0.000959052546608483839	0.00966964073542056818	0.00394319708822012254	0.0524652452060435836	0.170077431351619903	0.131109207800410897	0.0595116859447343514	0.574591411312698337	0.105230825709175545	0.186158387733808655



