1	GT.GTAC.AC	0.48927791834102297


A:	0.634985190846387773	0.0333468688217394638	0.0259479061832167161	0.0808496231577579398	0.149109186873409853	0.195809263037964589	0.082354532603029998	0.0586180024296774328	0.209203260589597177	0.0112265681404559565	0.00152557617759010719	0.97953366933797246	0.00179072671489380253	0.20527934228128637	0.802581875418702931	0.0830745362379098125	0.493591892052017728	0.471238946123653052	0.22298126845362142	0.0932024407792827851	0.408121885781594657	0.215600190141437537	0.174742820689065893
C:	0.210426389038974046	0.329123448615813267	0.547532636861724246	0.115712360822965271	0.709644807315916021	0.488719957357344959	0.0703281127055067443	0.0970020727851411718	0.59404643032162142	0.0120632560651391314	0.015078643295798652	0.00386211118863878096	0.97491944907951111	0.160172217385189681	0.0417980493664784646	0.764242818453553445	0.0551073348110105153	0.335485331723073138	0.297036237182494523	0.408698077130928975	0.102352551588998201	0.141159084831890392	0.0867889572986807489
G:	0.0199229243675769806	0.0946963378321841817	0.306783995813113826	0.558054742500256022	0.0360603401964931006	0.200503195584433166	0.764242818453553445	0.0417980493664784646	0.0421562671702252637	0.97491944907951111	0.00386211118863878096	0.015078643295798652	0.0120632560651391314	0.252416681079872618	0.0970020727851411718	0.0703281127055067443	0.339651512955132599	0.111316472350382523	0.0597559054556221786	0.308706823752114158	0.456773714377274353	0.139586097609972546	0.24880261333032339
T:	0.134665495747061201	0.542833344730263088	0.119735461141945213	0.245383273519020767	0.105185665614181025	0.114967584020257286	0.0830745362379098125	0.802581875418702931	0.154594041918556139	0.00179072671489380253	0.97953366933797246	0.00152557617759010719	0.0112265681404559565	0.382131759253651331	0.0586180024296774328	0.082354532603029998	0.111649260181839158	0.0819592498028912863	0.420226588908261878	0.189392658337674082	0.0327518482521327894	0.503654627416699525	0.489665608681929968



2	C.AGTACT.G	0.487533575716341009


A:	0.256161031291365915	0.477645640989993857	0.330412019991754056	0.597813781950381312	0.284216640309817205	0.178875176429884595	0.740718719296072078	0.174800253582993295	0.25405298709100376	0.534925323514825977	0.0194992489277448483	0.00591425542325352568	0.978566990337674943	0.00260292790493739821	0.162876720071548212	0.495770485494249635	0.053430256269070981	0.313551476575044646	0.366175520894155955	0.141237402356385388	0.292419801042499749	0.453091247521818208	0.0109687063259705558
C:	0.124863952828303031	0.298743501250079441	0.298925358894746319	0.145388010682078916	0.0806727773852794717	0.225190505146746776	0.0545679037903389926	0.472470482623973229	0.138311499295654478	0.286028362656784352	0.00318552807919276173	0.0128754037836313509	0.00264335045544018093	0.974712295088124992	0.0161695937568414597	0.0838411409331297961	0.299299007523962495	0.483746924116360932	0.256430784296515256	0.215570903099926479	0.363843134697117922	0.16184688054219591	0.0756735244235339312
G:	0.449889655529791809	0.157366225072250006	0.165373299908118387	0.071505747094374384	0.300434453956050747	0.302620073906310972	0.116866283975486449	0.299299007523962495	0.0492181055875614949	0.0161695937568414597	0.974712295088124992	0.00264335045544018093	0.0128754037836313509	0.00318552807919276173	0.286028362656784352	0.0672787213923606341	0.472470482623973229	0.163982025028976348	0.209069613018736724	0.157227027590133465	0.104882884408431715	0.0458495322700726816	0.313488872162106946
T:	0.169085360350539245	0.0662446326876766956	0.205289321205381237	0.185292460273165388	0.334676128348852576	0.293314244517057657	0.087847092938102481	0.053430256269070981	0.558417408025780267	0.162876720071548212	0.00260292790493739821	0.978566990337674943	0.00591425542325352568	0.0194992489277448483	0.534925323514825977	0.353109652180259935	0.174800253582993295	0.0387195742796180748	0.168324081790592066	0.485964666953554668	0.238854179851950614	0.3392123396659132	0.599868897088388567



3	GT.GTACGA	0.4873343590252618


A:	0.489665608681929968	0.503654627416699525	0.0327518482521327894	0.189392658337674082	0.420226588908261878	0.0819592498028912863	0.111649260181839158	0.0853581567342023686	0.064468900921035706	0.382131759253651331	0.0108767040192598833	0.00280115185872445114	0.985449980701784235	0.00164703054868470106	0.154594041918556139	0.714996226687143108	0.0830745362379098125	0.114967584020257286	0.105185665614181025	0.245383273519020767	0.119735461141945213	0.542833344730263088	0.134665495747061201
C:	0.24880261333032339	0.139586097609972546	0.456773714377274353	0.308706823752114158	0.0597559054556221786	0.111316472350382523	0.339651512955132599	0.0353844191205415706	0.144372619272933809	0.252416681079872618	0.0055796080668959058	0.00464593892115481033	0.00217198870334215338	0.987803478165918516	0.0421562671702252637	0.0874317842481949864	0.764242818453553445	0.200503195584433166	0.0360603401964931006	0.558054742500256022	0.306783995813113826	0.0946963378321841817	0.0199229243675769806
G:	0.0867889572986807489	0.141159084831890392	0.102352551588998201	0.408698077130928975	0.297036237182494523	0.335485331723073138	0.0551073348110105153	0.811132680588864045	0.0715809298585963172	0.160172217385189681	0.980628350676408629	0.0013827947005710171	0.01111906037618632	0.00167133131160768297	0.59404643032162142	0.109074184048486814	0.0703281127055067443	0.488719957357344959	0.709644807315916021	0.115712360822965271	0.547532636861724246	0.329123448615813267	0.210426389038974046
T:	0.174742820689065893	0.215600190141437537	0.408121885781594657	0.0932024407792827851	0.22298126845362142	0.471238946123653052	0.493591892052017728	0.0681247435563920157	0.719577549947434168	0.20527934228128637	0.00291533723743558135	0.991170114519549721	0.00125897021868729154	0.00887815997378910017	0.209203260589597177	0.0884978050161750916	0.082354532603029998	0.195809263037964589	0.149109186873409853	0.0808496231577579398	0.0259479061832167161	0.0333468688217394638	0.634985190846387773



4	CGTACGAC	0.486001166310983175


A:	0.270668076446823548	0.146017502404746238	0.0575902722223535046	0.214978447858617507	0.131898206104671344	0.1785452660860744	0.138940805599907106	0.190703621418181335	0.0353467490255873815	0.00191058110072615525	0.990544488295786897	0.00130317172633164728	0.0336275054969320989	0.648723070445912283	0.0443060248693300024	0.312654207292101109	0.169754087859904056	0.435349453376809464	0.035194585485086542	0.605584100763593162	0.179141279141112247	0.183403497248395934
C:	0.270062897936079565	0.512376350748100586	0.169453747363010532	0.692988218599595757	0.193971603243376362	0.271836965024268646	0.39628911607290259	0.634258296491893791	0.00170855052720472392	0.0055719758755674847	0.0044038566057633974	0.991373789424786879	0.0777064257551422035	0.0702583420563644766	0.624126051502564112	0.235802039632770826	0.321918379805222299	0.229966243172943129	0.817703907549298161	0.108360662614314269	0.383971486991678225	0.327722589843510028
G:	0.187855322303106439	0.282622304453252715	0.251374015700757683	0.0705473903705066625	0.224263383137303092	0.332751112159338424	0.304267344760853309	0.0797995816848893763	0.960788567622974015	0.0016644457481806587	0.00326320727187335059	0.003014721105034886	0.759019356909169969	0.196101551503626591	0.0931202207495054417	0.364161123761828876	0.315091917142871217	0.246839162405697894	0.0517642307943404519	0.273935181323820787	0.157289780059611946	0.231452232628971613
T:	0.271413703313990448	0.0589838423939004608	0.521581964713878281	0.0214859431712800738	0.449866807514649202	0.216866656730318529	0.160502733566336995	0.0952385004050354979	0.00215613282423387997	0.990852997275525701	0.00178844782657635451	0.00430831774384658782	0.129646711838755729	0.0849170359940966495	0.238447702878600444	0.0873826293132991903	0.193235615192002429	0.0878451410445495132	0.0953372761712748456	0.012120055298271782	0.279597453807597582	0.257421680279122426



5	T.GTAC.ACA	0.485564929693961952


A:	0.634985190846387773	0.0333468688217394638	0.0259479061832167161	0.0808496231577579398	0.149109186873409853	0.195809263037964589	0.082354532603029998	0.0758848390860648959	0.209203260589597177	0.0122191511848453629	0.00147906034066732375	0.992517673062010049	0.00430511899626116414	0.20527934228128637	0.771880321129181283	0.0423256911752796451	0.493591892052017728	0.471238946123653052	0.22298126845362142	0.0932024407792827851	0.408121885781594657	0.215600190141437537	0.174742820689065893
C:	0.210426389038974046	0.329123448615813267	0.547532636861724246	0.115712360822965271	0.709644807315916021	0.488719957357344959	0.0703281127055067443	0.168942749760693088	0.59404643032162142	0.0037592637535285083	0.00968697970678602815	0.00300355429902385677	0.983906586641844879	0.160172217385189681	0.0319708564075596641	0.806364469191916782	0.0551073348110105153	0.335485331723073138	0.297036237182494523	0.408698077130928975	0.102352551588998201	0.141159084831890392	0.0867889572986807489
G:	0.0199229243675769806	0.0946963378321841817	0.306783995813113826	0.558054742500256022	0.0360603401964931006	0.200503195584433166	0.764242818453553445	0.0644019442928485779	0.0421562671702252637	0.979986320363533863	0.00383727979966985008	0.00258048549190385636	0.00995188980964347828	0.252416681079872618	0.14864071388885844	0.0854893625889338429	0.339651512955132599	0.111316472350382523	0.0597559054556221786	0.308706823752114158	0.456773714377274353	0.139586097609972546	0.24880261333032339
T:	0.134665495747061201	0.542833344730263088	0.119735461141945213	0.245383273519020767	0.105185665614181025	0.114967584020257286	0.0830745362379098125	0.690770466860393438	0.154594041918556139	0.00403526469809226595	0.984996680152876798	0.00189828714706223753	0.00183640455225047805	0.382131759253651331	0.0475081085744006131	0.06582047704386973	0.111649260181839158	0.0819592498028912863	0.420226588908261878	0.189392658337674082	0.0327518482521327894	0.503654627416699525	0.489665608681929968



