1	CCGTACGG	0.498096194870268393


A:	0.278720384206589337	0.347827449803276606	0.0455497264187414116	0.068827049514883157	0.35737945541033727	0.320991701924190799	0.230465849201315847	0.0417727070645353365	0.0225354855170749306	0.0234798396050907127	0.000506401921133750353	0.967467666703335296	0.00179386820622414348	0.00614721420453381649	0.0629531724093829196	0.138794135587394791	0.427865471104879892	0.0403575968403443331	0.289349349047688518	0.172496892267550081	0.456648282636727154	0.0801562990779634443
C:	0.315760719218615172	0.242391985930453355	0.537097055838677482	0.812795657763093326	0.161798219654126492	0.182624024026583292	0.186300109991573141	0.859872950128452832	0.921534672444340348	0.0051984534729262167	0.0115797405604909897	0.0204461908150399638	0.969527838715758927	0.0497826278340509047	0.0354011703976289119	0.191099700023049725	0.153587923615706738	0.622834374195460409	0.105271323849000057	0.0682129671832584253	0.15701207132924103	0.299056805562994748
G:	0.128436814292595523	0.178691683396377218	0.158642287720684851	0.0363062484094323379	0.431941051109732118	0.329780198191153425	0.431527039421679619	0.0354011703976289119	0.0497826278340509047	0.969527838715758927	0.0204461908150399638	0.0115797405604909897	0.0051984534729262167	0.921534672444340348	0.859872950128452832	0.38120809672344277	0.0789224289141371857	0.240243391109717115	0.434460753221122079	0.330847990493259911	0.152717792163080855	0.335962476850494222
T:	0.277082082282199967	0.231088880869892821	0.258710930021896256	0.0820710443125911789	0.0488812738258041199	0.166604075858072483	0.151707001385431393	0.0629531724093829196	0.00614721420453381649	0.00179386820622414348	0.967467666703335296	0.000506401921133750353	0.0234798396050907127	0.0225354855170749306	0.0417727070645353365	0.288898067666112713	0.339624176365276183	0.0965646378544781423	0.170918573882189347	0.428442150055931583	0.233621853870950961	0.284824418508547586



2	CGTACGG..C	0.497098826933574589


A:	0.347827449803276606	0.0455497264187414116	0.068827049514883157	0.35737945541033727	0.320991701924190799	0.230465849201315847	0.0417727070645353365	0.0181927688688407387	0.0197625661785673456	0.000769082839259019797	0.983154891468710898	0.00127899887434563429	0.0127778508299512392	0.071163307074991331	0.138794135587394791	0.427865471104879892	0.0403575968403443331	0.289349349047688518	0.172496892267550081	0.456648282636727154	0.0801562990779634443	0.228093703352441811	0.196229369314958088
C:	0.242391985930453355	0.537097055838677482	0.812795657763093326	0.161798219654126492	0.182624024026583292	0.186300109991573141	0.859872950128452832	0.889967086742485913	0.0034586641219518583	0.012111688559815151	0.00881244018070655708	0.984163250591121997	0.0140555293152990471	0.0305499472496070708	0.191099700023049725	0.153587923615706738	0.622834374195460409	0.105271323849000057	0.0682129671832584253	0.15701207132924103	0.299056805562994748	0.363491491010304808	0.311668198938433611
G:	0.178691683396377218	0.158642287720684851	0.0363062484094323379	0.431941051109732118	0.329780198191153425	0.431527039421679619	0.0354011703976289119	0.0675516339298860524	0.974216851033293755	0.00771243302811300443	0.00716465105841349118	0.00187491099279546604	0.967153648460014134	0.829521692243127432	0.38120809672344277	0.0789224289141371857	0.240243391109717115	0.434460753221122079	0.330847990493259911	0.152717792163080855	0.335962476850494222	0.0620882086429827053	0.108636904000395159
T:	0.231088880869892821	0.258710930021896256	0.0820710443125911789	0.0488812738258041199	0.166604075858072483	0.151707001385431393	0.0629531724093829196	0.024288510458787296	0.0025619186661870413	0.979406795572812825	0.000868017292169053505	0.0126828395417369028	0.00601297139473557982	0.0687650534322741668	0.288898067666112713	0.339624176365276183	0.0965646378544781423	0.170918573882189347	0.428442150055931583	0.233621853870950961	0.284824418508547586	0.346326596994270676	0.383465527746213142



3	A.CCGTACG	0.496460742468608864


A:	0.383465527746213142	0.346326596994270676	0.284824418508547586	0.233621853870950961	0.428442150055931583	0.170918573882189347	0.0965646378544781423	0.339624176365276184	0.288898067666112713	0.0378168713093896108	0.0146461130923471966	0.00876374945699304944	0.00122352686570253654	0.983027602378474913	0.00101411206166710821	0.0180137703676318249	0.0629531724093829196	0.151707001385431393	0.166604075858072483	0.0488812738258041199	0.0820710443125911789	0.258710930021896256	0.231088880869892821
C:	0.108636904000395159	0.0620882086429827053	0.335962476850494222	0.152717792163080855	0.330847990493259911	0.434460753221122079	0.240243391109717115	0.0789224289141371857	0.38120809672344277	0.878154664106449547	0.92299967893329787	0.00201905411873027378	0.00338080218081090592	0.00669728909165518038	0.969648121483044788	0.110630710908205644	0.0354011703976289119	0.431527039421679619	0.329780198191153425	0.431941051109732118	0.0363062484094323379	0.158642287720684851	0.178691683396377218
G:	0.311668198938433611	0.363491491010304808	0.299056805562994748	0.15701207132924103	0.0682129671832584253	0.105271323849000057	0.622834374195460409	0.153587923615706738	0.191099700023049725	0.0529077056850911459	0.0432289280677762765	0.98753308674941498	0.00942610471080576001	0.00959729945485276358	0.00220946073367118179	0.804855300329690958	0.859872950128452832	0.186300109991573141	0.182624024026583292	0.161798219654126492	0.812795657763093326	0.537097055838677482	0.242391985930453355
T:	0.196229369314958088	0.228093703352441811	0.0801562990779634443	0.456648282636727154	0.172496892267550081	0.289349349047688518	0.0403575968403443331	0.427865471104879893	0.138794135587394791	0.031120758899069696	0.0191252799065786564	0.0016841096748616972	0.985969566242680798	0.000677809075017142591	0.0271283057216169223	0.0665002183944715727	0.0417727070645353365	0.230465849201315847	0.320991701924190799	0.35737945541033727	0.068827049514883157	0.0455497264187414116	0.347827449803276606



4	A.C.GTACGG	0.495759715122338578


A:	0.206284490438350539	0.45714140163601127	0.324397271036150799	0.218977662802404356	0.0788096149689246661	0.178131909726100133	0.369575919020543098	0.251930642663498845	0.122598057144692868	0.0225354855170749306	0.0315600969747761244	0.00202551224019894608	0.971201268602977221	0.00930955882565782713	0.0193494258790628093	0.188302754711386111	0.118679774163726663	0.139145031981874684	0.12186909715647487	0.318671079272709623	0.0422126755213933135	0.245099504098032372	0.0468541769979819034
C:	0.129482390713945997	0.209929328841663452	0.292517732869754431	0.51164409919403354	0.566877111258299435	0.275188710273739382	0.118972416157039639	0.527579698767477546	0.459690484620622974	0.921534672444340348	0.0233740187097788445	0.0173798294465817114	0.015315646292625569	0.982470183505113437	0.0958908889376897364	0.0309631725670452354	0.218179122496729245	0.413246093699975488	0.556980151908584426	0.107833677384549577	0.130914557614534111	0.135854266639473252	0.152157136093545013
G:	0.546506822529974879	0.108458278166731757	0.180025031115136388	0.222421178947082629	0.294394801834353163	0.347313674415340394	0.358633307515251065	0.148975275327946841	0.205225354268165831	0.0497826278340509047	0.940838112281209912	0.00624301257968631573	0.0121202157786958953	0.00218962525996553926	0.857870677334081317	0.731846179752078134	0.168773334867160036	0.203477526338996508	0.159459482568648459	0.544566748051832639	0.43828407975385905	0.526685254295139201	0.521901926696468348
T:	0.117726296317728584	0.224470991355593522	0.203059964978958382	0.0469570590564794752	0.0599184719384227365	0.199365705584820091	0.152818357307166198	0.0715143832410767671	0.212486103966518327	0.00614721420453381649	0.00422777203423511899	0.974351645733533027	0.00136286932570131433	0.00603063240926319623	0.0268890078491661372	0.0488878929694905201	0.494367768472384056	0.24413134797915332	0.161691268366292245	0.0289284952909081604	0.388588687110213525	0.0923609749673551752	0.279086760212004736



5	A.CGTACGG	0.495553129187552732


A:	0.54719268268794365	0.278720384206589337	0.347827449803276606	0.0455497264187414116	0.068827049514883157	0.35737945541033727	0.320991701924190799	0.230465849201315847	0.0417727070645353365	0.107617430488223652	0.0202650955560592409	0.00099362581958494433	0.980129451174649762	0.00178702927539081208	0.0513508972823112563	0.0485468583295819205	0.138794135587394791	0.427865471104879892	0.0403575968403443331	0.289349349047688518	0.172496892267550081	0.456648282636727154	0.0801562990779634443
C:	0.125946592515840868	0.315760719218615172	0.242391985930453355	0.537097055838677482	0.812795657763093326	0.161798219654126492	0.182624024026583292	0.186300109991573141	0.859872950128452832	0.635940217917458411	0.00179521751575998285	0.00843088417419485187	0.0110486457867674366	0.980939849963515657	0.0604784522455534103	0.151352044063081679	0.191099700023049725	0.153587923615706738	0.622834374195460409	0.105271323849000057	0.0682129671832584253	0.15701207132924103	0.299056805562994748
G:	0.302788100233196174	0.128436814292595523	0.178691683396377218	0.158642287720684851	0.0363062484094323379	0.431941051109732118	0.329780198191153425	0.431527039421679619	0.0354011703976289119	0.228830651681315322	0.976339697633105559	0.00613241082491743154	0.00815943551325298694	0.00205103037792350766	0.875154115034376104	0.727425247156780194	0.38120809672344277	0.0789224289141371857	0.240243391109717115	0.434460753221122079	0.330847990493259911	0.152717792163080855	0.335962476850494222
T:	0.0240726245630193082	0.277082082282199967	0.231088880869892821	0.258710930021896256	0.0820710443125911789	0.0488812738258041199	0.166604075858072483	0.151707001385431393	0.0629531724093829196	0.0276116999130026147	0.00159998929507521682	0.984443079181302772	0.000662467525329814153	0.0152220903831700234	0.0130165354377592296	0.0726758504505562057	0.288898067666112713	0.339624176365276183	0.0965646378544781423	0.170918573882189347	0.428442150055931583	0.233621853870950961	0.284824418508547586



