1	CCGTACGG	0.499387745025428332


A:	0.48404662840268042	0.10425168953944851	0.314171788059286564	0.577522279349407533	0.0850622330083805302	0.236722795324858484	0.318248244148289993	0.0105433698872599618	0.00220189164234330459	0.020973520401048048	0.0002669277778895714	0.96731600650647303	0.001178304277751958	0.0120404983766938636	0.0591744564312701451	0.347898616493167481	0.289286691379543904	0.188128508791209812	0.0508614227912045433	0.20510905408443517	0.483397236848661183	0.195693520531440744
C:	0.368441618061866249	0.335766648487909516	0.411156078213339202	0.0773048157697949272	0.574450450705968007	0.0494140018725488458	0.190349495678989756	0.927100638027125228	0.98126252821939938	0.00185806004389296526	0.0121609107601578715	0.0202561549554795271	0.975990115277307029	0.00449508176156345148	0.0031815356543446647	0.295413252601091392	0.539092549183664925	0.115989408158283008	0.244150909355292202	0.111271828600820982	0.10757872076937776	0.268537171614758838
G:	0.0448952611182346647	0.419450583788329138	0.0717775221692391448	0.261695537774450227	0.252879128374156296	0.571864095532826973	0.259997036115309089	0.0031815356543446647	0.00449508176156345148	0.975990115277307029	0.0202561549554795271	0.0121609107601578715	0.00185806004389296526	0.98126252821939938	0.927100638027125228	0.116489334890886899	0.0600527036907834564	0.501570226749731614	0.198681525360473318	0.641422503892964641	0.283248753336187786	0.338451063622006494
T:	0.102616492417218666	0.140531078184312836	0.202894611558135089	0.0834773671063473131	0.087608187911495167	0.141999107269765697	0.231405224057411162	0.0591744564312701451	0.0120404983766938636	0.001178304277751958	0.96731600650647303	0.0002669277778895714	0.020973520401048048	0.00220189164234330459	0.0105433698872599618	0.240198796014854228	0.111568055746007715	0.194311856300775567	0.506306142493029937	0.0421966134217792072	0.125775289045773272	0.197318244231793924



2	CGTACGG.C	0.499157380907413595


A:	0.10425168953944851	0.314171788059286564	0.577522279349407533	0.0850622330083805302	0.236722795324858484	0.318248244148289993	0.0105433698872599618	0.00960478037912033336	0.0192821443302925288	0.000366506017272042103	0.989173534795439156	0.00180196277605122731	0.0069627375764046115	0.0537923183864706916	0.347898616493167481	0.289286691379543904	0.188128508791209812	0.0508614227912045433	0.20510905408443517	0.483397236848661183	0.195693520531440744	0.526856327618862923	0.402459169484175525
C:	0.335766648487909516	0.411156078213339202	0.0773048157697949272	0.574450450705968007	0.0494140018725488458	0.190349495678989756	0.927100638027125228	0.952661749806661866	0.000688588441527585857	0.00948072448488653303	0.00889059592395598896	0.993729498402783622	0.00426825562306907956	0.00323729941221588265	0.295413252601091392	0.539092549183664925	0.115989408158283008	0.244150909355292202	0.111271828600820982	0.10757872076937776	0.268537171614758838	0.123880677472692981	0.127860033434186483
G:	0.419450583788329138	0.0717775221692391448	0.261695537774450227	0.252879128374156296	0.571864095532826973	0.259997036115309089	0.0031815356543446647	0.0180705751253893137	0.97922149166434912	0.00356748667177787291	0.00112973925232499891	0.00143635227579481941	0.983585625397276142	0.918290457230573583	0.116489334890886899	0.0600527036907834564	0.501570226749731614	0.198681525360473318	0.641422503892964641	0.283248753336187786	0.338451063622006494	0.125405209193096444	0.192174223472708082
T:	0.140531078184312836	0.202894611558135089	0.0834773671063473131	0.087608187911495167	0.141999107269765697	0.231405224057411162	0.0591744564312701451	0.0196628946888284868	0.000807775563830765107	0.986585282826063552	0.000806130028279855661	0.00303218654537033103	0.00518338140325016684	0.0246799249707398429	0.240198796014854228	0.111568055746007715	0.194311856300775567	0.506306142493029937	0.0421966134217792072	0.125775289045773272	0.197318244231793924	0.223857785715347652	0.277506573608929911



3	C..CCGTACG	0.499083152227600514


A:	0.277506573608929911	0.223857785715347652	0.197318244231793924	0.125775289045773272	0.0421966134217792072	0.506306142493029937	0.194311856300775567	0.111568055746007715	0.240198796014854228	0.0178559879692782618	0.00515075602498978438	0.00455109879309210542	0.000472508183407326864	0.990940033310118898	0.00097599599136497575	0.0388306121849567701	0.0591744564312701451	0.231405224057411162	0.141999107269765697	0.087608187911495167	0.0834773671063473131	0.202894611558135089	0.140531078184312836
C:	0.192174223472708082	0.125405209193096444	0.338451063622006494	0.283248753336187786	0.641422503892964641	0.198681525360473318	0.501570226749731614	0.0600527036907834564	0.116489334890886899	0.917334413648011306	0.98108685024611813	0.000530777883164863288	0.00216820160659359728	0.00235610948868720712	0.986371900874284799	0.0167318676030644468	0.0031815356543446647	0.259997036115309089	0.571864095532826973	0.252879128374156296	0.261695537774450227	0.0717775221692391448	0.419450583788329138
G:	0.127860033434186483	0.123880677472692981	0.268537171614758838	0.10757872076937776	0.111271828600820982	0.244150909355292202	0.115989408158283008	0.539092549183664925	0.295413252601091392	0.00191463906160677545	0.00269266032486343563	0.991243967767374744	0.00957644057998723359	0.0060691704872560201	0.000895118444223875718	0.938094912903135504	0.927100638027125228	0.190349495678989756	0.0494140018725488458	0.574450450705968007	0.0773048157697949272	0.411156078213339202	0.335766648487909516
T:	0.402459169484175525	0.526856327618862923	0.195693520531440744	0.483397236848661183	0.20510905408443517	0.0508614227912045433	0.188128508791209812	0.289286691379543904	0.347898616493167481	0.0628949593211036566	0.0110697334040286498	0.00367415555636828683	0.987782849630011842	0.000634686713937875085	0.0117569846901263496	0.00634260730884327936	0.0105433698872599618	0.318248244148289993	0.236722795324858484	0.0850622330083805302	0.577522279349407533	0.314171788059286564	0.10425168953944851



4	CCGTACG..C	0.499049241862992048


A:	0.197318244231793924	0.125775289045773272	0.0421966134217792072	0.506306142493029937	0.194311856300775567	0.111568055746007715	0.240198796014854228	0.0316059852825439759	0.00577471182108009783	0.00497564577356482905	0.000682986244506829946	0.991072341406788099	0.00107021632842339118	0.0486390254539705446	0.0591744564312701451	0.231405224057411162	0.141999107269765697	0.087608187911495167	0.0834773671063473131	0.202894611558135089	0.140531078184312836	0.102616492417218666	0.168022538535058354
C:	0.338451063622006494	0.283248753336187786	0.641422503892964641	0.198681525360473318	0.501570226749731614	0.0600527036907834564	0.116489334890886899	0.922599544757662996	0.977263668229814912	0.0010390948978461214	0.00293470283027143658	0.00446184466897018677	0.9877949895946527	0.012742733306581666	0.0031815356543446647	0.259997036115309089	0.571864095532826973	0.252879128374156296	0.261695537774450227	0.0717775221692391448	0.419450583788329138	0.0448952611182346647	0.403666431647667669
G:	0.268537171614758838	0.10757872076937776	0.111271828600820982	0.244150909355292202	0.115989408158283008	0.539092549183664925	0.295413252601091392	0.0091219312315194358	0.00536802140039292765	0.991459041387258402	0.00532963250151008027	0.00388481290438384782	0.000891107249527671584	0.932609743769267842	0.927100638027125228	0.190349495678989756	0.0494140018725488458	0.574450450705968007	0.0773048157697949272	0.411156078213339202	0.335766648487909516	0.368441618061866249	0.0871367860951269746
T:	0.195693520531440744	0.483397236848661183	0.20510905408443517	0.0508614227912045433	0.188128508791209812	0.289286691379543904	0.347898616493167481	0.0366725387282735928	0.0115935985487120621	0.00252621794133064711	0.991052678423711653	0.000581001019857866796	0.0102436868273962368	0.00600849747017994762	0.0105433698872599618	0.318248244148289993	0.236722795324858484	0.0850622330083805302	0.577522279349407533	0.314171788059286564	0.10425168953944851	0.48404662840268042	0.341174243722147002



5	A.CGTACGG	0.498709685385489208


A:	0.341174243722147002	0.48404662840268042	0.10425168953944851	0.314171788059286564	0.577522279349407533	0.0850622330083805302	0.236722795324858484	0.318248244148289993	0.0105433698872599618	0.0158458992089896726	0.0273452516158195496	0.00092077103082522502	0.986092330045922845	0.00298712983624746026	0.0153513852024284933	0.0752860240801246762	0.347898616493167481	0.289286691379543904	0.188128508791209812	0.0508614227912045433	0.20510905408443517	0.483397236848661183	0.195693520531440744
C:	0.0871367860951269746	0.368441618061866249	0.335766648487909516	0.411156078213339202	0.0773048157697949272	0.574450450705968007	0.0494140018725488458	0.190349495678989756	0.927100638027125228	0.831704349174746938	0.000431182022078035496	0.00623714386392065454	0.0104726176060693351	0.991031441283616063	0.0089305030358166618	0.0108279960199043584	0.295413252601091392	0.539092549183664925	0.115989408158283008	0.244150909355292202	0.111271828600820982	0.10757872076937776	0.268537171614758838
G:	0.403666431647667669	0.0448952611182346647	0.419450583788329138	0.0717775221692391448	0.261695537774450227	0.252879128374156296	0.571864095532826973	0.259997036115309089	0.0031815356543446647	0.105398287811890443	0.971163214218840386	0.00410805437344448118	0.0029737128129529068	0.000685379614732936037	0.971545979231290709	0.904530233363650954	0.116489334890886899	0.0600527036907834564	0.501570226749731614	0.198681525360473318	0.641422503892964641	0.283248753336187786	0.338451063622006494
T:	0.168022538535058354	0.102616492417218666	0.140531078184312836	0.202894611558135089	0.0834773671063473131	0.087608187911495167	0.141999107269765697	0.231405224057411162	0.0591744564312701451	0.0470514638043729464	0.00106035214326202918	0.988734030731809639	0.000461339535054912574	0.00529604926540354119	0.00417213253046413603	0.00935574653632001157	0.240198796014854228	0.111568055746007715	0.194311856300775567	0.506306142493029937	0.0421966134217792072	0.125775289045773272	0.197318244231793924



