1	G..CGTACGA	0.492686827027561


A:	0.292795054987909236	0.294019293915763038	0.276496932108927986	0.214021830829911083	0.173426073396722466	0.147615089097983634	0.283510525522527372	0.228866241735579234	0.106759987050563057	0.106539218589163239	0.0080473426409350394	0.00249617850724525409	0.989410737685694972	0.00186081204551574873	0.118174618739246437	0.716737254542383309	0.283134478167200217	0.242990898226784309	0.27390505641991912	0.0825337834668735812	0.24316652780315387	0.332034165646760356	0.188858645443915698
C:	0.117575201021675194	0.220686301465289261	0.419591355604626647	0.326582646179118825	0.266515134707642634	0.145344939610643088	0.0781327185841484085	0.0825839037728662044	0.150687354110271684	0.695342909020138117	0.00176521791542375992	0.00284305416314401787	0.00649774151981897636	0.990991769307945809	0.0221926120019862133	0.0536372026048040489	0.382882140677819687	0.36013687076819695	0.186666036728857503	0.0923054321442125486	0.33083142434464685	0.150235401705998893	0.297097510319757417
G:	0.160368715813731396	0.175283736546679578	0.215360084641806256	0.261300147793338679	0.175456231104296158	0.563898672455614031	0.447104141963042553	0.24892130832317333	0.140227808897864727	0.0261014904226833665	0.98922058031296503	0.00154821052064429861	0.00281556375482853747	0.00147218460197767012	0.797770434926179087	0.134765095766797899	0.048663303527666055	0.0760387660764229287	0.130434191332054224	0.726538452683031164	0.154727510876880979	0.149354711425712967	0.272608323574110688
T:	0.429261028176684174	0.310010668072268123	0.0885516276446391101	0.198095375197631413	0.384602560791338741	0.143141298835759246	0.191252613930281667	0.439628546168381232	0.602324849941300532	0.172016381968015278	0.000966859130676171066	0.993112556808966429	0.001275957039657514	0.00567523404456077225	0.0618623343325882626	0.0948604470860147431	0.285320077627314042	0.320833464928595812	0.408994715519169152	0.0986223317058827067	0.271274536975318301	0.368375721221527784	0.241435520662216198



2	TCGTACGA	0.491842780959905195


A:	0.294019293915763038	0.276496932108927986	0.214021830829911083	0.173426073396722466	0.147615089097983634	0.283510525522527372	0.228866241735579234	0.106759987050563057	0.179331309043404774	0.00876195018339093738	0.00227991731289865857	0.989368115945382024	0.00198083885207568393	0.106601233913707852	0.602324849941300532	0.283134478167200217	0.242990898226784309	0.27390505641991912	0.0825337834668735812	0.24316652780315387	0.332034165646760356	0.188858645443915698
C:	0.220686301465289261	0.419591355604626647	0.326582646179118825	0.266515134707642634	0.145344939610643088	0.0781327185841484085	0.0825839037728662044	0.150687354110271684	0.656981448012465689	0.00240941098310169096	0.00513224137586505112	0.00321972536585426616	0.986847799981431688	0.0570860090304216861	0.140227808897864727	0.382882140677819687	0.36013687076819695	0.186666036728857503	0.0923054321442125486	0.33083142434464685	0.150235401705998893	0.297097510319757417
G:	0.175283736546679578	0.215360084641806256	0.261300147793338679	0.175456231104296158	0.563898672455614031	0.447104141963042553	0.24892130832317333	0.140227808897864727	0.0570860090304216861	0.986847799981431688	0.00321972536585426616	0.00513224137586505112	0.00240941098310169096	0.656981448012465689	0.150687354110271684	0.048663303527666055	0.0760387660764229287	0.130434191332054224	0.726538452683031164	0.154727510876880979	0.149354711425712967	0.272608323574110688
T:	0.310010668072268123	0.0885516276446391101	0.198095375197631413	0.384602560791338741	0.143141298835759246	0.191252613930281667	0.439628546168381232	0.602324849941300532	0.106601233913707852	0.00198083885207568393	0.989368115945382024	0.00227991731289865857	0.00876195018339093738	0.179331309043404774	0.106759987050563057	0.285320077627314042	0.320833464928595812	0.408994715519169152	0.0986223317058827067	0.271274536975318301	0.368375721221527784	0.241435520662216198



3	AT.GTACGA	0.490902523955349205


A:	0.274930669675197863	0.322112036969353949	0.209518046519441518	0.129773836710434903	0.223847670659823596	0.318502527515273322	0.306260340026396576	0.698677715883574449	0.129406246231725179	0.249107957543630239	0.0114618743147259596	0.00328444818526174717	0.992000281372069788	0.00127375595521189459	0.025801607271248427	0.811933487448013121	0.194104915016268302	0.113141869869815621	0.228553595922763814	0.0888481603017316039	0.241258052724490894	0.560947015100824858	0.0459159116008299589
C:	0.168205890113087646	0.22234157555914977	0.267424702249304846	0.145999018189146416	0.172079910952578323	0.298019822638829956	0.235983316053785843	0.0592544534576816747	0.159753390790775509	0.312197829501537043	0.00094093812280548747	0.00350600822326179328	0.00123944157485770254	0.993326014813272727	0.012876597752559857	0.0134298011255258518	0.538908201874074492	0.262196321708671355	0.47134525546324263	0.175336434243131466	0.268042251295707879	0.182089950210899471	0.239818815737506314
G:	0.171787315888639265	0.17964708352080604	0.328014003328660145	0.572974328546197173	0.26567339086750751	0.185892995730644524	0.314424840446329283	0.151895366500967917	0.0558810448547910401	0.0310276172663815611	0.986357384424235109	0.00106991435103433369	0.00427549572334995767	0.0021833854013827628	0.857313387374131599	0.0595415893646342285	0.0514176741968211538	0.0851691328792741486	0.0937246246193829786	0.136120415218116319	0.287374231735011822	0.0838202670631370781	0.0944289438407439033
T:	0.385076124323075226	0.275899303950690241	0.195043247902593491	0.151252816554221508	0.338399027520090571	0.197584654115252198	0.143331503473488298	0.0901724641577759589	0.654959318122708272	0.407666595688451157	0.00123980313823344425	0.992139629240442126	0.00248478132972255139	0.00321684383013261544	0.104008407602060117	0.115095122061826799	0.215569208912836052	0.539492675542238876	0.206376523994610577	0.599694990237020612	0.203325464244789405	0.173142767625138593	0.619836328820919823



4	CGTACGGC	0.49089988640292389


A:	0.0658911746135258041	0.322395316508488264	0.0686268691652483281	0.208666231014162743	0.287141708714684073	0.206528600677128434	0.357987269604176436	0.0941558854051999953	0.00962459743811181397	0.00169940208904457623	0.990017029255523613	0.00273425595039435852	0.0260543267812885818	0.328253986605737421	0.0536076863093895757	0.285272747123663103	0.0986787642334444864	0.203233971004590751	0.0846908817963585517	0.255327731832915527	0.466284432654731151	0.194217039702680808
C:	0.285634513562315207	0.10052108659362535	0.488786849135878381	0.347719274879152469	0.0700037970239022441	0.0658181264375863162	0.131626633369625847	0.803474978859364454	0.0011545702806254762	0.00619676225971780182	0.00184870729582759281	0.986074829102097545	0.00870165629278693608	0.0081059253867812541	0.85576015925775606	0.346541330782792591	0.268292840919935019	0.0395482363059555199	0.542765900442934626	0.212459197654758936	0.2560143373850908	0.0991295084395979768
G:	0.223655347547749197	0.405550888612296125	0.360797966402275047	0.203960022418040225	0.427174645667069542	0.176610866758714372	0.116351595990387422	0.0118570935915035235	0.987716359108297801	0.00161135558562760116	0.00359007440295419551	0.00160033108970118374	0.88338025067601299	0.502606082104590052	0.0057881491825233049	0.185350960324823728	0.113854558782535661	0.246965807948472603	0.127301911628877519	0.450176015981491774	0.212688598556304592	0.215702701438581159
T:	0.424818964276409792	0.171532708285590261	0.0817883152965982434	0.239654471688644564	0.215679848594344141	0.551042406126570879	0.394034501035810295	0.0905120421439320273	0.00150447317296490901	0.990492480065610021	0.00454418904569459902	0.00959058385780691322	0.0818637662499114921	0.161034005902891273	0.0848440052503310595	0.182834961768720578	0.519173836064084834	0.510251984740981126	0.245241306131829304	0.0820370545308337625	0.0650126314038734571	0.490950750419140056



5	T.CGTACGA	0.490739368795377093


A:	0.292795054987909236	0.294019293915763038	0.276496932108927986	0.214021830829911083	0.173426073396722466	0.147615089097983634	0.283510525522527372	0.228866241735579234	0.106759987050563057	0.043235177578339639	0.00737640008833731067	0.00581014909029440984	0.989636580000155786	0.00246934673120889894	0.0566073198088763534	0.771851928630543539	0.283134478167200217	0.242990898226784309	0.27390505641991912	0.0825337834668735812	0.24316652780315387	0.332034165646760356	0.188858645443915698
C:	0.117575201021675194	0.220686301465289261	0.419591355604626647	0.326582646179118825	0.266515134707642634	0.145344939610643088	0.0781327185841484085	0.0825839037728662044	0.150687354110271684	0.787704928686049534	0.00190281051270445077	0.00165430034380643012	0.00548482289116628504	0.98903954000521044	0.00783123108915169362	0.0197729095192683141	0.382882140677819687	0.36013687076819695	0.186666036728857503	0.0923054321442125486	0.33083142434464685	0.150235401705998893	0.297097510319757417
G:	0.160368715813731396	0.175283736546679578	0.215360084641806256	0.261300147793338679	0.175456231104296158	0.563898672455614031	0.447104141963042553	0.24892130832317333	0.140227808897864727	0.0224712235769893958	0.989513637310321416	0.00179917204000605956	0.0029491885824399991	0.00120796891751469379	0.887873954329567512	0.0631893298875391077	0.048663303527666055	0.0760387660764229287	0.130434191332054224	0.726538452683031164	0.154727510876880979	0.149354711425712967	0.272608323574110688
T:	0.429261028176684174	0.310010668072268123	0.0885516276446391101	0.198095375197631413	0.384602560791338741	0.143141298835759246	0.191252613930281667	0.439628546168381232	0.602324849941300532	0.146588670158621431	0.00120715208863682265	0.9907363785258931	0.00192940852623792992	0.00728314434606596736	0.0476874947724044414	0.14518583196264904	0.285320077627314042	0.320833464928595812	0.408994715519169152	0.0986223317058827067	0.271274536975318301	0.368375721221527784	0.241435520662216198



