1	CCGTACGG	0.49918530588061028


A:	0.226104989581863709	0.166397615243759536	0.0435631462441103492	0.726743882490718776	0.0479733929438120319	0.181245394376818189	0.110135421975325182	0.0265982492121544699	0.00525903720161469772	0.0193101596917965659	0.000339166815838646786	0.966323071972753926	0.00120787998000915825	0.0126005206960877916	0.0141365439230555499	0.253419313603240786	0.327371620958982802	0.148313870854657019	0.0645310619829496781	0.258525354016097934	0.436347653026831295	0.284580033949157883
C:	0.545170526384708468	0.165034085267550853	0.604063735631962093	0.133810320158403051	0.522819667785701155	0.0588316388254695743	0.239731244077107953	0.93632481122365745	0.97192586382657354	0.00197927377871047026	0.00694838241549418543	0.0263893787959132417	0.977502686549483806	0.0102145782757239705	0.0229403956411325299	0.286020083079861058	0.383850792577209781	0.0734939655197414016	0.203412600327301926	0.230257419844920663	0.120234657096913367	0.0950046527516257609
G:	0.0843341290138999879	0.284521247970908288	0.0700771550777659739	0.104661648193733637	0.218832684333973043	0.672920794836281576	0.279697719160577003	0.0229403956411325299	0.0102145782757239705	0.977502686549483805	0.0263893787959132417	0.00694838241549418543	0.00197927377871047026	0.97192586382657354	0.93632481122365745	0.229803527272685576	0.0908279736990125767	0.303809446331778335	0.27273725234493525	0.373292191741171287	0.0654194780571020334	0.116541452829474848
T:	0.144390355019527835	0.384047051517781323	0.282295963046161584	0.034784149157144536	0.21037425493651377	0.0870021719614306611	0.370435614786989862	0.0141365439230555499	0.0126005206960877916	0.00120787998000915825	0.966323071972753926	0.000339166815838646786	0.0193101596917965659	0.00525903720161469772	0.0265982492121544699	0.230757076044212579	0.19794961276479484	0.474382717293823245	0.459319085344813146	0.137925034397810116	0.377998211819153304	0.503873860469741508



2	CCGTACG..C	0.49892885365733195


A:	0.503873860469741508	0.377998211819153304	0.137925034397810116	0.459319085344813146	0.474382717293823245	0.19794961276479484	0.230757076044212579	0.066359316482839743	0.00479795897340692526	0.0065444315092606371	0.00061330988414821438	0.986990819883707591	0.000990151525236966561	0.0101084488489443033	0.0141365439230555499	0.370435614786989862	0.0870021719614306611	0.21037425493651377	0.034784149157144536	0.282295963046161584	0.384047051517781323	0.144390355019527835	0.332667480281768162
C:	0.116541452829474848	0.0654194780571020334	0.373292191741171287	0.27273725234493525	0.303809446331778335	0.0908279736990125767	0.229803527272685576	0.907807272981250913	0.97262469799865223	0.000996800494592034707	0.00324986070317895153	0.00790173033298259789	0.985967012946970986	0.00972808118769794939	0.0229403956411325299	0.279697719160577003	0.672920794836281576	0.218832684333973043	0.104661648193733637	0.0700771550777659739	0.284521247970908288	0.0843341290138999878	0.107296091174258256
G:	0.0950046527516257609	0.120234657096913367	0.230257419844920663	0.203412600327301926	0.0734939655197414016	0.383850792577209781	0.286020083079861058	0.00970468110581831628	0.00942888849624670487	0.990582961182169773	0.00630731652697686393	0.00439177750128723998	0.00110962996125853245	0.968158719020466632	0.93632481122365745	0.239731244077107953	0.0588316388254695743	0.522819667785701155	0.133810320158403051	0.604063735631962093	0.165034085267550853	0.545170526384708468	0.0395369645372219016
T:	0.284580033949157883	0.436347653026831295	0.258525354016097934	0.0645310619829496781	0.148313870854657019	0.327371620958982802	0.253419313603240786	0.0161287294300910279	0.0131484545316941396	0.00187580681397755512	0.98982951288569597	0.000715672282022570761	0.0119332055665335151	0.0120047509428911155	0.0265982492121544699	0.110135421975325182	0.181245394376818189	0.0479733929438120319	0.726743882490718776	0.0435631462441103492	0.166397615243759536	0.226104989581863709	0.520499464006751681



3	CGTACGG.C	0.498465852134877166


A:	0.166397615243759536	0.0435631462441103492	0.726743882490718776	0.0479733929438120319	0.181245394376818189	0.110135421975325182	0.0265982492121544699	0.0131984127062783239	0.0223631171233306343	0.000625192902582852517	0.985865859876340294	0.00116955012163491137	0.00910435345835947402	0.0631765976050532009	0.253419313603240786	0.327371620958982802	0.148313870854657019	0.0645310619829496781	0.258525354016097934	0.436347653026831295	0.284580033949157883	0.723745126795222848	0.252017731224393862
C:	0.165034085267550853	0.604063735631962093	0.133810320158403051	0.522819667785701155	0.0588316388254695743	0.239731244077107953	0.93632481122365745	0.932123682327117922	0.00126018247133321417	0.0086166203005327433	0.0116116693718688793	0.992014721066255795	0.0114157102042202364	0.0187797657700326606	0.286020083079861058	0.383850792577209781	0.0734939655197414016	0.203412600327301926	0.230257419844920663	0.120234657096913367	0.0950046527516257609	0.0333206275235000076	0.0654209447951410961
G:	0.284521247970908288	0.0700771550777659739	0.104661648193733637	0.218832684333973043	0.672920794836281576	0.279697719160577003	0.0229403956411325299	0.030564157291166845	0.974732516328586086	0.00499295657733554194	0.00184381858717372294	0.00157328251921445239	0.971085848226139018	0.847297306051614125	0.229803527272685576	0.0908279736990125767	0.303809446331778335	0.27273725234493525	0.373292191741171287	0.0654194780571020334	0.116541452829474848	0.0434420964673374734	0.122551759686844589
T:	0.384047051517781323	0.282295963046161584	0.034784149157144536	0.21037425493651377	0.0870021719614306611	0.370435614786989862	0.0141365439230555499	0.0241137476754369087	0.00164418407675006517	0.985765230219548862	0.000678652164617103629	0.00524244629289484102	0.00839408811128127195	0.0707463305733000134	0.230757076044212579	0.19794961276479484	0.474382717293823245	0.459319085344813146	0.137925034397810116	0.377998211819153304	0.503873860469741508	0.199492149213939671	0.560009564293620453



4	C..CCGTACG	0.49818173960288452


A:	0.560009564293620453	0.199492149213939671	0.503873860469741508	0.377998211819153304	0.137925034397810116	0.459319085344813146	0.474382717293823245	0.19794961276479484	0.230757076044212579	0.0211516639299454573	0.00367557660869417035	0.00502980603936609947	0.000597618224261680456	0.991657605110007883	0.00096124854712796886	0.0333299902685454417	0.0141365439230555499	0.370435614786989862	0.0870021719614306611	0.21037425493651377	0.034784149157144536	0.282295963046161584	0.384047051517781323
C:	0.122551759686844589	0.0434420964673374734	0.116541452829474848	0.0654194780571020334	0.373292191741171287	0.27273725234493525	0.303809446331778335	0.0908279736990125767	0.229803527272685576	0.933195501741677169	0.98125046529043947	0.000898952678426486724	0.00191011241652044924	0.00293576096041651499	0.986327978775547503	0.0168368123181481443	0.0229403956411325299	0.279697719160577003	0.672920794836281576	0.218832684333973043	0.104661648193733637	0.0700771550777659739	0.284521247970908288
G:	0.0654209447951410961	0.0333206275235000076	0.0950046527516257609	0.120234657096913367	0.230257419844920663	0.203412600327301926	0.0734939655197414016	0.383850792577209781	0.286020083079861058	0.00487083581479290141	0.00408131718603441256	0.992086037288592464	0.0116982014791594125	0.00444344596463029469	0.00154472771155515512	0.9418375135314939	0.93632481122365745	0.239731244077107953	0.0588316388254695743	0.522819667785701155	0.133810320158403051	0.604063735631962093	0.165034085267550853
T:	0.252017731224393862	0.723745126795222848	0.284580033949157883	0.436347653026831295	0.258525354016097934	0.0645310619829496781	0.148313870854657019	0.327371620958982802	0.253419313603240786	0.0407819985135844722	0.0109926409148319474	0.00198520399361495013	0.985794067880058458	0.000963187964945307443	0.0111660449657693733	0.00799568388181251364	0.0265982492121544699	0.110135421975325182	0.181245394376818189	0.0479733929438120319	0.726743882490718776	0.0435631462441103492	0.166397615243759536



5	CGTACGGC	0.498064528078233812


A:	0.166397615243759536	0.0435631462441103492	0.726743882490718776	0.0479733929438120319	0.181245394376818189	0.110135421975325182	0.0265982492121544699	0.0222217788699768375	0.0291959875558773412	0.000624358542839586379	0.984315412900675347	0.00293397773506892415	0.0286255796076050651	0.113124635923858018	0.253419313603240786	0.327371620958982802	0.148313870854657019	0.0645310619829496781	0.258525354016097934	0.436347653026831295	0.284580033949157883	0.723745126795222848
C:	0.165034085267550853	0.604063735631962093	0.133810320158403051	0.522819667785701155	0.0588316388254695743	0.239731244077107953	0.93632481122365745	0.880664058718806375	0.00209257421987414587	0.0110064224913893725	0.0124577097219434217	0.988950424432457213	0.0119117842105339893	0.0200311250720393403	0.286020083079861058	0.383850792577209781	0.0734939655197414016	0.203412600327301926	0.230257419844920663	0.120234657096913367	0.0950046527516257609	0.0333206275235000076
G:	0.284521247970908288	0.0700771550777659739	0.104661648193733637	0.218832684333973043	0.672920794836281576	0.279697719160577003	0.0229403956411325299	0.0506024407921262765	0.968062669649389835	0.00364429812839475408	0.00236734599760354947	0.00119367039626494678	0.954234838833014868	0.777786120561605737	0.229803527272685576	0.0908279736990125767	0.303809446331778335	0.27273725234493525	0.373292191741171287	0.0654194780571020334	0.116541452829474848	0.0434420964673374734
T:	0.384047051517781323	0.282295963046161584	0.034784149157144536	0.21037425493651377	0.0870021719614306611	0.370435614786989862	0.0141365439230555499	0.0465117216190905107	0.000648768574858678404	0.984724920837376287	0.000859531379777681737	0.00692192743620891642	0.00522779734884607727	0.0890581184424969047	0.230757076044212579	0.19794961276479484	0.474382717293823245	0.459319085344813146	0.137925034397810116	0.377998211819153304	0.503873860469741508	0.199492149213939671



