1	CCGTACGG	0.498829802992149311


A:	0.480195010190329127	0.142614898070198228	0.18148336472081602	0.628208412978798636	0.202802343763819674	0.0956341462342162871	0.10100515113830927	0.0813211120953999852	0.0138292105048451277	0.0256325446944345151	0.000265698533626869101	0.965586697379415484	0.001359300781310841	0.0577492828130878039	0.124584387145368207	0.336206160083492795	0.507793420396517977	0.393996960691395914	0.0315481333343297294	0.323416653448396473	0.182169635110172605	0.185173058384634479
C:	0.339083402025546438	0.227504507443587518	0.314751511186612626	0.10021483851881849	0.31780455997315889	0.211676646920037119	0.307591602862715345	0.757163341117196641	0.908215044654851032	0.00200628857485280569	0.0128101034688768104	0.0213375006180808369	0.971001865949401838	0.0202064620272160363	0.0369311596420351667	0.211300790117118005	0.214945284795430113	0.10159357334022416	0.234331024112026022	0.103218246801177691	0.156598580580895686	0.255513916104226307
G:	0.0683961957915274475	0.392387871469265956	0.214244668350849816	0.244154456681211457	0.302729016822046731	0.564600074635906153	0.278496481885474373	0.0369311596420351667	0.0202064620272160363	0.971001865949401838	0.0213375006180808369	0.0128101034688768104	0.00200628857485280569	0.908215044654851032	0.757163341117196641	0.285789020086218865	0.186696899124687858	0.254910690943736844	0.103578278585799627	0.467531450382738825	0.416044596163119871	0.202392939617122516
T:	0.112325391992596988	0.237492723016948298	0.289520455741721538	0.0274222918211714166	0.176664079440974705	0.12808913220984044	0.312906764113501013	0.124584387145368207	0.0577492828130878039	0.001359300781310841	0.965586697379415484	0.000265698533626869101	0.0256325446944345151	0.0138292105048451277	0.0813211120953999852	0.166704029713170335	0.0905643956833640519	0.249498775024643081	0.630542563967844622	0.105833649367687011	0.245187188145811839	0.356920085894016698



2	CCGTACG..C	0.498434953326418729


A:	0.356920085894016698	0.245187188145811839	0.105833649367687011	0.630542563967844622	0.249498775024643081	0.0905643956833640519	0.166704029713170335	0.0365406847912273177	0.0096224852857736508	0.00639905660309006345	0.000456502618519731947	0.989410533989265741	0.0013453440137817739	0.11880389495289027	0.124584387145368207	0.312906764113501013	0.12808913220984044	0.176664079440974705	0.0274222918211714166	0.289520455741721538	0.237492723016948298	0.112325391992596988	0.0623213220544154663
C:	0.202392939617122516	0.416044596163119871	0.467531450382738825	0.103578278585799627	0.254910690943736844	0.186696899124687858	0.285789020086218865	0.922505364548505754	0.969823754810001372	0.0011146888327093585	0.00391622094720556096	0.00516066983848585393	0.986762245018179621	0.0435526596906798438	0.0369311596420351667	0.278496481885474373	0.564600074635906153	0.302729016822046731	0.244154456681211457	0.214244668350849816	0.392387871469265956	0.0683961957915274475	0.739697290251988698
G:	0.255513916104226307	0.156598580580895686	0.103218246801177691	0.234331024112026022	0.10159357334022416	0.214945284795430113	0.211300790117118005	0.00888159504524593703	0.00692461737852972075	0.989744769859224073	0.00698062645029870441	0.00490671113165191601	0.00102020208929450857	0.82927166729079026	0.757163341117196641	0.307591602862715345	0.211676646920037119	0.31780455997315889	0.10021483851881849	0.314751511186612626	0.227504507443587518	0.339083402025546438	0.0414932658662612219
T:	0.185173058384634479	0.182169635110172605	0.323416653448396473	0.0315481333343297294	0.393996960691395914	0.507793420396517977	0.336206160083492795	0.0320723556150209917	0.0136291425256952569	0.00274148470497650522	0.988646649983976003	0.000522085040596489396	0.0108722088787440966	0.00837177806563962679	0.0813211120953999852	0.10100515113830927	0.0956341462342162871	0.202802343763819674	0.628208412978798636	0.18148336472081602	0.142614898070198228	0.480195010190329127	0.156488121827334614



3	CGTACGG..A	0.4983932569471882


A:	0.142614898070198228	0.18148336472081602	0.628208412978798636	0.202802343763819674	0.0956341462342162871	0.10100515113830927	0.0813211120953999852	0.0160142644894732285	0.0176428741088814586	0.000483113156307885058	0.987969775258356589	0.00190989553891084776	0.0114667773581263688	0.0291326861565248473	0.336206160083492795	0.507793420396517977	0.393996960691395914	0.0315481333343297294	0.323416653448396473	0.182169635110172605	0.185173058384634479	0.534780354236970938	0.542559426372159424
C:	0.227504507443587518	0.314751511186612626	0.10021483851881849	0.31780455997315889	0.211676646920037119	0.307591602862715345	0.757163341117196641	0.816003207925932352	0.00153553874746950607	0.00737350354028613806	0.00900741742287563673	0.98956998255304054	0.0110314330904451007	0.0116575624751664271	0.211300790117118005	0.214945284795430113	0.10159357334022416	0.234331024112026022	0.103218246801177691	0.156598580580895686	0.255513916104226307	0.128492793654830783	0.104556228854357849
G:	0.392387871469265956	0.214244668350849816	0.244154456681211457	0.302729016822046731	0.564600074635906153	0.278496481885474373	0.0369311596420351667	0.103718227529217079	0.980118757873142509	0.00416421108090722113	0.00251306487602247099	0.00128917148122336745	0.972202631816331826	0.930366436389440904	0.285789020086218865	0.186696899124687858	0.254910690943736844	0.103578278585799627	0.467531450382738825	0.416044596163119871	0.202392939617122516	0.0694186138113258657	0.119280520999298315
T:	0.237492723016948298	0.289520455741721538	0.0274222918211714166	0.176664079440974705	0.12808913220984044	0.312906764113501013	0.124584387145368207	0.0642643000553773401	0.000702829270506526773	0.987979172222498756	0.000509742442745302799	0.00723095042682524472	0.00529915773509670397	0.0288433149788678217	0.166704029713170335	0.0905643956833640519	0.249498775024643081	0.630542563967844622	0.105833649367687011	0.245187188145811839	0.356920085894016698	0.267308238296872413	0.233603823774184411



4	CGTACGG.A	0.498044639173460553


A:	0.142614898070198228	0.18148336472081602	0.628208412978798636	0.202802343763819674	0.0956341462342162871	0.10100515113830927	0.0813211120953999852	0.0162865697184776291	0.027126100677073969	0.000659938509428194366	0.985559142153466359	0.00258508945180136549	0.0215862854388267736	0.0305343665846284283	0.336206160083492795	0.507793420396517977	0.393996960691395914	0.0315481333343297294	0.323416653448396473	0.182169635110172605	0.185173058384634479	0.534780354236970938	0.542559426372159424
C:	0.227504507443587518	0.314751511186612626	0.10021483851881849	0.31780455997315889	0.211676646920037119	0.307591602862715345	0.757163341117196641	0.805716697235549243	0.00175885601478645619	0.0110317387222695304	0.012089368566893979	0.989898205557604433	0.0126234407442996897	0.00895041513007249058	0.211300790117118005	0.214945284795430113	0.10159357334022416	0.234331024112026022	0.103218246801177691	0.156598580580895686	0.255513916104226307	0.128492793654830783	0.104556228854357849
G:	0.392387871469265956	0.214244668350849816	0.244154456681211457	0.302729016822046731	0.564600074635906153	0.278496481885474373	0.0369311596420351667	0.029304321039750097	0.970337977005326148	0.00387114880550859245	0.00178514891953599155	0.00123767955640893479	0.960035451588450084	0.942436596978271454	0.285789020086218865	0.186696899124687858	0.254910690943736844	0.103578278585799627	0.467531450382738825	0.416044596163119871	0.202392939617122516	0.0694186138113258657	0.119280520999298315
T:	0.237492723016948298	0.289520455741721538	0.0274222918211714166	0.176664079440974705	0.12808913220984044	0.312906764113501013	0.124584387145368207	0.148692412006223031	0.00077706630281342719	0.984437173962793683	0.000566340360103670497	0.00627902543418526707	0.00575482222842345301	0.0180786213070276274	0.166704029713170335	0.0905643956833640519	0.249498775024643081	0.630542563967844622	0.105833649367687011	0.245187188145811839	0.356920085894016698	0.267308238296872413	0.233603823774184411



5	C..CGTACGG	0.497471230305724305


A:	0.156488121827334614	0.480195010190329127	0.142614898070198228	0.18148336472081602	0.628208412978798636	0.202802343763819674	0.0956341462342162871	0.10100515113830927	0.0813211120953999852	0.0413878303839287258	0.013559722299674471	0.000454244781738724288	0.984680890583733628	0.00209634851917755592	0.0186256857243355207	0.0527365273695499093	0.336206160083492795	0.507793420396517977	0.393996960691395914	0.0315481333343297294	0.323416653448396473	0.182169635110172605	0.185173058384634479
C:	0.0414932658662612219	0.339083402025546438	0.227504507443587518	0.314751511186612626	0.10021483851881849	0.31780455997315889	0.211676646920037119	0.307591602862715345	0.757163341117196641	0.850424246599293586	0.00210619961427690523	0.0101041018809557869	0.0126534756923301022	0.992713242944115165	0.00475789272374981465	0.00417876828445160639	0.211300790117118005	0.214945284795430113	0.10159357334022416	0.234331024112026022	0.103218246801177691	0.156598580580895686	0.255513916104226307
G:	0.739697290251988698	0.0683961957915274475	0.392387871469265956	0.214244668350849816	0.244154456681211457	0.302729016822046731	0.564600074635906153	0.278496481885474373	0.0369311596420351667	0.0381256599460875443	0.983634214005648886	0.00295346560171054595	0.00211466413411273225	0.00140462900737136331	0.967867533371460277	0.919896086176782592	0.285789020086218865	0.186696899124687858	0.254910690943736844	0.103578278585799627	0.467531450382738825	0.416044596163119871	0.202392939617122516
T:	0.0623213220544154663	0.112325391992596988	0.237492723016948298	0.289520455741721538	0.0274222918211714166	0.176664079440974705	0.12808913220984044	0.312906764113501013	0.124584387145368207	0.0700622630706901438	0.000699864080399737543	0.986488187735594943	0.00055096958982353743	0.00378577952933591574	0.00874888818045438808	0.0231886181692158926	0.166704029713170335	0.0905643956833640519	0.249498775024643081	0.630542563967844622	0.105833649367687011	0.245187188145811839	0.356920085894016698



