1	CCGTACGG	0.499696135337599841


A:	0.142131439227850967	0.34776483163252818	0.223329194211136895	0.0243109930125511057	0.194782559503210297	0.342367385484017312	0.422434587657291484	0.0664715787981919406	0.00577789565412951023	0.0287529963532931704	0.00157332163930017565	0.982990279539965343	0.00119053909433825182	0.0144203908043454444	0.0217901888424869978	0.459294802005900989	0.192061114982160631	0.238728685305175764	0.492723612287385166	0.0452960749813627292	0.537114616754361309	0.340630757899688533
C:	0.190614528475632834	0.106914127150018846	0.505226264782186825	0.798857588817096278	0.195512011951027241	0.0749349969582479829	0.223960822777759045	0.896031946624829253	0.975339025605738918	0.00227193384338066154	0.00320225615815236085	0.0122341426625821209	0.967784530708987916	0.00446268793578612766	0.0157062857344918088	0.0700526975838443636	0.294578475677453459	0.501175557706417714	0.0205002645463150386	0.0866113887006182341	0.0459577731134519427	0.0608010100564776788
G:	0.483032680131391101	0.184481096821012706	0.193185550124658947	0.00576504495884879233	0.362851940774541274	0.329623394397614113	0.271023892249851967	0.0157062857344918088	0.00446268793578612766	0.967784530708987916	0.0122341426625821209	0.00320225615815236085	0.00227193384338066154	0.975339025605738918	0.896031946624829253	0.0739536078510445565	0.0691006503863738507	0.0644361274701127277	0.375322780721328603	0.74212111582504768	0.317786919108692125	0.305975364511231654
T:	0.184221352165125098	0.360839944396440268	0.0782589908820173323	0.171066373211503824	0.246853487771221189	0.253074223160120592	0.0825806973150975043	0.0217901888424869978	0.0144203908043454444	0.00119053909433825182	0.982990279539965343	0.00157332163930017565	0.0287529963532931704	0.00577789565412951023	0.0664715787981919406	0.396698892559210091	0.444259758954012059	0.195659629518293794	0.111453342444971193	0.125971420492971356	0.0991406910234946237	0.292592867532602134



2	A.CGTACGG	0.498484622892782107


A:	0.613989527030285827	0.142131439227850967	0.34776483163252818	0.223329194211136895	0.0243109930125511057	0.194782559503210297	0.342367385484017312	0.422434587657291484	0.0664715787981919406	0.0176682547839502431	0.0101247441923837587	0.00143063451538767028	0.991932253230030688	0.000947072265809273138	0.016343462618699983	0.0839357713215233845	0.459294802005900989	0.192061114982160631	0.238728685305175764	0.492723612287385166	0.0452960749813627292	0.537114616754361309	0.340630757899688533
C:	0.0541856448171028276	0.190614528475632834	0.106914127150018846	0.505226264782186825	0.798857588817096278	0.195512011951027241	0.0749349969582479829	0.223960822777759045	0.896031946624829253	0.938041278435579971	0.00137076499908899604	0.00274067478689152348	0.0033634879199183798	0.989055112012811019	0.00243059441186558996	0.028237666592915139	0.0700526975838443636	0.294578475677453459	0.501175557706417714	0.0205002645463150386	0.0866113887006182341	0.0459577731134519427	0.0608010100564776788
G:	0.275183855842374268	0.483032680131391101	0.184481096821012706	0.193185550124658947	0.00576504495884879233	0.362851940774541274	0.329623394397614113	0.271023892249851967	0.0157062857344918088	0.0217762516682522644	0.987650014848342417	0.00288059314834238461	0.003173393404605108	0.00238039525731141979	0.977522486605502054	0.795152577039587164	0.0739536078510445565	0.0691006503863738507	0.0644361274701127277	0.375322780721328603	0.74212111582504768	0.317786919108692125	0.305975364511231654
T:	0.056640972310237077	0.184221352165125098	0.360839944396440268	0.0782589908820173323	0.171066373211503824	0.246853487771221189	0.253074223160120592	0.0825806973150975043	0.0217901888424869978	0.0225142151122175211	0.000854475960184828278	0.992948097549378422	0.00153086544544582425	0.00761742046406828796	0.00370345636393237278	0.0926739850459743121	0.396698892559210091	0.444259758954012059	0.195659629518293794	0.111453342444971193	0.125971420492971356	0.0991406910234946237	0.292592867532602134



3	A.CCGTACG	0.498473869670951412


A:	0.156655322411372315	0.531437530355243083	0.292592867532602134	0.0991406910234946237	0.125971420492971356	0.111453342444971193	0.195659629518293794	0.444259758954012059	0.396698892559210091	0.0863760538031607405	0.00715003442706548014	0.00477104040470156508	0.00186128901268891188	0.992550866439532493	0.00193311586920307378	0.0236599296312073537	0.0217901888424869978	0.0825806973150975043	0.253074223160120592	0.246853487771221189	0.171066373211503824	0.0782589908820173323	0.360839944396440268
C:	0.255975860546514008	0.0984791696513653502	0.305975364511231654	0.317786919108692125	0.74212111582504768	0.375322780721328603	0.0644361274701127277	0.0691006503863738507	0.0739536078510445565	0.806204916357649112	0.970779580861329094	0.00143029486251550144	0.00243781819244204804	0.00243993228052658375	0.983766254947657145	0.0165859621476732091	0.0157062857344918088	0.271023892249851967	0.329623394397614113	0.362851940774541274	0.00576504495884879233	0.193185550124658947	0.184481096821012706
G:	0.273607991211690451	0.243399997013945163	0.0608010100564776788	0.0459577731134519427	0.0866113887006182341	0.0205002645463150386	0.501175557706417714	0.294578475677453459	0.0700526975838443636	0.0245935058261940313	0.0028396607997503606	0.991818588342552291	0.00401002561711218676	0.00233963767494370008	0.000938654494037232952	0.946933797101578163	0.896031946624829253	0.223960822777759045	0.0749349969582479829	0.195512011951027241	0.798857588817096278	0.505226264782186825	0.106914127150018846
T:	0.313760825830423226	0.126683302979446403	0.340630757899688533	0.537114616754361309	0.0452960749813627292	0.492723612287385166	0.238728685305175764	0.192061114982160631	0.459294802005900989	0.0828255240129961157	0.0192307239118550657	0.0019800763902306425	0.991690867177756853	0.00266956360499722357	0.013361974689102548	0.0128203111195412738	0.0664715787981919406	0.422434587657291484	0.342367385484017312	0.194782559503210297	0.0243109930125511057	0.223329194211136895	0.34776483163252818



4	CGTACGG..C	0.498381450815573192


A:	0.34776483163252818	0.223329194211136895	0.0243109930125511057	0.194782559503210297	0.342367385484017312	0.422434587657291484	0.0664715787981919406	0.00499274293161583198	0.0112169560576345892	0.00125968756431819389	0.99187118970611405	0.00180455031725771762	0.0169025065774898184	0.0682347108989063062	0.459294802005900989	0.192061114982160631	0.238728685305175764	0.492723612287385166	0.0452960749813627292	0.537114616754361309	0.340630757899688533	0.126683302979446403	0.313760825830423226
C:	0.106914127150018846	0.505226264782186825	0.798857588817096278	0.195512011951027241	0.0749349969582479829	0.223960822777759045	0.896031946624829253	0.950740343094278731	0.000963210417029620504	0.00306634146019537251	0.00384940591673854629	0.989256230323008693	0.00166419779317335631	0.0391276204373087366	0.0700526975838443636	0.294578475677453459	0.501175557706417714	0.0205002645463150386	0.0866113887006182341	0.0459577731134519427	0.0608010100564776788	0.243399997013945163	0.273607991211690451
G:	0.184481096821012706	0.193185550124658947	0.00576504495884879233	0.362851940774541274	0.329623394397614113	0.271023892249851967	0.0157062857344918088	0.00588536223894930756	0.985882163257556591	0.00552727206950193063	0.00181380159169337375	0.00125648491664104756	0.977690854568450596	0.677885513366428162	0.0739536078510445565	0.0691006503863738507	0.0644361274701127277	0.375322780721328603	0.74212111582504768	0.317786919108692125	0.305975364511231654	0.0984791696513653502	0.255975860546514008
T:	0.360839944396440268	0.0782589908820173323	0.171066373211503824	0.246853487771221189	0.253074223160120592	0.0825806973150975043	0.0217901888424869978	0.0383815517351561297	0.00193767026777919944	0.990146698905984503	0.00246560278545402971	0.00768273444309254216	0.00374244106088622911	0.214752155297356795	0.396698892559210091	0.444259758954012059	0.195659629518293794	0.111453342444971193	0.125971420492971356	0.0991406910234946237	0.292592867532602134	0.531437530355243083	0.156655322411372315



5	A..CGTACGG	0.498176088143332175


A:	0.613989527030285827	0.142131439227850967	0.34776483163252818	0.223329194211136895	0.0243109930125511057	0.194782559503210297	0.342367385484017312	0.422434587657291484	0.0664715787981919406	0.0133166121022702243	0.0115935519899236092	0.000946541108124394659	0.991693408005774766	0.00241029795765050999	0.0136145992646929232	0.400859614966949284	0.459294802005900989	0.192061114982160631	0.238728685305175764	0.492723612287385166	0.0452960749813627292	0.537114616754361309	0.340630757899688533
C:	0.0541856448171028276	0.190614528475632834	0.106914127150018846	0.505226264782186825	0.798857588817096278	0.195512011951027241	0.0749349969582479829	0.223960822777759045	0.896031946624829253	0.941577593202006035	0.002113549287882015	0.0056375475558642989	0.0038870710343463599	0.991472601238289391	0.00400477359365604704	0.00720424065822287216	0.0700526975838443636	0.294578475677453459	0.501175557706417714	0.0205002645463150386	0.0866113887006182341	0.0459577731134519427	0.0608010100564776788
G:	0.275183855842374268	0.483032680131391101	0.184481096821012706	0.193185550124658947	0.00576504495884879233	0.362851940774541274	0.329623394397614113	0.271023892249851967	0.0157062857344918088	0.00705618793436665914	0.985261938281492425	0.00279159632994186524	0.00284986273444971982	0.00118415451933517546	0.977412679586795396	0.544521305831067137	0.0739536078510445565	0.0691006503863738507	0.0644361274701127277	0.375322780721328603	0.74212111582504768	0.317786919108692125	0.305975364511231654
T:	0.056640972310237077	0.184221352165125098	0.360839944396440268	0.0782589908820173323	0.171066373211503824	0.246853487771221189	0.253074223160120592	0.0825806973150975043	0.0217901888424869978	0.0380496067613570814	0.00103096044070195089	0.990624315006069441	0.00156965822542915435	0.00493294628472492326	0.00496794755485563396	0.0474148385437607072	0.396698892559210091	0.444259758954012059	0.195659629518293794	0.111453342444971193	0.125971420492971356	0.0991406910234946237	0.292592867532602134



