1	CCGTACGG	0.484831572158555341


A:	0.171989132688689248	0.319392089471215294	0.382620402009041888	0.0157171321611958442	0.0719869552717258638	0.348894159537331266	0.587717922292105256	0.0917950318395155238	0.0294431006323754593	0.0304297571214542867	0.0195869533084534091	0.967445856793851836	0.0107321798498360991	0.039365992996419253	0.039696907635562579	0.570027783302082694	0.375147262405397861	0.381785581865339003	0.604830462267103381	0.0726978873031978408	0.876179899542133545	0.3743308581117497
C:	0.155976243714658408	0.0382250206094042312	0.282928902719538494	0.550576599937277765	0.149773722313444264	0.078280796860010968	0.145825144445842008	0.85421890126104661	0.92612334121446014	0.00506614971498044177	0.0019645916153925802	0.0110025982823021748	0.953771913313729172	0.00506756515674514734	0.0142891592638752874	0.076747226611571902	0.207334541704974219	0.444048724227790566	0.0113210728388443289	0.0763217209176176342	0.0195024003341642897	0.0681689421104960072
G:	0.369685486163062883	0.163523099788721728	0.20567781765881905	0.00165422860834064564	0.295789111006440474	0.294208514974975129	0.115737472083138249	0.0142891592638752874	0.00506756515674514734	0.953771913313729172	0.0110025982823021747	0.0019645916153925802	0.00506614971498044177	0.92612334121446014	0.85421890126104661	0.0940247611305235984	0.035646182525622607	0.0511254319803761243	0.293522367803289144	0.679691340643254426	0.0580047159430528243	0.229450612604013226
T:	0.302349137433589461	0.478859790130658747	0.128772877612600567	0.432052039293185745	0.482450211408389398	0.278616528627682638	0.150719461178914486	0.039696907635562579	0.039365992996419253	0.0107321798498360991	0.967445856793851836	0.0195869533084534091	0.0304297571214542867	0.0294431006323754593	0.0917950318395155238	0.259200228955821805	0.381872013364005313	0.123040261926494307	0.0903260970907631461	0.171289051135930099	0.0463129841806493414	0.328049587173741067



2	A..GTACGGA	0.475214650851158866


A:	0.157153422611418801	0.0346775492926104038	0.204274574642788683	0.179769299856347977	0.257061522901401007	0.10284486502525371	0.729884517297264193	0.138731032738520488	0.185163224933414438	0.0436935165433258611	0.0180784166664400062	0.947445408519686851	0.0344152720211258021	0.0626158727628463575	0.109046581735536126	0.788786122895550752	0.154285334494933913	0.23894051765017333	0.704959108453134138	0.0262456676174861397	0.580711107524121414	0.0958314062391813067	0.264737868715231534
C:	0.035621811464632303	0.144090137675783213	0.152698070074948433	0.140431861496033367	0.0063236540373530636	0.0339552647683416635	0.142184361341382625	0.370546841358611107	0.558807747957548134	0.00647310973927218281	0.00740746735355155044	0.00622801003381426131	0.939194128656600505	0.0150544850203379989	0.0349085014067705266	0.0263703030293654928	0.307484843858873988	0.319609432118452437	0.0771426157826514548	0.642372862556625658	0.136996042033994948	0.478257521485533401	0.415616220796240467
G:	0.401038981790033344	0.314502538584501814	0.424891450585930134	0.045707325748236053	0.184635257581340003	0.808420202417240443	0.0854257594900730522	0.183883194672347965	0.0137235342240041121	0.912797539856538705	0.003484512899974068	0.0311404876564884988	0.00816633846245534037	0.875980034433904652	0.79469596857390989	0.117571496930761588	0.0197098056089030308	0.208823399709719633	0.0690094880321099592	0.163895430981813745	0.277092216089278619	0.207519297858472466	0.108553859284915006
T:	0.406185784133915551	0.50672977444710457	0.21813590469633275	0.634091512899382602	0.551979565479905926	0.0547796677891641841	0.0425053618712801291	0.306838931230520439	0.242305492885033316	0.0370358338608632508	0.971029603080034375	0.0151860937900103893	0.0182242608598183526	0.0463496077829109917	0.0613489482837834569	0.0672720771443221679	0.518520016037289068	0.232626650521654599	0.148888787732104449	0.167486038844074457	0.00520063435260501821	0.218391774416812827	0.211092051203612992



3	CGTACG..CA	0.47209529590056611


A:	0.449950994862211634	0.111131892250114671	0.204626607837801577	0.142132872680955053	0.202624658508033207	0.169482803386577052	0.136579205497130404	0.0344988226966456322	0.0262217099400313085	0.945384697348206434	0.0350973103467576021	0.154313586963495494	0.380250151855637044	0.130121590984133998	0.229801676372427757	0.722040902562954613	0.694748624316315293	0.0190387617742760109	0.251800145391454911	0.102535731675266467	0.538231628017758442	0.688878009089859373
C:	0.297962004584266146	0.752675777642550113	0.0300137409332216209	0.0240841965491487563	0.0768914084793109933	0.559030493618736594	0.774602752205144094	0.0155949473902734088	0.00710803938875210965	0.0186434980922729416	0.824798437862772651	0.0841732046942095792	0.0469755699285609851	0.11739657472818397	0.53053784674813003	0.113646814037594591	0.100160086934925099	0.555631256689988863	0.315957773858908909	0.171489665280459043	0.257950949157697881	0.152017057210175641
G:	0.129132252854672298	0.0380794205346089437	0.3719445794666969	0.260674048609229305	0.185351832503621887	0.203081190325782003	0.00963754302167465075	0.918205580182655408	0.00886407994177563911	0.0137159389511982082	0.00520988441343616039	0.603271271664702332	0.502964691228015336	0.306129883009646827	0.0400559493502240989	0.0898398892385061041	0.199409211662198198	0.0774521052156545432	0.262376578250560364	0.245229921807891948	0.163094941604120932	0.0586927553320341923
T:	0.122954747698849922	0.0981129095727262719	0.393415071762279902	0.573108882160666886	0.535132100509033914	0.0684055126689043502	0.0791804992760508511	0.0317006497304255507	0.957806170729440943	0.0222558656083224164	0.134894367377033586	0.158241936677592595	0.0698095869877866342	0.446351951278035205	0.199604527529218114	0.0744723941609446918	0.00568207708656140981	0.347877876320080583	0.169865502499075817	0.480744681236382542	0.0407224812204227458	0.100412178367930793



4	A.CGTACGG	0.46704551094347114


A:	0.325582748859826153	0.171989132688689248	0.319392089471215294	0.382620402009041888	0.0157171321611958442	0.0719869552717258638	0.348894159537331266	0.587717922292105256	0.0917950318395155238	0.107808435682155339	0.0395067383033533538	0.00722167665618474796	0.959875285674399095	0.00878781733620130637	0.114122480161174522	0.0951210205129502506	0.570027783302082694	0.375147262405397861	0.381785581865339003	0.604830462267103381	0.0726978873031978408	0.876179899542133545	0.3743308581117497
C:	0.0367160518579892086	0.155976243714658408	0.0382250206094042312	0.282928902719538494	0.550576599937277765	0.149773722313444264	0.078280796860010968	0.145825144445842008	0.85421890126104661	0.726305062858121027	0.0063956060092163457	0.00852112865700427643	0.00602573373025155342	0.910177167594226844	0.0155918453012795508	0.0383014109295456165	0.076747226611571902	0.207334541704974219	0.444048724227790566	0.0113210728388443289	0.0763217209176176342	0.0195024003341642897	0.0681689421104960072
G:	0.587169080934208227	0.369685486163062883	0.163523099788721728	0.20567781765881905	0.00165422860834064564	0.295789111006440474	0.294208514974975129	0.115737472083138249	0.0142891592638752874	0.0346123982268878341	0.937737914125888303	0.0122481693764456597	0.0185371025156225913	0.0245860936602003106	0.832289522006978765	0.76681092031454414	0.0940247611305235984	0.035646182525622607	0.0511254319803761243	0.293522367803289144	0.679691340643254426	0.0580047159430528243	0.229450612604013226
T:	0.0505321183479764113	0.302349137433589461	0.478859790130658747	0.128772877612600567	0.432052039293185745	0.482450211408389398	0.278616528627682638	0.150719461178914486	0.039696907635562579	0.131274103232835799	0.0163597415615419973	0.972009025310365316	0.0155618780797267603	0.0564489214093715391	0.0379961525305671617	0.0997666482429599925	0.259200228955821805	0.381872013364005313	0.123040261926494307	0.0903260970907631461	0.171289051135930099	0.0463129841806493414	0.328049587173741067



5	CGTACGGA	0.46582646781477989


A:	0.319392089471215294	0.382620402009041888	0.0157171321611958442	0.0719869552717258638	0.348894159537331266	0.587717922292105256	0.0917950318395155238	0.185163224933414438	0.0379607476943482592	0.010534180520808589	0.969011388013710195	0.0114929927222200621	0.0205011207903649157	0.137694340371088245	0.570027783302082694	0.375147262405397861	0.381785581865339003	0.604830462267103381	0.0726978873031978408	0.876179899542133545	0.3743308581117497	0.251186479975295717
C:	0.0382250206094042312	0.282928902719538494	0.550576599937277765	0.149773722313444264	0.078280796860010968	0.145825144445842008	0.85421890126104661	0.558807747957548134	0.0070051455690436654	0.00410150706700016209	0.00590367845368339476	0.943843447137194292	0.00380710892487553051	0.0390680904309198664	0.076747226611571902	0.207334541704974219	0.444048724227790566	0.0113210728388443289	0.0763217209176176342	0.0195024003341642897	0.0681689421104960072	0.168047775471957313
G:	0.163523099788721728	0.20567781765881905	0.00165422860834064564	0.295789111006440474	0.294208514974975129	0.115737472083138249	0.0142891592638752874	0.0137235342240041121	0.938581549858302741	0.00611191230246102748	0.007665222350947033	0.0107547667519562377	0.928592548859740667	0.761002300087623738	0.0940247611305235984	0.035646182525622607	0.0511254319803761243	0.293522367803289144	0.679691340643254426	0.0580047159430528243	0.229450612604013226	0.0585037574582620391
T:	0.478859790130658747	0.128772877612600567	0.432052039293185745	0.482450211408389398	0.278616528627682638	0.150719461178914486	0.039696907635562579	0.242305492885033316	0.0164525568783053343	0.979252400109730221	0.0174197111816593768	0.0339087933886294086	0.0470992214250188873	0.0622352691103681508	0.259200228955821805	0.381872013364005313	0.123040261926494307	0.0903260970907631461	0.171289051135930099	0.0463129841806493414	0.328049587173741067	0.52226198709448493



