1	CCGTACGG	0.487163268343503498


A:	0.138870669518542361	0.122704215268045895	0.0792317519363808067	0.163527975549676547	0.470967439280467816	0.34132596418387211	0.0911450195222032166	0.0674662984145149172	0.0398162420505416099	0.0409387442255527795	0.0120889207211544989	0.874709084493686772	0.0171174145222390522	0.0340821629415684649	0.0717215031409498907	0.101760249100824702	0.193205662028263862	0.287278702109145037	0.120148081626964224	0.206413833817359148	0.192949981005911178	0.0646775042278406582
C:	0.702588742944761529	0.156237323975112696	0.558052670870838835	0.591460019983207687	0.182926488293349232	0.146876182787668558	0.265028926109907367	0.658673538187452108	0.830904207114028789	0.0284811775421454104	0.0476089319077063947	0.0655930628774523346	0.913462663710062758	0.0951973878938611358	0.202138660257083084	0.321794162424707366	0.133474895883070186	0.122324225774578522	0.0681895683588212338	0.081115606800338137	0.252680223483148234	0.0279884831501731641
G:	0.132694174376889022	0.374390820601263725	0.339848180841885819	0.172113240916924694	0.147624754449231343	0.317651841209206528	0.498066923558746406	0.202138660257083084	0.0951973878938611358	0.913462663710062758	0.0655930628774523346	0.0476089319077063947	0.0284811775421454104	0.830904207114028789	0.658673538187452108	0.150506276433341387	0.0513974720966925	0.417540530939350652	0.677818791230400308	0.562981978185717788	0.357285989853908241	0.678289158656828119
T:	0.0258464131598070878	0.346667640155577683	0.0228673963508945389	0.0728987635501910713	0.198481317976951609	0.194146011819252804	0.14575913080914301	0.0717215031409498907	0.0340821629415684649	0.0171174145222390522	0.874709084493686772	0.0120889207211544989	0.0409387442255527795	0.0398162420505416099	0.0674662984145149172	0.425939312041126546	0.621921969991973452	0.172856541176925789	0.133843558783814234	0.149488581196584926	0.197083805657032347	0.229044853965158059



2	CCGTACG.C	0.485603917481430013


A:	0.229044853965158059	0.197083805657032347	0.149488581196584926	0.133843558783814234	0.172856541176925789	0.621921969991973452	0.425939312041126546	0.148196776099771021	0.0808822348851419159	0.0086255591752398856	0.011442129113576532	0.851318284730997491	0.0114390963662173048	0.109838160592675963	0.0717215031409498907	0.14575913080914301	0.194146011819252804	0.198481317976951609	0.0728987635501910713	0.0228673963508945389	0.346667640155577683	0.0258464131598070878	0.539131260460237784
C:	0.678289158656828119	0.357285989853908241	0.562981978185717788	0.677818791230400308	0.417540530939350652	0.0513974720966925	0.150506276433341387	0.699316670947918688	0.795650633386916045	0.0398346442688821965	0.0339063497560869145	0.0642822982403981385	0.922857349563584537	0.0838779848729954319	0.202138660257083084	0.498066923558746406	0.317651841209206528	0.147624754449231343	0.172113240916924694	0.339848180841885819	0.374390820601263725	0.132694174376889022	0.125058065325464173
G:	0.0279884831501731641	0.252680223483148234	0.081115606800338137	0.0681895683588212338	0.122324225774578522	0.133474895883070186	0.321794162424707366	0.0821045510561409673	0.0778004715624384566	0.924263383469556437	0.0412832041812179723	0.0666623883150224209	0.0185565869794495828	0.722659611659773831	0.658673538187452108	0.265028926109907367	0.146876182787668558	0.182926488293349232	0.591460019983207687	0.558052670870838835	0.156237323975112696	0.702588742944761529	0.116242696023552698
T:	0.0646775042278406582	0.192949981005911178	0.206413833817359148	0.120148081626964224	0.287278702109145037	0.193205662028263862	0.101760249100824702	0.0703820018961693231	0.0456666601655035822	0.0272764130863214813	0.913368316949118581	0.01773702871358195	0.047146967090748575	0.0836242428745547746	0.0674662984145149172	0.0911450195222032166	0.34132596418387211	0.470967439280467816	0.163527975549676547	0.0792317519363808067	0.122704215268045895	0.138870669518542361	0.219567978190745345



3	A.CCGTACG	0.484958930964315847


A:	0.636802208083989247	0.0978132743069849087	0.229044853965158059	0.197083805657032347	0.149488581196584926	0.133843558783814234	0.172856541176925789	0.621921969991973452	0.425939312041126546	0.0417538548105779382	0.0279495331535300152	0.00645461648520105171	0.0153255641911085234	0.942045875662530856	0.0103440550816966818	0.0259741249990853161	0.0717215031409498907	0.14575913080914301	0.194146011819252804	0.198481317976951609	0.0728987635501910713	0.0228673963508945389	0.346667640155577683
C:	0.135954774055252638	0.318367285449171541	0.678289158656828119	0.357285989853908241	0.562981978185717788	0.677818791230400308	0.417540530939350652	0.0513974720966925	0.150506276433341387	0.793126407330620383	0.902587140169146564	0.0151342006181502194	0.0176447044440817398	0.0265823202511949526	0.940345077582858445	0.0322131147927586651	0.202138660257083084	0.498066923558746406	0.317651841209206528	0.147624754449231343	0.172113240916924694	0.339848180841885819	0.374390820601263725
G:	0.107444092962094325	0.176721159961895941	0.0279884831501731641	0.252680223483148234	0.081115606800338137	0.0681895683588212338	0.122324225774578522	0.133474895883070186	0.321794162424707366	0.0786024639466557481	0.02064734152802963	0.958104756073836314	0.0241007775840313829	0.0202957631412881914	0.0356904156247785477	0.824000465542108036	0.658673538187452108	0.265028926109907367	0.146876182787668558	0.182926488293349232	0.591460019983207687	0.558052670870838835	0.156237323975112696
T:	0.119798924898663791	0.407098280281947609	0.0646775042278406582	0.192949981005911178	0.206413833817359148	0.120148081626964224	0.287278702109145037	0.193205662028263862	0.101760249100824702	0.0865172739121459304	0.0488159851492937905	0.0203064268228124151	0.942928953780778354	0.0110760409449860002	0.0136204517106663259	0.117812294666047983	0.0674662984145149172	0.0911450195222032166	0.34132596418387211	0.470967439280467816	0.163527975549676547	0.0792317519363808067	0.122704215268045895



4	ACCGTACG	0.479805751348489361


A:	0.0978132743069849087	0.229044853965158059	0.197083805657032347	0.149488581196584926	0.133843558783814234	0.172856541176925789	0.621921969991973452	0.425939312041126546	0.0728866024908881447	0.0536979350755145308	0.0122117977041252151	0.0129637068191855011	0.877145642220496718	0.0106294370632814725	0.0730117267037012923	0.0717215031409498907	0.14575913080914301	0.194146011819252804	0.198481317976951609	0.0728987635501910713	0.0228673963508945389	0.346667640155577683
C:	0.318367285449171541	0.678289158656828119	0.357285989853908241	0.562981978185717788	0.677818791230400308	0.417540530939350652	0.0513974720966925	0.150506276433341387	0.773381008462573138	0.800170247007256529	0.0293661871693681558	0.0301649631596519128	0.0520482705483172631	0.862277105844495893	0.0854267544867398581	0.202138660257083084	0.498066923558746406	0.317651841209206528	0.147624754449231343	0.172113240916924694	0.339848180841885819	0.374390820601263725
G:	0.176721159961895941	0.0279884831501731641	0.252680223483148234	0.081115606800338137	0.0681895683588212338	0.122324225774578522	0.133474895883070186	0.321794162424707366	0.0525535734880603098	0.0554987226396780454	0.933557065660717076	0.105362525000357908	0.0546532879943470731	0.0745871668391547918	0.724668242913535511	0.658673538187452108	0.265028926109907367	0.146876182787668558	0.182926488293349232	0.591460019983207687	0.558052670870838835	0.156237323975112696
T:	0.407098280281947609	0.0646775042278406582	0.192949981005911178	0.206413833817359148	0.120148081626964224	0.287278702109145037	0.193205662028263862	0.101760249100824702	0.101178815558478407	0.0906330952775508944	0.0248649494657895537	0.851508805020804679	0.0161527992368389456	0.0525062902530678426	0.116893275896023338	0.0674662984145149172	0.0911450195222032166	0.34132596418387211	0.470967439280467816	0.163527975549676547	0.0792317519363808067	0.122704215268045895



5	CCGTACG..C	0.477905707196029777


A:	0.229044853965158059	0.197083805657032347	0.149488581196584926	0.133843558783814234	0.172856541176925789	0.621921969991973452	0.425939312041126546	0.11282395940930654	0.0392779901097871001	0.0348251806742872127	0.0265185997305936955	0.773564259182332756	0.0252045744540359414	0.0564338871941434663	0.0717215031409498907	0.14575913080914301	0.194146011819252804	0.198481317976951609	0.0728987635501910713	0.0228673963508945389	0.346667640155577683	0.0258464131598070878	0.539131260460237784
C:	0.678289158656828119	0.357285989853908241	0.562981978185717788	0.677818791230400308	0.417540530939350652	0.0513974720966925	0.150506276433341387	0.637255958557455653	0.69193735926584461	0.0661122072018890348	0.0606173395334459537	0.136232595382168826	0.891436639765983556	0.245085095709426122	0.202138660257083084	0.498066923558746406	0.317651841209206528	0.147624754449231343	0.172113240916924694	0.339848180841885819	0.374390820601263725	0.132694174376889022	0.125058065325464173
G:	0.0279884831501731641	0.252680223483148234	0.081115606800338137	0.0681895683588212338	0.122324225774578522	0.133474895883070186	0.321794162424707366	0.134267392036124128	0.221626830351334998	0.873294605608668823	0.0861930099085195909	0.0484242410006017933	0.0171336627211992963	0.556690794459760038	0.658673538187452108	0.265028926109907367	0.146876182787668558	0.182926488293349232	0.591460019983207687	0.558052670870838835	0.156237323975112696	0.702588742944761529	0.116242696023552698
T:	0.0646775042278406582	0.192949981005911178	0.206413833817359148	0.120148081626964224	0.287278702109145037	0.193205662028263862	0.101760249100824702	0.115652689997113678	0.0471578202730332923	0.0257680065151549292	0.82667105082744076	0.041778904434896625	0.0662251230587812068	0.141790222636670373	0.0674662984145149172	0.0911450195222032166	0.34132596418387211	0.470967439280467816	0.163527975549676547	0.0792317519363808067	0.122704215268045895	0.138870669518542361	0.219567978190745345



