1	TTAT.ATAA	0.496335905995081468


A:	0.21296773534874328	0.237302303193632455	0.309447494870815748	0.0462890385760953088	0.209486189206139776	0.592021771704213755	0.717079036262905192	0.120795441103520541	0.249188475310011756	0.941174695776539863	0.0923604695920248758	0.27336134689628029	0.879098357246569034	0.0128464869783301716	0.673853580099633436	0.76532128669293199	0.231974003309374914	0.382233214461492631	0.699991998799093097	0.491266878926759345	0.395574788288348598	0.395294345147397349	0.62915755395898453
C:	0.437292194262215678	0.0989636306787352574	0.125746274524705858	0.296090121452812459	0.0661126120946738484	0.0606228963493617455	0.046265357976394145	0.0727970591688449785	0.0196295133024940061	0.0255671556035169634	0.0237299191715765328	0.239975540199510249	0.00481125398982955763	0.0204116616416130024	0.0573284312878608029	0.0410862130347024906	0.103995204335644252	0.291124932094664705	0.135716469457355138	0.186826805922264502	0.229372957204863129	0.140562558190557196	0.118730506483326962
G:	0.226494384760660202	0.525976225026611367	0.28955224889134511	0.231159265784424409	0.139819569973878628	0.122074061057480616	0.0257255561985360688	0.0410862130347024906	0.0573284312878608029	0.0204116616416130024	0.00481125398982955763	0.260826184596408843	0.0237299191715765328	0.0255671556035169634	0.0196295133024940061	0.0727970591688449785	0.188555855843723955	0.21388379686467206	0.0431734279362079842	0.0698776012696062984	0.138668205793878817	0.154523733841956515	0.166364720540967452
T:	0.12324568562838084	0.137757841101020921	0.275253981713133285	0.426461574186667823	0.584581628725307748	0.225281270888943884	0.210930049562164595	0.76532128669293199	0.673853580099633436	0.0128464869783301716	0.879098357246569034	0.225836928307800619	0.0923604695920248758	0.941174695776539863	0.249188475310011756	0.120795441103520541	0.47547493651125688	0.112758056579170604	0.121118103807343781	0.252028713881369855	0.236384048712909457	0.30961936282008894	0.0857472190167210563



2	TAATCATA	0.494509653084520324


A:	0.157549125529130513	0.126620209065255927	0.213490978622282913	0.0934055634646020608	0.0846802749006665351	0.532006806303869684	0.0797845558758146882	0.0202672853759433917	0.61664298757041905	0.966820089613788589	0.0244847880731072399	0.0845494060660488176	0.955174613349096452	0.0246979844442555417	0.765906298636803985	0.246582423819382274	0.16120876993423347	0.583022282342660884	0.0236107546602734413	0.114306315760880902	0.64349256153702046	0.408948263306141985
C:	0.13239679720747869	0.0650510230160367848	0.0837102941355135261	0.23140899450108055	0.0800100566777256173	0.146770521725678376	0.184172633064587638	0.0236040124871427426	0.00647271416007534417	0.00272960253838329806	0.00214597523558140756	0.863239251926367748	0.00152533627821295541	0.022732811688861389	0.0142374215264346225	0.221773415815182106	0.417974876855720569	0.198355753117362688	0.551449425147057106	0.104128063989832903	0.107418768539337415	0.288416270048737615
G:	0.527413773025907172	0.296032166264486993	0.571613267220480924	0.360409940232561677	0.162144176605999746	0.254121201406584659	0.0492536484989749228	0.00972023035921412165	0.00509493983925492325	0.00555091305667606489	0.00517734637286139009	0.0307906495025605754	0.0401225285400630144	0.0128055255534357705	0.135417764800745804	0.32479854098193977	0.148182039731024477	0.0355628908978973005	0.0304565017701275347	0.0144566329623314666	0.180261831261867366	0.0492579004136363235
T:	0.182640304237483624	0.512296601654220295	0.131185460021722637	0.314775501801755712	0.673165491815608102	0.0671014705638672803	0.686789162560622751	0.946408471777699744	0.371789358430250682	0.0248993947911520477	0.968191890318449962	0.0214206925050228591	0.0031775218326275779	0.939763678313447299	0.0844385150360155884	0.206845619383495849	0.272634313479021484	0.183059073642079128	0.394483318422541918	0.767108987286954728	0.0688268386617747588	0.253377566231484076



3	ATGATTA..A	0.494196568895065098


A:	0.149879041560661708	0.455091985970338137	0.0982240808145532207	0.253579946295105419	0.13501684203884766	0.228688922995266059	0.830694698557423444	0.0122230399366205661	0.139053198549009108	0.963219467516535699	0.0152593179883490238	0.471339013694033022	0.945458946912724109	0.449114193767193333	0.151386868083001447	0.673165491815608102	0.608025229386338709	0.254161283340078292	0.360294201839686715	0.172557397566196458	0.346381682340392687	0.333827823663058244
C:	0.19613643098620245	0.0754940641837819797	0.0395179704726340073	0.0863054025294343795	0.0868440611330742004	0.126382931182054939	0.0898969418694430718	0.0438171305841969499	0.0342661160701451971	0.0111213523674418818	0.0109299962514896387	0.0156974491643886095	0.0185263759684605595	0.0533669755275588531	0.0890424590430794058	0.162144176605999746	0.088973266226738638	0.209455515425045038	0.0848473214008159915	0.165976132779644638	0.40249119346316913	0.0482749170398072004
G:	0.252191013963599845	0.252262176299420069	0.0644635034355654846	0.216220997434554093	0.152166400667693409	0.217523407957459031	0.00948129988977462192	0.00602596154078364154	0.632562883564248164	0.00514259391538095489	0.0165379380181093932	0.00554288269373746884	0.0212028375327325995	0.128207176616515132	0.0268275891267001712	0.0800100566777256173	0.176082266679576549	0.443410615841804562	0.299221855450082012	0.183310644569037621	0.11387170780193084	0.308733059832299902
T:	0.401793513489535997	0.217151773546459814	0.797794445277247287	0.443893653740906108	0.625972696160384731	0.42740473786521997	0.0699270596833588625	0.937933867938398843	0.194117801816597531	0.0205165862006414641	0.957272747742051944	0.507420654447840899	0.0148118395860827317	0.369311654088732681	0.732743083747218976	0.0846802749006665351	0.126919237707346104	0.0929725853930721084	0.255636621309415281	0.478155825085121283	0.137255416394507344	0.309164199464834653



4	AT.AT.ATAA	0.493803923236705729


A:	0.0787502515494624825	0.199216953048302591	0.522234750822160637	0.38693828561972118	0.0896224820404470994	0.436040381754111507	0.717079036262905192	0.010506008918942021	0.306675313087298001	0.969102050636762175	0.0134137556831519691	0.503101594617354057	0.884821088129102707	0.0432782766782991733	0.607992816144111517	0.902465626491725482	0.446324524259245037	0.1999441219033483	0.299532608295085579	0.346528957521966216	0.44155938900951935	0.164453849501483015
C:	0.306723941373625433	0.0985477258776637415	0.0184904915242889982	0.198935760857374226	0.11952774524251374	0.0611717434164389116	0.046265357976394145	0.0508346675133907931	0.0665576368556185347	0.00785254594600121008	0.012598250761749539	0.107954659120496835	0.00755497335628141997	0.0236741054419454472	0.0247555642179643781	0.0446660452714851002	0.069289628524531174	0.0554058924189942162	0.139629131662504254	0.11456996371209196	0.140898543149078416	0.188995823499787277
G:	0.178752428069134374	0.200242793742337348	0.0254093601283422801	0.277328500567756485	0.190362338516122977	0.111673652196756411	0.0257255561985360688	0.0104841883632778027	0.193294216485659472	0.0102178146012519647	0.00634019131950248685	0.0888798142787589848	0.0288561088798214403	0.0369032590693762283	0.0132479070975948877	0.0286098638499552611	0.183722870561577527	0.0990825375546528907	0.162877348989800475	0.265820222335470501	0.111622794256353719	0.461241590170564136
T:	0.43577337900777771	0.50199252733169632	0.433865397525208085	0.13679745295514811	0.600487434200916184	0.39111422263269317	0.210930049562164595	0.928175135204389383	0.433472833571423992	0.0128275888159846507	0.967647802235596005	0.300063931983390123	0.0787678296347944332	0.896144358810379151	0.354003712540329217	0.0242584643868341566	0.300662976654646262	0.645567448123004593	0.397960911052609693	0.273080856430471323	0.305919273585048514	0.185308736828165573



5	TAT.AT.ATA	0.493728119286210367


A:	0.201797140151243655	0.293572715135753298	0.202945453993679321	0.506940948996688387	0.0448819282118517954	0.0714896385157661046	0.312128147831793523	0.761639956130172483	0.0791688140361966956	0.359104707383991571	0.924488335643802238	0.0470218307651940924	0.315475183904984605	0.844475764925005516	0.161411941147381617	0.613712521477511187	0.902465626491725482	0.299766229784063774	0.42480504646872837	0.624359025668426732	0.277712402806740962	0.232055180727220363	0.189061980102003843
C:	0.173980824975491605	0.153238681698851619	0.17613305420321856	0.0280847194308923756	0.278910497530357559	0.140952669401224521	0.0267791465371586652	0.0493078859804115281	0.0597642142374328358	0.0522684493431231673	0.00754825622183222319	0.0209415773691714461	0.3316879387570603	0.0165912068013649528	0.0276402167420343725	0.0473801841535366253	0.0446660452714851002	0.337092998244568889	0.23795889114547146	0.159708904626587422	0.166995610245339573	0.105072441805735671	0.344473763682369774
G:	0.0481601163457702887	0.347905816693022003	0.31415831453784801	0.155918627902030749	0.222254530860813482	0.106931148638076344	0.0473801841535366253	0.0276402167420343725	0.0165912068013649528	0.0609976054852937302	0.0209415773691714461	0.00754825622183222319	0.0896078372076510644	0.0597642142374328358	0.0493078859804115281	0.0267791465371586652	0.0286098638499552611	0.1465519124266923	0.135042151457134917	0.100635559943711897	0.233858881424642747	0.0581720107472867679	0.1088705088984064
T:	0.576061918527494451	0.20528278647237308	0.306763177265254108	0.309055703670388488	0.453953043396977164	0.68062654344493303	0.613712521477511187	0.161411941147381617	0.844475764925005516	0.527629237787591531	0.0470218307651940924	0.924488335643802238	0.263229040130304031	0.0791688140361966956	0.761639956130172483	0.312128147831793523	0.0242584643868341566	0.216588859544675036	0.202193910928665253	0.115296509761273949	0.321433105523276718	0.604700366719757198	0.357593747317219983



