1	CCGTACGG	0.498089171974522293


A:	0.430074282263053858	0.508926288597403941	0.0778646868968741118	0.292229722248799064	0.296348177972941804	0.113805291063176614	0.269575375481288448	0.0734842492611663393	0.0139967972796952653	0.0211024576392878686	0.000631942073906824791	0.964933483733298927	0.00120958794393703362	0.00687798480247153427	0.0658969000947492322	0.152373887558095531	0.0708656393124553719	0.32562822139554864	0.0245034031277828086	0.302010279704540009	0.177968263138714489	0.236070452708731347
C:	0.198588459760146756	0.0996965048359623714	0.466730888258103091	0.298668976831036399	0.115896446337381403	0.060245005477202182	0.495117092927471334	0.808760487220826134	0.95216184208761367	0.00250189111097625678	0.0181455486544751924	0.016289025538319056	0.975186063305798841	0.0269633758302195304	0.0518583634232582941	0.312903591479116327	0.641339433322291572	0.124246554864260435	0.247152569771625642	0.220863672680508218	0.534664672908029696	0.16936396295683135
G:	0.193907789149425946	0.184793320181522052	0.0651808561948413879	0.352759948714194302	0.0772908077701982846	0.188712796991974815	0.124955800771232715	0.0518583634232582941	0.0269633758302195304	0.975186063305798841	0.016289025538319056	0.0181455486544751924	0.00250189111097625678	0.95216184208761367	0.808760487220826134	0.222889248221155416	0.181570659567256569	0.485659799695994553	0.11284636867572112	0.405233500720495324	0.107852247846318051	0.115190400569061141
T:	0.177429468827373441	0.206583886385111635	0.39022356865018141	0.0563413522059702349	0.510464567919478508	0.637236906467646389	0.110351730820007503	0.0658969000947492322	0.00687798480247153427	0.00120958794393703362	0.964933483733298927	0.000631942073906824791	0.0211024576392878686	0.0139967972796952653	0.0734842492611663393	0.311833272741632725	0.106224267797996487	0.0644654240441963714	0.615497658424870429	0.0718925468944564484	0.179514816106937764	0.479375183765376162



2	CGTACGG..A	0.497270512313973397


A:	0.179514816106937764	0.0718925468944564484	0.615497658424870429	0.0644654240441963714	0.106224267797996487	0.311833272741632725	0.0734842492611663393	0.0100858392747431901	0.0273647821325355155	0.00158022878052219416	0.986211980882767238	0.00195498654275954127	0.00947429892027035113	0.0530264648716849708	0.110351730820007503	0.637236906467646389	0.510464567919478508	0.0563413522059702349	0.39022356865018141	0.206583886385111635	0.177429468827373441	0.401541586379702504	0.156579012481364497
C:	0.107852247846318051	0.405233500720495324	0.11284636867572112	0.485659799695994553	0.181570659567256569	0.222889248221155416	0.808760487220826134	0.885531538503013701	0.00176950250322756911	0.0151372070332267137	0.00798388001919584384	0.986572619042417346	0.0378317738725870823	0.0580943945960943778	0.124955800771232715	0.188712796991974815	0.0772908077701982846	0.352759948714194302	0.0651808561948413879	0.184793320181522052	0.193907789149425946	0.0734948637316812112	0.0497558258778454647
G:	0.534664672908029696	0.220863672680508218	0.247152569771625642	0.124246554864260435	0.641339433322291572	0.312903591479116327	0.0518583634232582941	0.0934832728175075884	0.969355191890402734	0.00451195883379057005	0.0045977488836705531	0.00197322236999467526	0.947429892027035113	0.717987042306839057	0.495117092927471334	0.060245005477202182	0.115896446337381403	0.298668976831036399	0.466730888258103091	0.0996965048359623714	0.198588459760146756	0.050639783245572932	0.149755392915792315
T:	0.177968263138714489	0.302010279704540009	0.0245034031277828086	0.32562822139554864	0.0708656393124553719	0.152373887558095531	0.0658969000947492322	0.0108993494047355201	0.00151052347383418121	0.978770605352460522	0.00120639021436636493	0.0094991720448284379	0.00526403518010745327	0.170892098225381594	0.269575375481288448	0.113805291063176614	0.296348177972941804	0.292229722248799064	0.0778646868968741118	0.508926288597403941	0.430074282263053858	0.474323766643043353	0.643909768724997724



3	CCGTACG..C	0.497169333728453598


A:	0.430074282263053858	0.508926288597403941	0.0778646868968741118	0.292229722248799064	0.296348177972941804	0.113805291063176614	0.269575375481288448	0.291100095459409596	0.0135024216185641217	0.00765809223128312749	0.00147080443821478946	0.979781484156738684	0.00177117072126706407	0.0108649524912032777	0.0658969000947492322	0.152373887558095531	0.0708656393124553719	0.32562822139554864	0.0245034031277828086	0.302010279704540009	0.177968263138714489	0.236070452708731347	0.339421396178185942
C:	0.198588459760146756	0.0996965048359623714	0.466730888258103091	0.298668976831036399	0.115896446337381403	0.060245005477202182	0.495117092927471334	0.636519914180436722	0.963533089743040107	0.00133918555115200442	0.00545567398118494941	0.00995936159616617373	0.98564115386180981	0.0766157211712828223	0.0518583634232582941	0.312903591479116327	0.641339433322291572	0.124246554864260435	0.247152569771625642	0.220863672680508218	0.534664672908029696	0.16936396295683135	0.241468253860841592
G:	0.193907789149425946	0.184793320181522052	0.0651808561948413879	0.352759948714194302	0.0772908077701982846	0.188712796991974815	0.124955800771232715	0.0358524251947020015	0.0130138358777015398	0.988660713019198814	0.0137538079283891265	0.00930884987309833302	0.00115382483126269899	0.904523772410696208	0.808760487220826134	0.222889248221155416	0.181570659567256569	0.485659799695994553	0.11284636867572112	0.405233500720495324	0.107852247846318051	0.115190400569061141	0.0263810957819637487
T:	0.177429468827373441	0.206583886385111635	0.39022356865018141	0.0563413522059702349	0.510464567919478508	0.637236906467646389	0.110351730820007503	0.0365275651654516806	0.00995065276069423103	0.00234200919836605412	0.979319713652211135	0.000950304373996808812	0.0114338505856604265	0.00799555392681769246	0.0734842492611663393	0.311833272741632725	0.106224267797996487	0.0644654240441963714	0.615497658424870429	0.0718925468944564484	0.179514816106937764	0.479375183765376162	0.392729254179008717



4	CGTACGG.A	0.496870841589624094


A:	0.179514816106937764	0.0718925468944564484	0.615497658424870429	0.0644654240441963714	0.106224267797996487	0.311833272741632725	0.0734842492611663393	0.00913416030770691	0.0124763403711817792	0.000711726974629448695	0.986887359237726792	0.00210392788960083513	0.00781319488216253558	0.0236205107948039919	0.110351730820007503	0.637236906467646389	0.510464567919478508	0.0563413522059702349	0.39022356865018141	0.206583886385111635	0.177429468827373441	0.401541586379702504	0.156579012481364497
C:	0.107852247846318051	0.405233500720495324	0.11284636867572112	0.485659799695994553	0.181570659567256569	0.222889248221155416	0.808760487220826134	0.95131795185613432	0.00174638332006121242	0.023077016689627011	0.00909733420846206986	0.989682248927735987	0.016751931441919083	0.0483831432791796352	0.124955800771232715	0.188712796991974815	0.0772908077701982846	0.352759948714194302	0.0651808561948413879	0.184793320181522052	0.193907789149425946	0.0734948637316812112	0.0497558258778454647
G:	0.534664672908029696	0.220863672680508218	0.247152569771625642	0.124246554864260435	0.641339433322291572	0.312903591479116327	0.0518583634232582941	0.0316380308858329897	0.98440799949323269	0.00565491282777043689	0.00315703017562349329	0.00181494610708371909	0.967752008352509789	0.864559564773553884	0.495117092927471334	0.060245005477202182	0.115896446337381403	0.298668976831036399	0.466730888258103091	0.0996965048359623714	0.198588459760146756	0.050639783245572932	0.149755392915792315
T:	0.177968263138714489	0.302010279704540009	0.0245034031277828086	0.32562822139554864	0.0708656393124553719	0.152373887558095531	0.0658969000947492322	0.00790985695032578065	0.00136927681552431801	0.970556343507973103	0.000858276378187644693	0.00639887707557945852	0.00768286532340859203	0.0634367811524624893	0.269575375481288448	0.113805291063176614	0.296348177972941804	0.292229722248799064	0.0778646868968741118	0.508926288597403941	0.430074282263053858	0.474323766643043353	0.643909768724997724



5	A.CGTACGG	0.496366745690719613


A:	0.392729254179008717	0.479375183765376162	0.179514816106937764	0.0718925468944564484	0.615497658424870429	0.0644654240441963714	0.106224267797996487	0.311833272741632725	0.0734842492611663393	0.0419569894474893415	0.0470798485535199753	0.00314239574804723394	0.968940643484173051	0.00319964530853067503	0.0221391827600408571	0.0786986500897268196	0.110351730820007503	0.637236906467646389	0.510464567919478508	0.0563413522059702349	0.39022356865018141	0.206583886385111635	0.177429468827373441
C:	0.0263810957819637487	0.115190400569061141	0.107852247846318051	0.405233500720495324	0.11284636867572112	0.485659799695994553	0.181570659567256569	0.222889248221155416	0.808760487220826134	0.882512743333236531	0.000877250616154011135	0.0139825674315973537	0.0247850922676258466	0.984879477684217921	0.0298509289156980091	0.0820460485426009113	0.124955800771232715	0.188712796991974815	0.0772908077701982846	0.352759948714194302	0.0651808561948413879	0.184793320181522052	0.193907789149425946
G:	0.241468253860841592	0.16936396295683135	0.534664672908029696	0.220863672680508218	0.247152569771625642	0.124246554864260435	0.641339433322291572	0.312903591479116327	0.0518583634232582941	0.0614000750394557217	0.949148592900085344	0.00958952202438675974	0.00491127305523911411	0.00130550614780133247	0.939275867622198776	0.731714667207814035	0.495117092927471334	0.060245005477202182	0.115896446337381403	0.298668976831036399	0.466730888258103091	0.0996965048359623714	0.198588459760146756
T:	0.339421396178185942	0.236070452708731347	0.177968263138714489	0.302010279704540009	0.0245034031277828086	0.32562822139554864	0.0708656393124553719	0.152373887558095531	0.0658969000947492322	0.014130192179818406	0.00289430793024067004	0.973285514795968653	0.00136299119296198776	0.0106153708594500712	0.00873402070206235785	0.107540634159858235	0.269575375481288448	0.113805291063176614	0.296348177972941804	0.292229722248799064	0.0778646868968741118	0.508926288597403941	0.430074282263053858



