1	T.ATTAAT.A	0.494746457314965684


A:	0.664618409165775656	0.446597553375137311	0.515801690373822435	0.637021644354748419	0.29460603081093768	0.369439182574049613	0.0421391615173694317	0.138376723597530015	0.911246455968208489	0.0731681028886579821	0.0194488520723940789	0.921101913868482169	0.902448314651551787	0.0533907162953103849	0.197330101158445735	0.862744202579009981	0.258483880765114561	0.0915848615471288337	0.403049531277758186	0.2031342993845778	0.170203959734069353	0.423790773520067141	0.0627198736475102395
C:	0.101293086484130815	0.123560338382132006	0.0778065995546601111	0.0567842049931766072	0.226925062059033238	0.132080612351722692	0.049176663589997085	0.112276595138520681	0.0105838549173978972	0.0146614444048875908	0.0240062051092513991	0.035443028949872353	0.00972213805490264007	0.0247789728190832284	0.178438184959418806	0.0459399723136235028	0.124417014897470791	0.125115202515734779	0.119569762211916331	0.373484766544203513	0.311519048164769048	0.209022117152131024	0.231578405289841469
G:	0.155509046219745575	0.125394810140917374	0.213437966659607766	0.163677266423991606	0.169210458859891116	0.104163606039951125	0.0459399723136235028	0.228204890992928893	0.0247789728190832284	0.00972213805490264007	0.035443028949872353	0.0240062051092513991	0.0146614444048875908	0.0105838549173978972	0.0675505050189313012	0.049176663589997085	0.289105429411029132	0.123001416529695162	0.0589612805578016668	0.11224035656103429	0.0724381159369328845	0.148648341700973028	0.423529468097900717
T:	0.078579458130347953	0.304447298101813309	0.192953743411909687	0.142516884228083367	0.309258448270137966	0.39431659903427657	0.86274420257900998	0.521141790271020411	0.0533907162953103849	0.902448314651551787	0.921101913868482169	0.0194488520723940789	0.0731681028886579821	0.91124645596820849	0.556681208863204157	0.0421391615173694317	0.327993674926385516	0.660298519407441226	0.418419425952523817	0.311140577510184397	0.445838876164228714	0.218538767626828807	0.282172252964747575



2	ATTA..TAAT	0.491871975905993878


A:	0.299326123166606607	0.253267758166236027	0.306802146800493529	0.120031284651709546	0.46958593948848503	0.0955425519281993781	0.738787777135244185	0.146498527651498892	0.200282522620162291	0.799452659919863539	0.610798479951756255	0.461577881960017216	0.0805594469103545125	0.722912053953531158	0.663308576759857775	0.0917186470524635577	0.384456198528582747	0.657230668237747614	0.531682265885093106	0.257978502175228454	0.123674172836038813	0.299667786223180211
C:	0.145682310589526903	0.443459012253912893	0.183636375874717203	0.229444792442888127	0.209906382267161042	0.081877065557582633	0.0704263243351451695	0.154891222791566745	0.0344545677056506702	0.0258542903447294314	0.0801201890833700216	0.053816029984326853	0.0941336028250525176	0.0423508557206558805	0.0353016727970765878	0.0990672514771470878	0.0575328335807683014	0.0560500407622649952	0.15813747885289296	0.0520810330933373886	0.0999912758353947511	0.147114829568473036
G:	0.177483153339227861	0.139387384606674016	0.096471564331001344	0.338605520356942018	0.0740829066628895741	0.205113418154953202	0.0990672514771470878	0.0353016727970765878	0.0423508557206558805	0.0941336028250525176	0.138842261042999676	0.110301219624010162	0.0258542903447294314	0.0344545677056506702	0.154891222791566745	0.0704263243351451695	0.116788958642850258	0.164478221114067054	0.170092295523149973	0.0623235667676927161	0.50833266826679402	0.311710686108646016
T:	0.377508412904638629	0.163885844973177065	0.413089912993787924	0.311918402548460309	0.246424771581464354	0.617466964359264787	0.0917186470524635577	0.663308576759857775	0.722912053953531158	0.0805594469103545125	0.170239069921874048	0.374304868431645769	0.799452659919863539	0.200282522620162291	0.146498527651498892	0.738787777135244185	0.441222009247798694	0.122241069885920337	0.140087959738863961	0.627616897963741442	0.268001883061772415	0.241506698099700738



3	A.T.ATTAAT	0.49135674420901862


A:	0.148487937408252518	0.282172252964747575	0.218538767626828807	0.445838876164228714	0.311140577510184397	0.418419425952523817	0.660298519407441226	0.327993674926385516	0.0410116078094579845	0.556681208863204157	0.941034476777048359	0.0942544116731562848	0.0459914815736657948	0.921084197688544388	0.85720255515664523	0.0607168447926709292	0.521141790271020411	0.862744202579009981	0.39431659903427657	0.309258448270137966	0.142516884228083367	0.192953743411909687	0.304447298101813309
C:	0.14380211288700172	0.423529468097900717	0.148648341700973028	0.0724381159369328845	0.11224035656103429	0.0589612805578016668	0.123001416529695162	0.289105429411029132	0.0260035774734999084	0.0675505050189313011	0.0135351835190231195	0.0121939326564339631	0.0333038319350154015	0.0226417211935712742	0.0078422736186703123	0.046933315813495424	0.228204890992928893	0.0459399723136235028	0.104163606039951125	0.169210458859891116	0.163677266423991606	0.213437966659607766	0.125394810140917374
G:	0.47887094739348726	0.231578405289841469	0.209022117152131024	0.311519048164769048	0.373484766544203513	0.119569762211916331	0.125115202515734779	0.124417014897470791	0.119770264438290527	0.178438184959418806	0.0277281143961513011	0.0121570443973063825	0.0133461000415880772	0.0392198354326443978	0.0673295147919618535	0.0442345321268068269	0.112276595138520681	0.049176663589997085	0.132080612351722692	0.226925062059033238	0.0567842049931766072	0.0778065995546601111	0.123560338382132006
T:	0.228839002311258503	0.0627198736475102394	0.423790773520067141	0.170203959734069353	0.2031342993845778	0.403049531277758186	0.0915848615471288337	0.258483880765114561	0.81321455027875158	0.197330101158445735	0.0177022253077772202	0.88139461127310337	0.907358586449730726	0.0170542456852399401	0.067625656432722604	0.84811530726702682	0.138376723597530015	0.0421391615173694317	0.369439182574049613	0.29460603081093768	0.637021644354748419	0.515801690373822435	0.446597553375137311



4	TTAATTAA	0.490934228718151294


A:	0.251237994850702391	0.13783368270201816	0.144171241604499666	0.366987717174247764	0.466975968785277979	0.350939594179604778	0.349298747244741534	0.215071190150347351	0.0221653701548611113	0.884402871622283218	0.885311739348161664	0.0825829101833689218	0.0668624014166099947	0.945088833564668191	0.684728862673601411	0.156235247018900604	0.232898299741340239	0.330467401681669402	0.414265705356322888	0.344001199265136836	0.519141091030032055	0.219967478377559938
C:	0.0664930479172824519	0.0942687961943506953	0.0703379035646800556	0.204914005387929441	0.391519881903343157	0.110827223968421368	0.19091177474257475	0.0848690621914996712	0.0194556728658479319	0.0242514388842429735	0.0266306453901518483	0.00547470507831756618	0.0244832880768638133	0.0132901234146227656	0.0153308849845515662	0.0731194690400228131	0.197992476840241698	0.298321243989249399	0.139529244650255861	0.162748171516450833	0.144797635288488288	0.467573119544717271
G:	0.118977997111974799	0.270262824263015951	0.0917815988810570983	0.0743617379413874176	0.0551794393191095253	0.13664008402813809	0.139730285445614605	0.0153308849845515662	0.0132901234146227656	0.0244832880768638133	0.00547470507831756618	0.0266306453901518483	0.0242514388842429735	0.0194556728658479319	0.0848690621914996712	0.148411601840587511	0.159382883977307771	0.137147481228039623	0.123354462329418021	0.124631121437131118	0.146092362003906484	0.200814190116998511
T:	0.563290960120040358	0.497634696840615194	0.69370925594976318	0.353736539496435377	0.0863247099922693392	0.401593097823835764	0.320059192567069112	0.684728862673601411	0.945088833564668191	0.0668624014166099947	0.0825829101833689218	0.885311739348161664	0.884402871622283218	0.0221653701548611113	0.215071190150347351	0.622233682100489072	0.409726339441110292	0.234063873101041576	0.32285058766400323	0.368619507781281212	0.189968911677573174	0.111645211960724279



5	A.TATATA.T	0.48756288505955222


A:	0.432396536754040065	0.194803540507281739	0.422373754098990203	0.287167482795977209	0.75415154216396429	0.324974490701367951	0.758418856632199799	0.349419957489782329	0.0481473031477988192	0.895486965775900216	0.120922937984839207	0.830318441178456649	0.0316907475493860114	0.898731378321799607	0.678929479968974608	0.17663328690864488	0.630278143994113111	0.427291885665267963	0.391296343074117996	0.137983978021468203	0.467681534995601703	0.698161256987828777	0.263622763003149246
C:	0.0818600003173027288	0.455121323798293768	0.0920758052732775738	0.241695663633698462	0.0472695639083472766	0.125829582128222516	0.0213212918742240807	0.110345230263343648	0.0127345311856754013	0.0428635421693286769	0.0250111517029856169	0.0237474691337185271	0.0299587445053850952	0.0403867873447261725	0.0631950116409375313	0.0436265645849312412	0.0394823040801979172	0.104804839783275631	0.0644927065426054669	0.148467776345059234	0.0186281250540624398	0.148046418278597235	0.268348571034394332
G:	0.0919837400193267975	0.0758787337241894215	0.0322325559669193591	0.168713309950248919	0.0618641076746853927	0.0610645889051951424	0.0436265645849312412	0.053455762545241836	0.0403867873447261725	0.0299587445053850952	0.0237474691337185271	0.0250111517029856169	0.0428635421693286769	0.0127345311856754013	0.122437007299229302	0.0213212918742240807	0.234307625683755123	0.16255377392238514	0.211879969188159545	0.197019311020782197	0.18972875829888667	0.0927134216797350484	0.112354576666618421
T:	0.393759722909330409	0.274196401970235072	0.453317884660812865	0.30242354362007541	0.136714786253003041	0.48813133826521439	0.17663328690864488	0.486779049701632188	0.898731378321799607	0.0316907475493860114	0.830318441178456649	0.120922937984839207	0.895486965775900216	0.0481473031477988192	0.135438501090858558	0.758418856632199799	0.0959319262419338495	0.305349500629071266	0.332330981195116992	0.516528934612690367	0.323961581651449187	0.0610789030538389394	0.355674089295838002



