1	T.ATTAAT.A	0.48212116723448378


A:	0.424765893124255901	0.29008658946730004	0.301093600248151094	0.283249003596699731	0.278646106599006249	0.389819154155349638	0.0745502163112917662	0.217120332026894874	0.860368032976974388	0.111341377166113001	0.0352586184206453721	0.796463723971364307	0.854364120792659932	0.0813886084089861616	0.229167650096595401	0.678773665731407869	0.172022024857728793	0.116836164476904737	0.551397100299320048	0.480231560275402042	0.320996080273889266	0.393803946264993846	0.113994346524650865
C:	0.279367487821917708	0.0447506189063777515	0.16604239966431951	0.0941523043149183469	0.245947710857198617	0.258464511507271845	0.110842166410353203	0.145409691013610167	0.0378383115404893735	0.0201354492098556551	0.0965980907820555956	0.0716795668259347256	0.0141590528313714113	0.0204050470735500771	0.291557857134766416	0.135833951546947162	0.0716106425161063844	0.243011747864394727	0.208512852754891146	0.198873510956221829	0.378950090057704	0.13021803131739073	0.292519759697801726
G:	0.144983432164513594	0.312360344490654841	0.293223007076424285	0.222801815587120188	0.178305930353042424	0.0816682132748455036	0.135833951546947162	0.236539064793521881	0.0204050470735500771	0.0141590528313714113	0.0716795668259347256	0.0965980907820555956	0.0201354492098556551	0.0378383115404893735	0.110496597165148048	0.110842166410353203	0.241500896266216705	0.133252712052401397	0.05116712617289095	0.162147783903359444	0.0669907619117255778	0.204603331308476081	0.400892967638648607
T:	0.150883186889312797	0.352802447135667367	0.239640993011105111	0.399796876501261733	0.297100252190752711	0.270048121062533014	0.678773665731407869	0.400930912165973078	0.0813886084089861616	0.854364120792659932	0.796463723971364307	0.0352586184206453721	0.111341377166113001	0.860368032976974388	0.368777895603490136	0.0745502163112917662	0.514866436359948117	0.506899375606299139	0.188922920772897856	0.158747144865016685	0.233063067756681156	0.271374691109139343	0.192592926138898802



2	A.T.ATTAAT	0.47450157224938674


A:	0.124841616742760188	0.192592926138898802	0.271374691109139343	0.233063067756681156	0.158747144865016685	0.188922920772897856	0.506899375606299139	0.514866436359948117	0.0273016175479624877	0.368777895603490136	0.907847887359586204	0.184591712992100365	0.0600034230773460954	0.834103774708962725	0.810132160468459493	0.0748171466093612006	0.400930912165973078	0.678773665731407869	0.270048121062533014	0.297100252190752711	0.399796876501261733	0.239640993011105111	0.352802447135667367
C:	0.405728744254991616	0.400892967638648607	0.204603331308476081	0.0669907619117255778	0.162147783903359444	0.05116712617289095	0.133252712052401397	0.241500896266216705	0.0937571771802571791	0.110496597165148048	0.0327583959129538345	0.015912503633293962	0.0726125269100051772	0.0664640528527278494	0.019791915748869211	0.0516925152171307542	0.236539064793521881	0.135833951546947162	0.0816682132748455036	0.178305930353042424	0.222801815587120188	0.293223007076424285	0.312360344490654841
G:	0.0815254365095098247	0.292519759697801726	0.13021803131739073	0.378950090057704	0.198873510956221829	0.208512852754891146	0.243011747864394727	0.0716106425161063844	0.180865800428349022	0.291557857134766416	0.0252724986615383428	0.0126397509210781085	0.0226452884879838397	0.0615967858734812898	0.0835758912815664148	0.0817330471849063638	0.145409691013610167	0.110842166410353203	0.258464511507271845	0.245947710857198617	0.0941523043149183469	0.16604239966431951	0.0447506189063777516
T:	0.387904202492738372	0.113994346524650865	0.393803946264993846	0.320996080273889266	0.480231560275402042	0.551397100299320048	0.116836164476904737	0.172022024857728793	0.698075404843431311	0.229167650096595401	0.0341212180659216189	0.786856032453527565	0.844738761524664888	0.0378353865648281361	0.0865000325011048816	0.791757290988601681	0.217120332026894874	0.0745502163112917662	0.389819154155349638	0.278646106599006249	0.283249003596699731	0.301093600248151094	0.29008658946730004



3	TAAT.ATTA	0.473788442337864674


A:	0.477917077157364096	0.24078997215462199	0.204932398923668594	0.339308007717548607	0.0460580727206620198	0.580367406862283663	0.495337141113247934	0.0198210608618024014	0.728293896524946024	0.764340358371676591	0.0516999205930069263	0.272454794007418508	0.911988631011365057	0.141788159856959958	0.152903229783695665	0.858310311495615386	0.627455577465073443	0.175776384902570648	0.682517915061354451	0.566032958838788142	0.202660530613013411	0.350120882666342428	0.45764558051841573
C:	0.0729358884147184649	0.445275035154641587	0.223749221906071317	0.150470555530203852	0.198542075732535311	0.104683202389697069	0.173089201314729047	0.102609930879343994	0.0445978251376003364	0.0642247002786530973	0.0218016757416063753	0.131585057034297023	0.0145097726540216416	0.0296467814927103536	0.0742050485537579754	0.019258696763238218	0.0616813253143363572	0.170166065233083569	0.106321879944673897	0.0909460185728376401	0.168153941781872313	0.107214309584233603	0.220236310383491273
G:	0.162762113796380461	0.0754370289445396182	0.25330385268553925	0.181829970111895565	0.443736388948135205	0.0489907370805253173	0.0564389074332554621	0.019258696763238218	0.0742050485537579754	0.0296467814927103536	0.0145097726540216416	0.521631618686478785	0.0218016757416063753	0.0642247002786530973	0.0445978251376003364	0.102609930879343994	0.145752009277063015	0.124592868584555839	0.139085529703676029	0.185600840486771234	0.203161827136598299	0.149688280726533282	0.0262589775327843383
T:	0.286384920631536978	0.238497963746196805	0.318014526484720838	0.328391466640351976	0.311663462598667465	0.265958653667493951	0.275134750138767557	0.858310311495615386	0.152903229783695665	0.141788159856959958	0.911988631011365057	0.0743285302718056842	0.0516999205930069263	0.764340358371676591	0.728293896524946024	0.0198210608618024014	0.165111087943527185	0.529464681279789945	0.0720746752902956229	0.157420182101602984	0.426023700468515977	0.392976527022890687	0.295859131565308658



4	A.TAAT.ATT	0.473738970104043198


A:	0.329569272599597753	0.2123420729309587	0.395095590190319373	0.360516227407112985	0.379651535272972675	0.155206896070877419	0.181285973884007936	0.759246480693508622	0.0993289370048923236	0.034926086696849666	0.832830233464332853	0.871966853788733778	0.079506466855306101	0.26333980286159733	0.84644812838545674	0.0927553651630115191	0.0925186284125382499	0.58880862290092064	0.569892887366313177	0.276118522642214881	0.362061350199206716	0.197520163432153748	0.394542714582584015
C:	0.0824032368622259984	0.0911599307278666959	0.0712567163938992444	0.101311170452998289	0.243437415708578462	0.261343507024965913	0.313786717202403199	0.0997694334723198508	0.162409170542123124	0.108438236970173858	0.076073983612345354	0.0449716561606545211	0.0164062451266798608	0.174050040780657077	0.0391548472661776548	0.0283418839253723071	0.115640929194698326	0.102725178166078426	0.168564385737604895	0.292708212489574755	0.380155128136868681	0.306909316306271336	0.122355423720043711
G:	0.333742011316196832	0.179408829533729777	0.200949143686491473	0.115266352201576537	0.152757801608317731	0.220104932396359287	0.0740930115822381959	0.103521078210907664	0.0688632409568831419	0.0284076399872901418	0.0465324059202557098	0.0257553809894958138	0.0215142708909049131	0.0559380073687183175	0.0522218855885804579	0.058221555182023885	0.0983352607676027149	0.0555917360325377896	0.096559616001519473	0.0955440809142463347	0.162276796728168123	0.184500594921568334	0.343798183132707169
T:	0.254285479221979416	0.517089166807444828	0.332698549729289909	0.422906249938312188	0.224153247410131132	0.363344664507797381	0.43083429733135067	0.0374630076232638629	0.669398651496101411	0.828228036345686334	0.044563377003066083	0.0573061090611158874	0.882573017127109125	0.506672148989027276	0.0621751387597851469	0.820681195729592289	0.693505181625160709	0.252874462900463144	0.164983110894562455	0.33562918395396403	0.0955067249357564801	0.311069925340006583	0.139303678564665105



5	AT.ATTAAT	0.473473621813870777


A:	0.124841616742760188	0.192592926138898802	0.271374691109139343	0.233063067756681156	0.158747144865016685	0.188922920772897856	0.506899375606299139	0.514866436359948117	0.040135094749728256	0.368777895603490136	0.904497067288683223	0.108801791739610109	0.060885500069418807	0.596444067804658025	0.669398651496101411	0.141812877765961778	0.400930912165973078	0.678773665731407869	0.270048121062533014	0.297100252190752711	0.399796876501261733	0.239640993011105111	0.352802447135667367
C:	0.405728744254991616	0.400892967638648607	0.204603331308476081	0.0669907619117255778	0.162147783903359444	0.05116712617289095	0.133252712052401397	0.241500896266216705	0.0894407961135601499	0.110496597165148048	0.0336811485476279131	0.0507674125489168741	0.0384608544089066961	0.0542051515188514433	0.0688632409568831419	0.0289974116891560782	0.236539064793521881	0.135833951546947162	0.0816682132748455036	0.178305930353042424	0.222801815587120188	0.293223007076424285	0.312360344490654841
G:	0.0815254365095098247	0.292519759697801726	0.13021803131739073	0.378950090057704	0.198873510956221829	0.208512852754891146	0.243011747864394727	0.0716106425161063844	0.084051800272125584	0.291557857134766416	0.0221358239379359889	0.0303648222835464995	0.0775018121237175494	0.328503924857817052	0.162409170542123124	0.0713589323085346955	0.145409691013610167	0.110842166410353203	0.258464511507271845	0.245947710857198617	0.0941523043149183469	0.16604239966431951	0.0447506189063777516
T:	0.387904202492738372	0.113994346524650865	0.393803946264993846	0.320996080273889266	0.480231560275402042	0.551397100299320048	0.116836164476904737	0.172022024857728793	0.78637230886458601	0.229167650096595401	0.0396859602257528748	0.810065973427926517	0.823151833397956947	0.0208468558186734801	0.0993289370048923236	0.757830778236347448	0.217120332026894874	0.0745502163112917662	0.389819154155349638	0.278646106599006249	0.283249003596699731	0.301093600248151094	0.29008658946730004



