1	CCGTACGG	0.499975312299412433


A:	0.335279268134797315	0.153438119735647032	0.0452151920073305836	0.593750226783446063	0.0465837360904155017	0.306746071669551293	0.303318687480226969	0.00637349986981864505	0.00164853746420035333	0.0214214880420818441	0.000511103426964036207	0.979193633856956934	0.00149712423317363539	0.00884548651566445508	0.0176978665373618321	0.279410999256086133	0.201527980730588172	0.168599444069508657	0.0629376358723304195	0.292128339921537304	0.522561479722654465	0.0506383558112933368
C:	0.468373036006476563	0.125328743888924864	0.478336785973841696	0.120525387370572901	0.616491233370311693	0.0888257774373689085	0.185823890737674073	0.972167514069506351	0.982067118345488169	0.00136994873817227236	0.00674924113730758254	0.0135460215787714476	0.975711438986572248	0.00743885767464702252	0.00376111952331317177	0.416427069812710472	0.571569246636073028	0.114653690030784359	0.31466681874448582	0.112331635524376356	0.164613419848285642	0.430580647173851511
G:	0.111836807174428768	0.442765325375555851	0.0710370950807702696	0.242930515525312972	0.251914633720211218	0.398822941231034603	0.328190011046758268	0.00376111952331317177	0.00743885767464702252	0.975711438986572248	0.0135460215787714476	0.00674924113730758254	0.00136994873817227236	0.982067118345488169	0.972167514069506351	0.0436906608184789783	0.0946208106533571804	0.423937013777152643	0.295333167386158834	0.491005773271792691	0.145775598518497567	0.302237328638954146
T:	0.0845108886842973537	0.278467810999872253	0.405410926938057451	0.0427938703206680636	0.0850103968190615871	0.205605209662045196	0.18266741073534069	0.0176978665373618321	0.00884548651566445508	0.00149712423317363539	0.979193633856956934	0.000511103426964036207	0.0214214880420818441	0.00164853746420035333	0.00637349986981864505	0.260471270112724417	0.13228196197998162	0.292809852122554342	0.327062377997024926	0.104534251282293649	0.167049501910562327	0.216543668375901006



2	C..CCGTACG	0.499540032599031908


A:	0.3016163504090628	0.177187699462071316	0.216543668375901006	0.167049501910562327	0.104534251282293649	0.327062377997024926	0.292809852122554342	0.13228196197998162	0.260471270112724417	0.0216138840817359642	0.00538486407964986471	0.00643886302439005907	0.000672280048358622121	0.992937681897530157	0.000959461703061885328	0.0288636291093862737	0.0176978665373618321	0.18266741073534069	0.205605209662045196	0.0850103968190615871	0.0427938703206680636	0.405410926938057451	0.278467810999872253
C:	0.201987840518258967	0.101486894802979159	0.302237328638954146	0.145775598518497567	0.491005773271792691	0.295333167386158834	0.423937013777152643	0.0946208106533571804	0.0436906608184789783	0.906405119124324437	0.977373457477937233	0.00044731711977666363	0.00209784381279688007	0.00243084573893794985	0.988414102304469856	0.0220053323378833444	0.00376111952331317177	0.328190011046758268	0.398822941231034603	0.251914633720211218	0.242930515525312972	0.0710370950807702696	0.442765325375555851
G:	0.160771872460856918	0.14752472152494768	0.430580647173851511	0.164613419848285642	0.112331635524376356	0.31466681874448582	0.114653690030784359	0.571569246636073028	0.416427069812710472	0.00275926507537062391	0.00376025834982233841	0.990015797168164085	0.00606649725964251321	0.00371166940024492078	0.00103846898251791007	0.941929562034162731	0.972167514069506351	0.185823890737674073	0.0888257774373689085	0.616491233370311693	0.120525387370572901	0.478336785973841696	0.125328743888924864
T:	0.335623936611821315	0.573800684210001845	0.0506383558112933368	0.522561479722654465	0.292128339921537304	0.0629376358723304195	0.168599444069508657	0.201527980730588172	0.279410999256086133	0.0692217317185689745	0.0134814200925905642	0.00309802268766919202	0.991163378879201985	0.000919802963286972571	0.00958796700995034857	0.00720147651856765054	0.00637349986981864505	0.303318687480226969	0.306746071669551293	0.0465837360904155017	0.593750226783446063	0.0452151920073305836	0.153438119735647032



3	CCGTACG..C	0.499447449004790833


A:	0.216543668375901006	0.167049501910562327	0.104534251282293649	0.327062377997024926	0.292809852122554342	0.13228196197998162	0.260471270112724417	0.0605553832476251952	0.00610578688582781777	0.00748405383421462275	0.000886786467399795331	0.99133427331657515	0.0014457823730025927	0.0404070438103956439	0.0176978665373618321	0.18266741073534069	0.205605209662045196	0.0850103968190615871	0.0427938703206680636	0.405410926938057451	0.278467810999872253	0.0845108886842973537	0.317855117980682935
C:	0.302237328638954146	0.145775598518497567	0.491005773271792691	0.295333167386158834	0.423937013777152643	0.0946208106533571804	0.0436906608184789783	0.848012537455172028	0.970678999583862068	0.000769947839133929451	0.00221777193385527554	0.00467213707317158934	0.988246385333516975	0.0116191618877072172	0.00376111952331317177	0.328190011046758268	0.398822941231034603	0.251914633720211218	0.242930515525312972	0.0710370950807702696	0.442765325375555851	0.111836807174428768	0.17993671863970612
G:	0.430580647173851511	0.164613419848285642	0.112331635524376356	0.31466681874448582	0.114653690030784359	0.571569246636073028	0.416427069812710472	0.0137311943017624411	0.00724693283258258572	0.988910428264224033	0.00439181917151702969	0.00316913153695065272	0.00069119736942005164	0.934941667865768821	0.972167514069506351	0.185823890737674073	0.0888257774373689085	0.616491233370311693	0.120525387370572901	0.478336785973841696	0.125328743888924864	0.468373036006476563	0.0444729731594142748
T:	0.0506383558112933368	0.522561479722654465	0.292128339921537304	0.0629376358723304195	0.168599444069508657	0.201527980730588172	0.279410999256086133	0.0777008849954403362	0.0159682806977275281	0.00283557006242741526	0.992503622427227899	0.000824458073302607938	0.00961663492406038078	0.0130321264361283178	0.00637349986981864505	0.303318687480226969	0.306746071669551293	0.0465837360904155017	0.593750226783446063	0.0452151920073305836	0.153438119735647032	0.335279268134797315	0.45773519022019667



4	CGTACGG.C	0.499163192073569364


A:	0.153438119735647032	0.0452151920073305836	0.593750226783446063	0.0465837360904155017	0.306746071669551293	0.303318687480226969	0.00637349986981864505	0.00439824956477283397	0.0151752697880216744	0.000432193723065760291	0.992339135492509444	0.00119950900354111313	0.0093896882950314295	0.0585280178432418848	0.279410999256086133	0.201527980730588172	0.168599444069508657	0.0629376358723304195	0.292128339921537304	0.522561479722654465	0.0506383558112933368	0.573800684210001845	0.335623936611821315
C:	0.125328743888924864	0.478336785973841696	0.120525387370572901	0.616491233370311693	0.0888257774373689085	0.185823890737674073	0.972167514069506351	0.96763514998557289	0.000545037774043171929	0.00643955027944849631	0.00539932106187002637	0.992962403360842513	0.00414614399153320982	0.00491291831142033553	0.416427069812710472	0.571569246636073028	0.114653690030784359	0.31466681874448582	0.112331635524376356	0.164613419848285642	0.430580647173851511	0.14752472152494768	0.160771872460856918
G:	0.442765325375555851	0.0710370950807702696	0.242930515525312972	0.251914633720211218	0.398822941231034603	0.328190011046758268	0.00376111952331317177	0.0181659974895571259	0.983134226153407849	0.00445347776642204752	0.00112445888919238509	0.00138718640941995276	0.979210033990549978	0.917314723403828294	0.0436906608184789783	0.0946208106533571804	0.423937013777152643	0.295333167386158834	0.491005773271792691	0.145775598518497567	0.302237328638954146	0.101486894802979159	0.201987840518258967
T:	0.278467810999872253	0.405410926938057451	0.0427938703206680636	0.0850103968190615871	0.205605209662045196	0.18266741073534069	0.0176978665373618321	0.00980060296009715017	0.00114546628452730426	0.988674778231063696	0.00113708455642814482	0.00445090122619642128	0.00725413372288538251	0.0192443404415094854	0.260471270112724417	0.13228196197998162	0.292809852122554342	0.327062377997024926	0.104534251282293649	0.167049501910562327	0.216543668375901006	0.177187699462071316	0.3016163504090628



5	A.CGTACGG	0.499009112461105349


A:	0.45773519022019667	0.335279268134797315	0.153438119735647032	0.0452151920073305836	0.593750226783446063	0.0465837360904155017	0.306746071669551293	0.303318687480226969	0.00637349986981864505	0.0118142816511234153	0.0188541760778998266	0.00179774160424247774	0.990044919788960791	0.00257869675542503646	0.0203703120735648696	0.0885067565354649289	0.279410999256086133	0.201527980730588172	0.168599444069508657	0.0629376358723304195	0.292128339921537304	0.522561479722654465	0.0506383558112933368
C:	0.0444729731594142748	0.468373036006476563	0.125328743888924864	0.478336785973841696	0.120525387370572901	0.616491233370311693	0.0888257774373689085	0.185823890737674073	0.972167514069506351	0.8597783140753012	0.000471886008042187356	0.00381402031361599351	0.00679460671140112794	0.987946909838044506	0.00714013179173906304	0.0184842500507598788	0.416427069812710472	0.571569246636073028	0.114653690030784359	0.31466681874448582	0.112331635524376356	0.164613419848285642	0.430580647173851511
G:	0.17993671863970612	0.111836807174428768	0.442765325375555851	0.0710370950807702696	0.242930515525312972	0.251914633720211218	0.398822941231034603	0.328190011046758268	0.00376111952331317177	0.0998827873840450364	0.979360002729550197	0.00422533638850738535	0.0023269600124784872	0.000498722092544100127	0.966748422149429522	0.87115872270816104	0.0436906608184789783	0.0946208106533571804	0.423937013777152643	0.295333167386158834	0.491005773271792691	0.145775598518497567	0.302237328638954146
T:	0.317855117980682935	0.0845108886842973537	0.278467810999872253	0.405410926938057451	0.0427938703206680636	0.0850103968190615871	0.205605209662045196	0.18266741073534069	0.0176978665373618321	0.0285246168895303478	0.00131393518450778911	0.990162901693634143	0.000833513487159593702	0.00897567131398635785	0.00574113398526654517	0.0218502707056141524	0.260471270112724417	0.13228196197998162	0.292809852122554342	0.327062377997024926	0.104534251282293649	0.167049501910562327	0.216543668375901006



