1	CCGGCCG.C	0.481901500488030837


A:	0.295861105058357614	0.441631237580290613	0.232339640496074666	0.161448280572134675	0.452369888895906306	0.305555801256370415	0.171600407118101775	0.142073332483067243	0.0369275423283984321	0.0292068611191431694	0.0244672311295448036	0.0766050613168166712	0.00494333234914375984	0.0242356502668294057	0.10368008429646369	0.132868415623125105	0.297984743708659059	0.117161563803797097	0.63956301963121948	0.505268378529346889	0.140808231290499598	0.335391226358891156	0.325134694260114131
C:	0.190982766892850551	0.110145451216488208	0.190815320685948917	0.197089219091915077	0.171257076975981354	0.252485933939236848	0.167333974745733943	0.636979522075153957	0.923421644617324716	0.00639602890104923804	0.00170066115317572133	0.876079271597319077	0.954170991406155904	0.00763175521238152758	0.120781607055790878	0.672239005033214808	0.0835270001281616849	0.0537251411066065232	0.0654260079991929196	0.304368109402595739	0.140869327802303644	0.172320129071866004	0.123842863170963805
G:	0.118707376118061273	0.0907043447776708728	0.118850652196730457	0.0464192777857225016	0.200809534619126895	0.232471732705581656	0.49588944868173075	0.0933801361724923051	0.0101908549385179859	0.959297861651866786	0.949672475481275482	0.00412952382996361041	0.0250432183157916165	0.93427812858257866	0.542827845764580139	0.0513850908484031907	0.153871076616521734	0.203206676800525348	0.0674057971148424803	0.0315478210572037175	0.158879614321685586	0.26762536738810718	0.205685325710405368
T:	0.394448751930730562	0.357518966425550306	0.45799438662124596	0.595043222550227746	0.175563499508985445	0.209486532098811081	0.165176169454433531	0.127567009269286495	0.0294599581157588664	0.00509924832794080699	0.0241596322360039932	0.0431861432559006417	0.0158424579289087197	0.0338544659382104069	0.232710462883165293	0.143507488495256896	0.464617179546657523	0.625906618289071032	0.227605175254745121	0.158815691010853655	0.559442826585511172	0.22466327718113566	0.345337116858516696



2	A.G.CGGCCG	0.478114143920595533


A:	0.446226033721466791	0.0376215016544452483	0.201559535197136507	0.34772765031528544	0.566828780393045959	0.520227674975647695	0.625906618289071032	0.26648695960047068	0.104188713505215789	0.474009071359500561	0.0196281636950460729	0.00779565269146898508	0.0262088400058802692	0.0256255401937349924	0.00453582599426066956	0.0839670904544103926	0.123133901754820648	0.185630539396720018	0.190437673290591243	0.108853392287791481	0.472152121431767117	0.204608960227226741
C:	0.116995236134763172	0.175668362339785782	0.308661042737163115	0.180447640129124537	0.0776083101781993628	0.0796368524831224306	0.203206676800525348	0.191003954195381071	0.0854199871547230141	0.241008236840603221	0.953955438071138249	0.00577459371047352923	0.00702598761433134179	0.956541220214982149	0.974204868372234633	0.0136830573006986181	0.209418225006323305	0.515543667176883974	0.173670116515522326	0.0439802749352495609	0.190131538668813177	0.383207818149074919
G:	0.158417805479928481	0.663281230594954881	0.205817272689675475	0.0761065217891278024	0.0127167605655190025	0.0691835711385955789	0.0537251411066065232	0.233606565897078241	0.633196144651486169	0.181688746721947441	0.00531408958979995481	0.977872952842855774	0.883127802193342063	0.00245687990981652391	0.00430573945325304281	0.865365015455851428	0.445778429073893007	0.183086119797523232	0.185319271533103304	0.551042063200629244	0.102725116467889589	0.105827822949413421
T:	0.278360924663841556	0.123428905410814088	0.283962149376024903	0.39571818776646222	0.342846148863235675	0.330951901402634295	0.117161563803797097	0.308902520307070009	0.177195154688575028	0.103293945077948777	0.0211023086440157228	0.00855680075520171124	0.0836373701864463257	0.0153763596814663349	0.0169535661802516549	0.0369848367890395614	0.221669444164963039	0.115739673628872777	0.450572938660783127	0.296124269576329714	0.234991223431530118	0.306355398674284919



3	GGCCG.C.TA	0.475887510339123242


A:	0.0553425649845980144	0.481359036347941307	0.409849165805526001	0.348286135319952176	0.11566974575513258	0.0271041744196357807	0.0127628865949590017	0.0298949138334804496	0.0528074592285572211	0.00946012587781678153	0.0378173348816434526	0.118763352687459131	0.0296636833137694974	0.307623564089233126	0.0365644632870876926	0.916992770742910714	0.13036238098430845	0.11922662654674041	0.267559582542617497	0.173858823176874358	0.0579486906461030618	0.296845415964294431
C:	0.213717996241468727	0.314759482501257632	0.0934333728152265277	0.147909568218578762	0.699799572155218341	0.856554636792063921	0.0116071475723417504	0.00355069193844810464	0.933891356489198238	0.972273168852165317	0.00384649996195926738	0.100016894699295548	0.90928324995072756	0.315046585688162084	0.0405871796049108804	0.0382768571918780796	0.62703184285842199	0.49089216707648926	0.258260978801618487	0.543845590146966857	0.0657203511525361814	0.0800477226551809107
G:	0.0144681799773896964	0.167757912265933516	0.286186545702582503	0.18612353538190951	0.15577082634118245	0.0904942716790319902	0.967689757653929941	0.959222246081655667	0.00440930793516518052	0.00421931048182098425	0.947273521824584759	0.536420757745719142	0.0292094152252726546	0.108165574933456051	0.0575574081433061535	0.0139008262014688922	0.088265749796693905	0.126160134344951514	0.286389027462429313	0.171147807046923805	0.199712527483797156	0.509018123126663116
T:	0.716471258796543562	0.0361235688848675454	0.210530915676664969	0.317680761079559552	0.0287598557484666295	0.0258469171092683081	0.00794020817876930677	0.00733214814641577841	0.00889187634707936075	0.0140473947881969171	0.0110626433318125205	0.244798994867526179	0.0318436515102302878	0.26916427528914874	0.865290948964695274	0.0308295458637423146	0.154340026360575656	0.263721072031818816	0.187790411193334702	0.111147779629234981	0.6766184307175636	0.114088738253861542



4	G.CGGCCG.C	0.475033487126060426


A:	0.295861105058357614	0.441631237580290613	0.232339640496074666	0.161448280572134675	0.452369888895906306	0.305555801256370415	0.171600407118101775	0.142073332483067243	0.0365963282578632587	0.0320611181351382223	0.0443938028706003452	0.154336397726371589	0.0260904126159651877	0.0677954694452962084	0.10368008429646369	0.165176169454433531	0.297984743708659059	0.117161563803797097	0.63956301963121948	0.505268378529346889	0.140808231290499598	0.335391226358891156	0.325134694260114131
C:	0.190982766892850551	0.110145451216488208	0.190815320685948917	0.197089219091915077	0.171257076975981354	0.252485933939236848	0.167333974745733943	0.636979522075153957	0.877665079027604705	0.0252098360163406141	0.00751751791045524072	0.793752281492572825	0.916638633232555976	0.0179431232692358284	0.120781607055790878	0.49588944868173075	0.0835270001281616849	0.0537251411066065232	0.0654260079991929196	0.304368109402595739	0.140869327802303644	0.172320129071866004	0.123842863170963805
G:	0.118707376118061273	0.0907043447776708728	0.118850652196730457	0.0464192777857225016	0.200809534619126895	0.232471732705581656	0.49588944868173075	0.0933801361724923051	0.0179431232692358284	0.916638633232555976	0.793752281492572825	0.00751751791045524072	0.0252098360163406141	0.877665079027604705	0.542827845764580139	0.167333974745733943	0.153871076616521734	0.203206676800525348	0.0674057971148424803	0.0315478210572037175	0.158879614321685586	0.26762536738810718	0.205685325710405368
T:	0.394448751930730562	0.357518966425550306	0.45799438662124596	0.595043222550227746	0.175563499508985445	0.209486532098811081	0.165176169454433531	0.127567009269286495	0.0677954694452962084	0.0260904126159651877	0.154336397726371589	0.0443938028706003452	0.0320611181351382223	0.0365963282578632587	0.232710462883165293	0.171600407118101775	0.464617179546657523	0.625906618289071032	0.227605175254745121	0.158815691010853655	0.559442826585511172	0.22466327718113566	0.345337116858516696



5	AG.CGGCCG	0.470888753784306913


A:	0.135046478842558844	0.345337116858516696	0.22466327718113566	0.559442826585511172	0.158815691010853655	0.227605175254745121	0.625906618289071032	0.464617179546657523	0.152042902062700633	0.232710462883165293	0.0349026753402061348	0.0309084932920004911	0.0408537249955658017	0.045319256018329697	0.0241327385057438089	0.0271716224039577823	0.127567009269286495	0.165176169454433531	0.209486532098811081	0.175563499508985445	0.595043222550227746	0.45799438662124596	0.357518966425550306
C:	0.0908981751820452954	0.205685325710405368	0.26762536738810718	0.158879614321685586	0.0315478210572037175	0.0674057971148424803	0.203206676800525348	0.153871076616521734	0.203971888607307097	0.542827845764580139	0.912621488302386019	0.00983416315716384622	0.00471057330305545215	0.908586134579425932	0.939792855200852176	0.00951450949881190479	0.0933801361724923051	0.49588944868173075	0.232471732705581656	0.200809534619126895	0.0464192777857225016	0.118850652196730457	0.0907043447776708728
G:	0.0914758304472790117	0.123842863170963805	0.172320129071866004	0.140869327802303644	0.304368109402595739	0.0654260079991929196	0.0537251411066065232	0.0835270001281616849	0.582504766951145277	0.120781607055790878	0.00913417816070364511	0.953760949829186599	0.91737616159474621	0.00442451941356160888	0.0175512775761451554	0.920584137564047004	0.636979522075153957	0.167333974745733943	0.252485933939236848	0.171257076975981354	0.197089219091915077	0.190815320685948917	0.110145451216488208
T:	0.682579515528116849	0.325134694260114131	0.335391226358891156	0.140808231290499598	0.505268378529346889	0.63956301963121948	0.117161563803797097	0.297984743708659059	0.0614804423788469939	0.10368008429646369	0.0433416581967042008	0.00549639372164906362	0.0370595401066325358	0.0416700899886827625	0.0185231287172588594	0.0427297305331833092	0.142073332483067243	0.171600407118101775	0.305555801256370415	0.452369888895906306	0.161448280572134675	0.232339640496074666	0.441631237580290613



