1	CGCCGGCG	0.498158208066676589


A:	0.399351562680212179	0.380238329668616777	0.0114310476984756253	0.0154164766820890902	0.489869282730270211	0.139259867492112344	0.135526787553219677	0.0113184966385849795	0.014166914905445023	0.0220401207037991899	0.00246121462610930035	0.0123752050977146266	0.0162886411161623869	0.200541725339380051	0.0648790848294455042	0.503809363636448076	0.141113935090648816	0.189800303900224391	0.52352993753078662	0.701793431320569293	0.16526101238075423	0.20819091019317031
C:	0.176190690473778164	0.0558779913232265309	0.685355474974827585	0.206384373686842961	0.0924794298901566233	0.0597368902013821314	0.122298576102046627	0.894179573614199017	0.00397270880654675114	0.94335754446006823	0.97869360570609802	0.00646997457007805357	0.0183136937199701936	0.781318650948628174	0.0296228449177704991	0.0455887027699036162	0.627248421279857764	0.343631653015775989	0.0120092854259776044	0.0138907410043281966	0.405190935212136157	0.249944854350455814
G:	0.164393363416489388	0.547698055491252563	0.023854139984328467	0.202196326055293187	0.298475724752634917	0.333724586875683853	0.0787521646149005424	0.0296228449177704991	0.781318650948628174	0.0183136937199701936	0.00646997457007805357	0.97869360570609802	0.94335754446006823	0.00397270880654675114	0.894179573614199017	0.24549351838169987	0.0903568079594707092	0.28836229748584523	0.368279073521008071	0.262249080608644185	0.263524993654407235	0.232208810250365251
T:	0.260064383429520268	0.0161856235169041293	0.279359337342368323	0.576002823575774762	0.119175562626938249	0.467278655430821672	0.663422471729833153	0.0648790848294455042	0.200541725339380051	0.0162886411161623869	0.0123752050977146266	0.00246121462610930035	0.0220401207037991899	0.014166914905445023	0.0113184966385849795	0.205108415211948439	0.141280835670022712	0.17820574559815439	0.0961817035222277045	0.0220667470664583255	0.166023058752702378	0.309655425206008625



2	TCCGGCGA	0.495282023921782719


A:	0.154331521171576697	0.0654529605461344359	0.191639344615222589	0.554081059388263987	0.0802409228437645338	0.263916777489147685	0.0212270482760225339	0.031793280265829281	0.00664493316644538029	0.00452271623781911597	0.00268945635722802961	0.110260721523403891	0.0023332868849950922	0.0208363757158030202	0.868601307179332584	0.244324168630915687	0.175741620432917404	0.329028521909022358	0.100275749040082007	0.40659644463596137	0.231171810508128501	0.205456733671405863
C:	0.516850882025566413	0.771183602321439734	0.16158855707398945	0.0447785730068160486	0.0430949776626472547	0.10520442151923891	0.209132006759703581	0.0033451320054963101	0.987798547195141993	0.988755265379157456	0.00675140341059247068	0.00231126318410805096	0.912789250315146414	0.0128904873580795928	0.00467811052903887807	0.373991957469518241	0.0523558510672531205	0.137790587229060657	0.0336051624219906183	0.0403841099899827041	0.233873406188998564	0.276250771067338726
G:	0.0592139892904042765	0.0537613432877534854	0.187069361462653779	0.157804273115868341	0.582543131558660325	0.192776826230251367	0.0896859528116289743	0.0646273199729657544	0.00240518216575281139	0.003846770793281139	0.988093629242290941	0.882027355249286501	0.00327818663046451005	0.962434268180309921	0.0927249972557169789	0.20227172567920656	0.634305616590162566	0.288860142969900693	0.688106644049850198	0.224704868756521231	0.106792003824502971	0.147167230897095115
T:	0.269603607512452613	0.109602093844672344	0.459702736848134182	0.243336094489051623	0.294120967934927887	0.438101974761362038	0.67995499215264491	0.900234267755708654	0.00315133747265981545	0.00287524758974228897	0.00246551098988855825	0.00540066004320155712	0.0815992761693939843	0.00383886874580746615	0.0339955850359115589	0.179412148220359512	0.137596911909666909	0.244320747892016292	0.178012444488077177	0.328314576617534695	0.428162779478369964	0.371125264364160296



3	CGCCGGAA	0.494388400833829661


A:	0.428162779478369964	0.328314576617534695	0.178012444488077177	0.244320747892016292	0.137596911909666909	0.179412148220359512	0.0339955850359115589	0.00364478606257804924	0.100077135625999827	0.00767847252341022054	0.00297153503007079895	0.00432327076604733014	0.00370964577010005756	0.797994632521382847	0.67995499215264491	0.438101974761362038	0.294120967934927887	0.243336094489051623	0.459702736848134182	0.109602093844672344	0.269603607512452613	0.228252821862165088
C:	0.106792003824502971	0.224704868756521231	0.688106644049850198	0.288860142969900693	0.634305616590162566	0.20227172567920656	0.0927249972557169789	0.890137172687003109	0.00287923578557979037	0.629017811153542193	0.983712380360916259	0.0041998123260977615	0.00330337257161676358	0.063298571569514656	0.0896859528116289743	0.192776826230251367	0.582543131558660325	0.157804273115868341	0.187069361462653779	0.0537613432877534854	0.0592139892904042765	0.266123252119033014
G:	0.233873406188998564	0.0403841099899827041	0.0336051624219906183	0.137790587229060657	0.0523558510672531205	0.373991957469518241	0.00467811052903887807	0.0215821845393998403	0.891633387412187061	0.00482198908390743908	0.00231554046260236775	0.983667085684302525	0.985314480902261454	0.0165428746217446483	0.209132006759703581	0.10520442151923891	0.0430949776626472547	0.0447785730068160486	0.16158855707398945	0.771183602321439734	0.516850882025566413	0.355465214717379992
T:	0.231171810508128501	0.40659644463596137	0.100275749040082007	0.329028521909022358	0.175741620432917404	0.244324168630915687	0.868601307179332584	0.0846358567110190019	0.00541024117623332148	0.358481727239140147	0.0110005441464105738	0.0078098312235523833	0.0076725007560217253	0.122163921287357849	0.0212270482760225339	0.263916777489147685	0.0802409228437645338	0.554081059388263987	0.191639344615222589	0.0654529605461344359	0.154331521171576697	0.150158711301421906



4	CCGGCGA..A	0.493774504938210333


A:	0.0161023605712449376	0.243564467417889075	0.06866292221018119	0.119528097442749877	0.185868174332747375	0.0682837576942646724	0.031793280265829281	0.019125723110379376	0.00453689901052441947	0.0137092101801898548	0.12828147495378528	0.0604631919055070235	0.0368516069257518784	0.666460384895149529	0.192554116898189004	0.147963430027929554	0.691251448914435216	0.600082803708031787	0.213495892672520121	0.38656475043406191	0.123159667338575496	0.321932663621214384	0.595793272085646346
C:	0.350217712466875201	0.148744512075186367	0.0584662262307124108	0.231925656533637839	0.16495137327768045	0.26533289574912916	0.0033451320054963101	0.934216753450549274	0.9638169050836223	0.00530287571354330706	0.0183131810660513151	0.877356004838255394	0.0138253196150426148	0.0132204523129441619	0.463965592347196933	0.181264302882434653	0.0672263110234897942	0.0205438710072679613	0.549603741797504846	0.0915380895045170164	0.231004189983582457	0.0625895349624668383	0.0704872901700213742
G:	0.0471348600814698363	0.224849387562649745	0.267283455139559896	0.258508740344925631	0.140405960367177938	0.0773548218973836019	0.0646273199729657544	0.0166280527948962199	0.0140330616829374389	0.974797953378845531	0.828607568386607642	0.00797201479424367179	0.944736287087202866	0.231684858736871622	0.115922338494518862	0.343513543249936201	0.110930043738213044	0.218124301401695965	0.123718937029334637	0.301543887532824579	0.384087353865941204	0.548812632317942457	0.275459452967513968
T:	0.586545066880410025	0.382841632944274814	0.605587396419546504	0.390037505678686653	0.508774492022394238	0.589028524659222566	0.900234267755708654	0.03002947064417513	0.017613134222915842	0.00618996072742130705	0.0247977755935557626	0.054208788461993911	0.00458678637200264073	0.0886343040550346865	0.2275579522600952	0.327258723839699592	0.130592196323861945	0.161249023883004287	0.113181428500640395	0.220353272528596495	0.261748788811900844	0.0666651690983763207	0.0582599847768183116



5	C..CGCCGGA	0.493634919847138816


A:	0.244932205456140544	0.371125264364160296	0.428162779478369964	0.328314576617534695	0.178012444488077177	0.244320747892016292	0.137596911909666909	0.179412148220359512	0.0339955850359115589	0.00732509401481076345	0.0617500746129794508	0.00768688003575578001	0.00341287926520975557	0.00649939747944893503	0.00922921847037720835	0.86867200412669941	0.67995499215264491	0.438101974761362038	0.294120967934927887	0.243336094489051623	0.459702736848134182	0.109602093844672344	0.269603607512452613
C:	0.534703216131835481	0.147167230897095115	0.106792003824502971	0.224704868756521231	0.688106644049850198	0.288860142969900693	0.634305616590162566	0.20227172567920656	0.0927249972557169789	0.910391295545539049	0.00424983407573662837	0.76877099612458308	0.972279781058429521	0.00448371919593991558	0.00496593306352241907	0.0680339297034476094	0.0896859528116289743	0.192776826230251367	0.582543131558660325	0.157804273115868341	0.187069361462653779	0.0537613432877534854	0.0592139892904042765
G:	0.0297980179175525356	0.276250771067338726	0.233873406188998564	0.0403841099899827041	0.0336051624219906183	0.137790587229060657	0.0523558510672531205	0.373991957469518241	0.00467811052903887807	0.0245950371015030153	0.929973633054898486	0.00516008397030922965	0.00460277581786113493	0.971208698182013667	0.972951534375030535	0.0134197589210208234	0.209132006759703581	0.10520442151923891	0.0430949776626472547	0.0447785730068160486	0.16158855707398945	0.771183602321439734	0.516850882025566413
T:	0.190566560494471439	0.205456733671405863	0.231171810508128501	0.40659644463596137	0.100275749040082007	0.329028521909022358	0.175741620432917404	0.244324168630915687	0.868601307179332584	0.0576885733381471717	0.00402645825638543488	0.218382039869351911	0.0197045638584995883	0.0178081851425974828	0.0128533140910698374	0.0498743072488321574	0.0212270482760225339	0.263916777489147685	0.0802409228437645338	0.554081059388263987	0.191639344615222589	0.0654529605461344359	0.154331521171576697



