1	CGCCGGCG	0.483093862637633931


A:	0.442183777048437034	0.0711687883777057816	0.107821926023810499	0.272058736737186487	0.238295128092821013	0.286608143579621295	0.177071970357585665	0.0406305248619348771	0.0599151508120140953	0.0194575398285903881	0.0051589113685530081	0.0327680161943112529	0.0293405408737413797	0.178793246410726196	0.0761484645359289382	0.479291229060340111	0.195346939374450003	0.531101253812294173	0.0910139660165820619	0.122553294940544062	0.353233698807226569	0.443360091787481539
C:	0.322943373931495275	0.208749408117707892	0.295155414284669302	0.22346130927564129	0.256113720262099249	0.13788513281722842	0.0544809984359654045	0.836657142552564165	0.00551773520801386898	0.928079275127753943	0.957605562842831685	0.00446750959430405368	0.0231226441699142889	0.75577386756924584	0.0465638680495720194	0.0954347685127103264	0.284685086894540077	0.121624552516092461	0.198767707173237891	0.458519101815679032	0.392928511150695183	0.205097609619668808
G:	0.152248475157200718	0.193670296714163002	0.196403555608614617	0.373809853425026589	0.124633181647139274	0.142694547454777914	0.139310276188974962	0.0465638680495720194	0.75577386756924584	0.0231226441699142889	0.00446750959430405368	0.957605562842831685	0.928079275127753943	0.00551773520801386898	0.836657142552564165	0.284714119643211791	0.178076165101109291	0.232990436326475888	0.508407642550848886	0.224416839144006767	0.1150383097159661	0.0873357525847552401
T:	0.0826243738628669725	0.526411506790423324	0.400619104082905582	0.130670100562145634	0.380957969997940465	0.432812176148372372	0.629136755017473968	0.0761484645359289382	0.178793246410726196	0.0293405408737413797	0.0327680161943112529	0.0051589113685530081	0.0194575398285903881	0.0599151508120140953	0.0406305248619348771	0.140559882783737772	0.341891808629900629	0.114283757345137477	0.201810684259331161	0.194510764099770139	0.138799480326112148	0.264206546008094413



2	T..CCGGCGA	0.480939681285394442


A:	0.585113822443826623	0.0448943915205936564	0.517251498154309997	0.27878742357626683	0.0865553127235598984	0.446715462542555055	0.132367218668067524	0.0684366281301087716	0.0874938577484588906	0.0121996592451084483	0.00361083521376600889	0.0118763453436078311	0.0326491276508577496	0.00893781030392065863	0.0351490170516666224	0.894755377416091204	0.255139498952628279	0.266043170962265707	0.152251281168501032	0.201687659542588258	0.69872972677191378	0.304893534935477498	0.356943824463101118
C:	0.133378873088273667	0.310316373174394478	0.110952575692428667	0.0830793731771650523	0.10607729968349606	0.0776406301801104449	0.0622233561140610672	0.175445716900952876	0.0249712194089281683	0.968596481790115956	0.986689012254192836	0.00507882468301946471	0.00869065963426963093	0.93331538493058475	0.00971220497057835314	0.0207609579260732658	0.140228767201828788	0.206986563956164056	0.171772870356806444	0.305514186644468813	0.081594768161227253	0.308945784919835664	0.385529663175975886
G:	0.160453473824375981	0.184228916092492033	0.105191220426217904	0.203828042788583993	0.239785250432578597	0.273047113129442249	0.0329774527207737522	0.48916488162407034	0.546463352088101813	0.0033237378150598815	0.00594624157207354383	0.979478425360262496	0.956176902344400654	0.00656411856212001658	0.946374229004757489	0.0386287192922246101	0.393238912321488194	0.164671629175086426	0.290953013239386868	0.286719416443886136	0.13218090603307094	0.135919022628158662	0.0947572773749889403
T:	0.121053830643523729	0.460560319212519833	0.266604705727043432	0.434305160457984125	0.567582137160365445	0.202596794147892251	0.772431972497097657	0.266952773344868012	0.341071570754511128	0.0158801211497157139	0.00375391095996761148	0.00356640461311020845	0.00248331037047196584	0.0511826862033745751	0.00876454897299753554	0.0458549453656109202	0.211392821524054739	0.362298635906483811	0.385022835235305657	0.206078737369056794	0.0874945990337880271	0.250241657516528177	0.162769234985934056



3	GCCGGCGA	0.480934505581349402


A:	0.0448943915205936564	0.517251498154309997	0.27878742357626683	0.0865553127235598984	0.446715462542555055	0.132367218668067524	0.0684366281301087716	0.0874938577484588906	0.0220249792635565952	0.0113149407399592499	0.00906736397843916849	0.028799689489485747	0.0146395372116791906	0.0822215469309771755	0.816779196342155859	0.255139498952628279	0.266043170962265707	0.152251281168501032	0.201687659542588258	0.69872972677191378	0.304893534935477498	0.356943824463101118
C:	0.310316373174394478	0.110952575692428667	0.0830793731771650523	0.10607729968349606	0.0776406301801104449	0.0622233561140610672	0.175445716900952876	0.0249712194089281683	0.942688826191100734	0.979189322322684807	0.00383618527122317086	0.00973245400110792409	0.902567502655080432	0.0169552418094239335	0.0437497450239672006	0.140228767201828788	0.206986563956164056	0.171772870356806444	0.305514186644468813	0.081594768161227253	0.308945784919835664	0.385529663175975886
G:	0.184228916092492033	0.105191220426217904	0.203828042788583993	0.239785250432578597	0.273047113129442249	0.0329774527207737522	0.48916488162407034	0.546463352088101813	0.00610126730943341943	0.00505809034351731613	0.978937499334608684	0.952785500597915843	0.0130656288254159702	0.864618969009276085	0.0230791159288932665	0.393238912321488194	0.164671629175086426	0.290953013239386868	0.286719416443886136	0.13218090603307094	0.135919022628158662	0.0947572773749889403
T:	0.460560319212519833	0.266604705727043432	0.434305160457984125	0.567582137160365445	0.202596794147892251	0.772431972497097657	0.266952773344868012	0.341071570754511128	0.0291849272359092519	0.00443764659383862696	0.00815895141572897644	0.00868235591149048562	0.0697273313078244071	0.0362042422503228055	0.116391942704983673	0.211392821524054739	0.362298635906483811	0.385022835235305657	0.206078737369056794	0.0874945990337880271	0.250241657516528177	0.162769234985934056



4	G.CCGGCGA	0.471427865856670124


A:	0.585113822443826623	0.0448943915205936564	0.517251498154309997	0.27878742357626683	0.0865553127235598984	0.446715462542555055	0.132367218668067524	0.0684366281301087716	0.0874938577484588906	0.0110096688207002838	0.00492352458336521585	0.011075252897612481	0.0321480676271840085	0.0265721509861692167	0.0698182072661036781	0.884272747115968701	0.255139498952628279	0.266043170962265707	0.152251281168501032	0.201687659542588258	0.69872972677191378	0.304893534935477498	0.356943824463101118
C:	0.133378873088273667	0.310316373174394478	0.110952575692428667	0.0830793731771650523	0.10607729968349606	0.0776406301801104449	0.0622233561140610672	0.175445716900952876	0.0249712194089281683	0.956260768035036576	0.980043116947105836	0.0040850858051126649	0.0121607677899567966	0.927674163902032851	0.01254618087513875	0.0283855070958369851	0.140228767201828788	0.206986563956164056	0.171772870356806444	0.305514186644468813	0.081594768161227253	0.308945784919835664	0.385529663175975886
G:	0.160453473824375981	0.184228916092492033	0.105191220426217904	0.203828042788583993	0.239785250432578597	0.273047113129442249	0.0329774527207737522	0.48916488162407034	0.546463352088101813	0.0142907659079705547	0.0106478659076157637	0.977754763719455529	0.933609102469523048	0.00675110135515570291	0.903820307861322506	0.0347005405793947027	0.393238912321488194	0.164671629175086426	0.290953013239386868	0.286719416443886136	0.13218090603307094	0.135919022628158662	0.0947572773749889403
T:	0.121053830643523729	0.460560319212519833	0.266604705727043432	0.434305160457984125	0.567582137160365445	0.202596794147892251	0.772431972497097657	0.266952773344868012	0.341071570754511128	0.0184387972362925855	0.00438549256191318473	0.00708489757781932537	0.0220820621133361468	0.0390025837566422292	0.0138153039974350662	0.0526412052087996109	0.211392821524054739	0.362298635906483811	0.385022835235305657	0.206078737369056794	0.0874945990337880271	0.250241657516528177	0.162769234985934056



5	CCGGCGAG	0.46914822681023412


A:	0.517251498154309997	0.27878742357626683	0.0865553127235598984	0.446715462542555055	0.132367218668067524	0.0684366281301087716	0.0874938577484588906	0.0300222133807746303	0.0116822266428603302	0.011435963419585243	0.0529037972864127103	0.00924501598564976412	0.0930988461299012564	0.86174153067119805	0.255139498952628279	0.266043170962265707	0.152251281168501032	0.201687659542588258	0.69872972677191378	0.304893534935477498	0.356943824463101118	0.342666563536552389
C:	0.110952575692428667	0.0830793731771650523	0.10607729968349606	0.0776406301801104449	0.0622233561140610672	0.175445716900952876	0.0249712194089281683	0.939594723038960919	0.971685288734160447	0.00395861267657526839	0.0201841536795296778	0.896549624728514884	0.010977456105241696	0.0280978604598789199	0.140228767201828788	0.206986563956164056	0.171772870356806444	0.305514186644468813	0.081594768161227253	0.308945784919835664	0.385529663175975886	0.191391052664903754
G:	0.105191220426217904	0.203828042788583993	0.239785250432578597	0.273047113129442249	0.0329774527207737522	0.48916488162407034	0.546463352088101813	0.0130113850239297938	0.00661078298022384016	0.976398531186171667	0.919731987976335861	0.0124277501899747455	0.86172510759627439	0.051692787360546294	0.393238912321488194	0.164671629175086426	0.290953013239386868	0.286719416443886136	0.13218090603307094	0.135919022628158662	0.0947572773749889403	0.280081194487083882
T:	0.266604705727043432	0.434305160457984125	0.567582137160365445	0.202596794147892251	0.772431972497097657	0.266952773344868012	0.341071570754511128	0.0173716785563346572	0.010021701642755382	0.00820689271766782132	0.00718006105772175097	0.081777609095860606	0.0341985901685826574	0.0584678215083767362	0.211392821524054739	0.362298635906483811	0.385022835235305657	0.206078737369056794	0.0874945990337880271	0.250241657516528177	0.162769234985934056	0.185861189311459975



