1	C.GCCGGCG	0.489032119984853723


A:	0.369784051797013211	0.103404172650988568	0.142252328686349479	0.0859001383738440645	0.0971364559714606703	0.185273563539659425	0.150035989063873544	0.0539469930275387506	0.00883819645213370298	0.0143659198890905279	0.0219993024651762064	0.0142562542948185794	0.00979924923144519265	0.0178429498357526854	0.0613593621103875177	0.318265283888505885	0.148198118157714374	0.12018921535100229	0.140311761494061918	0.347825428446413435	0.103374759403388187	0.117400571376708222	0.0566074216197662421
C:	0.161926955876400659	0.665962020805373331	0.178527860803612332	0.137301039551620454	0.420592347342836491	0.196934220591025337	0.445578913073033896	0.612036464387932817	0.252153243476419753	0.067513589902884549	0.76655349927429823	0.843360144968702796	0.0697950113934179785	0.383448128037788793	0.867876452306527019	0.157296004428140622	0.284242233950393005	0.364270449350808263	0.362285809013815412	0.213389759378333081	0.578846777909645208	0.535996499510987346	0.298219580911683383
G:	0.237883656850210264	0.114096706117528864	0.533428171164512177	0.62206084947745902	0.226270487081195838	0.441124304959472663	0.2930525175053353	0.260265237222173951	0.533637085549347951	0.731755060432492934	0.20087931862489681	0.136999253087571374	0.915783238372165771	0.592105310603626206	0.0384081500158816738	0.503305613683257229	0.301224971440491555	0.41061556089819596	0.198974243979168356	0.257841314080925528	0.125863438443861382	0.075491488916557689	0.564907035265115963
T:	0.230405335476375866	0.116537100426109237	0.145791639345526012	0.154737972597076461	0.256000709604507001	0.176667910909842575	0.11133258035775726	0.0737513053623544811	0.205371474522098593	0.186365429775531989	0.0105678796356287545	0.00538434764890725046	0.00462250100297105799	0.0066036115228323164	0.032356035567203789	0.0211330980000962641	0.266334676451401066	0.104924774399993487	0.298428185512954314	0.180943498094327957	0.191915024243105223	0.271111440195746742	0.0802659622034344119



2	CCGGCCGG	0.488219029279612897


A:	0.143808002915069048	0.323097412681991395	0.136020712504042112	0.0665391535806725253	0.0550698905287724258	0.187392634295009622	0.183314239894037037	0.0883736093965499364	0.0375684688570574313	0.00950403292246018762	0.00994948018738063688	0.0623325777829943392	0.035908669493962364	0.0473794700209528279	0.0751617224510862274	0.278024392645800207	0.144930487313142101	0.135349190469746162	0.268781456852006358	0.0565722166291207695	0.0606389290103084559	0.161126759046514328
C:	0.114836833995678798	0.129078930173253097	0.543921317243137871	0.411911205642403328	0.548438111712125984	0.345168274247881867	0.262009286399825438	0.585667114413015837	0.889186581375468716	0.160322366707986881	0.132801646563613435	0.794916295466011589	0.794264930875590567	0.0258654797465210247	0.250797553739347999	0.481636358672323378	0.32593983133546738	0.285555525024098377	0.224032465165190308	0.235524664654295411	0.297561327519525941	0.59856169025465453
G:	0.486653779904973554	0.39591003225096186	0.221620614122530444	0.366857028744884988	0.251525894973401891	0.33525170488558103	0.180189111461788468	0.250797553739347999	0.0258654797465210247	0.794264930875590567	0.794916295466011589	0.132801646563613435	0.160322366707986881	0.889186581375468716	0.585667114413015837	0.165182644306594137	0.220885202333720108	0.265010382522333356	0.190186307168994798	0.681468894108721391	0.356118529695330714	0.1289228616083986
T:	0.2547013831842786	0.151913624893793648	0.0984373561302895723	0.154692612032039159	0.144966102785699699	0.132187386571527482	0.374487362244349057	0.0751617224510862274	0.0473794700209528279	0.035908669493962364	0.0623325777829943392	0.00994948018738063688	0.00950403292246018762	0.0375684688570574313	0.0883736093965499364	0.0751566043752822783	0.30824447901767041	0.314084901983822105	0.316999770813808536	0.0264342246078624286	0.285681213774834888	0.111388689090432543



3	CC..GCCCGG	0.487241937077097842


A:	0.273241559554524051	0.227108380889946878	0.220138057508646114	0.259569624765531949	0.0675411439865447526	0.122935950095933181	0.0464496986302101299	0.148519022304882761	0.129793641173023062	0.0735548364220489393	0.03472149788044546	0.017842509047971428	0.0505154361665241792	0.0367912345638290053	0.0358449952493457169	0.0596791000730186789	0.0944013017614047586	0.549903899808144048	0.305932010396446612	0.0797724806015210916	0.141058670148602648	0.173905199984356083
C:	0.11944552086255885	0.181752299571331394	0.312651626963380706	0.130545355746880899	0.125951496776587304	0.46297081322950838	0.642811497853087697	0.616156196156427712	0.184508230834279537	0.301284669502323166	0.035524463705111018	0.758984928526774114	0.907452417957555144	0.793644370730257966	0.104919200900757826	0.0898795878500526835	0.754215498525222498	0.213182590444791997	0.0710371822561252118	0.313691898644452809	0.167835200577105536	0.423164501743100456
G:	0.269049748548342149	0.253189507891235082	0.296926146255656431	0.154497420891928139	0.424207700700993655	0.334061602263128865	0.187434460614800027	0.0789840970028369395	0.22945990820365476	0.122301243088881185	0.896298833019085085	0.158170750957666347	0.0227326420540437281	0.0899478028170506192	0.839560858713905932	0.818560015090762298	0.133926326031593627	0.0588814744156311835	0.58412848125088217	0.158399501584407907	0.577212567014504405	0.290454246646722259
T:	0.33826317103457495	0.337949811647486645	0.170284169272316749	0.455387598595659012	0.382299658535874288	0.0800316344114295735	0.123304342901902145	0.156340684535852587	0.456238219789042641	0.502859250986746709	0.0334552053953584367	0.0650018114675881109	0.0192995038218769486	0.0796165918888624093	0.0196749451359905252	0.0318812969861663399	0.0174568736817791162	0.178032035331432771	0.0389023260965460062	0.448136119169618193	0.113893562259787411	0.112476051625821202



4	CGGCCGGC	0.486846816812367264


A:	0.323097412681991395	0.136020712504042112	0.0665391535806725253	0.0550698905287724258	0.187392634295009622	0.183314239894037037	0.0883736093965499364	0.102063315508216885	0.00883819645213370298	0.0101775874761086174	0.0693719359919924237	0.070200054121014834	0.0089664853455717134	0.044975986931536854	0.278024392645800207	0.144930487313142101	0.135349190469746162	0.268781456852006358	0.0565722166291207695	0.0606389290103084559	0.161126759046514328	0.0702967835987367852
C:	0.129078930173253097	0.543921317243137871	0.411911205642403328	0.548438111712125984	0.345168274247881867	0.262009286399825438	0.585667114413015837	0.789961518459342078	0.252153243476419753	0.237402759283403591	0.829246819901995975	0.642044119664644629	0.0150693137959678663	0.184142711721938132	0.481636358672323378	0.32593983133546738	0.285555525024098377	0.224032465165190308	0.235524664654295411	0.297561327519525941	0.59856169025465453	0.589649607570240118
G:	0.39591003225096186	0.221620614122530444	0.366857028744884988	0.251525894973401891	0.33525170488558103	0.180189111461788468	0.250797553739347999	0.0453259791507712859	0.533637085549347951	0.726862152774238292	0.0983086730892488384	0.285805872189011414	0.967799756123651978	0.744553839279423832	0.165182644306594137	0.220885202333720108	0.265010382522333356	0.190186307168994798	0.681468894108721391	0.356118529695330714	0.1289228616083986	0.220794586368790853
T:	0.151913624893793648	0.0984373561302895723	0.154692612032039159	0.144966102785699699	0.132187386571527482	0.374487362244349057	0.0751617224510862274	0.0626491868816697507	0.205371474522098593	0.0255575004662495006	0.00307257101676276269	0.00194995402532912254	0.00816444473480844187	0.0263274620671011823	0.0751566043752822783	0.30824447901767041	0.314084901983822105	0.316999770813808536	0.0264342246078624286	0.285681213774834888	0.111388689090432543	0.119259022462232243



5	CGCCGGCG	0.486569890880363403


A:	0.0753197787580657993	0.0329071106392543786	0.363409751185567234	0.181708134535164829	0.256457715370025486	0.341987446076030153	0.0539469930275387506	0.0171595812542750164	0.0247852424226522118	0.010948276989486719	0.0086631733348787889	0.00797259193309686615	0.00510885327445083626	0.0871262217940760553	0.150211581113452936	0.372473690912029547	0.188808055467686098	0.232220675595293044	0.224581672529547633	0.165635870579031448	0.0898789624442720098	0.498655846769988794
C:	0.224579634817093751	0.150678473622651538	0.0639272304766443514	0.138095735753084743	0.189858744816721367	0.30708380782360733	0.612036464387932817	0.616216568197313981	0.0170200715679657063	0.713188560848567197	0.917978276819847666	0.0653859579121766786	0.270754308887495248	0.871068464215306027	0.216412269434958067	0.039950439918410553	0.354474800770925835	0.32700647067667134	0.245643303815975337	0.511159533939583892	0.135106915600718051	0.194115032898946235
G:	0.245999283085280167	0.624455297987115947	0.432893632702922405	0.485185043501002759	0.249898124916817388	0.280175449502290927	0.260265237222173951	0.216412269434958067	0.871068464215306027	0.270754308887495248	0.0653859579121766786	0.917978276819847666	0.713188560848567197	0.0170200715679657063	0.616216568197313981	0.526889432625713727	0.248027777108901235	0.310351685872087851	0.264001200853229239	0.160158748812775799	0.453093750608149301	0.189758479417796043
T:	0.454101303339560282	0.191959117750978136	0.139769385634866009	0.19501108621074767	0.30378541489643576	0.0707532965980715902	0.0737513053623544811	0.150211581113452936	0.0871262217940760553	0.00510885327445083626	0.00797259193309686615	0.0086631733348787889	0.010948276989486719	0.0247852424226522118	0.0171595812542750164	0.0606864365438461724	0.208689366652486831	0.130421167855947765	0.265773822801247792	0.16304584666860886	0.321920371346860638	0.117470640913268928



