1	CGGCCG.TC	0.490294858497555193


A:	0.46220685078119666	0.176946164884949854	0.15426329293797909	0.149554912287125181	0.0928366118303622579	0.354756471983088941	0.167217491837379016	0.0405803666899152222	0.023457565435652691	0.017052853344157979	0.0197610267871599138	0.0102535330324040926	0.0109512303693422308	0.28189275359714993	0.143818408327041053	0.0603043515153070877	0.210446042068560954	0.272712670059980984	0.144406917061436589	0.0882881651110222308	0.196898714030786785	0.249344233152086191	0.133053240160658677
C:	0.233135900715069224	0.36336337792685718	0.16827239149868318	0.224777110991363584	0.0131168005854197258	0.232135727763096629	0.242792256727259887	0.919557995601976154	0.00441706946346018788	0.00754449874171108773	0.96518728090250981	0.97359375465429181	0.00826165549991622395	0.356966652106061109	0.0965526529186364407	0.583849090700107329	0.11348258222127245	0.203321012527703598	0.273324163619208628	0.249808069714620238	0.216400331006434778	0.488089170842835533	0.290354342125020399
G:	0.235672308719599412	0.324691742547552486	0.47888084916222447	0.150549182233996166	0.81310648432061629	0.211998644774590792	0.243687859676916982	0.0121884237852171536	0.965006521492739536	0.958952414783047386	0.00710884573910754253	0.0108250624609639773	0.937032343167275239	0.17486750373995153	0.287780143967581843	0.131150876201602252	0.384895493622077909	0.417976919517893621	0.36695821168767674	0.512557736448135225	0.145158572049361087	0.0781009096378730474	0.140668925185447892
T:	0.0689849397841347032	0.134998714640640481	0.19858346640111326	0.475118794487515069	0.0809401032636017262	0.201109155479223639	0.346302391758444114	0.02767321392289147	0.00711884360814758553	0.0164502331310835468	0.00794284657122273379	0.00532764985234012016	0.0437547709634663064	0.186273090556837431	0.471848794786740663	0.224695681582983332	0.291175882088088688	0.105989397894421797	0.215310707631678043	0.149346028726222306	0.441542382913417351	0.184465686367205228	0.435923492528873032



2	A.CGGCCG.T	0.488939910136769861


A:	0.416850935977422864	0.19561327485723847	0.176087271873298096	0.221966449798386444	0.344255947592318528	0.231866961833716054	0.461495976703964703	0.240891991296257214	0.0391344709070248695	0.0163590127991525807	0.0144618783858965075	0.0218156879279592548	0.00460835706479518469	0.0198722616758567517	0.590075147569612561	0.144893221725447235	0.0603043515153070877	0.0429870052947851303	0.188861261838131361	0.339145822638317993	0.057399810007381779	0.096818933459616703	0.26744509710264122
C:	0.168415392520743787	0.378576957581577789	0.105276557012151194	0.237037760082862013	0.346833325925194944	0.14553321913215006	0.107958543427742979	0.198608957709646429	0.932139553798800655	0.00519836532175516589	0.0117863288725334013	0.951936104813610836	0.973834264814297069	0.00885371361831772378	0.144752750365301298	0.285652258142845083	0.583849090700107329	0.144219560648505646	0.152955913612590195	0.266529400156815756	0.107968008659639742	0.264580927578168808	0.548575386499736831
G:	0.34093877446833469	0.171977985734720079	0.282025684837253555	0.151937266498471024	0.180906492699276367	0.41193247599054722	0.285652258142845083	0.347252907794618549	0.00885371361831772378	0.973834264814297069	0.951936104813610836	0.0117863288725334013	0.00519836532175516589	0.932139553798800655	0.173755855154376959	0.107958543427742979	0.131150876201602252	0.223572639123897761	0.405583129072921348	0.337937908861738749	0.0967361382316544308	0.341116131719409757	0.0511256746003163012
T:	0.0737948970334986593	0.253831781826463661	0.436610486277297155	0.389058523620280519	0.128004233783210161	0.210667343043586666	0.144893221725447235	0.213246143199477808	0.0198722616758567517	0.00460835706479518469	0.0218156879279592548	0.0144618783858965075	0.0163590127991525807	0.0391344709070248695	0.0914162469107091824	0.461495976703964703	0.224695681582983332	0.589220794932811463	0.252599695476357096	0.0563868683431275008	0.737896043101324048	0.297484007242804733	0.132853841797305648



3	CG..CGGCCG	0.48891358390543455


A:	0.435923492528873032	0.184465686367205228	0.441542382913417351	0.149346028726222306	0.215310707631678043	0.105989397894421797	0.291175882088088688	0.167063418712910622	0.471848794786740663	0.186273090556837431	0.0673376487794802395	0.014471306150945667	0.0121537555811861379	0.0215432775566608449	0.0021252871582648749	0.0133894253597016094	0.346302391758444114	0.201109155479223639	0.0809401032636017262	0.475118794487515069	0.19858346640111326	0.134998714640640481	0.0689849397841347032
C:	0.140668925185447892	0.0781009096378730474	0.145158572049361087	0.512557736448135225	0.36695821168767674	0.417976919517893621	0.384895493622077909	0.0497015537570861084	0.287780143967581843	0.17486750373995153	0.905838545039493094	0.00403232975575307556	0.0225033239594524091	0.949707165317318464	0.960434214065254848	0.0157590301067852683	0.243687859676916983	0.211998644774590792	0.81310648432061629	0.150549182233996166	0.47888084916222447	0.324691742547552486	0.235672308719599412
G:	0.290354342125020399	0.488089170842835533	0.216400331006434778	0.249808069714620238	0.273324163619208628	0.203321012527703598	0.11348258222127245	0.68739117901955399	0.0965526529186364407	0.356966652106061109	0.0100692203561339517	0.97414699562764918	0.94018737324128451	0.00818693375877503708	0.00766398515949312735	0.935277714522923754	0.242792256727259887	0.232135727763096629	0.0131168005854197258	0.224777110991363584	0.16827239149868318	0.36336337792685718	0.233135900715069224
T:	0.133053240160658677	0.249344233152086191	0.196898714030786785	0.0882881651110222308	0.144406917061436589	0.272712670059980984	0.210446042068560954	0.0958438485104492789	0.143818408327041053	0.28189275359714993	0.0167545858248927151	0.00734936846565207705	0.025155547218076943	0.0205626233672456544	0.0297765136169871502	0.0355738300105893685	0.167217491837379016	0.354756471983088941	0.0928366118303622579	0.149554912287125181	0.15426329293797909	0.176946164884949854	0.46220685078119666



4	CGGCCGC.C	0.488600162987109201


A:	0.46220685078119666	0.176946164884949854	0.15426329293797909	0.149554912287125181	0.0928366118303622579	0.354756471983088941	0.167217491837379016	0.0927110420967197889	0.0294924808028525561	0.0176243574567656331	0.0302051845956024787	0.0158538140578005034	0.0214187094042123381	0.28189275359714993	0.143818408327041053	0.151167699887427105	0.210446042068560954	0.272712670059980984	0.144406917061436589	0.0882881651110222308	0.196898714030786785	0.249344233152086191	0.133053240160658677
C:	0.233135900715069224	0.36336337792685718	0.16827239149868318	0.224777110991363584	0.0131168005854197258	0.232135727763096629	0.242792256727259887	0.851576547595723898	0.0161433088400947209	0.00753592315064129948	0.938487371413671793	0.962960729042076984	0.0157754152067713595	0.356966652106061109	0.0965526529186364407	0.439232330012267616	0.11348258222127245	0.203321012527703598	0.273324163619208628	0.249808069714620238	0.216400331006434778	0.488089170842835533	0.290354342125020399
G:	0.235672308719599412	0.324691742547552486	0.47888084916222447	0.150549182233996166	0.81310648432061629	0.211998644774590792	0.243687859676916982	0.0178665905787505227	0.952414258875665962	0.951673684985762504	0.0128117219477566284	0.0149416324854011745	0.832984746304561289	0.17486750373995153	0.287780143967581843	0.196783059315341753	0.384895493622077909	0.417976919517893621	0.36695821168767674	0.512557736448135225	0.145158572049361087	0.0781009096378730474	0.140668925185447892
T:	0.0689849397841347032	0.134998714640640481	0.19858346640111326	0.475118794487515069	0.0809401032636017262	0.201109155479223639	0.346302391758444114	0.0378458197288057901	0.00194995148138676137	0.0231660344068305639	0.0184957220429691002	0.00624382441472133814	0.129821129084455013	0.186273090556837431	0.471848794786740663	0.212816910784963526	0.291175882088088688	0.105989397894421797	0.215310707631678043	0.149346028726222306	0.441542382913417351	0.184465686367205228	0.435923492528873032



5	A.CGGCCGC	0.488260606509606361


A:	0.132853841797305648	0.297484007242804733	0.737896043101324048	0.0563868683431275008	0.252599695476357096	0.589220794932811463	0.224695681582983332	0.388054359018026958	0.0914162469107091824	0.0673647462189722178	0.0385681539530807041	0.0147985509404009469	0.0339915000589478403	0.0172868571712381782	0.0520555659933550527	0.213246143199477808	0.144893221725447235	0.210667343043586666	0.128004233783210161	0.389058523620280519	0.436610486277297155	0.253831781826463661	0.0737948970334986593
C:	0.0511256746003163012	0.341116131719409757	0.0967361382316544308	0.337937908861738749	0.405583129072921348	0.223572639123897761	0.131150876201602252	0.182213066442237405	0.173755855154376959	0.803999159401835036	0.012483575712335227	0.0186792511090686574	0.944888900184438911	0.960522871254952376	0.00879694255925214978	0.347252907794618549	0.285652258142845083	0.41193247599054722	0.180906492699276367	0.151937266498471024	0.282025684837253555	0.171977985734720079	0.34093877446833469
G:	0.54857538649973683	0.264580927578168808	0.107968008659639742	0.266529400156815756	0.152955913612590195	0.144219560648505646	0.583849090700107329	0.309032188758332397	0.144752750365301298	0.0655713202398804401	0.945261062634557206	0.952431361309347299	0.0118669491278192941	0.0108290670754611763	0.895662221255852518	0.198608957709646429	0.107958543427742979	0.14553321913215006	0.346833325925194944	0.237037760082862013	0.105276557012151194	0.378576957581577789	0.168415392520743787
T:	0.26744509710264122	0.096818933459616703	0.057399810007381779	0.339145822638317993	0.188861261838131361	0.0429870052947851303	0.0603043515153070877	0.120700385781403239	0.590075147569612561	0.0630647741393123059	0.00368720770002686239	0.014090836641183097	0.00925265062879395444	0.0113612044983482694	0.0434852701915402795	0.240891991296257214	0.461495976703964703	0.231866961833716054	0.344255947592318528	0.221966449798386444	0.176087271873298096	0.19561327485723847	0.416850935977422864



