1	GGCCGGCC	0.474599394751203056


A:	0.330187224646772339	0.096806287191571853	0.253363508805174107	0.0809445843034434334	0.1762814621611086	0.155230852456300102	0.581585362951394811	0.0257724951476378278	0.0295132633803452127	0.0160535057490507434	0.00547621288061738286	0.00973409426967032232	0.00921698003849165683	0.0320720245738185216	0.0462370250224004615	0.0555729271394975105	0.408655625117741275	0.273858549486158155	0.192178872955478046	0.124148571137509857	0.498800110320560435	0.0941510627249560314
C:	0.253855792345599032	0.593790707513404922	0.0858384595297708258	0.216174542860275042	0.109004934797838255	0.318380553716808261	0.205644512428708775	0.134930681816677508	0.0418063429053024867	0.906541994021740369	0.949548235249232025	0.0352414576004802697	0.0681875201907172303	0.896608369140533779	0.793059798013284203	0.0937714074761004719	0.137877496132996219	0.234550990202170841	0.19131905296734303	0.0507598570932313296	0.242557092274037176	0.372967738426973521
G:	0.317930541275300858	0.183591148857724728	0.609703639896384501	0.638474150593970388	0.372666881633084904	0.244557304989940846	0.05691188875683626	0.793059798013284203	0.896608369140533779	0.0681875201907172303	0.0352414576004802697	0.949548235249232025	0.906541994021740369	0.0418063429053024867	0.134930681816677508	0.727603929721194327	0.214266124564164512	0.300469272089982	0.220876792275060243	0.420623646526094797	0.0978170401972901544	0.124207002795605283
T:	0.0980264417323277707	0.125811856437298497	0.051094391768670566	0.0644067222423111366	0.342046721407968241	0.28183128883695079	0.155858235863060154	0.0462370250224004615	0.0320720245738185216	0.00921698003849165683	0.00973409426967032232	0.00547621288061738286	0.0160535057490507434	0.0295132633803452127	0.0257724951476378278	0.12305173566320769	0.239200754185097994	0.191121188221689004	0.395625281802118681	0.404467925243164016	0.160825757208112234	0.408674196052465165



2	A.GCCGGCC	0.47245851737886082


A:	0.0495493131497542206	0.330187224646772339	0.096806287191571853	0.253363508805174107	0.0809445843034434334	0.1762814621611086	0.155230852456300102	0.581585362951394811	0.0257724951476378278	0.027656437284227561	0.0320164914432281438	0.00699744083135087383	0.0092142212335475143	0.00515985433910253633	0.0304707987112360804	0.0562258672211570885	0.0555729271394975105	0.408655625117741275	0.273858549486158155	0.192178872955478046	0.124148571137509857	0.498800110320560435	0.0941510627249560314
C:	0.132480169878082724	0.253855792345599032	0.593790707513404922	0.0858384595297708258	0.216174542860275042	0.109004934797838255	0.318380553716808261	0.205644512428708775	0.134930681816677508	0.0299897880426328175	0.850694572756503287	0.959198905627007621	0.0146035565068800991	0.0129976079079436992	0.833133111287989119	0.81512926437482874	0.0937714074761004719	0.137877496132996219	0.234550990202170841	0.19131905296734303	0.0507598570932313296	0.242557092274037176	0.372967738426973521
G:	0.727334253075941263	0.317930541275300858	0.183591148857724728	0.609703639896384501	0.638474150593970388	0.372666881633084904	0.244557304989940846	0.05691188875683626	0.793059798013284203	0.928932659177104041	0.0982546027926917902	0.0245287872828087269	0.96485998321932791	0.963708996175638196	0.123046491165256545	0.0724190011828570826	0.727603929721194327	0.214266124564164512	0.300469272089982	0.220876792275060243	0.420623646526094797	0.0978170401972901544	0.124207002795605283
T:	0.0906362638962217927	0.0980264417323277707	0.125811856437298497	0.051094391768670566	0.0644067222423111366	0.342046721407968241	0.28183128883695079	0.155858235863060154	0.0462370250224004615	0.0134211154960355809	0.0190343330075767786	0.00927486625883277766	0.0113222390402444763	0.018133541577315568	0.0133495988355182555	0.0562258672211570885	0.12305173566320769	0.239200754185097994	0.191121188221689004	0.395625281802118681	0.404467925243164016	0.160825757208112234	0.408674196052465165



3	GGCCG.CC.A	0.472414884113355502


A:	0.311531619506460892	0.245255780522434059	0.212015668364047498	0.358955007801584572	0.150417592792967338	0.132097914143775442	0.13635833307701192	0.067675198264020432	0.115081170426076668	0.0793207022305484297	0.042762774261187039	0.16879697789494725	0.00921698003849165683	0.0717887553055263798	0.151910487632591431	0.0718095303069984328	0.463592182766272838	0.248291588475865762	0.0456166775060274884	0.0816153816043087989	0.238171392619047578	0.0780319510637432195	0.424477058515034021
C:	0.141190538854101469	0.417068593590432178	0.357833983708508717	0.172814308986237841	0.360576884768550499	0.508863251075330018	0.342268530853652399	0.128489478760909712	0.0531214858217200778	0.80400634283555724	0.646445054362965911	0.0359326847200074528	0.0681875201907172303	0.615321939801129176	0.59973221377682486	0.138460994465212589	0.112848365985054088	0.195696086825313961	0.0557009434968990293	0.0492374180954701603	0.0360161363775052242	0.577921540304687494	0.0665889096769371553
G:	0.486540535223641324	0.168758754331864593	0.406106464016382775	0.295416374225939745	0.359481886846281731	0.142659306710621638	0.43631060280049571	0.732370466657117048	0.775231629458833718	0.100100011612263002	0.279221297669467411	0.740102293724948839	0.906541994021740369	0.25947911049702875	0.145863418623710738	0.379664444623410119	0.176826096797372136	0.444752752008391553	0.00870378821794204714	0.80779312088441281	0.535534422598873536	0.150021418974800189	0.273576695120380703
T:	0.0607373064157963142	0.16891687155526917	0.0240438839110610099	0.172814308986237841	0.129523635592200432	0.216379528070272902	0.0850625332688399708	0.0714648563179528079	0.0565657142933695364	0.0165729433216313287	0.0315708737063796392	0.0551680436600964585	0.0160535057490507434	0.0534101943963156944	0.102493879966872971	0.410065030604378859	0.246733354451300938	0.111259572690428724	0.889978590779131435	0.0613540794158082307	0.190278048404573662	0.194025089656769098	0.235357336687648122



4	GCCCGGGC	0.470463114550776405


A:	0.212270136768095208	0.199724182593800567	0.201660609221209021	0.438292524180348718	0.408299747790052519	0.479327843881373537	0.152595571607176236	0.0395551471398202113	0.0181577077469866014	0.0107388854225779178	0.0107254212292655053	0.0151650247591603076	0.00701876579670943045	0.0268945363791424284	0.00886143812136484805	0.117049219873902498	0.410949087064876621	0.668838982843264423	0.222795777587606979	0.612751631266688634	0.0804512059535455418	0.0908067953427791706
C:	0.286004549968066616	0.139067720424447919	0.113199351805958704	0.154386000615166461	0.25761972461754419	0.327742973121072792	0.246179788694927008	0.0053074752887746869	0.903346857903145657	0.970155972603376976	0.967519175027614624	0.00659037898395956309	0.0120863761773356759	0.0516008979707253136	0.946275939450040254	0.524785016522605201	0.161747154625603595	0.0895334294008243522	0.298900060865525305	0.0615714283422729393	0.389502460368865775	0.171322781320559084
G:	0.380991307190352367	0.519972001313911515	0.101786479557484995	0.0211767937432967378	0.110742021007914233	0.0710032297614515981	0.257650637521122107	0.946275939450040254	0.0516008979707253136	0.0120863761773356759	0.00659037898395956309	0.967519175027614624	0.970155972603376976	0.903346857903145657	0.0053074752887746869	0.261672375497521654	0.293099618071938056	0.122596895420449024	0.0880402261387464386	0.211349790464147503	0.198005191456711031	0.66918451920824933
T:	0.12073400607348581	0.141236095667839999	0.583353559415347279	0.386144681461188082	0.223338506584489059	0.121925953236102074	0.343574002176774648	0.00886143812136484805	0.0268945363791424284	0.00701876579670943045	0.0151650247591603076	0.0107254212292655053	0.0107388854225779178	0.0181577077469866014	0.0395551471398202113	0.0964933881059706475	0.134204140237581727	0.119030692335462201	0.390263935408121278	0.114327149926890923	0.332041142220877653	0.0686859041284124162



5	C.GCCGGC.G	0.470339974060765845


A:	0.547645111167669131	0.280859540122090035	0.0428733348472466715	0.463838263278178644	0.26833572522011798	0.222816177711095408	0.153648158314694914	0.171039554060195445	0.128912294042463483	0.0336992400746166333	0.0521406577951277925	0.0175646480730052258	0.0340432924873977398	0.064320036909546921	0.0796974021207961538	0.153648158314694914	0.204849188503919397	0.368092554726175119	0.430079682794147786	0.0950717559151856598	0.77433673668028386	0.110471746270513378	0.151956046786189921
C:	0.142660564332250499	0.174546896658640926	0.57412491308795504	0.329494592523684245	0.215187941170290257	0.121089514305392336	0.478846496242593501	0.3746672729765834	0.0506627255566901631	0.818303435361677517	0.91280042620612717	0.0174942679257398114	0.11395403207630811	0.756104943491299432	0.725296379783678671	0.213857187128016671	0.311418934498095578	0.185169809216876273	0.109164697295496161	0.0443192667935126803	0.0380204352506435188	0.280857681792399868	0.335285588575840661
G:	0.219171292602712918	0.309864371940790915	0.096907372846853961	0.128691491634736966	0.114222426537759553	0.304021007966204589	0.213857187128016671	0.32135058336825052	0.756104943491299432	0.11395403207630811	0.0174942679257398114	0.91280042620612717	0.818303435361677517	0.0506627255566901631	0.172822514465745702	0.478846496242593501	0.313656451978747602	0.322303919341490096	0.27598027837984155	0.383728066731226547	0.0446350858846551226	0.406054710037394195	0.339264065778837752
T:	0.0905230318973674519	0.234729191278478124	0.286094379217944328	0.0779756525634001452	0.40225390707183221	0.352073300017307668	0.153648158314694914	0.132942589594970635	0.064320036909546921	0.0340432924873977398	0.0175646480730052258	0.0521406577951277925	0.0336992400746166333	0.128912294042463483	0.0221837036297794736	0.153648158314694914	0.170075425019237423	0.124433716715458512	0.184775341530514503	0.476880910560075113	0.143007742184417498	0.202615861899692559	0.173494298859131666



