1	C.TAGCAAC	0.499092458141946955


A:	0.0970001807343428113	0.451769909717065562	0.270913722383161071	0.235102420342562407	0.0948600776223678327	0.245407813728251786	0.292325684881036711	0.00779764614629948556	0.281339897199428428	0.00471342399560579492	0.863277922086045418	0.0819813534195733598	0.00774122000065069278	0.945796772651029528	0.986467790452102929	0.00138307304855831241	0.201364103428675157	0.452266754815286545	0.192925207277283114	0.328660413542244543	0.180960828450939027	0.218165139902174746	0.466555796478797126
C:	0.0854618999175664142	0.123843109148889609	0.310238701652772349	0.124957931812791264	0.24830752784803228	0.191455997334174842	0.358643833907696676	0.952369828860268872	0.311204420592878156	0.0101241779914380921	0.00818379529989280694	0.00235531184992240855	0.895297361803207252	0.000417382916921859864	0.00447002953420225555	0.976795053790296945	0.379069598317335164	0.109458843953909828	0.408888765113698353	0.250929610867011321	0.058301832161346952	0.188346238207002324	0.23891416754841009
G:	0.321197786305769617	0.36385188334517674	0.0975303051983006547	0.387210601000906722	0.468847288986546536	0.385705347523283401	0.20702512868081087	0.0316970188785758872	0.068286103901799687	0.00231646567955324314	0.127883186122757254	0.913250847164002269	0.00126081543043991846	0.0431738301027116752	0.00861964062801999066	0.000523564411615611325	0.368195797230653816	0.187590463643777954	0.196478958103059486	0.276633552723270579	0.394889952412152635	0.119974058698554771	0.157188766179754767
T:	0.496340133042321158	0.0605350977888680892	0.321317270765765925	0.252729046843739607	0.187985105543053351	0.177430841414289971	0.142005352530455743	0.00813550611485575509	0.339169578305893729	0.98284593233340287	0.000655096491304521045	0.00241248756650196262	0.0957006027657021371	0.0106120143293369368	0.000442539385674824266	0.0212983087495291311	0.0513705010233358628	0.250683937587025674	0.201707069505959047	0.143776422867473557	0.365847386975561386	0.473514563192268158	0.137341269793038017



2	CC.T.GCAAC	0.496085016710294529


A:	0.0970001807343428113	0.451769909717065562	0.270913722383161071	0.235102420342562407	0.0948600776223678327	0.245407813728251786	0.292325684881036711	0.0730639134939707329	0.281339897199428428	0.101787039642053276	0.863277922086045418	0.441037443325689789	0.115797022029494072	0.65590756214255871	0.961232986828172562	0.00651809225466935188	0.201364103428675157	0.452266754815286545	0.192925207277283114	0.328660413542244543	0.180960828450939027	0.218165139902174746	0.466555796478797126
C:	0.0854618999175664142	0.123843109148889609	0.310238701652772349	0.124957931812791264	0.24830752784803228	0.191455997334174842	0.358643833907696676	0.72228820938067818	0.311204420592878156	0.0654975811985359257	0.00818379529989280694	0.0318107518544824177	0.63244203374967326	0.0115081590356883738	0.016156747741767998	0.951761123556849793	0.379069598317335164	0.109458843953909828	0.408888765113698353	0.250929610867011321	0.058301832161346952	0.188346238207002324	0.23891416754841009
G:	0.321197786305769617	0.36385188334517674	0.0975303051983006547	0.387210601000906722	0.468847288986546536	0.385705347523283401	0.20702512868081087	0.131928385938827434	0.068286103901799687	0.0259338269018840082	0.127883186122757254	0.516614362164756097	0.0109557292950972768	0.14801096974884015	0.0159293904464303485	0.00372255337174719252	0.368195797230653816	0.187590463643777954	0.196478958103059486	0.276633552723270579	0.394889952412152635	0.119974058698554771	0.157188766179754767
T:	0.496340133042321158	0.0605350977888680892	0.321317270765765925	0.252729046843739607	0.187985105543053351	0.177430841414289971	0.142005352530455743	0.0727194911865236534	0.339169578305893729	0.80678155225752679	0.000655096491304521045	0.0105374426550716956	0.24080521492573539	0.184573309072912766	0.00668087498362909157	0.0379982308167336622	0.0513705010233358628	0.250683937587025674	0.201707069505959047	0.143776422867473557	0.365847386975561386	0.473514563192268158	0.137341269793038017



3	C.TGGCAAC	0.495940556159241332


A:	0.295326873104067793	0.40278698784879419	0.698883834620352911	0.254742449041732989	0.189824377715483214	0.147871570390665393	0.121721528262012169	0.02475202432024233	0.358516800639166103	0.0208489294845661834	0.863277922086045418	0.185428880347013219	0.130463160825907829	0.92077606412065005	0.988787543220257506	0.00142838292268878798	0.113539516641615496	0.152898630380175899	0.42572087649055577	0.14432134988570713	0.0834567679212290673	0.160585067105005525	0.243924482820530282
C:	0.169388081345255197	0.0606821639297567982	0.120594694120401326	0.200497271120633384	0.179050171102278506	0.215897143520021434	0.765783533261905661	0.906036212524583389	0.281921416532012816	0.0351469694727425438	0.00818379529989280694	0.020879676600870405	0.702931445419205191	0.000902010313342337479	0.00413334913717563745	0.977096263725383323	0.212552845535708948	0.210739559684192532	0.399318447534374072	0.350948241613392014	0.521447216827938128	0.476748147043491735	0.388318212631539053
G:	0.183594287898736646	0.166691525036775588	0.111199065122450497	0.397661085703041074	0.404719280705618481	0.0831724196875736645	0.0506031681645468203	0.0457470717606176466	0.065682273546829524	0.0169386024374271548	0.127883186122757254	0.791449360480572719	0.00216694915406094327	0.0666450969703962647	0.00443843563275313673	0.00117546372857950131	0.636201048036148477	0.307106233514825377	0.0842563351711903908	0.406470544250802101	0.215262276857834672	0.124852913675589457	0.219680785303702545
T:	0.351690757651940364	0.369839323184673424	0.0693224061367952661	0.147099194134592554	0.2264061704766198	0.553058866401739509	0.0618917703115353502	0.0234646913945566348	0.293879509281991557	0.927065498605264118	0.000655096491304521045	0.0022420825715436572	0.164438444600826037	0.0116768285956113482	0.00264067200981371995	0.0202998896233483872	0.0377065897865270795	0.329255576420806192	0.0907043408038797664	0.0982598642500987556	0.179833738392998133	0.237813872175913282	0.14807651924422812



4	C.T.GCAACC	0.495564775028399269


A:	0.0970001807343428113	0.451769909717065562	0.270913722383161071	0.235102420342562407	0.0948600776223678327	0.245407813728251786	0.292325684881036711	0.0199592190697735212	0.281339897199428428	0.11866024246400133	0.863277922086045418	0.159658248367421986	0.0636898736091423096	0.818661650151232178	0.976288938136191567	0.00651976723913108035	0.201364103428675157	0.452266754815286545	0.192925207277283114	0.328660413542244543	0.180960828450939027	0.218165139902174746	0.466555796478797126
C:	0.0854618999175664142	0.123843109148889609	0.310238701652772349	0.124957931812791264	0.24830752784803228	0.191455997334174842	0.358643833907696676	0.782262251219412843	0.311204420592878156	0.0617321843350391228	0.00818379529989280694	0.0367287123546975176	0.668510534295115268	0.00524271270423390459	0.0134317815222549556	0.979377638699919426	0.379069598317335164	0.109458843953909828	0.408888765113698353	0.250929610867011321	0.058301832161346952	0.188346238207002324	0.23891416754841009
G:	0.321197786305769617	0.36385188334517674	0.0975303051983006547	0.387210601000906722	0.468847288986546536	0.385705347523283401	0.20702512868081087	0.146402436997235187	0.068286103901799687	0.00900619985156302294	0.127883186122757254	0.787858915301516648	0.00828094783538407464	0.0866340397833158965	0.00441899766286929394	0.00174356282098300048	0.368195797230653816	0.187590463643777954	0.196478958103059486	0.276633552723270579	0.394889952412152635	0.119974058698554771	0.157188766179754767
T:	0.496340133042321158	0.0605350977888680892	0.321317270765765925	0.252729046843739607	0.187985105543053351	0.177430841414289971	0.142005352530455743	0.051376092713578449	0.339169578305893729	0.810601373349396524	0.000655096491304521045	0.0157541239763638484	0.259518644260358347	0.0894615973612180208	0.00586028267868418353	0.0123590312399664927	0.0513705010233358628	0.250683937587025674	0.201707069505959047	0.143776422867473557	0.365847386975561386	0.473514563192268158	0.137341269793038017



5	CTTA.CAAC	0.495289425593915148


A:	0.0356963977379480839	0.235529827266664935	0.154393665032464292	0.112918318164742459	0.127743902729485259	0.264301341398260368	0.210722887745828956	0.0298855651855653583	0.211240477272579768	0.0228265236093551817	0.663058823456134366	0.0819813534195733598	0.0101564099719949394	0.734900725922082954	0.974847250730548496	0.00280690664854652955	0.129093456722380116	0.592256858952035705	0.333238001713227195	0.371309012936272932	0.230015372701378585	0.352345872268448714	0.246333424438416749
C:	0.40471075978146735	0.440891911996552442	0.304416498598270539	0.201252892827404119	0.156644504571568228	0.137115168242904242	0.501251626947216276	0.787108115351084122	0.3243209897551701	0.0224833399863423153	0.0404304251920982635	0.00235531184992240855	0.971427349281110908	0.00218870388954533228	0.0147001575004435599	0.971159290614650788	0.60478798509202594	0.0768431814401887021	0.173626132489365333	0.118523663823552093	0.0866511043426505684	0.306765814955888952	0.421162316142097736
G:	0.37844835205416985	0.105388137133263093	0.0344092695765740155	0.275847155936192502	0.100249303863437065	0.381066842721191916	0.117766979722298872	0.177910285581602709	0.0319495422333089611	0.0123032180912954385	0.294230354713986371	0.913250847164002269	0.00782236652417964826	0.171165477654190495	0.00553149878360752438	0.00172699257036803998	0.211328017237807238	0.223580115376223989	0.314078568079370981	0.154876653058836648	0.423508105073951238	0.273830471534171091	0.165048013211900338
T:	0.181144490426414716	0.21819012360351953	0.506780566792691154	0.40998163307166092	0.615362288835509448	0.217516647637643474	0.170258505584655896	0.00509603388174781088	0.432488990738941171	0.942386918313007064	0.00228039663778099953	0.00241248756650196262	0.0105938742227145041	0.091745092534181219	0.00492109298540041986	0.0243068101664346423	0.054790540947786706	0.107319844231551605	0.179057297718036491	0.355290670181338328	0.259825417882019608	0.0670578412414912422	0.167456246207585176



