1	ATATATAT	0.491863021555226306


A:	0.403429337457348236	0.302515290781241523	0.362199813343536334	0.268144058003134616	0.133682840621248136	0.105586819476572974	0.465518434263558458	0.691458631693000905	0.147454543243678347	0.926618931774636532	0.0341961867601534586	0.953239394511559387	0.0576493158068338388	0.81075681591700183	0.166069028080542729	0.603895253952216203	0.249485028314261625	0.075567492623856265	0.156467352688897468	0.591503810320320392	0.291663161274836491	0.381505381048377141
C:	0.166501076263103345	0.119583029714598802	0.243317618300287366	0.185070663408807834	0.372179723997679446	0.354695309056473733	0.132399799553177894	0.0851372608081876491	0.00992938754238413394	0.0100255404336352283	0.0105743932685537953	0.0019900254597333595	0.00570621198489440124	0.0318592532969356898	0.0573350794182687173	0.0233739854779823677	0.288770049582281645	0.688452989733737009	0.18040867770435696	0.11061250263002962	0.119614768618680186	0.145538152790328971
G:	0.184241782849026846	0.163185346589241314	0.172910065791162102	0.203081892342390739	0.217238244378345292	0.401888051317780954	0.145555307994134908	0.0573350794182687173	0.0318592532969356898	0.00570621198489440123	0.0019900254597333595	0.0105743932685537953	0.0100255404336352283	0.00992938754238413394	0.0851372608081876491	0.0919447572212712544	0.171152276080253681	0.10148779809141203	0.151446882396601205	0.158273239424126823	0.340292001467117519	0.161425897418746685
T:	0.245827803430521573	0.414716332914918361	0.221572502565014197	0.343703386245666811	0.276899191002727126	0.137829820149172339	0.256526458189128739	0.166069028080542729	0.81075681591700183	0.0576493158068338387	0.953239394511559387	0.0341961867601534586	0.926618931774636532	0.147454543243678347	0.691458631693000905	0.280786003348530175	0.29059264602320305	0.134491719550994696	0.511677087210144367	0.139610447625523166	0.248430068639365803	0.311530568742547202



2	G..ATATATA	0.490724803977816026


A:	0.229382798019701977	0.28167741491467172	0.311530568742547202	0.248430068639365803	0.139610447625523166	0.511677087210144367	0.134491719550994696	0.29059264602320305	0.280786003348530175	0.904308413742253446	0.0141254530068205188	0.98053773629923301	0.0400189527293039483	0.966107376984779817	0.0437003855036516561	0.894128285863547704	0.166069028080542729	0.256526458189128739	0.137829820149172339	0.276899191002727126	0.343703386245666811	0.221572502565014197	0.414716332914918361
C:	0.360729639959097965	0.248342570288708906	0.161425897418746685	0.340292001467117519	0.158273239424126823	0.151446882396601205	0.10148779809141203	0.171152276080253681	0.0919447572212712544	0.00897562168286476146	0.0065838608808755536	0.00240560211793516534	0.00184429143352955119	0.00185758950266942589	0.00427736939299939937	0.0101325982074186896	0.0573350794182687173	0.145555307994134908	0.401888051317780954	0.217238244378345292	0.203081892342390739	0.172910065791162102	0.163185346589241314
G:	0.0686613027057324613	0.35663776446748147	0.145538152790328971	0.119614768618680186	0.11061250263002962	0.18040867770435696	0.688452989733737009	0.288770049582281645	0.0233739854779823677	0.0265273959862316857	0.026740917103187465	0.00457299600194651512	0.00525553318947683804	0.00601988293742066556	0.00409788471399973333	0.0249359904450056277	0.0851372608081876491	0.132399799553177894	0.354695309056473733	0.372179723997679446	0.185070663408807834	0.243317618300287366	0.119583029714598802
T:	0.341226259315467597	0.113342250329137904	0.381505381048377141	0.291663161274836491	0.591503810320320392	0.156467352688897468	0.075567492623856265	0.249485028314261625	0.603895253952216203	0.0601885685886501063	0.952549769009116463	0.0124836655808853091	0.952881222647689662	0.0260151505751300918	0.947924360389349211	0.0708031254840279786	0.691458631693000905	0.465518434263558458	0.105586819476572974	0.133682840621248136	0.268144058003134616	0.362199813343536334	0.302515290781241523



3	TATATATA	0.489730201213975051


A:	0.302515290781241523	0.362199813343536334	0.268144058003134616	0.133682840621248136	0.105586819476572974	0.465518434263558458	0.691458631693000905	0.280786003348530175	0.844317965025609101	0.0603589825204191217	0.923635699925713061	0.066404462753860862	0.921984866164682326	0.134497837263608153	0.603895253952216203	0.249485028314261625	0.075567492623856265	0.156467352688897468	0.591503810320320392	0.291663161274836491	0.381505381048377141	0.113342250329137904
C:	0.119583029714598802	0.243317618300287366	0.185070663408807834	0.372179723997679446	0.354695309056473733	0.132399799553177894	0.0851372608081876491	0.0919447572212712544	0.0120620916390033778	0.0130917626497115452	0.00691870032749989967	0.00304113699292617756	0.00456438866518700657	0.00912210607177936769	0.0233739854779823677	0.288770049582281645	0.688452989733737009	0.18040867770435696	0.11061250263002962	0.119614768618680186	0.145538152790328971	0.35663776446748147
G:	0.163185346589241314	0.172910065791162102	0.203081892342390739	0.217238244378345292	0.401888051317780954	0.145555307994134908	0.0573350794182687173	0.0233739854779823677	0.00912210607177936769	0.00456438866518700657	0.00304113699292617756	0.00691870032749989967	0.0130917626497115452	0.0120620916390033778	0.0919447572212712544	0.171152276080253681	0.10148779809141203	0.151446882396601205	0.158273239424126823	0.340292001467117519	0.161425897418746685	0.248342570288708906
T:	0.414716332914918361	0.221572502565014197	0.343703386245666811	0.276899191002727126	0.137829820149172339	0.256526458189128739	0.166069028080542729	0.603895253952216203	0.134497837263608153	0.921984866164682327	0.066404462753860862	0.923635699925713061	0.0603589825204191217	0.844317965025609101	0.280786003348530175	0.29059264602320305	0.134491719550994696	0.511677087210144367	0.139610447625523166	0.248430068639365803	0.311530568742547202	0.28167741491467172



4	A.TATATAT	0.488946261235417862


A:	0.150031694319002608	0.403429337457348236	0.302515290781241523	0.362199813343536334	0.268144058003134616	0.133682840621248136	0.105586819476572974	0.465518434263558458	0.691458631693000905	0.134208774393950513	0.929301165983598847	0.0181481096020119707	0.951744856545736926	0.0652679988652346433	0.927092620318323217	0.223843698001801758	0.603895253952216203	0.249485028314261625	0.075567492623856265	0.156467352688897468	0.591503810320320392	0.291663161274836491	0.381505381048377141
C:	0.115702004446263726	0.166501076263103345	0.119583029714598802	0.243317618300287366	0.185070663408807834	0.372179723997679446	0.354695309056473733	0.132399799553177894	0.0851372608081876491	0.060021663856623695	0.0103638513622575894	0.00280767944455455591	0.00419557655577693803	0.00417804204694643924	0.0198228769811578822	0.0283640470041988322	0.0233739854779823677	0.288770049582281645	0.688452989733737009	0.18040867770435696	0.11061250263002962	0.119614768618680186	0.145538152790328971
G:	0.290990303332789245	0.184241782849026846	0.163185346589241314	0.172910065791162102	0.203081892342390739	0.217238244378345292	0.401888051317780954	0.145555307994134908	0.0573350794182687173	0.0276997261228719151	0.00402377745511183673	0.00575672494501783942	0.00504390220772862659	0.00424786603599366627	0.00642924320766977686	0.0249837659740529478	0.0919447572212712544	0.171152276080253681	0.10148779809141203	0.151446882396601205	0.158273239424126823	0.340292001467117519	0.161425897418746685
T:	0.44327599790194442	0.245827803430521573	0.414716332914918361	0.221572502565014197	0.343703386245666811	0.276899191002727126	0.137829820149172339	0.256526458189128739	0.166069028080542729	0.778069835626553877	0.0563112051990317266	0.973287486008415634	0.0390156646907575097	0.926306093051825251	0.0466552594928491236	0.722808489019946462	0.280786003348530175	0.29059264602320305	0.134491719550994696	0.511677087210144367	0.139610447625523166	0.248430068639365803	0.311530568742547202



5	ATATATA..C	0.488923949767323261


A:	0.311530568742547202	0.248430068639365803	0.139610447625523166	0.511677087210144367	0.134491719550994696	0.29059264602320305	0.280786003348530175	0.794768760270928771	0.0913482193222900973	0.942710427160899603	0.0509738951648697713	0.937986186950948533	0.0903251239974754345	0.842822132028838841	0.166069028080542729	0.256526458189128739	0.137829820149172339	0.276899191002727126	0.343703386245666811	0.221572502565014197	0.414716332914918361	0.245827803430521573	0.44327599790194442
C:	0.161425897418746685	0.340292001467117519	0.158273239424126823	0.151446882396601205	0.10148779809141203	0.171152276080253681	0.0919447572212712544	0.0348681004210343776	0.00783809863283969094	0.00600789428757541051	0.0051919026994210905	0.0044981259575367138	0.00629352081371142231	0.0263953854947652429	0.0573350794182687173	0.145555307994134908	0.401888051317780954	0.217238244378345292	0.203081892342390739	0.172910065791162102	0.163185346589241314	0.184241782849026846	0.290990303332789245
G:	0.145538152790328971	0.119614768618680186	0.11061250263002962	0.18040867770435696	0.688452989733737009	0.288770049582281645	0.0233739854779823677	0.0179590352279620025	0.0154203312465270053	0.00323672096699217346	0.00645269946749544435	0.00514110048009024115	0.0070484853347900003	0.0350220726889960057	0.0851372608081876491	0.132399799553177894	0.354695309056473733	0.372179723997679446	0.185070663408807834	0.243317618300287366	0.119583029714598802	0.166501076263103345	0.115702004446263726
T:	0.381505381048377141	0.291663161274836491	0.591503810320320392	0.156467352688897468	0.075567492623856265	0.249485028314261625	0.603895253952216203	0.152404104080074849	0.885393350798343207	0.0480449575845328128	0.937381502668213694	0.0523745866114245123	0.896332869854023143	0.0957604097873999109	0.691458631693000905	0.465518434263558458	0.105586819476572974	0.133682840621248136	0.268144058003134616	0.362199813343536334	0.302515290781241523	0.403429337457348236	0.150031694319002608



