1	C.TAGCAAC	0.497698396942776316


A:	0.489514656497930076	0.620724976897139563	0.111156044048272507	0.391592854198018605	0.0437983878638578233	0.0082914003021998242	0.129085916141823409	0.0150124004171049705	0.302672456945934827	0.012344998952643145	0.69046600570916538	0.0399998226029405073	0.029466546109795888	0.855404756445902031	0.97959452304995218	0.00898141538104989794	0.140462499597849155	0.368857178930173547	0.183107506022014735	0.0906493575166310865	0.0246797288235538277	0.262829743478282653	0.146605039306776885
C:	0.152761737311194111	0.0620942297518488458	0.593506837830122956	0.370064169263410653	0.185999396399743912	0.0896874570113889403	0.577809616427193053	0.811938352765929682	0.566684485990256283	0.0212406665307163565	0.0187084168611773275	0.00487523511796391282	0.909730105153196949	0.00151401995797454857	0.00379828908041224797	0.982669060693705087	0.562579076620823438	0.208332830485879388	0.542169046073547988	0.22475930035615089	0.0342938810870928836	0.172943853044753815	0.37102104261082678
G:	0.22528703440586864	0.295560028570035365	0.0447358437000214274	0.0854075171508167482	0.552579459742020763	0.0914788765248328966	0.169848720811573864	0.152849013317981769	0.0468750534507943301	0.00675728610473109524	0.289408126957745601	0.948545275517438679	0.00605940263737834512	0.089560904155338376	0.0124886386074575012	0.00104652843394209477	0.231410731265488099	0.238343365784057957	0.201412053712993895	0.503786786008622639	0.0597598818590612074	0.50983334781445484	0.0553537220057231263
T:	0.132436571785007173	0.0216207647809762257	0.250601274421583109	0.152935459387753994	0.217622755994377502	0.810542266161578339	0.123255746619409674	0.0202002334989835783	0.0837680036130145599	0.959657048411909403	0.00141745047191169112	0.00657966676165690115	0.0547439460996288183	0.0535203194407850446	0.00411854926217807032	0.00730299549130291989	0.0655476925158393088	0.184466624799889108	0.073311394191443383	0.180804556118595384	0.881266508230292081	0.0543930556625086918	0.427020196076673209



2	C.T.GCAACC	0.495900540969775175


A:	0.489514656497930076	0.620724976897139563	0.111156044048272507	0.391592854198018605	0.0437983878638578233	0.0082914003021998242	0.129085916141823409	0.0631657711533937661	0.302672456945934827	0.0934656555003719639	0.69046600570916538	0.218512965224200572	0.0223986694134050472	0.722909742335740784	0.938149004752872444	0.0312836027646681805	0.140462499597849155	0.368857178930173547	0.183107506022014735	0.0906493575166310865	0.0246797288235538277	0.262829743478282653	0.146605039306776885
C:	0.152761737311194111	0.0620942297518488458	0.593506837830122956	0.370064169263410653	0.185999396399743912	0.0896874570113889403	0.577809616427193053	0.708811290955372217	0.566684485990256283	0.046629597309966617	0.0187084168611773275	0.0129297340904945063	0.715908822352070126	0.0140013217448157351	0.0186369681193220541	0.944212356562508641	0.562579076620823438	0.208332830485879388	0.542169046073547988	0.22475930035615089	0.0342938810870928836	0.172943853044753815	0.37102104261082678
G:	0.22528703440586864	0.295560028570035365	0.0447358437000214274	0.0854075171508167482	0.552579459742020763	0.0914788765248328966	0.169848720811573864	0.158930410733575129	0.0468750534507943301	0.0427336391225622665	0.289408126957745601	0.749946795264304783	0.0167441661312228948	0.151686830510332835	0.0206797052502955239	0.0107485456934628496	0.231410731265488099	0.238343365784057957	0.201412053712993895	0.503786786008622639	0.0597598818590612074	0.50983334781445484	0.0553537220057231263
T:	0.132436571785007173	0.0216207647809762257	0.250601274421583109	0.152935459387753994	0.217622755994377502	0.810542266161578339	0.123255746619409674	0.0690925271576588877	0.0837680036130145599	0.817171108067099153	0.00141745047191169112	0.018610505421000139	0.244948342103301932	0.111402105409110646	0.0225343218775099777	0.0137554949793603291	0.0655476925158393088	0.184466624799889108	0.073311394191443383	0.180804556118595384	0.881266508230292081	0.0543930556625086918	0.427020196076673209



3	G..GTTGCTA	0.494864922990388274


A:	0.146819797513273299	0.126981478132714447	0.263463405926636533	0.0693250856372547738	0.332398658216500544	0.266641601777531626	0.0469816542738832926	0.0834017187496685971	0.0221644733766165249	0.00771501558865353006	0.0123174194032500084	0.0146248203099384687	0.0628356881393326341	0.00566203313941044768	0.00752238496048197827	0.954600051585668725	0.246001264058578681	0.0202002334989835783	0.119863865195957731	0.300661537694689197	0.0285472292014814032	0.111293052863564015	0.0865336315588570909
C:	0.14544406011461583	0.204547158058875521	0.0923191510852609447	0.356468004064860794	0.374706017382387183	0.437686009829348453	0.263671636414678931	0.211896077500941243	0.425094709335795052	0.0083521230814008546	0.0106380377580194394	0.0596819805696424964	0.00330882475969397637	0.950740539662830232	0.0865285715228053742	0.0169519943780125419	0.0806964877979636631	0.152849013317981769	0.683709596764152333	0.102999666163252589	0.37447393901245833	0.22603196675715844	0.164817401169318204
G:	0.219550052552301331	0.341396984544081429	0.376586142372218438	0.235235389922841037	0.255906808254131082	0.222723985813589828	0.610547976226131655	0.297343421184034182	0.464414331458897944	0.980981373514979383	0.00526341776295224298	0.0039222203603031669	0.921515442530829971	0.0260501890966421028	0.0203880058722962411	0.0111543317339508612	0.546301753228576991	0.811938352765929682	0.130054982500488033	0.36770178576956093	0.0847141492017884956	0.453841351506966944	0.552960914612569787
T:	0.488186089819809541	0.327074379264328603	0.267631300615884085	0.338971520375043395	0.0369885161469811912	0.0729484025795300924	0.078798733085306121	0.407358782565355978	0.0883264858286904788	0.00295148781496623221	0.971781125075778309	0.921770978760115868	0.012340044570143419	0.0175472381011172171	0.885561037644416406	0.017293622302367872	0.127000494914880665	0.0150124004171049705	0.0663715555394019031	0.228637010372497284	0.512264682584271771	0.208833628872310601	0.195688052659254918



4	C.TAGC.ACC	0.49471298593879239


A:	0.0855052888205952056	0.496783691120635033	0.277451772431348369	0.37117356952494789	0.560640156284629333	0.213601426954881997	0.117276407913332687	0.0451667442329377946	0.282324108834963437	0.0396146580486084632	0.512729741028397598	0.199763497831066934	0.143250275262520351	0.855404756445902031	0.917080322680396672	0.0633787565838572092	0.155546827064710135	0.115241827086310561	0.178157877200006519	0.0366456689319971322	0.0322728956969610594	0.24621624644457712	0.233918041954307239
C:	0.424079738817466078	0.16040404710299788	0.417556507039326097	0.303278671090105516	0.140155685264858315	0.423046729382952863	0.343904480926686433	0.818660278690801331	0.41778216384381891	0.0787389892571623722	0.112079551116251787	0.0186787106629908305	0.459046019725742148	0.00151401995797454857	0.0366619088577686587	0.898816094659274577	0.392788978526756636	0.325260226961621776	0.502046316925503924	0.0398359670863420883	0.274731124933181429	0.138715262043478239	0.281320981754403895
G:	0.442331814935781668	0.255691697124525184	0.127581969094058054	0.201879980144418124	0.269913050640094483	0.0771151998573789319	0.438666501919776189	0.0704560893014652267	0.131625125375865051	0.0396146580486084632	0.363457566890573738	0.757304805392964358	0.010046387361549331	0.089560904155338376	0.0245271743632426583	0.0185770470753503779	0.400441556654998938	0.0142077172353807009	0.162952748405332114	0.117179893278153065	0.397377364176099619	0.545961942404902086	0.091185705385638484
T:	0.0480831574261570483	0.087120564651841903	0.17740975143526748	0.12366777924052847	0.0292911078104178692	0.286236643804786208	0.100152609240204691	0.065716887774795648	0.168268601945352603	0.842031694645620701	0.0117331409647768776	0.0242529861129778779	0.38765731765018817	0.0535203194407850446	0.0217305940985920106	0.019228101681517836	0.0512226377535342909	0.545290228716686962	0.156843057469157443	0.806338470703507715	0.295618615193757893	0.0691065491070425548	0.393575270905650382



5	GGTTGCTA	0.493985135000992654


A:	0.126981478132714447	0.263463405926636533	0.0693250856372547738	0.332398658216500544	0.266641601777531626	0.0469816542738832926	0.0834017187496685971	0.0221644733766165249	0.00604975522767104183	0.00301874459695489966	0.0211478534468073149	0.0867365826986156627	0.0145674361561909663	0.00839748890491456309	0.943042454569249889	0.246001264058578681	0.0202002334989835783	0.119863865195957731	0.300661537694689197	0.0285472292014814032	0.111293052863564015	0.0865336315588570909
C:	0.204547158058875521	0.0923191510852609447	0.356468004064860794	0.374706017382387183	0.437686009829348453	0.263671636414678931	0.211896077500941243	0.425094709335795052	0.00287442200280528276	0.00631787945668231371	0.050000878211630388	0.00845099037175305442	0.93863046687222757	0.164813421729008603	0.00702400992587571466	0.0806964877979636631	0.152849013317981769	0.683709596764152333	0.102999666163252589	0.37447393901245833	0.22603196675715844	0.164817401169318204
G:	0.341396984544081429	0.376586142372218438	0.235235389922841037	0.255906808254131082	0.222723985813589828	0.610547976226131655	0.297343421184034182	0.464414331458897944	0.980714440779360179	0.0125259483962891275	0.00311946936599430866	0.894613833942885873	0.00591225363304388888	0.0328495267967452929	0.0367002468696624006	0.546301753228576991	0.811938352765929682	0.130054982500488033	0.36770178576956093	0.0847141492017884956	0.453841351506966944	0.552960914612569787
T:	0.327074379264328603	0.267631300615884085	0.338971520375043395	0.0369885161469811912	0.0729484025795300924	0.078798733085306121	0.407358782565355978	0.0883264858286904788	0.0103613819901634966	0.978137427550073659	0.925731798975567988	0.0101985929867454101	0.0408898433385375749	0.793939562569331541	0.0132332886352119961	0.127000494914880665	0.0150124004171049705	0.0663715555394019031	0.228637010372497284	0.512264682584271771	0.208833628872310601	0.195688052659254918



