1	GGGACCAC	0.499869720581666584


A:	0.482620898613961844	0.431555552328631201	0.431696158314475818	0.00780947738508126835	0.129146160661128947	0.0739755015208049001	0.0283336403918866506	0.0082747177061302197	0.00104207969905641231	0.00105453498415824015	0.94156483439588965	0.00345318486149861734	0.00338769636593637629	0.970805846334369222	0.000543479421917554099	0.378294340429485363	0.191078339499584096	0.227951620396542293	0.178573728736964997	0.371456790214881104	0.468065708117628665	0.359613483491766038
C:	0.100896896119565048	0.132777974280897833	0.370309100623504241	0.815904297891848985	0.106934666866437343	0.179438181604883838	0.120970289967976667	0.000239122900642066234	0.000701573472391741052	0.00240098326937874551	0.0527121309557856436	0.99209477338520027	0.99252444748638954	0.00130512733825407947	0.983639965743865295	0.231064964091206242	0.256395660655802116	0.27285023525063864	0.237121141192686869	0.146920722953039562	0.242970484130555532	0.262129849271017096
G:	0.227387348287439731	0.161694922382963011	0.0904071817688159176	0.0965890102613232574	0.590003130556016266	0.285188175364955789	0.471400706769713509	0.97150756190221613	0.983310895547245516	0.991883263723544729	0.00052161206606093889	0.00155871880486520281	0.00102376532467963175	0.0273993168539748816	0.00336296432517387523	0.0660466996105987062	0.170816325564831891	0.268104507728302907	0.237121141192686869	0.086485095372373109	0.0576262115729485025	0.0824358648330316486
T:	0.189094856979033377	0.273971551007507955	0.107587559293204023	0.079697214461746489	0.173916041916417445	0.461398141509355473	0.379295362870423174	0.0199785974910115844	0.0149454512813063302	0.00466121802291828521	0.00520142258226376728	0.00289332294843591038	0.00306409082299445152	0.000489709473401817355	0.0124535905090432754	0.324593995868709689	0.381709674279781897	0.23109363662451616	0.347183988877661266	0.395137391459706224	0.2313375961788673	0.295820802404185218



2	G..GGGACCA	0.499404466501240695


A:	0.20413169156390904	0.36312291049757228	0.191222952849843172	0.293825241676057716	0.600693762075052257	0.0162248071765394648	0.0419154218060213321	0.139146441118557294	0.0195282739406596906	0.0212007984261717539	0.00325126197535855315	0.00394565781833990189	0.952273000840497261	0.00297425856211496278	0.0069760836573582594	0.936909946182612217	0.000543479421917554099	0.146426544143688822	0.184261426051841632	0.0785296419734340435	0.943597309058164616	0.139185018312663696	0.131398268538669675
C:	0.533895828373434298	0.348686982306864075	0.106101298913791974	0.110480442230048274	0.213635553489100522	0.0750298053073209046	0.0062220258622871397	0.348264817346610084	0.13776811212091265	0.00426926649331271375	0.0011270506324399739	0.00223972916835684021	0.0367148752860182531	0.992261803864961753	0.988376797084975893	0.00670675843645224037	0.983639965743865295	0.381089763133759578	0.372141244062985545	0.575703537381316947	0.00122264390403982691	0.0160665060721910326	0.2262036575665474
G:	0.104109223482226808	0.140340641687367677	0.36273774975734658	0.179932504136899032	0.0460724369409762235	0.824958917355197246	0.689153347314806192	0.273174937931193697	0.658943725985602149	0.933559816224282287	0.990711252933276002	0.991122026407535097	0.00574091678076793447	0.00137581114798808125	0.00107545494691661203	0.0551597819012123033	0.00336296432517387523	0.106111908321812379	0.179270310021382854	0.166221206200102592	0.0376819816509009172	0.08667804496912683	0.163577316618208693
T:	0.157863256580429854	0.147849465508195967	0.339937998479018274	0.415761811956994978	0.139598247494870998	0.0837864701609423848	0.262709205016885336	0.239413803603638925	0.18375988795282551	0.0409701188562332452	0.0049104344589254711	0.00269258660576816091	0.00527120709271655159	0.00338812642493520329	0.00357166431074923583	0.00122351347972323937	0.0124535905090432754	0.366371784400739221	0.264327019863789969	0.179545614445146417	0.0174980653868946399	0.758070430646018441	0.478820757276574232



3	GGGG.CCAC	0.499255546180951908


A:	0.362186704898437424	0.482620898613961844	0.431555552328631201	0.431696158314475818	0.00780947738508126835	0.129146160661128947	0.0739755015208049001	0.0283336403918866506	0.00701777563288413608	0.0023940284268901311	0.00366397947406135664	0.94156483439588965	0.00637893610075000847	0.00351190864678680108	0.959957972740609089	0.00617233040613508998	0.378294340429485363	0.191078339499584096	0.227951620396542293	0.178573728736964997	0.371456790214881104	0.468065708117628665	0.359613483491766038
C:	0.210507497894259641	0.100896896119565048	0.132777974280897833	0.370309100623504241	0.815904297891848985	0.106934666866437343	0.179438181604883838	0.120970289967976667	0.00277152286908037205	0.00167318590176512602	0.0092519892295194537	0.0527121309557856436	0.989281944597972573	0.990822716596498333	0.0173047732056849058	0.956504146126918511	0.231064964091206242	0.256395660655802116	0.27285023525063864	0.237121141192686869	0.146920722953039562	0.242970484130555532	0.262129849271017096
G:	0.268426582213427948	0.227387348287439731	0.161694922382963011	0.0904071817688159176	0.0965890102613232574	0.590003130556016266	0.285188175364955789	0.471400706769713509	0.838211122907917678	0.989731789083397309	0.982462781082771892	0.00052161206606093889	0.00280779420280337819	0.00244886172269199071	0.0212566353208642027	0.0165226896258172291	0.0660466996105987062	0.170816325564831891	0.268104507728302907	0.237121141192686869	0.086485095372373109	0.0576262115729485025	0.0824358648330316486
T:	0.158879214993874988	0.189094856979033377	0.273971551007507955	0.107587559293204023	0.079697214461746489	0.173916041916417445	0.461398141509355473	0.379295362870423174	0.151999578590117814	0.00620099658794743382	0.00462125021364729739	0.00520142258226376728	0.00153132509847403995	0.00321651303402287525	0.00148061873284180238	0.0208008338411291697	0.324593995868709689	0.381709674279781897	0.23109363662451616	0.347183988877661266	0.395137391459706224	0.2313375961788673	0.295820802404185218



4	GGACCAC..A	0.49910665541714229


A:	0.477014759168516796	0.0124957529007293048	0.0142299626103999007	0.220083844684217677	0.182105542282702588	0.137547189807941272	0.0082747177061302197	0.00289385551968225459	0.00541381620248846538	0.925167251284627725	0.00391195646467079496	0.00439907915658599736	0.964916294363632535	0.0017848034839087395	0.486490624869672059	0.403861451887448189	0.76031394857906233	0.378350288316209899	0.655454931006227572	0.192292008114983078	0.220569940995788908	0.572952189368481696	0.490452680042299803
C:	0.074803128537221952	0.268033394689575306	0.00237115931955702881	0.213050020901851027	0.307510107708381531	0.331154506290243508	0.000239122900642066234	0.00195175011176354952	0.00313349672643579972	0.0298916925978146331	0.988466772949053322	0.989707902642512955	0.0042959480764684629	0.97112388681168071	0.142786187815362592	0.179401965035748862	0.0974425454588958704	0.0592219957881476807	0.127370360435153884	0.270200471507071072	0.22020980096028057	0.049100473511116009	0.147640013835097784
G:	0.402343490724884696	0.493004923515635128	0.947204119042863526	0.501411199373173359	0.28340457898353016	0.320446152012021936	0.97150756190221613	0.983528557816493579	0.986991450693899548	0.00476244570955571962	0.00197193883963386748	0.00245984057071097343	0.0301379214228114233	0.00729802182361188822	0.0483755618184773952	0.156455306234055745	0.126314050880460142	0.00263593544177158551	0.0517770540399460888	0.174984671292060077	0.209425175996055068	0.343258666306294369	0.291225200436744008
T:	0.045838621569376556	0.226465928894060262	0.0361947590271795446	0.0654549350407579364	0.226979771025385721	0.210852151889793285	0.0199785974910115844	0.0116258365520606164	0.00446123637717618718	0.0401786104080019223	0.00564933174664201606	0.00343317763019007388	0.000649836137087579254	0.0197932878807986619	0.322347625496487953	0.260281276842747204	0.015929455081581657	0.559791780453870834	0.165397654518672456	0.362522849085885773	0.349795082047875455	0.0346886708141079264	0.0706821056858584044



5	GTGG.CCC.A	0.498787160653134151


A:	0.295820802404185218	0.2313375961788673	0.395137391459706224	0.347183988877661266	0.23109363662451616	0.381709674279781897	0.324593995868709689	0.01316624453949356	0.00153871968464324962	0.00232971553206692649	0.00215329996478173294	0.00520142258226376728	0.00715041794617471987	0.00795264690864975301	0.0534403043672064832	0.379295362870423174	0.461398141509355473	0.173916041916417445	0.079697214461746489	0.107587559293204023	0.273971551007507955	0.189094856979033377	0.158879214993874988
C:	0.0824358648330316486	0.0576262115729485025	0.086485095372373109	0.237121141192686869	0.268104507728302907	0.170816325564831891	0.0660466996105987062	0.00749072214238550023	0.0113361807532967844	0.00303227995113118062	0.0018233223130145916	0.00052161206606093889	0.982583697008846182	0.98838604421655316	0.927597533396158399	0.471400706769713509	0.285188175364955789	0.590003130556016266	0.0965890102613232574	0.0904071817688159176	0.161694922382963011	0.227387348287439731	0.268426582213427948
G:	0.262129849271017096	0.242970484130555532	0.146920722953039562	0.237121141192686869	0.27285023525063864	0.256395660655802116	0.231064964091206242	0.97447566826217554	0.0160284383179861752	0.991858098019201928	0.991430848782135127	0.0527121309557856436	0.00852903742369746617	0.00188428410601913998	0.0023130207817755879	0.120970289967976667	0.179438181604883838	0.106934666866437343	0.815904297891848985	0.370309100623504241	0.132777974280897833	0.100896896119565048	0.210507497894259641
T:	0.359613483491766038	0.468065708117628665	0.371456790214881104	0.178573728736964997	0.227951620396542293	0.191078339499584096	0.378294340429485363	0.00486736505594539985	0.971096661244073791	0.00277990649759996476	0.0045925289400685481	0.94156483439588965	0.00173684762128163189	0.00177702476877794703	0.0166491414548595297	0.0283336403918866506	0.0739755015208049001	0.129146160661128947	0.00780947738508126835	0.431696158314475818	0.431555552328631201	0.482620898613961844	0.362186704898437424



