1	GGGCCCAC	0.499231367610016299


A:	0.100758179697719066	0.351582343205926748	0.302276679819954746	0.23871853267344884	0.205532019587046478	0.0771605666558035955	0.0553825660761177886	0.0159011047136560205	0.026699656765521248	0.0325867973091300888	0.0301654535661440146	0.0323935483407389172	0.0104221485671342791	0.888158191482191504	0.00679390830501676449	0.293810334771342845	0.130257034688298448	0.290144325187784449	0.284006028073398653	0.437128308632556282	0.337942254156425029	0.223871060778085981
C:	0.406757979442495593	0.371108952603662515	0.274065374767806492	0.205443904768120389	0.19686776489907662	0.442935363649589184	0.134178083659260341	0.00491048362624885087	0.00480463408078161789	0.131857420752291053	0.89995596414191325	0.954654617892690093	0.954242906822423051	0.0215355489898521039	0.86889105497626917	0.340865617590969339	0.197445094627783843	0.348735111922194045	0.253799452174747882	0.175590668640234632	0.0683330815841302665	0.336855767036525266
G:	0.212328599461489344	0.0312847102598664647	0.094259539485521852	0.383741757547201407	0.297162783171368895	0.380558741192405587	0.647022662865588393	0.918182365953032206	0.959219611637333218	0.711146709802419767	0.0154550261521732075	0.00253858187908686025	0.00436519911251842468	0.080690732692058724	0.08718039143852079	0.136374676907469733	0.450225533108532136	0.28892135246155007	0.196205849301921958	0.179921657447953214	0.248480817533693758	0.223935609755359982
T:	0.280155241398295997	0.246023993930544272	0.329398405926716909	0.172095805011229364	0.300437432342508008	0.099345328502201634	0.163416687399033477	0.0610060457070629228	0.00927609751636391629	0.124409072136159092	0.0544235561397695283	0.0104132518874841297	0.0309697454979242454	0.00961552683589766849	0.0371346452801932758	0.228949370730218083	0.222072337575385573	0.0721992104284714357	0.265988670449931506	0.207359365279255872	0.345243846725750947	0.215337562430028771



2	GGG.CCCAC	0.499058296702392124


A:	0.0584687376249719799	0.100758179697719066	0.351582343205926748	0.302276679819954746	0.23871853267344884	0.205532019587046478	0.0771605666558035955	0.0553825660761177886	0.0244101099260447276	0.0146733235223769047	0.0325867973091300888	0.0226233516895080851	0.0188192995374894745	0.0106609673346681712	0.910733314478231969	0.0143574572831647323	0.293810334771342845	0.130257034688298448	0.290144325187784449	0.284006028073398653	0.437128308632556282	0.337942254156425029	0.223871060778085981
C:	0.109914214017619752	0.406757979442495593	0.371108952603662515	0.274065374767806492	0.205443904768120389	0.19686776489907662	0.442935363649589184	0.134178083659260341	0.00514344317043732765	0.00815097092866576028	0.131857420752291053	0.946449771710340304	0.965395616091555844	0.946188808469557369	0.0171863932336189861	0.903142163912126344	0.340865617590969339	0.197445094627783843	0.348735111922194045	0.253799452174747882	0.175590668640234632	0.0683330815841302665	0.336855767036525266
G:	0.0939359127545110463	0.212328599461489344	0.0312847102598664647	0.094259539485521852	0.383741757547201407	0.297162783171368895	0.380558741192405587	0.647022662865588393	0.948822341169775402	0.917713466424497776	0.711146709802419767	0.00715413196458639788	0.00722460289953563126	0.0080532455907888723	0.0562580590355380173	0.038635750391504141	0.136374676907469733	0.450225533108532136	0.28892135246155007	0.196205849301921958	0.179921657447953214	0.248480817533693758	0.223935609755359982
T:	0.737681135602897222	0.280155241398295997	0.246023993930544272	0.329398405926716909	0.172095805011229364	0.300437432342508008	0.099345328502201634	0.163416687399033477	0.0216241057337425423	0.0594622391244595588	0.124409072136159092	0.0237727446355652125	0.00856048147141905028	0.0350969786049855874	0.0158222332526110275	0.043864628413204783	0.228949370730218083	0.222072337575385573	0.0721992104284714357	0.265988670449931506	0.207359365279255872	0.345243846725750947	0.215337562430028771



3	TGGG.CCCA	0.498691681066403357


A:	0.1679211505764227	0.112608437495569944	0.251642946508719446	0.186882621635624064	0.230513384632849346	0.463868728770044728	0.043864628413204783	0.0405761310540051356	0.0571343719866979616	0.0027009932886015451	0.0149545444713274993	0.110863892141425033	0.0259319806324621437	0.0168591628243796492	0.00921955496935651906	0.837247709125890652	0.07325551304158085	0.070759699739409729	0.176399518943584959	0.0824138886112898053	0.146702699787070481	0.193905429828074498	0.163206676437369542
C:	0.356675393278756401	0.571690714030129064	0.294536382780303317	0.0924310538902706889	0.54344197830314036	0.183274867804367623	0.038635750391504141	0.0654761499405841103	0.0161026538795823497	0.00703312773432533559	0.00530607260831593794	0.654702221608704819	0.953807402287894419	0.97340671615269347	0.91754341916436317	0.0567000098795201023	0.760714621389430706	0.554558340969462414	0.350863778741854116	0.0873785438198961225	0.577185551716694549	0.345699630863183135	0.163872630672340537
G:	0.244060436687714433	0.177072911841657298	0.258036902866690084	0.289584351617936103	0.138543109475945204	0.186781288743307351	0.903142163912126344	0.0567000098795201023	0.91754341916436317	0.97340671615269347	0.953807402287894419	0.16822684141889458	0.00530607260831593794	0.00703312773432533559	0.0161026538795823497	0.0654761499405841103	0.0833444982026292812	0.183487025943688676	0.178670803929879682	0.334045286698592005	0.12094958353431221	0.201055527020488281	0.243381227416636706
T:	0.231343019457106465	0.138627936632643694	0.195783767844287152	0.431101972856169144	0.0875015275880650889	0.166075114682280298	0.0143574572831647323	0.837247709125890652	0.00921955496935651906	0.0168591628243796492	0.0259319806324621437	0.0662070448309755674	0.0149545444713274993	0.0027009932886015451	0.0571343719866979616	0.0405761310540051356	0.0826853673663591626	0.191194933347439181	0.294065898384681244	0.496162280870222068	0.155162164961922759	0.259339412288254086	0.429539465473653216



4	C.GTGGG.CC	0.498348520768508915


A:	0.133093397747812996	0.215337562430028771	0.345243846725750947	0.207359365279255872	0.265988670449931506	0.0721992104284714357	0.222072337575385573	0.228949370730218083	0.0423659384742259607	0.0228876545589871865	0.0188821370703579927	0.0118770776595942586	0.018751060902380824	0.124409072136159092	0.0154115009191722381	0.0286010691616647679	0.163416687399033477	0.099345328502201634	0.300437432342508008	0.172095805011229364	0.329398405926716909	0.246023993930544272	0.280155241398295997
C:	0.347626672299735149	0.223935609755359982	0.248480817533693758	0.179921657447953214	0.196205849301921958	0.28892135246155007	0.450225533108532136	0.136374676907469733	0.0412004700620005036	0.0712474404906405094	0.0177284632989167509	0.00528356328507769755	0.0119586079019515175	0.711146709802419767	0.930296716614146077	0.935095468474852392	0.647022662865588393	0.380558741192405587	0.297162783171368895	0.383741757547201407	0.0942595394855218521	0.0312847102598664647	0.212328599461489344
G:	0.208978240622927944	0.336855767036525266	0.0683330815841302665	0.175590668640234632	0.253799452174747882	0.348735111922194045	0.197445094627783843	0.340865617590969339	0.900806476335614394	0.00778961841519949775	0.950548373140296752	0.960875449313941294	0.934558495067713558	0.131857420752291053	0.00672256551620192824	0.011119787118969456	0.134178083659260341	0.442935363649589184	0.19686776489907662	0.205443904768120389	0.274065374767806492	0.371108952603662515	0.406757979442495593
T:	0.310301689329523911	0.223871060778085981	0.337942254156425029	0.437128308632556282	0.284006028073398653	0.290144325187784449	0.130257034688298448	0.293810334771342845	0.0156271151281591418	0.898075286535172806	0.012841026490428504	0.0219639097413867495	0.0347318361279541003	0.0325867973091300888	0.0475692169504797571	0.0251836752445133836	0.0553825660761177886	0.0771605666558035955	0.205532019587046478	0.23871853267344884	0.302276679819954746	0.351582343205926748	0.100758179697719066



5	C.GG.CCCAC	0.498277934179549234


A:	0.0584687376249719799	0.100758179697719066	0.351582343205926748	0.302276679819954746	0.23871853267344884	0.205532019587046478	0.0771605666558035955	0.0553825660761177886	0.019222498671675766	0.0309102161683126883	0.0325867973091300888	0.0225333961827622211	0.0269116807120902799	0.0136340847655490424	0.949731741592090948	0.0126387135696079106	0.293810334771342845	0.130257034688298448	0.290144325187784449	0.284006028073398653	0.437128308632556282	0.337942254156425029	0.223871060778085981
C:	0.109914214017619752	0.406757979442495593	0.371108952603662515	0.274065374767806492	0.205443904768120389	0.19686776489907662	0.442935363649589184	0.134178083659260341	0.0055980177777768106	0.0106202560293073424	0.131857420752291053	0.955896061138915922	0.960686591116902273	0.953590463077549918	0.0161051703508368641	0.949802684353750817	0.340865617590969339	0.197445094627783843	0.348735111922194045	0.253799452174747882	0.175590668640234632	0.0683330815841302665	0.336855767036525266
G:	0.0939359127545110463	0.212328599461489344	0.0312847102598664647	0.094259539485521852	0.383741757547201407	0.297162783171368895	0.380558741192405587	0.647022662865588393	0.943033382752272394	0.941831062992217547	0.711146709802419767	0.00581092777704432987	0.00422272191088073428	0.00416678226989713814	0.0200099699437273259	0.0120266812178873832	0.136374676907469733	0.450225533108532136	0.28892135246155007	0.196205849301921958	0.179921657447953214	0.248480817533693758	0.223935609755359982
T:	0.737681135602897222	0.280155241398295997	0.246023993930544272	0.329398405926716909	0.172095805011229364	0.300437432342508008	0.099345328502201634	0.163416687399033477	0.032146100798275029	0.0166384648101624225	0.124409072136159092	0.0157596149012775273	0.00817900626012671312	0.0286086698870039016	0.0141531181133448623	0.025531920858753889	0.228949370730218083	0.222072337575385573	0.0721992104284714357	0.265988670449931506	0.207359365279255872	0.345243846725750947	0.215337562430028771



