1	C.TAGCAAC	0.498268261964735516


A:	0.102299342699182694	0.582208768737724028	0.306555961136091984	0.228549649591730463	0.144575207456324658	0.246911453141308487	0.425168417327745742	0.012620007239520951	0.320213488252018205	0.0103871714295111675	0.864937688235132534	0.0659551924543993994	0.00554350832142751249	0.932348977274086483	0.986481865203246417	0.00347550292435925424	0.176558817705944793	0.414519715791624044	0.232689426951799543	0.49118475949144399	0.183643070619918846	0.344365166755658231	0.442327151313632182
C:	0.121582996663321522	0.0755589323739314734	0.211728427488963966	0.139110819199237669	0.242598024564046992	0.146644646860877232	0.309887513009372409	0.915347331603437552	0.441179048140265106	0.0122076085315819022	0.00926027739750780392	0.00218162570445883371	0.875929018639292895	0.00101489381080825833	0.00294225929615027943	0.989565946297675752	0.266087030089079292	0.105301095620431448	0.340386298028659797	0.226026995336186092	0.0862461282870418914	0.168229146220041825	0.240189266782798908
G:	0.289983203485842884	0.298281948678691637	0.0564734519557806181	0.417583906825475123	0.459183140140895271	0.372085356784686706	0.115843437720278877	0.0611866479144205756	0.045819996776027991	0.00337648935112492229	0.124044213920272622	0.928296027433458313	0.00347658718383029086	0.0482016387781745531	0.0090977260634844253	0.000888320616699473459	0.513569341039071068	0.13291022365696181	0.253070297964338634	0.163299118818381424	0.376737875292498593	0.111325758668831657	0.178447764071153212
T:	0.4861344571516529	0.0439503502096528621	0.425242159419163432	0.214755624383556745	0.153643627838733078	0.234358543213127575	0.149100631942602972	0.0108460132426209216	0.192787466831688698	0.974028730687782008	0.00175782044708704028	0.0035671544076834543	0.115050885855449302	0.0184344901369307051	0.00147814943711887806	0.00607023016126551976	0.0437848111659048472	0.347268964930982698	0.173853977055202025	0.119489126353988494	0.35337292580054067	0.376079928355468287	0.139035817832415697



2	CC.TGG.AAC	0.496457263268800211


A:	0.197854782138875134	0.409669462991233875	0.128772875326629143	0.0702317095296455278	0.182718120454243679	0.40025400145635568	0.0631114365753219575	0.0108974432962603078	0.431468330484474717	0.028595679233434482	0.428001977807024781	0.0356867280411574643	0.102269659944276663	0.845051273588096822	0.982283209961894793	0.00709834520901122172	0.324963588010645571	0.404314350147065041	0.462738432683723391	0.184118980576866558	0.250032308810749564	0.136267966536992482
C:	0.503600292254781578	0.280347540573059295	0.0301646934422826734	0.0389424333179680636	0.150383862425238236	0.158632514989940583	0.859026585305895019	0.933085467081613271	0.184312286724845331	0.0104610638064478591	0.00610080920996343617	0.00882221393002627855	0.552311937924044009	0.00558634530530598605	0.00755585227078340956	0.971029412938017984	0.172713359183176509	0.0843297138700648915	0.190598344846105617	0.329252811680793163	0.10590904023236256	0.436650048532344705
G:	0.209502968421249283	0.142515520736445449	0.114624354054794202	0.242769754135563021	0.392951141760202948	0.306962219355823905	0.016956925279312307	0.0117283203937151117	0.101067946080244404	0.00942044414436336746	0.563610196367559433	0.95039371717609992	0.015975235854442289	0.083966351534607103	0.00526452906571001938	0.00241029996672752929	0.447878839200860214	0.0712825305675045868	0.0450550130650899411	0.203401774050809685	0.526747335754756368	0.263346362683406637
T:	0.0890419571850940043	0.167467475699261382	0.726438077176293981	0.648056103016823387	0.273946875360315137	0.134151264197879831	0.060905052839470717	0.0442887692284113093	0.283151436710435548	0.951522812815754291	0.00228701661545235032	0.00509734085271633737	0.329443166277237039	0.0653960295719900892	0.00489640870161177801	0.0194619418862432647	0.0544442136053177061	0.44007340541536548	0.301608209405081051	0.283226433691530594	0.117311315202131508	0.163735622247256177



3	CC.TAG.AAC	0.496095100508717341


A:	0.120331185018247774	0.34123643882458527	0.151511763217295117	0.155252512015236696	0.203937531423119394	0.264552438039474768	0.173948210888265173	0.0515740626085266654	0.233987383311972183	0.0192040150563435434	0.428001977807024781	0.0145290510798322272	0.00554350832142751249	0.83947922809840065	0.966048353871658921	0.0141140352925490108	0.185751837689130787	0.571337726785005057	0.241838590620710259	0.348097744881441734	0.243867684196108057	0.274443662774074747	0.260621624279017538
C:	0.139301308642874112	0.342379147785019256	0.242623157652205082	0.112442599128230267	0.268172332803709481	0.284883842766903197	0.642356345986962401	0.868454625490058496	0.489082392006930011	0.00782510573401795886	0.00610080920996343617	0.0129731106915424615	0.875929018639292895	0.00681871636869411849	0.00389758564040479919	0.97231971969350292	0.432692995603289798	0.119578756958041734	0.157893023007917713	0.224745929657399282	0.326742796584619091	0.174452963623357523	0.414637908592302635
G:	0.530315154412227399	0.278248345102620389	0.177913571950974882	0.32510180616812306	0.16008958241203515	0.216502648721751878	0.0780138325551764316	0.0374074116541120981	0.0613216021788891886	0.0114921404556445273	0.563610196367559433	0.959181829798833677	0.00347658718383029086	0.0744986241789701869	0.0212673426997251221	0.00468493781436946967	0.334455051415795414	0.161675065486421438	0.198719882759944257	0.198375829406141712	0.0981139475924866361	0.237758033626686726	0.166158179530962813
T:	0.210052351926650714	0.0381360682877750848	0.427951507179524919	0.407203082688409977	0.367800553361135975	0.234061070471870158	0.105681610569595994	0.0425639002473027401	0.215608622502208618	0.96147873875399397	0.00228701661545235032	0.0133160084297916346	0.115050885855449302	0.0792034313539350449	0.00878671778821115802	0.00888130719957859907	0.0471001152917840013	0.147408450770531771	0.401548503611427771	0.228780496055017273	0.331275571626786216	0.313345339975881003	0.158582287597717014



4	C.TAGC.ACG	0.495930261273275053


A:	0.0817622974337721697	0.134926632580568623	0.0756218481177906547	0.0231165512899880698	0.223463325204141429	0.141273671623841732	0.51557416065421121	0.0269771017435924522	0.38186618338574958	0.0165103485316195699	0.786199613005057629	0.301969547198703186	0.0506108094034008743	0.932348977274086483	0.941298942238678883	0.0165984006701581757	0.130770448362572514	0.28179456737178193	0.444587508342764298	0.184232876786530396	0.152535277661044425	0.0979113229837436317	0.388847507447831483
C:	0.231036664363844158	0.47710492505276422	0.17756795228413552	0.1932216394489082	0.388514687362872839	0.30029909404559754	0.214175310057896969	0.86278805889730276	0.181778610570607478	0.0252666324156615458	0.0364486368371086731	0.00568497852044955183	0.63342703245043767	0.00101489381080825833	0.00840722903088762758	0.947534071076222117	0.26987479553533779	0.205595953885266258	0.192806214826068296	0.617022043318979109	0.113524934213712369	0.335560396902504393	0.142954370646959612
G:	0.488737477021167596	0.269933213817102428	0.0361334580901885939	0.504348196560354864	0.21203377316487996	0.161658229389007485	0.0870124287868777877	0.0474699269216653541	0.0486602525374386309	0.0178418597063193015	0.143163232169930973	0.677620267892312577	0.00883279072832345784	0.0482016387781745531	0.0411974438025871383	0.00954425344456796225	0.546159480112863918	0.369926847202734452	0.27719533221727145	0.0882707107225812489	0.0557562561922483701	0.203940224546406067	0.304222487647538775
T:	0.198463561181216076	0.118035228549564729	0.710676741507885232	0.279313612700748867	0.175988214268105773	0.396769004941553244	0.183238100501014033	0.0627649124374394339	0.387694953506204311	0.940381159346399583	0.0341885179879027245	0.0147252063885346849	0.307129367417837997	0.0184344901369307051	0.00909638492784635128	0.0263232748090517451	0.0531952759892257791	0.14268263154021736	0.0854109446138959555	0.110474369171909246	0.678183531932994835	0.362588055567345909	0.16397563425767013



5	CC.T.GCAAC	0.495884163909056486


A:	0.102299342699182694	0.582208768737724028	0.306555961136091984	0.228549649591730463	0.144575207456324658	0.246911453141308487	0.425168417327745742	0.0940990074387052124	0.320213488252018205	0.109887412094889619	0.864937688235132534	0.366522255607723093	0.102269659944276663	0.684505414482363076	0.93086906418922178	0.0426548710106691746	0.176558817705944793	0.414519715791624044	0.232689426951799543	0.49118475949144399	0.183643070619918846	0.344365166755658231	0.442327151313632182
C:	0.121582996663321522	0.0755589323739314734	0.211728427488963966	0.139110819199237669	0.242598024564046992	0.146644646860877232	0.309887513009372409	0.636281814331949227	0.441179048140265106	0.0707099815624112645	0.00926027739750780392	0.0560673278451058147	0.552311937924044009	0.011403148464853347	0.0178288383711588898	0.911918549885526573	0.266087030089079292	0.105301095620431448	0.340386298028659797	0.226026995336186092	0.0862461282870418914	0.168229146220041825	0.240189266782798908
G:	0.289983203485842884	0.298281948678691637	0.0564734519557806181	0.417583906825475123	0.459183140140895271	0.372085356784686706	0.115843437720278877	0.162913908714678357	0.045819996776027991	0.0330574339481246949	0.124044213920272622	0.559898506645212115	0.015975235854442289	0.152502997256222611	0.0272329821864450011	0.00749190546854157154	0.513569341039071068	0.13291022365696181	0.253070297964338634	0.163299118818381424	0.376737875292498593	0.111325758668831657	0.178447764071153212
T:	0.4861344571516529	0.0439503502096528621	0.425242159419163432	0.214755624383556745	0.153643627838733078	0.234358543213127575	0.149100631942602972	0.106705269514667203	0.192787466831688698	0.786345172394574421	0.00175782044708704028	0.0175119099019589771	0.329443166277237039	0.151588439796560965	0.0240691152531743287	0.0379346736352626811	0.0437848111659048472	0.347268964930982698	0.173853977055202025	0.119489126353988494	0.35337292580054067	0.376079928355468287	0.139035817832415697



