1	GGGACCAC	0.498884256098092485


A:	0.195946964051198556	0.3859968755610368	0.257782198889063388	0.592515830332867148	0.302532292314250692	0.13399960298455165	0.0966839840847765597	0.00882462231360636502	0.00195506203457165561	0.00207194006982867493	0.93582690135712381	0.00217888582537513254	0.00610427931336958854	0.986790876860937734	0.00166194169206088098	0.428904614696236171	0.187348058465671215	0.421887149499670725	0.131219595820112318	0.485686727200171585	0.323123044830840048	0.445906220791843222
C:	0.498581146938318139	0.223819607231057577	0.0760728704148133601	0.0533834852142759327	0.12435932755099075	0.229339660763317666	0.200336825711742927	0.00100259605465014152	0.00172430897090394321	0.010174950407405963	0.0563020916795483051	0.993471092354401769	0.990965906335366474	0.000761006081993957687	0.981877347832470241	0.15172073204242249	0.193094437923935825	0.332496605820922428	0.135834332578268083	0.0811172001345646124	0.144456859411902396	0.221012018754178627
G:	0.0429793439541333527	0.0479878183238241443	0.531912409393406968	0.13400598655297813	0.24303731977001997	0.156428468590518776	0.285368887086547503	0.945203314017252328	0.993601671825022533	0.983939973470257541	0.000725058443652004318	0.00240111279389611521	0.00176036934065206332	0.00910114216742397647	0.00453801349277820573	0.195099185269839119	0.180589189954167779	0.0845912096655902246	0.457558714548307981	0.151297745295358841	0.119544658350504281	0.142755462371507907
T:	0.262492545056349952	0.342195698884081479	0.134232521302716285	0.220094697899878789	0.330071060364738588	0.480232267661611909	0.41761030311693301	0.044969467614491165	0.0027189571695018681	0.00381313605250782134	0.00714594851967588011	0.00194890902632698367	0.00116944501061187437	0.00334697488964433213	0.0119226969826906719	0.224275467991502219	0.438968313656225181	0.161025035013816623	0.275387357053311618	0.281898327369904962	0.412875437406753275	0.190326298082470244



2	GGACCACA	0.497237108564654747


A:	0.269982867554174393	0.538598956770690543	0.347192290430568602	0.276333011321799001	0.24409177655383368	0.136459485911951452	0.00882462231360636502	0.0120872483768503794	0.00803476089191010638	0.84821247138068293	0.00603664254820063466	0.023167999954604418	0.965761779519888899	0.00742478624762691752	0.51952777027176678	0.216864368174108629	0.32174408694843215	0.225217652789759374	0.263287438973783052	0.184763427927842608	0.2198549776693347	0.264125532450081985
C:	0.301156557016994654	0.0369119647740760289	0.101186145063312435	0.0738384992949073509	0.270131286814507176	0.178192387804076814	0.00100259605465014152	0.00299543637572020519	0.0346878225362031382	0.120387582162702734	0.985169254183344436	0.96634532986621946	0.00976548968914751906	0.952514762315803631	0.140853252058485251	0.0820943372743926126	0.135404780124966289	0.172537056464444524	0.127287112173278249	0.222390845307304209	0.226340943887603449	0.373601762662375443
G:	0.106564824054404168	0.300817902701577693	0.247102154428032768	0.304039340464259988	0.137664278902128061	0.253825342466545972	0.945203314017252328	0.978022521142857212	0.952509395302020051	0.00357064832081999903	0.00317200732086264853	0.003816075360954741	0.0206635673282079432	0.0102500480346540537	0.03633984245458402	0.129876911142842988	0.311519565685648815	0.349237022475727984	0.125110248064400368	0.313084467022477133	0.344629049165433961	0.178518282607612604
T:	0.322295751374426784	0.123671175753655735	0.304519410078086195	0.345789148919033659	0.348112657729531083	0.431522783817425762	0.044969467614491165	0.0068947941045722037	0.00476802126986670439	0.0278292981357943376	0.00562209594759228097	0.00667059481822138043	0.00380916346275563881	0.0298104034019153977	0.303279135215163949	0.571164383408655771	0.231331567240952747	0.253008268270068118	0.48431520078853833	0.27976125974237605	0.209175029277627889	0.183754422279929968



3	A.GTGGTCC	0.496965599841951894


A:	0.230148012279170492	0.183754422279929968	0.209175029277627889	0.27976125974237605	0.48431520078853833	0.253008268270068118	0.231331567240952747	0.571164383408655771	0.303279135215163949	0.0379110759516130917	0.00596452507126023575	0.00836337136294671446	0.00832945132984150768	0.0224094537477038957	0.00592954100800160677	0.0131478245379415902	0.044969467614491165	0.431522783817425762	0.348112657729531083	0.34578914891903366	0.304519410078086195	0.123671175753655735	0.322295751374426784
C:	0.404483247103724284	0.178518282607612604	0.344629049165433961	0.313084467022477133	0.125110248064400368	0.349237022475727984	0.311519565685648815	0.129876911142842988	0.03633984245458402	0.00696769331699272625	0.0112283373355478625	0.00334975435452600611	0.00190960980030568631	0.00362416420022838756	0.965151710964199038	0.980053384909537946	0.945203314017252328	0.253825342466545972	0.137664278902128061	0.304039340464259988	0.247102154428032768	0.300817902701577693	0.106564824054404168
G:	0.192489098875999115	0.373601762662375443	0.226340943887603449	0.222390845307304209	0.127287112173278249	0.172537056464444524	0.135404780124966289	0.0820943372743926126	0.140853252058485251	0.946022633434592401	0.00168810239138965212	0.98201523052695665	0.98696239458058158	0.106610700277376703	0.0172140969543576094	0.00148230383761442094	0.00100259605465014152	0.178192387804076814	0.270131286814507176	0.0738384992949073509	0.101186145063312435	0.0369119647740760289	0.301156557016994654
T:	0.17287964174110611	0.264125532450081985	0.2198549776693347	0.184763427927842608	0.263287438973783052	0.225217652789759374	0.32174408694843215	0.216864368174108629	0.51952777027176678	0.00909859729680178097	0.98111903520180225	0.0062716437555706299	0.00279854428927122644	0.867355681774691014	0.0117046510734417455	0.00531648671490604315	0.00882462231360636502	0.136459485911951452	0.24409177655383368	0.276333011321799001	0.347192290430568602	0.538598956770690543	0.269982867554174393



4	GGGGACCA	0.496014644868122098


A:	0.575532505865339723	0.403594950187899219	0.553728177139169154	0.639378979134654132	0.256880478801860065	0.497054922353286855	0.131500330153885402	0.0344220806263217093	0.0121045328986101709	0.0122316354657321979	0.00695913757849502557	0.947975574050474157	0.0211345831542574149	0.00621730565982566284	0.947346482081501761	0.00166194169206088098	0.250426776364856276	0.251852881684562008	0.385273762171494859	0.271269957164995468	0.150141721280092306	0.370544568091567464
C:	0.125498383797474399	0.345849299315214856	0.0871725657447772676	0.195013965341727467	0.0682128151664722159	0.038037540875744298	0.269230811274415831	0.104367157310117211	0.00591760140133748379	0.00659492853783180278	0.0140171624171515598	0.035732225658878767	0.966568054988313553	0.971786799278746316	0.00817083466027680934	0.981877347832470241	0.309833718820444314	0.195416738077341785	0.103467887401564633	0.122357689082566838	0.116658186189165897	0.0929197110213077559
G:	0.0915975784861100942	0.142203482104175377	0.125671114286993749	0.0685926899156918342	0.0796677517374881615	0.22161437496263351	0.15507487027295222	0.606132439647473345	0.912559659410388078	0.969027043391325162	0.975729017834505732	0.00448692347252438922	0.00149310626382153016	0.0132560973911022757	0.0404046736877437309	0.00453801349277820573	0.0721632658734075746	0.109991838488387959	0.190493747390810896	0.489933482164143669	0.284665132978311973	0.23733296861716329
T:	0.207371531851075784	0.108352268392710547	0.233428142829059829	0.0970143656079265661	0.595238954294179558	0.243293161808335338	0.444193988298746548	0.255078322416087735	0.0694182062896642672	0.0121463926051108375	0.00329468216984768297	0.0118052768181226865	0.0108042555936075018	0.00873979767032574555	0.00407800957047769837	0.0119226969826906719	0.367576238941291836	0.442738541749708248	0.320764603036129612	0.116438871588294025	0.448534959552429824	0.299202752269961491



5	GTGGTCC..A	0.49526866851047017


A:	0.209175029277627889	0.27976125974237605	0.48431520078853833	0.253008268270068118	0.231331567240952747	0.571164383408655771	0.303279135215163949	0.0628763037040403982	0.00779624033435473796	0.0150543463500009904	0.0232248598343298899	0.0425213115344779812	0.0122718426342620692	0.0211014729287677751	0.044969467614491165	0.431522783817425762	0.348112657729531083	0.34578914891903366	0.304519410078086195	0.123671175753655735	0.322295751374426784	0.12894164898185702	0.124717755301322552
C:	0.344629049165433961	0.313084467022477133	0.125110248064400368	0.349237022475727984	0.311519565685648815	0.129876911142842988	0.03633984245458402	0.0253925788531224598	0.014357861718593508	0.00825474035537089405	0.00362174516560859174	0.00801442942675063087	0.961384184445391228	0.966533961522110261	0.945203314017252328	0.253825342466545972	0.137664278902128061	0.304039340464259988	0.247102154428032768	0.300817902701577693	0.106564824054404168	0.113830300299593096	0.24552554159818168
G:	0.226340943887603449	0.222390845307304209	0.127287112173278249	0.172537056464444524	0.135404780124966289	0.0820943372743926126	0.140853252058485251	0.898585625053310316	0.00616302261977091562	0.964021966668017469	0.967352048679700891	0.127643959805375844	0.0101364405851626549	0.00280187266106638154	0.00100259605465014152	0.178192387804076814	0.270131286814507176	0.0738384992949073509	0.101186145063312435	0.0369119647740760289	0.301156557016994654	0.454977042486916311	0.423578867189561531
T:	0.2198549776693347	0.184763427927842608	0.263287438973783052	0.225217652789759374	0.32174408694843215	0.216864368174108629	0.51952777027176678	0.0131454923895268261	0.971682875327280838	0.0126689466266106461	0.00580134632036062753	0.821820299233395544	0.0162075323351840483	0.00956269288805558195	0.00882462231360636502	0.136459485911951452	0.24409177655383368	0.276333011321799001	0.347192290430568602	0.538598956770690543	0.269982867554174393	0.302251008231633573	0.206177835910934237



