1	C.TAGCAAC	0.499091145962578788


A:	0.332493417501578204	0.425630641040783594	0.230013221646725448	0.20497076848457813	0.0334104716019402632	0.00564980053536095402	0.189764436305349396	0.00605088083858784546	0.444638806446127549	0.00339325937729548744	0.846269331404506454	0.0184797389328571611	0.0143791608593200844	0.948217810948706627	0.988413715317908664	0.00330631722181992789	0.251615525338915888	0.599506546059704109	0.223736005800320713	0.138832312363908087	0.0334707115730000695	0.454714294097338182	0.329826242817134582
C:	0.113143785026657123	0.224457635195880238	0.515978370789336563	0.331960118494107773	0.0797044443699026155	0.0669573767530430129	0.482648050061841691	0.931791190936652654	0.22352348146203108	0.00674208372301630939	0.00309504164622662823	0.00302160366246385316	0.942192823939049285	0.000914430481577557423	0.00329895402442199292	0.9876542477733158	0.337560604445281743	0.0607294531270118407	0.446412020875038581	0.236090652539079473	0.0070081179114877234	0.245315738213713095	0.18901890915454631
G:	0.401719322309144682	0.224827683912839259	0.0907631629910777517	0.157690603585216201	0.479534907683108824	0.0210601609966434793	0.187988775892878675	0.0414721069997647557	0.123359825777912677	0.00322464300263400594	0.148227797343114451	0.969946800706121717	0.00304531286635358249	0.0287270537775176498	0.00509540074702582138	0.00147599233647783273	0.285579940803703848	0.165284756012176047	0.120552450533097126	0.229706894596232808	0.0533468111944496148	0.22871119768815031	0.0882885237588585514
T:	0.152643475162619991	0.125084039850496909	0.163245244572860238	0.305378509436097896	0.407350176345048298	0.906332661714952554	0.139598737739930238	0.0206858212249947448	0.208477886313928695	0.986640013897054197	0.00240782960615246629	0.00855185669855726867	0.0403827023352770481	0.0221407047921981659	0.00319192991064352195	0.00756344266838643942	0.125243929412098521	0.174479244801108003	0.20929952279154358	0.395370140500779632	0.906174359321062592	0.0712587700007984124	0.392866324269460558



2	GGTTGCTA	0.492263500099265436


A:	0.135986674013129085	0.211742463700273397	0.0350623006529515334	0.646576713115906328	0.470588067244372568	0.261713831614426781	0.111777284470801497	0.0332417770810212406	0.0161737286220309105	0.00353549773895588146	0.0114965971404469149	0.100231105467960906	0.0160402706847606073	0.00543328119161161593	0.971668478899324621	0.276684601004392839	0.0206858212249947448	0.237618521166355206	0.23828256899242489	0.024881040447239936	0.356198926680302826	0.142398099631330243
C:	0.30699939367445356	0.167725455003493198	0.276617643903245819	0.180472364106011092	0.147464033338625741	0.286420343583545804	0.20605281622252929	0.390057539821883941	0.00138731313309601407	0.0054204223856986168	0.0198464445592668254	0.00462950088826598625	0.943336078146266708	0.115195292255803773	0.0101221182096918646	0.138172953811891033	0.0414721069997647557	0.451460697699010356	0.0357041761748168846	0.431180963623279452	0.126406032689257047	0.152102570821042245
G:	0.271162120224549973	0.123683002507137293	0.206096766768984284	0.138242240265356799	0.217274483707577687	0.359071205268923549	0.405741460309685144	0.505455340798956661	0.969277867500363517	0.00782778996793451098	0.00256157725031339052	0.88502779353156655	0.00994916126499111279	0.00798678204685466288	0.0125935620330565931	0.132190850095813224	0.931791190936652654	0.23806437827147683	0.556858402696556442	0.212260699437579944	0.0820981116209757208	0.479932336244754921
T:	0.285851812087867382	0.496849078789096111	0.482223288674818363	0.0347086825127257807	0.164673415709424004	0.0927946195331038664	0.276428438996984069	0.0712453422981381565	0.0131610907445095583	0.983216289907410991	0.966095381049972869	0.0101116001122065587	0.0306744899039815719	0.871384644505729948	0.00561584085792692121	0.452951595087902903	0.00605088083858784546	0.0728564028631576073	0.169154852136201783	0.331677296491900669	0.435296929009464406	0.225566993302872591



3	CC.TAG.AAC	0.489928160206461859


A:	0.0717307174786029879	0.337132687301932951	0.195738140964891301	0.387352148289539191	0.322441360990989658	0.24963952670703195	0.0823472787675907265	0.00929381125367768797	0.412312749023958795	0.0114596887466171382	0.624979719107199166	0.0132159259523466928	0.0143791608593200844	0.825976489596172657	0.970484350330513971	0.00748734595295662629	0.187481307778751837	0.129646548517139869	0.0471504002729684844	0.241984964139907794	0.139308649574777908	0.192373810486073985	0.292624737549144429
C:	0.344053695882379973	0.144983578548249421	0.263264012865246592	0.119732083731437144	0.228333172389710035	0.253597209307336212	0.614848203919890267	0.84347901656212066	0.237488962589812895	0.0101180802390227454	0.00874819703556661975	0.00754309645424833557	0.942192823939049285	0.00552709451850039056	0.0029307801667854531	0.961292816651465111	0.318925206508014358	0.817430808475848378	0.665519633075154536	0.234844423244659192	0.225820299078446927	0.410117053819659983	0.222621780033301005
G:	0.376501054547505438	0.238856023949405879	0.111847901494236378	0.247581626380175272	0.37035470334614682	0.175517684647524988	0.261897379296091563	0.0802076264139907652	0.110563602370067621	0.00540576338797349868	0.361166973395976424	0.949468531554073739	0.00304531286635358249	0.0513946537017330823	0.00739579622894519144	0.00485483955906459684	0.394038465786005877	0.0154798633457922421	0.0986735008325759286	0.170242243131250616	0.184110650006299389	0.277850845225283947	0.213116812511418394
T:	0.207714532091511601	0.279027710200411749	0.429149944675625729	0.245334141598848392	0.0788707632731534867	0.32124557933810685	0.040907138016427444	0.0670195457702108868	0.239634686016160688	0.973016467626386618	0.00510511046125779085	0.0297724460393312326	0.0403827023352770481	0.117101762183593871	0.0191890732737553844	0.0263649978365136655	0.0995550199272279279	0.0374427796612195105	0.188656465819301051	0.352928369484182398	0.450760401340475776	0.119658290468982085	0.271636669906136172



4	T.C.TAGCAA	0.4883904052936311


A:	0.0775718344363092224	0.106101079396896784	0.240743170343679263	0.093963664051868041	0.376280942678204707	0.22448038446828474	0.0258175810740838491	0.209794766618946229	0.0358766400189724457	0.330402004896075871	0.109395939790085331	0.633125915469414831	0.0591680621248520614	0.0870507841011731748	0.693617538604811733	0.843741023678808221	0.00466484191331610565	0.156626588328197798	0.143681101859975932	0.405969318759685979	0.113906986527007146	0.0210937943154506188
C:	0.261823105339677453	0.48869395328649497	0.182088514461492833	0.632495885446363371	0.107030443721027596	0.141924369769831019	0.0890828981093235601	0.436904127033553709	0.60436175744681674	0.411169498277614768	0.0437079999723369514	0.0142531360360500914	0.035670329877910505	0.779459409765990321	0.0115117682091541091	0.016362498319925709	0.933050447155284252	0.276507010941925237	0.487263659216038014	0.109205983158393643	0.238795417463949115	0.00487485846118975774
G:	0.160816167948649042	0.332827975471683645	0.49137711846897569	0.0509773436945231317	0.100461839505249004	0.115662182900580763	0.131627613384693461	0.253327319184621523	0.277181104111331719	0.121669560330054909	0.0173494132181664127	0.338151084482007756	0.816149168807520845	0.049509900669402261	0.201813332224987993	0.103309226090344705	0.0509376819897330021	0.340815549131916172	0.230778866404156651	0.332681435240440985	0.337870773466907844	0.153604369199234031
T:	0.499788892275364283	0.0723769918449245997	0.0857911967258522145	0.222563106807245456	0.416226774095518692	0.517933062861303479	0.75347190743189913	0.0999737871628785386	0.0825804984228790949	0.136758936496254452	0.829546647019411305	0.0144698640125273212	0.0890124391897165885	0.0839799054634342431	0.0930573609610461652	0.0365872519109213652	0.01134702894166664	0.226050851597960793	0.138276372519829403	0.152143262841479394	0.309426822542135895	0.820426978024125593



5	CCATAG..AC	0.48685418631197578


A:	0.102805910627966489	0.420029734725934772	0.547821735585670467	0.2301207338622824	0.265211175562188276	0.200219265802218212	0.0545134194807145801	0.0327090797215169896	0.499760166403844647	0.0366722890658561181	0.45734440666901799	0.11543276182284808	0.154958345603672788	0.825976489596172657	0.837838784611885882	0.0382926960196338688	0.202796706355937472	0.299548997538121601	0.165206326140219505	0.189674835194480013	0.39688572915486177	0.0264809315348174958
C:	0.295113876256274632	0.126361082163270087	0.0445252335174306165	0.105670406261824632	0.142840269443259585	0.0754117768369560687	0.460147723775833881	0.647952731944825073	0.195355778561453293	0.0539908511888354108	0.0368710454955673076	0.0218649476296328292	0.347247733094565689	0.00552709451850039056	0.0141214134239871281	0.674169518648919151	0.294418881987365483	0.498171981115562236	0.195814910890594892	0.0831862709156817173	0.0836517454121786121	0.775773232071271393
G:	0.463117282266901204	0.219553773411486221	0.340965474762486441	0.152179710240061527	0.418052351053090413	0.12433955615626727	0.322049097268073084	0.0986846551040603936	0.0738610362123508028	0.0343579324997671044	0.461564855921589898	0.745961578226947098	0.0219303850687949792	0.0513946537017330823	0.0494518291085248772	0.0300489753475887331	0.420745966825790349	0.162449265724960011	0.229553445813774113	0.151367943255954683	0.133279131979792492	0.0933432076715611951
T:	0.138962930848857675	0.23405540969930892	0.066687556134412476	0.512029149635831441	0.173896203941461726	0.60002940120455845	0.163289759475378455	0.220653533229597544	0.231023018822351258	0.874978927245541367	0.0442196919138248048	0.116740712320571993	0.475863536232966544	0.117101762183593871	0.0985879728556021122	0.257488809983858247	0.0820384448309066952	0.0398297556213561528	0.409425317155411489	0.575770950633883586	0.386183393453167126	0.104402628722349916



