1	GGT.G.AACC	0.389883020205600851


A:	0.191110655890647031	0.244953912003700567	0.245752618873472758	0.150637428530210771	0.536412012683521191	0.130792947772367914	0.237726622249117154	0.254091110809698815	0.0977148984082277363	0.372179327109558733	0.215362293192211324	0.363110619851111062	0.596600775641257871	0.547081694191073868	0.0464297275092754692	0.161855926287291025	0.507995281319349242	0.259189337097278403	0.0751690474268455275	0.623535384575240959	0.117319393706109612	0.359550181295153136	0.207808755379695841
C:	0.563662739885952356	0.416898111748515816	0.2144110791169979	0.577034848328003753	0.16166059503447544	0.21785059516438303	0.117049652723219614	0.188685928905926863	0.186920226367266181	0.237377606423415768	0.146870948890854383	0.130783879930625226	0.191601784940530313	0.129913626004699784	0.466158894989813588	0.462853463548792746	0.158174481839795359	0.07174320184488906	0.130677250792687401	0.166147305740985351	0.453388471537357222	0.191918290154816925	0.114813216417184911
G:	0.098220169941057773	0.0763474543047809176	0.431909098440774969	0.149566594125111373	0.0880780942601549033	0.437065573131750157	0.370042320612729437	0.456328469634042936	0.291880233759306865	0.299450926707088	0.546607398811644034	0.204805225944762021	0.100598348568730865	0.126978194094743498	0.14501729191752668	0.215205497521138909	0.171446586319764777	0.277687064866437438	0.243356599578458268	0.0984879893810714974	0.346033744281896255	0.210070528804892696	0.0573697630253584321
T:	0.14700643428234284	0.261800521943002699	0.107927203568754373	0.122761129016674103	0.213849298021848465	0.2142908839314989	0.275181404414933794	0.100894490650331385	0.423484641465199217	0.0909921397599375001	0.0911593591052902589	0.301300274273501691	0.111199090849480951	0.196026485709482851	0.342394085583384263	0.16008511264277732	0.162383650521090622	0.391380396191395099	0.550797102202008803	0.111829320302702192	0.0832583904746369106	0.238460999745137243	0.620008265177760815



2	CAT.GTA.CA	0.389422190712513293


A:	0.420441364532227637	0.269784828834862386	0.14351776166909276	0.255787001105880941	0.298103620378263683	0.338930139592510376	0.137790012641269153	0.769827245803182976	0.0525582974554316566	0.242327732751350084	0.104035216091977006	0.0940254099009404794	0.712021769901392416	0.483446161103299491	0.066311238843776224	0.685566612898296878	0.077994474815800751	0.201660989146055611	0.634635342902132037	0.15289702609414066	0.0551508936132347233	0.148247135622537627
C:	0.251490285396744406	0.087984868972618214	0.173491644660214007	0.0977826381166259902	0.195068051889987008	0.0835247644618799677	0.735810623383325338	0.0602296314262329659	0.203238920679780965	0.133653152185651253	0.0416571044486598657	0.111060348699499121	0.0638114586057395434	0.179079150673629188	0.610571572370851622	0.0942308999351206316	0.482613969036545269	0.131558424811144672	0.0675335492292824044	0.24157903212841502	0.191963747851938779	0.215367255156819487
G:	0.129878780485214113	0.33356726370156302	0.219428588951360985	0.409212128442383363	0.363237773721975676	0.190538552400986848	0.0299748611449110696	0.0671923428215335134	0.0400277997637484017	0.49681187952087253	0.750476534072031527	0.0321799892536803644	0.0529798457341382272	0.190574104807857602	0.0908581558627098049	0.0552141615545337949	0.308713769779181633	0.141462126224519546	0.152732799542718345	0.0759992479440705242	0.598911722431801433	0.125366829825242839
T:	0.198189569585813843	0.308663038490956381	0.463562004719332247	0.237218232335109706	0.143590554009773633	0.387006543544622808	0.0964245028304944392	0.102750779949050544	0.704174982101038977	0.127207235542126133	0.103831145387331601	0.762734252145880035	0.171186925758729813	0.146900583415213719	0.232259032922662349	0.164988325612048696	0.130677786368472346	0.525318459818280171	0.145098308325867213	0.529524693833373796	0.153973636103025064	0.511018779395400047



3	A.ATCGT.GC	0.389225271725643953


A:	0.179327865454556755	0.174673915260501683	0.581806982864027298	0.496934979890527185	0.54616268927638507	0.271510194356105596	0.713433604537122877	0.162818223734903878	0.813480368246830805	0.111650622196771564	0.0835758250537752682	0.126228748393843698	0.0467629833803843442	0.141012112586936017	0.152260589724139527	0.0937343134775383412	0.204327968651374911	0.418556075742469675	0.410524639312070419	0.104287505453369684	0.5197571209447804	0.0549801207517908286
C:	0.20683484381648347	0.253952514169810292	0.0870759689830666089	0.183357643043830222	0.0828322771256738953	0.363822561220692361	0.0984100540142546509	0.548458963265166164	0.0225588517109219289	0.133103329060649023	0.632379341150900201	0.0267633283505140198	0.0631476261435990097	0.262071916271689171	0.0579964255256731129	0.719594179899186429	0.43518484195473534	0.0678406435116424527	0.211142921187618537	0.105222051734240431	0.146689331485233106	0.190100856431498652
G:	0.300177330143141273	0.415975623880249277	0.17419886516935732	0.221548578246462753	0.223971820105376108	0.148630869434817919	0.131630114675431919	0.152815245810892183	0.116386506410854445	0.0507271341738774466	0.11501496573499302	0.816808142664958726	0.0518596697371909701	0.159778650673328825	0.719298366501022503	0.12616266695270807	0.165660798284194069	0.14772569845824867	0.166833690484317995	0.0302208690863429174	0.139874893162418396	0.401798967477104041
T:	0.313659960585818503	0.155397946689438748	0.156918182983548773	0.0981587988191798402	0.147033213492564926	0.216036374988384124	0.0565262267731905532	0.135907567189037775	0.047574273631392821	0.704518914568701966	0.169029868060331511	0.030199780590683556	0.838229720738825676	0.437137320468045987	0.0704446182491648565	0.0605088396705671589	0.194826391109695681	0.365877582287639202	0.211498749015993049	0.760269573726046968	0.193678654407568097	0.353120055339606479



4	A.ATAAT.AC	0.388129032258064516


A:	0.160659881169292694	0.171585933164131773	0.0440849809269978336	0.247843390159832608	0.489280723190042696	0.15229345472275266	0.694341449577822078	0.129446610140179695	0.577498417009838069	0.120201997729757038	0.686728063437332974	0.682716684777596083	0.181223398030526338	0.268427049971905255	0.569504367508268477	0.0725880353442114342	0.419831837457734907	0.408499694270781172	0.371347507641613521	0.369573344899221752	0.255098377201810791	0.612790587863879306
C:	0.394347036414072851	0.35045043911134919	0.146937299356245934	0.471601666330034351	0.0989677617056742421	0.147489451746900417	0.0655411398558939208	0.302277594234647034	0.173280730437244393	0.0236465230834805619	0.203820753631672833	0.0581960390911966066	0.0594340773889640806	0.37169867485427892	0.217324357267459065	0.755375413043312435	0.174458936735346995	0.0827151376500302818	0.165493120845781327	0.0485333287194073947	0.0362714434267177111	0.133294455873070502
G:	0.107663639696791973	0.0950805519389216135	0.631537297584586735	0.0740942666790173113	0.17254720015387711	0.179422567836443912	0.0898425510816758379	0.131428932740306355	0.0962789786307370343	0.0719919232610872969	0.0386873065233606458	0.178032257647813998	0.0708100725557614815	0.0624443206510742798	0.0985121711020559179	0.0788823879162932796	0.186818935840218706	0.181859784572934279	0.320543224526416872	0.25522264187460382	0.582791373350447919	0.0861071785131654595
T:	0.337329442719842482	0.382883075785597423	0.177440422132169497	0.20646067683111573	0.239204314950405952	0.520794525693903011	0.150274859484608164	0.436846862884866917	0.152941873922180504	0.784159555925675103	0.0707638764076335465	0.0810550184833933125	0.688532452024748099	0.297429954522741545	0.11465910412221654	0.0931541636961828512	0.218890289966699392	0.326925383506254267	0.142616146986188279	0.326670684506767032	0.125838806021023579	0.167807777749884732



5	C.TAACT.TA	0.385390507386636227


A:	0.128915138841339537	0.156302649100015851	0.214765849337801985	0.142860779830475863	0.317223791661554741	0.435107013346229815	0.0617424444280528954	0.0865393124482111323	0.0975576971931993576	0.830208192733970825	0.762461528405027132	0.0880587282496296415	0.0856607571148049423	0.234288343430515017	0.0379260957411935131	0.825907127672598817	0.526823345911494338	0.414492492597003173	0.316058256734961142	0.266091666175318056	0.134721817791708083	0.342282092895197438
C:	0.272037167977391191	0.357077368334096224	0.118169435631230943	0.219952725825534356	0.261570484594919389	0.223002508306345254	0.77861097653262642	0.103409499937658812	0.0448249284435822728	0.0686311527398157854	0.0671461015155074436	0.813555975324568734	0.0599517015634820503	0.262790192768128056	0.128422316900863393	0.0490681382717091973	0.224973070577805149	0.223932147349423979	0.109965456386676802	0.206803359105840885	0.251619563956145563	0.246932446235565785
G:	0.123305425751688044	0.141336770650395824	0.5774590238359331	0.18737755511070247	0.300647894075872261	0.165517878235257799	0.0274289684394781119	0.511552532915660369	0.0763974292124489618	0.0343970575823190624	0.0408562094080518439	0.0740664881706367279	0.0253695089494264025	0.295473632129991648	0.0377290240698928937	0.0999610872850784771	0.0907539011941904419	0.1013041827475586	0.325305509488365143	0.0763962895062592967	0.245375787824203457	0.304472489646471844
T:	0.475742267429581229	0.3452832119154921	0.0896056911950339722	0.449808939233287311	0.120557829667653609	0.176372600112167132	0.132217610599842572	0.298498654698469687	0.781219945150769408	0.0667635969438943274	0.12953616067141358	0.0243188082551648965	0.829018032372286605	0.207447831671365279	0.7959225632880502	0.0250636467706135091	0.157449682316510071	0.260271177306014248	0.248670777389996913	0.450708685212581762	0.368282830427942897	0.106312971222764933



