1	GGGACCAC	0.499697819359900048


A:	0.153868605239483213	0.265331909541729607	0.352603440721238504	0.590990261499405204	0.211246093045312917	0.129918437283205619	0.0520039889366644443	0.0110722057076340062	0.00155014099017455492	0.00146380426353015281	0.947763739774581406	0.00154754896720603009	0.0048247460149200391	0.986819081563571281	0.00255477541451718941	0.294719971958110679	0.375173907094008574	0.469222954682172437	0.10479663609326638	0.376512844573396812	0.289015038037431892	0.359717220217700297
C:	0.482075012011999551	0.207791624832626785	0.160930802071166501	0.0338979291298363354	0.145570871112734668	0.173138886006121115	0.0827674497634672712	0.000685629269686545022	0.00188986945792760108	0.0115648059252853972	0.0472488548126347237	0.993525919597475851	0.991785262414699963	0.000861980376327054774	0.980602526731877144	0.32868356457064025	0.149511944049075626	0.253442864761878595	0.142049603592282747	0.120487864676670061	0.114635875748961539	0.306925248181429809
G:	0.0628323513755670948	0.0924752042778503397	0.320146911448053883	0.12835973427453667	0.224353005041343999	0.251289635058481998	0.563888071000034856	0.968062917324084898	0.992616889953075445	0.985159472605281054	0.000631908086555433426	0.00248941525139908811	0.00213276072138378408	0.00956757574890674807	0.00590340703016540681	0.144610237999492242	0.142567278760441606	0.16149167894409252	0.413583730422200537	0.15839692224333538	0.110759375954221422	0.201994624340965342
T:	0.301224031372950142	0.434401261347793268	0.166318845759541112	0.246752075096221791	0.418830030800608416	0.445653041652191268	0.301340490299833428	0.0201792476985945505	0.00394309959882239908	0.00181191720590339596	0.00435549732622843681	0.0024371161839190304	0.00125723084899621426	0.0027513623111949161	0.0109392908234402596	0.231986225471756829	0.332746870096474195	0.115842501611856448	0.339570029892250336	0.344602368506597748	0.485589710259385147	0.131362907259904552



2	GGGGACCA	0.498811493628371036


A:	0.558567300683247644	0.393775993532923767	0.386310484556244835	0.591958410926212972	0.256629803937733975	0.462433680390616666	0.0853438028740980755	0.00517093341675663662	0.00644831698031638373	0.00287054856045686664	0.00218142787638984811	0.968304005577237242	0.0125322944198795319	0.00224518578834831297	0.964495860137513742	0.00255477541451718941	0.190195659488585972	0.184653534237076502	0.279151229096686377	0.27757328023590154	0.152503505998277878	0.256732543750143688
C:	0.14316695370660823	0.37099399749903848	0.0765573042463837426	0.240039004054249805	0.0397026635385475029	0.062463452440195994	0.18113188533350811	0.0452851775165064822	0.00285989780515564664	0.00241531634442472572	0.00837182047409429756	0.0243694498169605151	0.984798534344113831	0.990379979746541978	0.00209541507900098039	0.980602526731877144	0.311920811141042696	0.302327099418928728	0.141507940717853658	0.115736549355225203	0.188862804824307303	0.109595636657825811
G:	0.0951509695345631071	0.117849479113682009	0.207018289916323685	0.0663085750181440004	0.151827381815124201	0.280964602203464891	0.256470001426842074	0.876523457429035095	0.977368727975986859	0.990304227555048175	0.987291165976390496	0.0012344294489667713	0.00112195197752719989	0.00348520934100744083	0.0308753799603600181	0.00590340703016540681	0.0893461002999697419	0.0792506690617407183	0.35310668332506153	0.384978880862197233	0.301374607082857497	0.344184535272381501
T:	0.203114776075581019	0.117380529854355744	0.330113921281047737	0.101694010001393222	0.551840150708594321	0.194138264965722449	0.477054310365551741	0.0730204316377017858	0.0133230572385411102	0.00440990754007023311	0.00215558567312535806	0.00609211515683547151	0.00154721925847943673	0.00388962512410226786	0.00253334482312525971	0.0109392908234402596	0.40853742907040159	0.433768697282254051	0.226234146860398435	0.221711289546676024	0.357259082094557322	0.289487284319649



3	C..GTGGTCC	0.49824830015969444


A:	0.291466763427826597	0.104223823060601144	0.126792336256191636	0.286585917890924528	0.521328999279458032	0.149899031007201936	0.0754060468694853486	0.363732978269378305	0.285618573494692155	0.0258570407455493341	0.00522363599997493101	0.0072063582046994808	0.00295868729394032039	0.00838879360596607159	0.00401395856263742417	0.00313435521075980974	0.0201792476985945505	0.244891015251939953	0.217830971042317039	0.208305288413145418	0.419091192912514052	0.163750038889767734	0.236469437837113352
C:	0.2868570973313143	0.202491823833338766	0.502045519439693796	0.243397785911440356	0.0983652570096099405	0.395507582590432892	0.609399211825453181	0.183614797762300276	0.0408330830881690285	0.0032198414631644481	0.00870891171272223153	0.00264187597333069486	0.00275937664959060718	0.00212045400360292133	0.982386899228292083	0.989374048648583533	0.968062917324084898	0.51664425169542379	0.385430176980069737	0.323262672490381676	0.194089011548480283	0.228765638103397907	0.271980333795323426
G:	0.227853789980694645	0.454658833083564737	0.272667482167353959	0.178080991992140069	0.169529275492395057	0.15664489034166898	0.0528677476377525925	0.0755946415355702181	0.195295222800605795	0.966931341020972407	0.00119391647973775461	0.986392962425853215	0.990444738947441638	0.0211926389254774236	0.010021697874489908	0.00316332726876523867	0.000685629269686545023	0.169362244922861448	0.249769794960973876	0.170831573449230874	0.0894142515038141061	0.037949020145341264	0.309495419026306601
T:	0.193822349260164458	0.238625520022495353	0.0984946621367606085	0.291935304205495047	0.21077646821853697	0.297948496060696191	0.262326993667308878	0.377057582432751201	0.478253120616533021	0.0039917767703138107	0.984873535807565083	0.00375880339611660935	0.00383719710902743449	0.968298113464953583	0.00357744433458058506	0.00432826887189141863	0.0110722057076340062	0.0691024881297748091	0.146969057016639347	0.297600465647242031	0.297405544035191559	0.569535302861493096	0.182054809341256621



4	GGGG.CCAC	0.497518150837161061


A:	0.261114908391207084	0.153868605239483213	0.265331909541729607	0.352603440721238504	0.590990261499405204	0.211246093045312917	0.129918437283205619	0.0520039889366644443	0.0220710694628486805	0.00377016357650269903	0.00363949966629873149	0.947763739774581406	0.0292371370016604251	0.0191071801132280534	0.950318540528746615	0.0264652847980061277	0.294719971958110679	0.375173907094008574	0.469222954682172437	0.10479663609326638	0.376512844573396812	0.289015038037431892	0.359717220217700297
C:	0.538536607611627794	0.482075012011999551	0.207791624832626785	0.160930802071166501	0.0338979291298363354	0.145570871112734668	0.173138886006121115	0.0827674497634672712	0.0130526405267991844	0.0137264461319111637	0.0291722792470058796	0.0472488548126347237	0.964619185477807461	0.971364359150481229	0.0304507763121485286	0.88331188083296937	0.32868356457064025	0.149511944049075626	0.253442864761878595	0.142049603592282747	0.120487864676670061	0.114635875748961539	0.306925248181429809
G:	0.0137304280874157444	0.0628323513755670948	0.0924752042778503397	0.320146911448053883	0.12835973427453667	0.224353005041343999	0.251289635058481998	0.563888071000034856	0.731367870549259925	0.957873393227901734	0.950585522046094401	0.000631908086555433426	0.00408010824365756828	0.00397645037145006379	0.0128563948555291495	0.0311163803819294675	0.144610237999492242	0.142567278760441606	0.16149167894409252	0.413583730422200537	0.15839692224333538	0.110759375954221422	0.201994624340965342
T:	0.186618055909749378	0.301224031372950142	0.434401261347793268	0.166318845759541112	0.246752075096221791	0.418830030800608416	0.445653041652191268	0.301340490299833428	0.23350841946109221	0.0246299970636844028	0.0166026990406009882	0.00435549732622843681	0.00206356927687454518	0.00555201036484065381	0.00637428830357570642	0.0591064539870950351	0.231986225471756829	0.332746870096474195	0.115842501611856448	0.339570029892250336	0.344602368506597748	0.485589710259385147	0.131362907259904552



5	GGACCACA	0.497308110243998815


A:	0.182054809341256621	0.569535302861493096	0.297405544035191559	0.297600465647242031	0.146969057016639347	0.0691024881297748091	0.0110722057076340062	0.00662777384583262824	0.00282687679286826483	0.945810278185615401	0.00388378336705528968	0.00971561965502339769	0.981226644494272107	0.00260990711936187955	0.478253120616533021	0.377057582432751201	0.262326993667308878	0.297948496060696191	0.21077646821853697	0.291935304205495047	0.0984946621367606085	0.238625520022495353
C:	0.309495419026306601	0.037949020145341264	0.0894142515038141061	0.170831573449230874	0.249769794960973876	0.169362244922861448	0.000685629269686545022	0.00136102994621154287	0.016084550231961332	0.042527947596973352	0.990084153892341114	0.984582195952835118	0.00865458471344151391	0.957399648261688088	0.195295222800605795	0.0755946415355702181	0.0528677476377525925	0.15664489034166898	0.169529275492395057	0.178080991992140069	0.272667482167353959	0.454658833083564737
G:	0.271980333795323426	0.228765638103397907	0.194089011548480283	0.323262672490381676	0.385430176980069737	0.51664425169542379	0.968062917324084898	0.985887453041736519	0.977135338870737027	0.00171390145470223206	0.00277219235068553483	0.00123157802410147172	0.00758636068307763303	0.00477364962173361068	0.0408330830881690285	0.183614797762300276	0.609399211825453181	0.395507582590432892	0.0983652570096099405	0.243397785911440356	0.502045519439693796	0.202491823833338766
T:	0.236469437837113352	0.163750038889767734	0.419091192912514052	0.208305288413145418	0.217830971042317039	0.244891015251939953	0.0201792476985945505	0.00612374316621930998	0.00395323410443337666	0.00994787276270901529	0.00325987038991806125	0.00447060636804001213	0.0025324101092087458	0.0352167949972164221	0.285618573494692155	0.363732978269378305	0.0754060468694853486	0.149899031007201936	0.521328999279458032	0.286585917890924528	0.126792336256191636	0.104223823060601144



