1	A.TT.GCAAC	0.391289890317137327


A:	0.27195583265869203	0.245110403663888636	0.358447293019426047	0.232809910776014929	0.331150238578511736	0.111745286981579706	0.575642809069546721	0.215407144807505058	0.142297252462110027	0.112793536969152975	0.13766467435856518	0.0404081691662958126	0.060630167705635525	0.725591536602384389	0.662621261285609907	0.0518675091522344286	0.20057882925627233	0.303047483904897516	0.109775580108856642	0.629979624513058601	0.140685166502743949	0.362892238001247239
C:	0.188487351055811223	0.196349273709891178	0.0620716804991721106	0.129388763835016846	0.222369876868949113	0.59050428228781166	0.14794260958212209	0.335254641768795956	0.287050573826814203	0.0437209925332798015	0.363581640320766466	0.11791086778028642	0.638760495121905967	0.0774400065957826102	0.152419767446945857	0.759032580303912659	0.486539796738556809	0.26336322776014725	0.130549064922270492	0.0533800885482162313	0.158845743449427593	0.150621879037708005
G:	0.401340014573959755	0.149682407061003772	0.242381115146035565	0.32045988084493774	0.260616214911897271	0.213291213121682771	0.082756865892908934	0.245756700693431097	0.0592345352835895378	0.14287093095189259	0.435251021261711779	0.68043871573390318	0.0599631413952581245	0.0675424582776238259	0.047123677489001235	0.117121684414367934	0.210148948628959679	0.118721031742473992	0.138090565900079991	0.14033384589898339	0.187678033138772628	0.136012689585905107
T:	0.138216801711536991	0.408857915565216414	0.337099911335366277	0.317341444544030485	0.185863669640641879	0.0844592176089258629	0.193657715455422256	0.203581512730267889	0.511417638427486232	0.700614539545674633	0.0635026640589565748	0.161242247319514587	0.240646195777200384	0.129425998524209175	0.137835293778443001	0.0719782261294849793	0.102732425376211182	0.314868256592481242	0.621584789068792876	0.176306441039741778	0.51279105690905583	0.350473193375139649



2	AATATTTA	0.390258958705578717


A:	0.192691622528728093	0.135605416411405093	0.266725028456641203	0.202606585246266251	0.141911215161947566	0.34459232576543427	0.442136183000891208	0.587169218205964608	0.544510421453286597	0.0635745052086581275	0.684395146265773411	0.24212804644452573	0.158618267303998209	0.0671176559927278369	0.777009533870112839	0.239958497220271943	0.105750079194247255	0.728021601542170396	0.123222186116769411	0.117501018831323632	0.286550163102443847	0.322903308266439837
C:	0.332622815648188368	0.232964191022606982	0.289046071552483027	0.34490073616613033	0.328979043835342824	0.218883171068615969	0.311798858010661271	0.198036121222641365	0.125304251097319299	0.105532390380163139	0.103648516571985611	0.106529518860485691	0.0964700658110824996	0.0817142688714278972	0.077186321614871562	0.273258448426148197	0.425204544495394	0.0904157348544831453	0.101310601966791103	0.475861697841750966	0.173294562350763644	0.179677518082660695
G:	0.224367916215243159	0.334028630793532934	0.311750189950040334	0.321609801288844543	0.387200060415718018	0.326075261076472221	0.0554465489274008583	0.0511368776998507474	0.270613138924371039	0.114708637194518824	0.133501605463640592	0.0745018290931975899	0.151292081771920599	0.200862552935823567	0.0661655371702242406	0.190231698600314698	0.268729128315881911	0.0755567550562422642	0.180678964153172443	0.32012490744132841	0.179506454211127075	0.163976427281971234
T:	0.25031764560784038	0.29740176177245499	0.132478710040835437	0.130882877298758875	0.141909680586991593	0.11044924208947754	0.190618410061046663	0.163657782871543279	0.0595721885250230653	0.716184467216659909	0.0784547316986003857	0.576840605601790989	0.593619585112998693	0.650305522200020699	0.079638607344791358	0.296551355753265162	0.200316247994476834	0.106005908547104195	0.594788247763267043	0.0865123758855969925	0.360648820335665433	0.333442746368928235



3	T.CGT.GCTA	0.387977897993283372


A:	0.0779530668905116629	0.0384023316956854207	0.228286723919300079	0.445385654915561895	0.219774231324975141	0.276874972469957898	0.0920616047029790054	0.344175626709098141	0.209881178313461511	0.0991114671812029943	0.0204024737428769417	0.100779846187496725	0.107486068282741511	0.1359019488281518	0.102089526450714143	0.689051672811874853	0.0928037137040075397	0.352891531486552105	0.269958630121764867	0.226751992708866216	0.166172293649386161	0.421248087162766811
C:	0.625453390207336447	0.0992456823945450285	0.174175592820790097	0.0723995209066093149	0.30416312043139506	0.292548845320326113	0.275173357994070783	0.120650689073740306	0.691067490067349503	0.0701852451460603871	0.215970712032135398	0.164648364806778148	0.182380827138942668	0.598390169638912405	0.0602237377403872666	0.0707812553938655176	0.11358988249886392	0.0635185648093000399	0.148524214708576333	0.458635236679088921	0.0782772459733457965	0.285445931479927263
G:	0.101788270167068495	0.432155103119919776	0.211467457363471182	0.0678050968958690716	0.293896687240020784	0.13070092016545576	0.0673237594084518169	0.32971759171661408	0.0604977933579341562	0.731199052510916788	0.114634436676728556	0.45853857068141491	0.639413863734554812	0.114522780495079384	0.103360305411570551	0.15445053813404382	0.611370488322189633	0.158750806232447509	0.388764255796194644	0.199483074998716082	0.633430491602682748	0.170852455195298366
T:	0.194805272735083395	0.430196882789849775	0.386070225896438641	0.414409727281959718	0.182165961003609014	0.299875262044260229	0.565441277894498395	0.205456092500547473	0.0385535382612548303	0.099504235161819831	0.648992377548259105	0.276033218324310217	0.0707192408437610098	0.15118510103785641	0.73432643039732804	0.0857165336602158097	0.182235915474938907	0.424839097471700346	0.192752899373464156	0.115129695613328781	0.122119968774585294	0.12245352616200756



4	GATGA.TT.A	0.387104405512266945


A:	0.154589029493339137	0.299942430043025946	0.0838206830940533893	0.326253955038245043	0.38265691925034883	0.221451820440429124	0.173646239727897216	0.610069125635213765	0.0854809567558273744	0.0987779636885429595	0.56209070539832788	0.146203839632849679	0.11532252317838671	0.19776918223799532	0.232119295760752459	0.556970717680744022	0.193076886213816283	0.167155567223571909	0.127509949700076047	0.148787974606994613	0.305477139586770461	0.385001656308175471	0.651427480086162558
C:	0.319319929345703475	0.154892916226306086	0.123281673431353159	0.0539098005947319856	0.119011450510706395	0.13411914287527567	0.193575368897874181	0.108704640514779405	0.139464001214214185	0.143466303161179743	0.114514234341610747	0.0958323766397956308	0.264133000424515234	0.0789264278750005937	0.416813309452290115	0.108681329801126791	0.171959685648459733	0.380420316686486555	0.371922261012634012	0.169448769785628337	0.17044086757774728	0.242194288121672621	0.0791845694814815125
G:	0.411764175957802676	0.0896175279514063168	0.269405648570774631	0.23217425833442916	0.28089794013493298	0.159902904082318584	0.447306361474261919	0.0994496618594371961	0.174742102122655121	0.512087975278555938	0.161697530130030687	0.405348012794965115	0.134212518011550773	0.158234394382475278	0.121744145661312495	0.114814796649101387	0.42038031779766844	0.35945728185650492	0.277845595204360746	0.486356136957309705	0.37490671039794555	0.129463117093140771	0.228272171225655246
T:	0.114326865203154712	0.455547125779261651	0.523491994903818821	0.387661986032593811	0.217433690104011795	0.484526132601976622	0.185472029899966683	0.181776571990569634	0.60031293990730332	0.24566775787172136	0.161697530130030687	0.352615770932389575	0.486331958385547283	0.565069995504528808	0.229323249125644931	0.219533155869027799	0.214583110340055545	0.0929668342334366152	0.222722194082929194	0.195407118650067344	0.149175282437536709	0.243340938477011138	0.0411157792067006836



5	CGAGTAA.A	0.387005145003060532


A:	0.488025077328133202	0.367251433706314288	0.179101736386187317	0.177375502176268354	0.362246442126511666	0.664422406196030941	0.167326574715959018	0.0721253648910932252	0.0999032341324205757	0.568388033430752601	0.16927975365498569	0.132353242112517073	0.63397894057787264	0.733720349166037477	0.365784478813979705	0.635187925082810156	0.235675082639795598	0.0993250171656359706	0.54110292250413464	0.357127614983766399	0.171432485482630917	0.500419095249725283	0.0872419108633633677
C:	0.126210416568101059	0.314520982361608787	0.124630607882162981	0.222512593370281152	0.165685262009228295	0.12900369933700616	0.23161719299109314	0.635135196027980707	0.139639021046111037	0.0685374771597508399	0.0420089532720905343	0.0238953574537407859	0.186553104428124573	0.0397105902356445125	0.297129108444156691	0.114439431422099531	0.299556604626208563	0.612657143850820704	0.110316912227940395	0.160134916871076453	0.111764936559297463	0.175929742399792685	0.216317356277866092
G:	0.109646200193387452	0.244624180175854531	0.412627594518804672	0.196210880941295879	0.0985000300723793486	0.0806593645029032875	0.108673460433902007	0.162543199748938066	0.6544528439074758	0.0711026129596871026	0.741146103840694899	0.190961189186208125	0.0995854975531358031	0.124063258692930127	0.267173105691046381	0.111024236857386434	0.350489597904079961	0.101093092953699664	0.0643950432490462713	0.232934964290951652	0.214506729595241284	0.108646032110603892	0.1210212915729975
T:	0.276118305910378287	0.0736034037562223934	0.283640061212845029	0.403901023512154615	0.373568265791880691	0.125914529964059612	0.492382771859045834	0.130196239331988002	0.106004900913992588	0.291971876449809457	0.0475651892322288769	0.652790211247534016	0.0798824574408669832	0.102505801905387883	0.0699133070508172227	0.139348406637703879	0.114278714829915878	0.186924746029843662	0.284185122018878694	0.249802503854205496	0.502295848362830336	0.21500513023987814	0.575419441285773041



