1	GGGACCAC	0.499773364519925036


A:	0.158256160619883868	0.195365944538370623	0.335090363113498577	0.518829664223686428	0.144244808347766029	0.100197855503265594	0.0268746192146132733	0.00953088224768679388	0.00139744754225963792	0.000750022580129933363	0.938778384760428293	0.0021869264492797527	0.00342083258757203591	0.980494426426069197	0.00391462393670425586	0.310359678103812922	0.236802279970516865	0.259858724651396316	0.10663984676361344	0.271984039036445915	0.380256213825419393	0.323345811002099151
C:	0.451482329820739865	0.346129189249154673	0.19513078038562268	0.0996373135358813637	0.247407388083544887	0.295081574226369315	0.0910521564897180388	0.000681091565562445089	0.00116885262531999659	0.00434170232349273365	0.055139954115820432	0.993741949689302789	0.992766992809530939	0.00140336981331202661	0.975950738712793414	0.405186312782325587	0.212896433186553144	0.343605017847126569	0.134940008411215203	0.165527433095635131	0.0826523547008721788	0.317471068680313439
G:	0.120948127947931391	0.0959836208839863514	0.316114919261416464	0.157068382760119637	0.15307877890195163	0.292784965673950626	0.577262797200848384	0.964548726939881919	0.992124531646570544	0.991469450344980351	0.000567665712169231569	0.00242516072041946121	0.00264277001823377464	0.0167370834431363833	0.00682244506461542376	0.110453906947259771	0.147322424765238398	0.272612371477768101	0.37210427280560955	0.197105351348804311	0.124323727287098067	0.203128199960612918
T:	0.269313381611444876	0.362521245328488353	0.153663937239462279	0.224464639480312571	0.455269024666737454	0.311935604596414466	0.304810427094820304	0.0252392992468688425	0.005309168185849821	0.00343882475139698167	0.0055139954115820432	0.00164596314099799668	0.00116940458466325063	0.00136512031748239325	0.0133121922858869064	0.17400010216660172	0.402978862077691593	0.123923886023709014	0.386315872019561808	0.365383176519114644	0.412767704186610361	0.156054920356974493



2	GGGGACCA	0.499234416674898745


A:	0.519902239541478007	0.398410273378597024	0.367521029710767762	0.622719774600716549	0.286695260545294291	0.436090219918070163	0.0645770032597168781	0.00377211685344417604	0.00571570566289984463	0.00184601198159932769	0.00133936299104710922	0.973124430315811958	0.0112137689740768113	0.00286085835588533149	0.906420670680791639	0.00391462393670425586	0.174798935197643183	0.156921581980208001	0.224590114047125619	0.253534467168325748	0.0998126070612719218	0.180196110199032247
C:	0.144651824890288946	0.330785310255450137	0.08102649347135474	0.231768195961852875	0.0558947471438811546	0.0692906274206735089	0.207294750430229479	0.0519510763877830076	0.00103767724508811166	0.00182508785402362771	0.00423982809668430126	0.0204106845569686027	0.986377150776982738	0.990818514179663772	0.00265458397045326192	0.975950738712793414	0.310841347358696817	0.387222179891550303	0.112829331992998884	0.13120013569319368	0.220868972408724137	0.125211854331277316
G:	0.100674507759951455	0.151896130762982123	0.185512670954601491	0.0731000167851485985	0.213859805197199256	0.281006348704192122	0.249641895087364459	0.885738658603833786	0.977054166504207124	0.992007312979431308	0.991960214966457464	0.00141446634347071596	0.000732093278189839828	0.00303210693318618458	0.0880941665106640094	0.00682244506461542376	0.140018240560709196	0.106263800681597815	0.467985850845680694	0.317209536459282391	0.391488811287581418	0.325227488854244555
T:	0.234771427808281592	0.118908285602970716	0.365939805863276007	0.0724120126522819779	0.443550187113625298	0.213612803957064206	0.478486351222689184	0.0585381481549390302	0.01619245058780492	0.00432158718494573691	0.00246059394581112517	0.00505041878374872314	0.00167698697075061054	0.00328852053126471222	0.00283057883809108941	0.0133121922858869064	0.374341476882950803	0.349592437446643882	0.194594703114194803	0.298055860679198181	0.287829609242422523	0.369364546615445881



3	GGGG.CCAC	0.498722032893762039


A:	0.19306878653544037	0.158256160619883868	0.195365944538370623	0.335090363113498577	0.518829664223686428	0.144244808347766029	0.100197855503265594	0.0268746192146132733	0.0102640508281649772	0.00101142435353299797	0.00138332394265599504	0.938778384760428293	0.00904645034276491281	0.00662201713614836527	0.941950413114021185	0.0151540795728408327	0.310359678103812922	0.236802279970516865	0.259858724651396316	0.10663984676361344	0.271984039036445915	0.380256213825419393	0.323345811002099151
C:	0.693471217034973245	0.451482329820739865	0.346129189249154673	0.19513078038562268	0.0996373135358813637	0.247407388083544887	0.295081574226369315	0.0910521564897180388	0.00420551120105746402	0.00205222546965901123	0.0108054955111585559	0.055139954115820432	0.987725118643420151	0.988460621384382328	0.0406372091586049654	0.910280829720618671	0.405186312782325587	0.212896433186553144	0.343605017847126569	0.134940008411215203	0.165527433095635131	0.0826523547008721788	0.317471068680313439
G:	0.0153456160581684934	0.120948127947931391	0.0959836208839863514	0.316114919261416464	0.157068382760119637	0.15307877890195163	0.292784965673950626	0.577262797200848384	0.809457020364540432	0.984497588224390235	0.981698258551295535	0.000567665712169231569	0.00206865815668793663	0.00287658292493657087	0.0144013445495144619	0.0286135162160177483	0.110453906947259771	0.147322424765238398	0.272612371477768101	0.37210427280560955	0.197105351348804311	0.124323727287098067	0.203128199960612918
T:	0.0981143803714178912	0.269313381611444876	0.362521245328488353	0.153663937239462279	0.224464639480312571	0.455269024666737454	0.311935604596414466	0.304810427094820304	0.176073417606237127	0.0124387619524177559	0.00611292199488991375	0.0055139954115820432	0.00115977285712699944	0.00204077855453273569	0.00301103317785938803	0.0459515744905227482	0.17400010216660172	0.402978862077691593	0.123923886023709014	0.386315872019561808	0.365383176519114644	0.412767704186610361	0.156054920356974493



4	C..GTGGTCC	0.49861049373569747


A:	0.292724378506861924	0.123852013098125253	0.084792459963950348	0.193704514639014529	0.348287160800831338	0.155329241687886053	0.0756986791677810332	0.350962547355469793	0.189780389606903717	0.0210470542871314896	0.00277537272324049815	0.0087221239450657975	0.00202578318582803119	0.00679916247056719157	0.00490022694739543621	0.00376134286779126999	0.0252392992468688425	0.194372859837779124	0.216003242371461382	0.221286090019807072	0.413610864864485762	0.170407662972417275	0.244207839035010958
C:	0.287451466869127105	0.352216290458831653	0.730333516849384155	0.367866254784030584	0.107904772576501691	0.376284774446632613	0.659454627493868293	0.188116738401023193	0.0399659186622079028	0.00419391504730074336	0.00896423286535837676	0.00213806353598921469	0.00250131668256491126	0.00267086740531918892	0.987841003116996851	0.990795465000158381	0.964548726939881919	0.477815929855277372	0.256078615886153913	0.436893081877798755	0.243483686774755933	0.270770978629890405	0.232437500722575465
G:	0.250892933487032601	0.355417059580179062	0.127603497456094098	0.165688422299322335	0.190990290932307967	0.176756380049607942	0.0818755187399374589	0.0927119623740001214	0.33680243746385168	0.971103983582222156	0.00324568264862180378	0.987015664714150115	0.991285370589121098	0.0327338737348785996	0.00551482814982255448	0.00287440125236317509	0.000681091565562445089	0.275218289414627661	0.412685956762092494	0.124016607993006222	0.142850938648818201	0.0681384421178781621	0.383741776235656828
T:	0.168931221136978371	0.168514636862864032	0.0572705257305713991	0.272740808277632552	0.352817775690359005	0.291629603815873392	0.182971174598413215	0.368208751869506893	0.433451254267036701	0.00365504708334561083	0.985014711762779321	0.00212414780479487328	0.00418752954248595939	0.95779609638923502	0.00174394178578515801	0.00256879087968717365	0.00953088224768679388	0.0525929208923158427	0.115232184980292212	0.217804220109387951	0.200054509711940104	0.490682916279814158	0.13961288400675675



5	G..TGGTCCC	0.498304275530531272


A:	0.173026487334988761	0.186601113605957605	0.369364546615445881	0.287829609242422523	0.298055860679198181	0.194594703114194803	0.349592437446643882	0.374341476882950803	0.0133121922858869064	0.00153337089838990921	0.00165499869086431006	0.00337782993723806556	0.00652192003927396959	0.0031514782420888825	0.00621963091587531502	0.0167354556380070093	0.0585381481549390302	0.478486351222689184	0.213612803957064206	0.443550187113625298	0.072412012652281978	0.365939805863276007	0.118908285602970716
C:	0.406421212839815452	0.495140275252948384	0.325227488854244555	0.391488811287581418	0.317209536459282391	0.467985850845680694	0.106263800681597815	0.140018240560709196	0.00682244506461542376	0.0559180449026338911	0.0017609152545857807	0.00108446796570798798	0.00265236384012541084	0.983205266840920551	0.990352489051061028	0.96973158914218689	0.885738658603833786	0.249641895087364459	0.281006348704192122	0.213859805197199256	0.0731000167851485985	0.185512670954601491	0.151896130762982123
G:	0.309599052148746177	0.232613170440511506	0.125211854331277316	0.220868972408724137	0.13120013569319368	0.112829331992998884	0.387222179891550303	0.310841347358696817	0.975950738712793414	0.00518304459494856469	0.992055673647739664	0.991246438931072273	0.0205079555504590921	0.0122320661301592464	0.00232520608514727937	0.00288069201643316038	0.0519510763877830076	0.207294750430229479	0.0692906274206735089	0.0558947471438811546	0.231768195961852875	0.08102649347135474	0.330785310255450137
T:	0.110953247676449611	0.0856454407005825059	0.180196110199032247	0.0998126070612719218	0.253534467168325748	0.224590114047125619	0.156921581980208001	0.174798935197643183	0.00391462393670425586	0.937365539604027635	0.00452841240681024571	0.004291263165981673	0.970317760570141527	0.00141118878683131964	0.00110267394791637805	0.0106522632033729402	0.00377211685344417604	0.0645770032597168781	0.436090219918070163	0.286695260545294291	0.622719774600716549	0.367521029710767762	0.398410273378597024



