1	GGGACCAC	0.498640187119550216


A:	0.330165545874912053	0.16961725298739938	0.566946980658782535	0.292682371182467012	0.358571647441158744	0.133253398250977788	0.0806161633844043163	0.00761383439889955507	0.00170915517588742627	0.00264602460607067074	0.973258075828221405	0.00268356300161738028	0.00772582373565812888	0.98609311345951745	0.00411494795037959842	0.487369127812567176	0.347146490497570557	0.298790208563775718	0.214778787466106135	0.199734420224346099	0.289816184442913002	0.139725640754804786
C:	0.412701425862558826	0.358962267650580377	0.0334743815177507631	0.077797343512993832	0.18184068869259965	0.213109796350459944	0.128305431746177197	0.00142635576262990519	0.00259052361206593094	0.0102639021750343318	0.0219119545543291331	0.992903978403762562	0.988738752892467182	0.000867351653428612343	0.979043801964755287	0.177294795512039659	0.0994360877856068988	0.079493441328933223	0.134023778902494391	0.182604528501464156	0.181960006619292401	0.227530128455752585
G:	0.0685118728278954414	0.231340645271594749	0.249253818536928979	0.243910275415503097	0.199717030378801338	0.336631024410465441	0.392574535716702415	0.962061480937451428	0.991559796109805903	0.984563321882107815	0.00102299388501131544	0.00163462626188979461	0.00216011818352116547	0.00820149039231902114	0.0046570869472055711	0.0400989699289621233	0.210409266513684028	0.530903673392677463	0.463602836829309006	0.115351046976434174	0.240211134644990094	0.522694422324658319
T:	0.188621155434633679	0.240079834090425494	0.150324819286537723	0.385610009889036058	0.259870633487440268	0.317005780988096827	0.398503869152716072	0.0288983289010191121	0.00414052510224074	0.00252675133678718294	0.00380697573243814656	0.00277783233273026309	0.00137530518835352327	0.00483804449473491602	0.0121841631376595432	0.295237106746431042	0.343008155203138515	0.0908126767146135962	0.187594596802090468	0.502310004297755571	0.288012674292804503	0.11004980846478431



2	C..GTGGTCC	0.491307354175927298


A:	0.246584999980268441	0.146503770480360199	0.11004980846478431	0.288012674292804503	0.502310004297755571	0.187594596802090468	0.0908126767146135962	0.343008155203138515	0.295237106746431042	0.030385605897926778	0.00842837766789285816	0.0199254279469941515	0.00704487893302918697	0.0173396719746070177	0.0084487144734555993	0.00659150362492812894	0.0288983289010191121	0.398503869152716072	0.317005780988096827	0.259870633487440268	0.385610009889036058	0.150324819286537723	0.240079834090425494
C:	0.339992893740751193	0.17604567653522052	0.522694422324658319	0.240211134644990094	0.115351046976434174	0.463602836829309006	0.530903673392677463	0.210409266513684028	0.0400989699289621233	0.00570783825931605259	0.0059309626330581151	0.00680617044463242492	0.00341328710439751277	0.00522130017910819203	0.967019493050849633	0.980198222222626029	0.962061480937451428	0.392574535716702415	0.336631024410465441	0.199717030378801338	0.243910275415503097	0.249253818536928979	0.231340645271594749
G:	0.153527102800808219	0.385874418787002048	0.227530128455752585	0.181960006619292401	0.182604528501464156	0.134023778902494391	0.079493441328933223	0.0994360877856068988	0.177294795512039659	0.952815859919245795	0.00155023972351751193	0.966787524784985026	0.983278179298135431	0.0268897966620431532	0.0104763906886753203	0.00462388823254437743	0.00142635576262990519	0.128305431746177197	0.213109796350459944	0.18184068869259965	0.077797343512993832	0.0334743815177507631	0.358962267650580377
T:	0.259895003478172148	0.291576134197417234	0.139725640754804786	0.289816184442913002	0.199734420224346099	0.214778787466106135	0.298790208563775718	0.347146490497570557	0.487369127812567176	0.0110906959235113745	0.984090419975531515	0.00648087682338839701	0.00626365466443786908	0.950549231184241637	0.0140554017870194475	0.00858638591990146502	0.00761383439889955507	0.0806161633844043163	0.133253398250977788	0.358571647441158744	0.292682371182467012	0.566946980658782535	0.16961725298739938



3	GGACCACA	0.488318680233132471


A:	0.16961725298739938	0.566946980658782535	0.292682371182467012	0.358571647441158744	0.133253398250977788	0.0806161633844043163	0.00761383439889955507	0.0288150564470384971	0.0239436980203488379	0.914761455644199141	0.0121653587293879606	0.0471900832676410385	0.951190101501721646	0.00953301071942691092	0.487369127812567176	0.347146490497570557	0.298790208563775718	0.214778787466106135	0.199734420224346099	0.289816184442913002	0.139725640754804786	0.291576134197417234
C:	0.358962267650580377	0.0334743815177507631	0.077797343512993832	0.18184068869259965	0.213109796350459944	0.128305431746177197	0.00142635576262990519	0.00752854952062460223	0.0415898299719537628	0.0545493763712176074	0.966725496701860365	0.920274128892571461	0.00519960681449578836	0.879133438595514662	0.177294795512039659	0.0994360877856068988	0.079493441328933223	0.134023778902494391	0.182604528501464156	0.181960006619292401	0.227530128455752585	0.385874418787002048
G:	0.231340645271594749	0.249253818536928979	0.243910275415503097	0.199717030378801338	0.336631024410465441	0.392574535716702415	0.962061480937451428	0.948344597281903868	0.919992170101448948	0.00686213680598982927	0.00734970149876782623	0.00494150766979014084	0.0328813989354556217	0.0145579158131300209	0.0400989699289621233	0.210409266513684028	0.530903673392677463	0.463602836829309006	0.115351046976434174	0.240211134644990094	0.522694422324658319	0.17604567653522052
T:	0.240079834090425494	0.150324819286537723	0.385610009889036058	0.259870633487440268	0.317005780988096827	0.398503869152716072	0.0288983289010191121	0.0153117967504330331	0.0144743019062484516	0.0238270311785934219	0.0137594430699838487	0.0275942801699973595	0.0107288927483269435	0.0967756348719284062	0.295237106746431042	0.343008155203138515	0.0908126767146135962	0.187594596802090468	0.502310004297755571	0.288012674292804503	0.11004980846478431	0.146503770480360199



4	GGGGACCA	0.486793687642003359


A:	0.688279319740955306	0.4255203308477187	0.434757107716074842	0.642239067257328495	0.169023054127784347	0.563703961803845099	0.12601035306011729	0.0101384548791900081	0.00996482871115703312	0.00541026413344802032	0.00287689043850733076	0.9821371261766443	0.0162198842594759913	0.00399624988513398251	0.966933857221442809	0.00411494795037959842	0.254249074046383683	0.150023662850568324	0.379253574839811043	0.263749226329305931	0.136027629018092678	0.299367306968288776
C:	0.0694205651294244136	0.310777613059138774	0.0664126897104461941	0.239191919283159001	0.0786381877996897384	0.0627408999592784699	0.163563907951258072	0.0618444626989619458	0.00832718278195002452	0.00799480176547790447	0.00812546269822573137	0.00764009728368804517	0.977854544349802487	0.982256270029839514	0.00269305518061358801	0.979043801964755287	0.284930241773136612	0.238215540798995064	0.105141424128358721	0.113929507886869445	0.123963645483969607	0.0889458550579263467
G:	0.0795587772765751138	0.122456577389355212	0.246382153899699178	0.0436245893749317645	0.155047634963847391	0.183861986197303812	0.172633461365299892	0.669713615017902881	0.961835497180041182	0.980785760881657508	0.985637217186354237	0.00161860853183966511	0.00108613009987144992	0.00873269787452503079	0.0275491745973988627	0.0046570869472055711	0.0953845708167357733	0.103842061547816122	0.336021369941068862	0.450709173598968436	0.319743851835548095	0.337032418786716028
T:	0.162741337853045167	0.141245478703787314	0.252448048673779786	0.0749444240845807396	0.597291123108678523	0.189693152039572619	0.537792277623324746	0.258303467403945165	0.0198724913268517607	0.00580917321941656733	0.00336042967691270086	0.00860416800782798938	0.00483944129085007134	0.00501478221050147295	0.00282391300054474008	0.0121841631376595432	0.365436113363743932	0.50791873480262049	0.179583631090761375	0.171612092184856188	0.420264873662389619	0.274654419187068849



5	GGACCAC.A	0.481420086926458241


A:	0.16961725298739938	0.566946980658782535	0.292682371182467012	0.358571647441158744	0.133253398250977788	0.0806161633844043163	0.00761383439889955507	0.0219324010317436567	0.0320897898600226548	0.906532345887585759	0.0157094823288670936	0.0479211172801875763	0.947940737247748616	0.024987956461936271	0.487369127812567176	0.347146490497570557	0.298790208563775718	0.214778787466106135	0.199734420224346099	0.289816184442913002	0.139725640754804786	0.291576134197417234	0.259895003478172148
C:	0.358962267650580377	0.0334743815177507631	0.077797343512993832	0.18184068869259965	0.213109796350459944	0.128305431746177197	0.00142635576262990519	0.0160207435861606653	0.0196846315301947129	0.0268185897174781582	0.952168823423475842	0.907550259018716994	0.00424714390867676111	0.879059676734352785	0.177294795512039659	0.0994360877856068988	0.079493441328933223	0.134023778902494391	0.182604528501464156	0.181960006619292401	0.227530128455752585	0.385874418787002048	0.153527102800808219
G:	0.231340645271594749	0.249253818536928979	0.243910275415503097	0.199717030378801338	0.336631024410465441	0.392574535716702415	0.962061480937451428	0.933326392076315719	0.916423125341110467	0.00733293848148761281	0.00749112925675270387	0.00902124584756936959	0.0198533509085766382	0.0280468659251777909	0.0400989699289621233	0.210409266513684028	0.530903673392677463	0.463602836829309006	0.115351046976434174	0.240211134644990094	0.522694422324658319	0.17604567653522052	0.339992893740751193
T:	0.240079834090425494	0.150324819286537723	0.385610009889036058	0.259870633487440268	0.317005780988096827	0.398503869152716072	0.0288983289010191121	0.0287204633057799585	0.0318024532686721652	0.0593161259134484697	0.0246305649909043609	0.0355073778535260598	0.0279587679349979847	0.0679055008785331528	0.295237106746431042	0.343008155203138515	0.0908126767146135962	0.187594596802090468	0.502310004297755571	0.288012674292804503	0.11004980846478431	0.146503770480360199	0.246584999980268441



