1	GGGCCCAC	0.499394510893840885


A:	0.276757863132691589	0.168578737912205173	0.635357827986994307	0.0134259853769886767	0.217849280025005236	0.0535305231736207617	0.0117856083381628555	0.000909217716475809369	0.00509212355071066763	0.0112297102562260892	0.00727271964956774377	0.00468386450873026104	0.00261540127621882072	0.972374428188870361	0.00141888588297699044	0.254953507827257832	0.0258129994597793431	0.152627489844594976	0.290058381127435966	0.637565266139156969	0.222303533028937705	0.181088356031251493
C:	0.0513586111287183494	0.188282111375626666	0.201067520439786019	0.829579488647597529	0.141278273656261805	0.523051762367186148	0.111815636949826384	0.000959428705159406415	0.000995788438901260727	0.133793443636237408	0.98179877559751075	0.992090437892367882	0.989251464155130449	0.0126829561329441984	0.97762477050222416	0.599318265854972651	0.176974035493488229	0.417842502039805528	0.231568656570044443	0.169859693623202153	0.323456433495043751	0.502563773193078918
G:	0.482069960332283945	0.184660516743591092	0.0571097345225852104	0.141223460150651181	0.575651198289252673	0.316233114259396422	0.706088402990647532	0.971706492792798705	0.99144888591344763	0.840094580073922282	0.00370919682895052029	0.0013958254989767099	0.000896300072147783413	0.0141527077264304064	0.0144355109001246594	0.069709015406447078	0.189232391139114942	0.231400647134150299	0.231568656570044443	0.0660069591572743591	0.0387351657525501685	0.137397832363782104
T:	0.189813565406306117	0.45847863396857707	0.106464917050634463	0.0157710658247626129	0.065221248029480286	0.107184600199796669	0.170310351721363228	0.0264248607855660794	0.00246320209694044209	0.0148822660336142208	0.00721930792397098554	0.00182987209992514736	0.00723683449650294683	0.000789907951755034076	0.00652083271467419041	0.0760192109113224396	0.607980573907617486	0.198129360981449197	0.246804305732475149	0.126568081080366518	0.415504867723468375	0.178950038411887484



2	GGG.CCCAC	0.499123242349048801


A:	0.0612886064422279208	0.276757863132691589	0.168578737912205173	0.635357827986994307	0.0134259853769886767	0.217849280025005236	0.0535305231736207617	0.0117856083381628555	0.00190521927251199728	0.0162118749660463478	0.0112297102562260892	0.00265617424408790487	0.0053420336465391194	0.00537441917251708181	0.955878160363431349	0.00197399550931636241	0.254953507827257832	0.0258129994597793431	0.152627489844594976	0.290058381127435966	0.637565266139156969	0.222303533028937705	0.181088356031251493
C:	0.642466680245429871	0.0513586111287183494	0.188282111375626666	0.201067520439786019	0.829579488647597529	0.141278273656261805	0.523051762367186148	0.111815636949826384	0.00194649582554238686	0.00218183853210318654	0.133793443636237408	0.982855727714888769	0.990491669146595201	0.985410853951078955	0.0122233421402955149	0.943999283631319277	0.599318265854972651	0.176974035493488229	0.417842502039805528	0.231568656570044443	0.169859693623202153	0.323456433495043751	0.502563773193078918
G:	0.0434967361044668036	0.482069960332283945	0.184660516743591092	0.0571097345225852104	0.141223460150651181	0.575651198289252673	0.316233114259396422	0.706088402990647532	0.984896496359414979	0.976915243481131308	0.840094580073922282	0.00396840488453882594	0.00219148515932584708	0.0029972047200946398	0.0300586739400859362	0.016199806135643688	0.069709015406447078	0.189232391139114942	0.231400647134150299	0.231568656570044443	0.0660069591572743591	0.0387351657525501685	0.137397832363782104
T:	0.252747977207875405	0.189813565406306117	0.45847863396857707	0.106464917050634463	0.0157710658247626129	0.065221248029480286	0.107184600199796669	0.170310351721363228	0.0112517885425306369	0.00469104302071915794	0.0148822660336142208	0.0105196931564845002	0.00197481204753983234	0.00621752215630932324	0.00183982355618720004	0.0378269147237206726	0.0760192109113224396	0.607980573907617486	0.198129360981449197	0.246804305732475149	0.126568081080366518	0.415504867723468375	0.178950038411887484



3	GG.CCCACC	0.498828725991364336


A:	0.276757863132691589	0.168578737912205173	0.635357827986994307	0.0134259853769886767	0.217849280025005236	0.0535305231736207617	0.0117856083381628555	0.0023020585642261563	0.0126523663010519611	0.0112297102562260892	0.00398011632417961595	0.00995214999687624522	0.00306969639141526256	0.970439471636737875	0.00298968016641414621	0.254953507827257832	0.0258129994597793431	0.152627489844594976	0.290058381127435966	0.637565266139156969	0.222303533028937705	0.181088356031251493	0.483371286795846867
C:	0.0513586111287183494	0.188282111375626666	0.201067520439786019	0.829579488647597529	0.141278273656261805	0.523051762367186148	0.111815636949826384	0.00198446152720148634	0.00172861418523779177	0.133793443636237408	0.987878079036432572	0.987464126777176735	0.980812275933133806	0.00946717036665687444	0.971931621071523674	0.599318265854972651	0.176974035493488229	0.417842502039805528	0.231568656570044443	0.169859693623202153	0.323456433495043751	0.502563773193078918	0.229631924988153423
G:	0.482069960332283945	0.184660516743591092	0.0571097345225852104	0.141223460150651181	0.575651198289252673	0.316233114259396422	0.706088402990647532	0.97371566590075231	0.980052383699589244	0.840094580073922282	0.00260426538673651959	0.000913633097305987894	0.00114074709740643446	0.0171156475460417645	0.0144284992546917018	0.069709015406447078	0.189232391139114942	0.231400647134150299	0.231568656570044443	0.0660069591572743591	0.0387351657525501685	0.137397832363782104	0.124513278590392573
T:	0.189813565406306117	0.45847863396857707	0.106464917050634463	0.0157710658247626129	0.065221248029480286	0.107184600199796669	0.170310351721363228	0.0219978140078200472	0.0055666358141210035	0.0148822660336142208	0.00553753925265129278	0.00167009012864103155	0.014977280578044497	0.00297771045056348654	0.0106501995073704782	0.0760192109113224396	0.607980573907617486	0.198129360981449197	0.246804305732475149	0.126568081080366518	0.415504867723468375	0.178950038411887484	0.162483509625607137



4	A.GTGGG.CC	0.49880556520588284


A:	0.162483509625607137	0.178950038411887484	0.415504867723468375	0.126568081080366518	0.246804305732475149	0.198129360981449197	0.607980573907617486	0.0760192109113224396	0.0112041070571324579	0.000899537176001259846	0.0104467618527707418	0.00288119172626795919	0.00383577382164633871	0.0148822660336142208	0.00401742647117672661	0.00844134114269357453	0.170310351721363228	0.107184600199796669	0.065221248029480286	0.0157710658247626129	0.106464917050634463	0.45847863396857707	0.189813565406306117
C:	0.124513278590392573	0.137397832363782104	0.0387351657525501685	0.0660069591572743591	0.231568656570044443	0.231400647134150299	0.189232391139114942	0.069709015406447078	0.00683335556102758326	0.025064983653593288	0.000979114644654614844	0.00137088714063741043	0.00342492340362369081	0.840094580073922282	0.98744592096819942	0.988656968321478719	0.706088402990647532	0.316233114259396422	0.575651198289252673	0.141223460150651181	0.0571097345225852104	0.184660516743591092	0.482069960332283945
G:	0.229631924988153423	0.502563773193078918	0.323456433495043751	0.169859693623202153	0.231568656570044443	0.417842502039805528	0.176974035493488229	0.599318265854972651	0.980505635580634249	0.00654817570239140269	0.987472860508728421	0.993243077019134621	0.98905210653626797	0.133793443636237408	0.00190301872648090754	0.00122377555670526623	0.111815636949826384	0.523051762367186148	0.141278273656261805	0.829579488647597529	0.201067520439786019	0.188282111375626666	0.0513586111287183494
T:	0.483371286795846867	0.181088356031251493	0.222303533028937705	0.637565266139156969	0.290058381127435966	0.152627489844594976	0.0258129994597793431	0.254953507827257832	0.00145690180120570973	0.967487303468014049	0.00110126299384622227	0.00250484411396000909	0.00368719623846200015	0.0112297102562260892	0.00663363383414294554	0.00167791497912244026	0.0117856083381628555	0.0535305231736207617	0.217849280025005236	0.0134259853769886767	0.635357827986994307	0.168578737912205173	0.276757863132691589



5	C.GG.CCCAC	0.498534325889164599


A:	0.0612886064422279208	0.276757863132691589	0.168578737912205173	0.635357827986994307	0.0134259853769886767	0.217849280025005236	0.0535305231736207617	0.0117856083381628555	0.00130384440345828499	0.00526917393750265822	0.0112297102562260892	0.00449864888028106356	0.00336796769168207582	0.00215037277025941387	0.986035503706417684	0.000868363966389570104	0.254953507827257832	0.0258129994597793431	0.152627489844594976	0.290058381127435966	0.637565266139156969	0.222303533028937705	0.181088356031251493
C:	0.642466680245429871	0.0513586111287183494	0.188282111375626666	0.201067520439786019	0.829579488647597529	0.141278273656261805	0.523051762367186148	0.111815636949826384	0.00153322542873887127	0.00110903824873728564	0.133793443636237408	0.989964094741565604	0.991362268675068	0.993012178662969357	0.00365738421730365883	0.981281857638963907	0.599318265854972651	0.176974035493488229	0.417842502039805528	0.231568656570044443	0.169859693623202153	0.323456433495043751	0.502563773193078918
G:	0.0434967361044668036	0.482069960332283945	0.184660516743591092	0.0571097345225852104	0.141223460150651181	0.575651198289252673	0.316233114259396422	0.706088402990647532	0.984454447530758415	0.989868856278056204	0.840094580073922282	0.00182060968662527981	0.000768077179467829755	0.00126118982281224832	0.00882146883792931983	0.00488534477535162271	0.069709015406447078	0.189232391139114942	0.231400647134150299	0.231568656570044443	0.0660069591572743591	0.0387351657525501685	0.137397832363782104
T:	0.252747977207875405	0.189813565406306117	0.45847863396857707	0.106464917050634463	0.0157710658247626129	0.065221248029480286	0.107184600199796669	0.170310351721363228	0.0127084826370444283	0.0037529315357038521	0.0148822660336142208	0.00371664669152805296	0.00450168645378209416	0.00357625874395898049	0.00148564323834933686	0.0129644336192949005	0.0760192109113224396	0.607980573907617486	0.198129360981449197	0.246804305732475149	0.126568081080366518	0.415504867723468375	0.178950038411887484



