1	GGGACCAC	0.49975495061789667


A:	0.188859871598008928	0.613447461231257067	0.0233055030709630569	0.0172287766513594497	0.276082937605655814	0.183320484101407475	0.168272980694570121	0.0108129946773815819	0.001107353455027428	0.00178088334667528013	0.948164958296053	0.00195935281007409645	0.00451559834802028432	0.979174112139697078	0.000807323736299432209	0.493279035433620101	0.387787163523751397	0.790688741133396052	0.381228925882447021	0.644726202061860356	0.135165778736482484	0.202297226064251472
C:	0.215470956206920793	0.0791210166444166323	0.305776915387674466	0.00432058456213818137	0.236396720972482839	0.300402642792833563	0.265083568720791091	0.00050116657770584678	0.000821463880158487691	0.012308671971270184	0.0482000322826506564	0.992064084933414256	0.99209221149291449	0.000820004954905171011	0.980012003102253986	0.0738849533981732115	0.155137100449040938	0.0709002833307788697	0.0748657730489319469	0.0786870253169438874	0.299950554055409312	0.317163086088735072
G:	0.241963427836220602	0.251149756791127956	0.520209968381830605	0.922320564441865522	0.38066066322190785	0.312515508682258319	0.326781281851642649	0.952138274408687641	0.985975439703235369	0.984628545455876433	0.00061063607845094063	0.00161372619591527809	0.000980092578275649188	0.0183926515387367231	0.00542910605025596947	0.0330361323394105767	0.108304389992677544	0.122053255084037186	0.00486619935448112067	0.044590040161844302	0.19252844096679018	0.215150944651103292
T:	0.353705744358849676	0.056281765333198345	0.150707613159531872	0.0561300743446368468	0.106859678199953497	0.203761364423500643	0.239862168732996139	0.0365475643362249306	0.0120957429615787156	0.00128189922617810246	0.00302437334284540318	0.00436283606059636976	0.00241209758078957691	0.00161323136666102804	0.0137515671111906121	0.399799878828796111	0.348771346034530122	0.0163577204517878924	0.539039101714139911	0.231996732459351455	0.372355226241318025	0.265388743195910163



2	GGACCAC..A	0.499037173060697801


A:	0.613447461231257067	0.0233055030709630569	0.0172287766513594497	0.276082937605655814	0.183320484101407475	0.168272980694570121	0.0108129946773815819	0.00232363954227842065	0.00771143766624792401	0.956750805990022922	0.0044042787076507978	0.00723102219556872513	0.984277998032824879	0.00233073847063669684	0.493279035433620101	0.387787163523751397	0.790688741133396052	0.381228925882447021	0.644726202061860356	0.135165778736482484	0.202297226064251472	0.733055432419652445	0.543727343852503711
C:	0.0791210166444166323	0.305776915387674466	0.00432058456213818137	0.236396720972482839	0.300402642792833563	0.265083568720791091	0.00050116657770584678	0.00162027902907595298	0.0134501666507266146	0.0172972531835223751	0.98834831460961103	0.988084217584318804	0.0023935098791252613	0.963864767673973832	0.0738849533981732115	0.155137100449040938	0.0709002833307788697	0.0748657730489319469	0.0786870253169438874	0.299950554055409312	0.317163086088735072	0.0370064736826927966	0.146326606262673664
G:	0.251149756791127956	0.520209968381830605	0.922320564441865522	0.38066066322190785	0.312515508682258319	0.326781281851642649	0.952138274408687641	0.979455774159211936	0.977432155103736204	0.00334324352670263608	0.00260397942461633036	0.00243657234897327615	0.0113827307392546643	0.00635666245725768826	0.0330361323394105767	0.108304389992677544	0.122053255084037186	0.00486619935448112067	0.044590040161844302	0.19252844096679018	0.215150944651103292	0.201515361160995496	0.206530009071067141
T:	0.056281765333198345	0.150707613159531872	0.0561300743446368468	0.106859678199953497	0.203761364423500643	0.239862168732996139	0.0365475643362249306	0.0166003072694336903	0.00140624057928925701	0.0226086972997520666	0.00464342725812184207	0.00224818787113919502	0.00194576134879519494	0.0274478313981317828	0.399799878828796111	0.348771346034530122	0.0163577204517878924	0.539039101714139911	0.231996732459351455	0.372355226241318025	0.265388743195910163	0.0284227327366592618	0.103416040813755484



3	G..GGGACCA	0.498928039702233251


A:	0.224334306206401783	0.586537934375290464	0.235474664656007002	0.243834455525900498	0.715998674865095467	0.0182605297324389218	0.0369435382781816547	0.167315485268744923	0.0211733117160389495	0.0254417973051257233	0.00453441662861060804	0.00468060919685287103	0.961326546607921936	0.00377949183838524177	0.00332960404622611241	0.957510279920641017	0.000807323736299432209	0.122269346168763262	0.236840388726035122	0.102713159316604779	0.947548744150392804	0.12302946004638615	0.178601409095989682
C:	0.466006564740636245	0.175074055901634753	0.110069924476780097	0.0958458451598666619	0.134575095497209052	0.0729583459451415385	0.0129576549370908576	0.245585546739294964	0.0689471095398122919	0.00619846707417776708	0.000743726616646889471	0.00814313269946693027	0.0314164167674704799	0.991867642237013387	0.990377648486852156	0.00334847567996767571	0.980012003102253986	0.275830593701099931	0.183740406574835961	0.54004682951571119	0.00170328240516267811	0.0172967680862798587	0.271141525765475816
G:	0.103934097153450221	0.0922235434788321663	0.414877680529677974	0.260101770877631861	0.0345341010794695326	0.821789092639989931	0.662463075031198579	0.224460695372942457	0.753165604935305901	0.912233450054038961	0.988776646030946347	0.98603783178985871	0.00281538376555323968	0.00101198397644057273	0.00128277879135825547	0.0365593431820169949	0.00542910605025596947	0.0993622418291264503	0.152141416965946367	0.162214857376900491	0.0317510523637774046	0.0786769296557016718	0.164264510946971209
T:	0.205725031899511751	0.146164466244242616	0.239577730337534927	0.400217928436600979	0.114892128558225948	0.0869920316824296087	0.287635731753528909	0.362638272619017656	0.156713973808842858	0.0561262855666575488	0.00594521072379615512	0.001138426313821489	0.00444165285905434403	0.00334088194816079893	0.00500996867556347634	0.00258190121737431279	0.0137515671111906121	0.502537818301010357	0.42727778773318255	0.19502515379078354	0.0189969210806671135	0.780996842211632319	0.385992554191563293



4	GGGGACCA	0.498341600997375175


A:	0.586537934375290464	0.235474664656007002	0.243834455525900498	0.715998674865095467	0.0182605297324389218	0.0369435382781816547	0.167315485268744923	0.0211733117160389495	0.00424744912774949596	0.00202865979300566063	0.00220011062077993546	0.959918992169075361	0.00811978719154157018	0.00481641950920936573	0.940661769926733766	0.000807323736299432209	0.122269346168763262	0.236840388726035122	0.102713159316604779	0.947548744150392804	0.12302946004638615	0.178601409095989682
C:	0.175074055901634753	0.110069924476780097	0.0958458451598666619	0.134575095497209052	0.0729583459451415385	0.0129576549370908576	0.245585546739294964	0.0689471095398122919	0.00248590599125032234	0.00218272216779360471	0.00723193758212819333	0.0325565030777439882	0.989411042706008469	0.991606872995585981	0.002130361992010478	0.980012003102253986	0.275830593701099931	0.183740406574835961	0.54004682951571119	0.00170328240516267811	0.0172967680862798587	0.271141525765475816
G:	0.0922235434788321663	0.414877680529677974	0.260101770877631861	0.0345341010794695326	0.821789092639989931	0.662463075031198579	0.224460695372942457	0.753165604935305901	0.924683653899292449	0.991694111792479408	0.989098848407788485	0.00210589654203039007	0.00172006173670061351	0.0020315081798054252	0.0551823377215581817	0.00542910605025596947	0.0993622418291264503	0.152141416965946367	0.162214857376900491	0.0317510523637774046	0.0786769296557016718	0.164264510946971209
T:	0.146164466244242616	0.239577730337534927	0.400217928436600979	0.114892128558225948	0.0869920316824296087	0.287635731753528909	0.362638272619017656	0.156713973808842858	0.0685829909817077326	0.00409450624672132701	0.00146910338930338679	0.00541860821115026101	0.000749108365749347266	0.00154519931539922781	0.00202553035969757475	0.0137515671111906121	0.502537818301010357	0.42727778773318255	0.19502515379078354	0.0189969210806671135	0.780996842211632319	0.385992554191563293



5	GGGG.CCAC	0.497733551706453587


A:	0.319244079372970513	0.498864265873223897	0.428919176963888344	0.442786390510017885	0.00636066715757288137	0.127295796509394218	0.105495205604986005	0.0478776337807217758	0.0154975756282142784	0.00305627885435814953	0.00888365601146906052	0.948164958296053	0.0112366338474339847	0.00667394438829772415	0.908476299813212136	0.0186647464283213139	0.367859319703559317	0.293219361821073053	0.206907691075515219	0.190411029393857979	0.400471461485294099	0.56193289217934198	0.435529073777851915
C:	0.182354141536096459	0.133952830230114895	0.20316214633104431	0.246846749192807238	0.842300219579293683	0.10264913073689059	0.149270880174287423	0.218815919507654645	0.00731668566095275454	0.00612427493068749253	0.0241794522306952151	0.0482000322826506564	0.96920245339438505	0.978197899954724174	0.0357473391161679804	0.895320477110438029	0.228857285318227624	0.200931307348500182	0.251533766179782265	0.240939968749645316	0.164149515957127703	0.193251418403771933	0.173211040886213271
G:	0.319631319268840505	0.161735332961837975	0.126047423300806185	0.138351470078470435	0.0793558352685927103	0.442227328767587913	0.272100162061559996	0.418181351627353147	0.642907682354719194	0.946913414095829442	0.957745597294564268	0.00061063607845094063	0.0159305941648491332	0.011340853528595871	0.0496893468824111558	0.0558904856852265079	0.0808047856403656622	0.145148383442094107	0.308161524942149534	0.240939968749645316	0.0814697682902726288	0.0434771665422796832	0.101730339806710006
T:	0.178770459822092523	0.205447570934823233	0.241871253404261161	0.172015390218704442	0.0719832779945407252	0.327827743986127279	0.473133752159166576	0.315125095084270433	0.334278056356113773	0.0439060321191249156	0.00919129446327145604	0.00302437334284540318	0.00363031859333183217	0.00378730212838223072	0.00608701418820872777	0.0301242907760141493	0.322478609337847396	0.360700947388332658	0.233397017802552982	0.327709033106851389	0.353909254267305569	0.201338522874606404	0.289529545529224808



