1	GGGACCAC	0.499612263635912452


A:	0.524796695440331556	0.368342456472614546	0.396049741461282403	0.00718685798935308714	0.243862244842371265	0.0887276838729560627	0.0227142786076582711	0.0121524679220383172	0.000567936591704530433	0.0018635134611764094	0.881001141159184698	0.00253512953430301679	0.00485874268311091168	0.974790470852871207	0.000772742481306382851	0.416546829789278549	0.171115974496406809	0.248133978244053578	0.0980408917203648477	0.259412135134280152	0.384385995698209599	0.367323237902162358
C:	0.098095379801439048	0.18770956758888544	0.407791413236732915	0.710388722267804042	0.120147212692634965	0.203069865331120162	0.120810699811563717	0.000452662286263114995	0.00101887809314921328	0.00452249592370893721	0.110249275315296975	0.991854736281600443	0.991911394512853368	0.000846891637452979261	0.983165487374807218	0.165728758151609127	0.259016459286314985	0.330175541532689447	0.206680202456177429	0.0834184208012946573	0.294989392918367554	0.29232096022661195
G:	0.230594123014936379	0.088245453540535844	0.057493557184215179	0.186031512748574317	0.496121919019864576	0.246819480727090573	0.436847709146793955	0.940854544171111882	0.978468501643614326	0.990693716725345406	0.000691885922291110584	0.00156320919372589385	0.00101738344027578634	0.0233011837712313745	0.00386838778494133532	0.102475791252196789	0.115614428642620664	0.19374795323574626	0.206680202456177429	0.0834992540985103851	0.0340802946947037062	0.0609550681706746399
T:	0.146513801743293017	0.35570252239796417	0.138665288117769502	0.0963929069942685541	0.139868623445129194	0.461382970068833202	0.419627312433984057	0.0465403256205866853	0.0199446836715319302	0.00292027388976924731	0.00805769760322721605	0.00404692499037064675	0.0022124793637599341	0.00106145373844443894	0.0121933823589450637	0.315248620806915536	0.454253137574657542	0.227942526987510715	0.488598703367280294	0.573670189965914806	0.286544316688719141	0.279400733700551052



2	GGACCAC..A	0.498650057074792794


A:	0.596624793025600665	0.0145649753600286931	0.02067914335327694	0.499596255966071084	0.215287541938000402	0.140367737148657895	0.0121524679220383172	0.0015165285689769767	0.00791085944428493047	0.896569129747786205	0.0027824919464623165	0.0046017470169530166	0.98450541103550425	0.00203524245751574783	0.633218668705964608	0.277473895084210403	0.782106736972552853	0.134903544556094147	0.444933103882679429	0.0706439324192901339	0.237101434153237142	0.701157885758689876	0.569455198856407131
C:	0.0734818805402219293	0.406225313296973411	0.00129061029035147236	0.186517458261057524	0.319178325487554587	0.226548940575004546	0.000452662286263114995	0.00214865350221084384	0.0059334797018850594	0.0428387911105386188	0.989126430095414297	0.990281276794979797	0.00278356107070665903	0.974094637668125043	0.0794324579922006183	0.174646951824581723	0.0977327727986949702	0.0498694603304820264	0.0683211276877116377	0.272242196988752327	0.244200427178916438	0.0404666561812648837	0.12998155763944307
G:	0.275202796203879379	0.283742001159361049	0.89270095189292532	0.271873249857632408	0.231627126495479287	0.40515745576179023	0.940854544171111882	0.976833627533611986	0.983872532990144282	0.00638319628509353933	0.0022748561235741328	0.00233380558057083783	0.0111335762397473605	0.00533324818463317839	0.035984507740924554	0.128922106757825294	0.0980357118003851052	0.00278719581589478773	0.0435873043922466141	0.125461010721488957	0.226865005259988732	0.214524088247867916	0.223865374199495322
T:	0.0546905302302980271	0.295467710183636846	0.0853292944634462681	0.0420130359152389837	0.233907006078965724	0.227925866514547328	0.0465403256205866853	0.0195011903952001935	0.00228312786368572797	0.0542088828565816368	0.00581622183454925361	0.0027831706074963484	0.00157745165404173067	0.0185368716897260308	0.25136436556091022	0.41895704633338258	0.0221247784283670718	0.812439799297529039	0.443158464037362319	0.531652859870468582	0.291833133407857688	0.0438513698121773243	0.0766978693046544769



3	GGGG.CCAC	0.498428375270898473


A:	0.304376087023150679	0.524796695440331556	0.368342456472614546	0.396049741461282403	0.00718685798935308714	0.243862244842371265	0.0887276838729560627	0.0227142786076582711	0.00724971769925208295	0.001958763618062994	0.00567156640362462049	0.881001141159184698	0.00371474189756587461	0.00360926918220631152	0.960601754288734324	0.0075454539296274485	0.416546829789278549	0.171115974496406809	0.248133978244053578	0.0980408917203648477	0.259412135134280152	0.384385995698209599	0.367323237902162358
C:	0.257246226186207737	0.098095379801439048	0.18770956758888544	0.407791413236732915	0.710388722267804042	0.120147212692634965	0.203069865331120162	0.120810699811563717	0.00351113621210600577	0.00251781943804471111	0.0142827754092303559	0.110249275315296975	0.987755807941554819	0.98980324091556871	0.00797483227282622036	0.956748945064928036	0.165728758151609127	0.259016459286314985	0.330175541532689447	0.206680202456177429	0.0834184208012946573	0.294989392918367554	0.29232096022661195
G:	0.224361278413720878	0.230594123014936379	0.088245453540535844	0.057493557184215179	0.186031512748574317	0.496121919019864576	0.246819480727090573	0.436847709146793955	0.72859341921775812	0.978788406100670428	0.974356511819142719	0.000691885922291110584	0.00676966132175524544	0.00448906728988488971	0.0288502351945262312	0.0185555933144108926	0.102475791252196789	0.115614428642620664	0.19374795323574626	0.206680202456177429	0.0834992540985103851	0.0340802946947037062	0.0609550681706746399
T:	0.214016408376920706	0.146513801743293017	0.35570252239796417	0.138665288117769502	0.0963929069942685541	0.139868623445129194	0.461382970068833202	0.419627312433984057	0.260645726870883792	0.016735010843221867	0.0056891463680023046	0.00805769760322721605	0.00175978883912406082	0.00209842261234008871	0.00257317824391322492	0.0171500076910336233	0.315248620806915536	0.454253137574657542	0.227942526987510715	0.488598703367280294	0.573670189965914806	0.286544316688719141	0.279400733700551052



4	G..GGGACCA	0.498272952853598015


A:	0.298428181477100383	0.422563757826408193	0.16795832990660848	0.144466213704240178	0.523081303533931976	0.0150027149530886725	0.0467896476807804795	0.148647190321508959	0.0207019235380593394	0.0219611285293468571	0.00371019717380564981	0.00469384541549411443	0.936635217687383682	0.00341675146946912274	0.00474198315240535797	0.959009195594297672	0.000772742481306382851	0.145606134182429913	0.170122173676715602	0.0790880825450988301	0.920055465807257306	0.0761390975353996088	0.115659193089057128
C:	0.425417687163776101	0.24920534959323148	0.0965219115355047251	0.192297992551594591	0.272753519667598008	0.0370006598735634689	0.007619476559782237	0.31833608538025576	0.0876349547729755037	0.00655026607213678513	0.000836395650615343237	0.00328577240796859515	0.0504319794439585729	0.991701948892849965	0.988692250822026066	0.00511953102111375617	0.983165487374807218	0.353469772620544225	0.310718778721241702	0.709890747698102614	0.00138623221632988439	0.0181773628080625803	0.222716755511674368
G:	0.10843964600641821	0.170709969178551267	0.466941806095763804	0.174169267486869229	0.0178867003839331899	0.881025534467297244	0.619282639453261163	0.21753106598764923	0.684334736558762189	0.907531282367584549	0.98824620452936642	0.99008639657989277	0.00456543928169028145	0.000824037963361058902	0.00158302084218719233	0.0336091946810972513	0.00386838778494133532	0.105524251549425602	0.134337363487706691	0.0644104592913621361	0.0287492635316480313	0.0478481800579120995	0.149763928297818981
T:	0.167714485352705307	0.157520923401809059	0.268577952462122992	0.489066526257296002	0.186278476414536826	0.0669710907060506147	0.326308236306176121	0.315485658310586051	0.207328385130202968	0.0639573230309318092	0.00720720264621258645	0.00193398559664452059	0.00836736358696746416	0.00405726167431985315	0.00498274518338138404	0.00226207870349132047	0.0121933823589450637	0.39539984164760026	0.384821684114336005	0.146610710465436419	0.0498090384447647786	0.857835359598625711	0.511860123101449523



5	GTGG.CCCA	0.498133995037220844


A:	0.279400733700551052	0.286544316688719141	0.573670189965914806	0.488598703367280294	0.227942526987510715	0.454253137574657542	0.315248620806915536	0.0341637573455593521	0.0022538161015579934	0.00401339935894377207	0.00298442228772944399	0.00805769760322721606	0.026595613958022878	0.0120710623788473096	0.0280171622039859345	0.419627312433984057	0.461382970068833202	0.139868623445129194	0.0963929069942685541	0.138665288117769502	0.35570252239796417	0.146513801743293017	0.214016408376920706
C:	0.0609550681706746399	0.0340802946947037062	0.0834992540985103851	0.206680202456177429	0.19374795323574626	0.115614428642620664	0.102475791252196789	0.0138069226235292348	0.0174324864953581303	0.00179202290142713878	0.00249880643150347154	0.000691885922291110584	0.957814805103809636	0.98397794597478819	0.925610144975142932	0.436847709146793955	0.246819480727090573	0.496121919019864576	0.186031512748574317	0.057493557184215179	0.088245453540535844	0.230594123014936379	0.224361278413720878
G:	0.29232096022661195	0.294989392918367554	0.0834184208012946573	0.206680202456177429	0.330175541532689447	0.259016459286314985	0.165728758151609127	0.944518965969050785	0.0212468743754583127	0.990382656174611365	0.987777954030657094	0.110249275315296975	0.0117481994444230475	0.00317259697815088403	0.00124809005988500082	0.120810699811563717	0.203069865331120162	0.120147212692634965	0.710388722267804042	0.407791413236732915	0.18770956758888544	0.098095379801439048	0.257246226186207737
T:	0.367323237902162358	0.384385995698209599	0.259412135134280152	0.0980408917203648477	0.248133978244053578	0.171115974496406809	0.416546829789278549	0.00751035406186062819	0.959066823027625564	0.003811921565017724	0.00673881725010999087	0.881001141159184698	0.003841381493744438	0.000778394668213616259	0.0451246027609861323	0.0227142786076582711	0.0887276838729560627	0.243862244842371265	0.00718685798935308714	0.396049741461282403	0.368342456472614546	0.524796695440331556	0.304376087023150679



