1	TGGGCCCA	0.491020043659456241


A:	0.294681639618110438	0.21508364681536226	0.42251226365258293	0.0441086952700015283	0.152290892466101385	0.333439593228331883	0.330715182844435631	0.0516378965384516163	0.00862936663238168571	0.00989232688173939794	0.0170676106741609199	0.0459118971083099686	0.0298973768928399136	0.0154992097395412668	0.800605920157712925	0.0625120650368037569	0.346141786753891738	0.201902828048459561	0.0346958382751844343	0.356236528434390216	0.467858614805574567	0.164656476196844031
C:	0.257552448305713631	0.345582618017573211	0.0661470313866481103	0.744517034686397871	0.508702529818244874	0.187080010060040799	0.265663084591776819	0.047754898435899706	0.00537878947951141879	0.00365277618763835919	0.0221234099893896182	0.914897082228139493	0.956557520037782329	0.970492634148565629	0.100001284867935753	0.52447306848508823	0.1441582747897019	0.161920923814765115	0.313752146069190343	0.128913172585359359	0.131963847031261627	0.323494451744496205
G:	0.180123992646629631	0.264912319318520277	0.429629261746729998	0.203302011300391263	0.168476207359376689	0.278843623679227088	0.219530914831676563	0.100001284867935753	0.970492634148565629	0.956557520037782329	0.914897082228139493	0.0221234099893896182	0.00365277618763835919	0.00537878947951141879	0.047754898435899706	0.243084544990795791	0.238156335406363911	0.27967916369778072	0.545093523079621242	0.454130454092579572	0.171456381775855242	0.0952919631028270534
T:	0.2676419194295463	0.174421415848544253	0.0817114432140389619	0.0080722587432093379	0.170530370356277052	0.20063677303240023	0.184090817732110987	0.800605920157712925	0.0154992097395412668	0.0298973768928399136	0.0459118971083099686	0.0170676106741609199	0.00989232688173939794	0.00862936663238168571	0.0516378965384516163	0.169930321487312222	0.27154360305004245	0.356497084438994604	0.10645849257600398	0.0607198448876708536	0.228721156387308564	0.416557108955832711



2	GTGGG.CCA	0.482986748722020944


A:	0.121640187962825604	0.126203069963591033	0.490703726276341227	0.075407747230185607	0.092530780302917891	0.210230310456544458	0.0975586035337932435	0.0995332514594168741	0.102652549735755738	0.0040804551249460656	0.00752798387101709975	0.0138575430297605442	0.254062770058464759	0.0363470921187758461	0.0209164778715236494	0.805465767274267625	0.0991831434852373692	0.42501259902645901	0.458108976805002688	0.064400045077729512	0.323796973706628611	0.358368251606864801	0.216140034856567183
C:	0.257169144118792564	0.090634622642601757	0.183043022155131451	0.0121996648817182311	0.738209984204728631	0.44963264655902424	0.264790371804035966	0.0293145090061945226	0.063989185643910609	0.00832815945066975676	0.00368258147501575503	0.0163782268075162185	0.420972205611391286	0.821527374882536737	0.931569392092268573	0.0450476587434898661	0.297844740451601522	0.279532251425943287	0.118788235337641902	0.127240850882909954	0.130730812126305015	0.0600329490715583837	0.176775874473496472
G:	0.483308435343036826	0.519966567935217321	0.118385357069750095	0.122949210355327285	0.153866415668708807	0.12700898147914516	0.129785080273784015	0.790693222465397196	0.0553284735179274894	0.966565584410596447	0.96387703731515413	0.836240885195669578	0.285063116556673785	0.0120044998664139534	0.00539921548517379718	0.108999460056109453	0.212965058409272998	0.140670030606006341	0.236821088601268765	0.661175128165545275	0.519449794077551599	0.488263238016395732	0.49432240581050623
T:	0.137882232575345006	0.263195739458589888	0.207867894498777228	0.789443377532768876	0.0153928198236446711	0.213128061505286143	0.507865944388386775	0.0804590170689914074	0.778029791102406164	0.0210258010137877303	0.024912397338813015	0.133523344967053659	0.0399019077734701705	0.130121033132273464	0.0421149145510339805	0.0404871139261330559	0.39000705765388811	0.154785118941591362	0.186281699256086645	0.14718397587381526	0.0260224200895147747	0.0933355613051810835	0.112761684859430115



3	GGCACCAC	0.482111395106456896


A:	0.214642288235304248	0.348154362952220715	0.0331283650978639246	0.00879236670131687174	0.473201028595249581	0.35583087981856817	0.368131761318406297	0.222585731578310205	0.0661058338392986207	0.065244671850574592	0.651635971212260259	0.0689168998478800719	0.0622186467080981194	0.711503216334735857	0.181191735213301576	0.252395321527769945	0.280706940904039569	0.047339193338266741	0.813348072161863395	0.547763585260960536	0.185566462925852979	0.283410185044595283
C:	0.241587923474530656	0.0516887688380191603	0.00955056497568677311	0.129863808317536802	0.265025585174474785	0.0605544023805293545	0.168490227729262817	0.0605607546854023871	0.158997504495508911	0.498808540062971953	0.272178527784766521	0.871224052240902603	0.87154581530994763	0.0428385570072217683	0.537315876225744369	0.245744248545000967	0.219729885327877306	0.00533305769738330008	0.124003612228608058	0.0240666652154333585	0.279234726309971819	0.318657793457185071
G:	0.101688266788093643	0.572161490343022577	0.0169866745328767211	0.320903938765390054	0.162455886911383645	0.450440312889040783	0.213972567204190673	0.611325950107222913	0.655374874657175706	0.356882881789738433	0.0600691538777848436	0.0382975589887765367	0.0449644246267777279	0.140353749587562648	0.0750372804868530943	0.18373618831135399	0.149786384304662914	0.887004599050032221	0.0618520553501790571	0.417652630950478193	0.276948912196433323	0.21654670347013811
T:	0.442081521502071453	0.0279953778667375476	0.940334395393572581	0.540439886215756272	0.0993174993188919898	0.133174404911861693	0.249405443748140213	0.105527563629064496	0.119521787008016763	0.0790639062967150219	0.0161163471251883761	0.0215614889224407884	0.0212711133551765229	0.105304477070479727	0.206455108074100961	0.318124241615875099	0.349776789463420212	0.0603231499143177374	0.000796260259349490056	0.010517118573127913	0.258249898567741878	0.181385318028081536



4	GGGCCCAC	0.476253577514185981


A:	0.21508364681536226	0.42251226365258293	0.0441086952700015283	0.152290892466101385	0.333439593228331883	0.330715182844435631	0.0516378965384516163	0.0178957441866187169	0.0135734795958767292	0.0612378448439394592	0.178543656208496624	0.0395226505653641185	0.0186207517683337826	0.876626060108308328	0.0625120650368037569	0.346141786753891738	0.201902828048459561	0.0346958382751844343	0.356236528434390216	0.467858614805574567	0.164656476196844031	0.201504788622854885
C:	0.345582618017573211	0.0661470313866481103	0.744517034686397871	0.508702529818244874	0.187080010060040799	0.265663084591776819	0.047754898435899706	0.0100899804128803504	0.00960758629417954233	0.0628287247721233769	0.756441068488283316	0.918519616587916296	0.964402488694784727	0.0411980432398051364	0.52447306848508823	0.1441582747897019	0.161920923814765115	0.313752146069190343	0.128913172585359359	0.131963847031261627	0.323494451744496205	0.554558064715384322
G:	0.264912319318520277	0.429629261746729998	0.203302011300391263	0.168476207359376689	0.278843623679227088	0.219530914831676563	0.100001284867935753	0.958772646198943485	0.907804913495977537	0.804388187049310684	0.0345687917160948485	0.033471957711631374	0.00797607457213279959	0.0747833921142454414	0.243084544990795791	0.238156335406363911	0.27967916369778072	0.545093523079621242	0.454130454092579572	0.171456381775855242	0.0952919631028270534	0.107008722758358343
T:	0.174421415848544253	0.0817114432140389619	0.0080722587432093379	0.170530370356277052	0.20063677303240023	0.184090817732110987	0.800605920157712925	0.0132416292015574475	0.0690140206139661911	0.07154524333462648	0.0304464835871252112	0.00848577513508821164	0.00900068496474869112	0.0073925045376410944	0.169930321487312222	0.27154360305004245	0.356497084438994604	0.10645849257600398	0.0607198448876708536	0.228721156387308564	0.416557108955832711	0.136928423903402449



5	CTGGGCCC	0.474549605439475905


A:	0.136928423903402449	0.416557108955832711	0.228721156387308564	0.0607198448876708536	0.10645849257600398	0.356497084438994604	0.27154360305004245	0.169930321487312222	0.0773992500092135426	0.0384468543086163556	0.0182569415970316771	0.0276192234157127648	0.0876762647369496863	0.0383930653431360583	0.0601374350856293991	0.800605920157712925	0.184090817732110987	0.20063677303240023	0.170530370356277052	0.0080722587432093379	0.0817114432140389619	0.174421415848544253
C:	0.107008722758358343	0.0952919631028270534	0.171456381775855242	0.454130454092579572	0.545093523079621242	0.27967916369778072	0.238156335406363911	0.243084544990795791	0.112887934664481647	0.0193598707412353978	0.0371115278591508595	0.120854029479670368	0.835102883473429921	0.915674746143147695	0.896343497364988766	0.100001284867935753	0.219530914831676563	0.278843623679227088	0.168476207359376689	0.203302011300391263	0.429629261746729998	0.264912319318520277
G:	0.554558064715384322	0.323494451744496205	0.131963847031261627	0.128913172585359359	0.313752146069190343	0.161920923814765115	0.1441582747897019	0.52447306848508823	0.0862582872200418063	0.874828441416158889	0.877073606095098504	0.68519781879822444	0.0414897293620020829	0.0358843972511188931	0.0335331362252870384	0.047754898435899706	0.265663084591776819	0.187080010060040799	0.508702529818244874	0.744517034686397871	0.0661470313866481103	0.345582618017573211
T:	0.201504788622854885	0.164656476196844031	0.467858614805574567	0.356236528434390216	0.0346958382751844343	0.201902828048459561	0.346141786753891738	0.0625120650368037569	0.723454528106263004	0.0673648335339893571	0.067557924448718959	0.166328928306392427	0.0357311224276183101	0.0100477912625973533	0.00998593132409479696	0.0516378965384516163	0.330715182844435631	0.333439593228331883	0.152290892466101385	0.0441086952700015283	0.42251226365258293	0.21508364681536226



