1	GGGACCAC	0.49326579482852747


A:	0.34684720414342897	0.402179625438746583	0.106201972261681873	0.0326103062823097224	0.0896207260114882929	0.151879389128203663	0.0770326945908251565	0.00660402319137132364	0.00110279401112493388	0.00395701106257258891	0.914605338478586872	0.0031264546503677967	0.00610980625330786603	0.979755663034238153	0.0027985003288644957	0.467873986867676195	0.240785362423409544	0.213510446130234122	0.247431603343520586	0.677112795924154007	0.486194602662843333	0.320553501329634365
C:	0.141912473120686185	0.143087883893198887	0.617454873485771789	0.797905015966302739	0.0923928739625822572	0.0770933735219143128	0.14846405772357396	0.00111603660407615979	0.00188126745414857321	0.0160578085692981855	0.0776583848741523282	0.988671769638762465	0.989033750700206941	0.00457055012698726269	0.972168821810437518	0.284907162729547526	0.194701514873271985	0.255564647242958823	0.252392159193146834	0.132654914708189178	0.158973587962258448	0.227068619084044635
G:	0.398789999298053989	0.32005760134347037	0.185786038364559822	0.0623834788253696335	0.227895381535576224	0.300001394438398755	0.160502150219075068	0.933292397803867904	0.983929738142743532	0.97465191749247502	0.00304065695075378736	0.00394415747938206124	0.00166855600301236655	0.0136794833371800991	0.00248152299113776526	0.112662098374363145	0.222562426391649485	0.292049953781475915	0.252392159193146834	0.0706278586847430697	0.0906142670870858336	0.061067074416630988
T:	0.112450323437830856	0.13467488932458416	0.0905571158879865165	0.107101198926017905	0.590091018490353226	0.471025842911483269	0.614001097466525816	0.0589875424006846128	0.0130862003919829614	0.00533326287565420553	0.00469561969650701286	0.00425761823148767737	0.00318788704347282602	0.00199430350159448557	0.0225511548695602215	0.134556752028413134	0.341950696311668985	0.238874952845331141	0.247784078270185746	0.119604430682913746	0.264217542287812385	0.391310805169690011



2	G..GGGACCA	0.487341604631927213


A:	0.0935976166303139659	0.418691575770909109	0.141529736791513932	0.371641109384792969	0.466860330822696693	0.0116761262399434911	0.0634610860456827089	0.387474854449917899	0.109690178999619392	0.0134657405878381665	0.00401502923818812311	0.0125325332241709576	0.880440124729607324	0.007188352943337485	0.0130478589580768489	0.941720363635184893	0.0027985003288644957	0.196038784177394611	0.386357013009162595	0.160468264661105418	0.916054451836967563	0.141759561055497419	0.132209092927707942
C:	0.334131716619863075	0.274494654005582953	0.143241242629853147	0.0638387665730264241	0.265637273664430553	0.189167345507456206	0.0149613667253642253	0.125504757953593957	0.16812112623036982	0.011025369869923185	0.00483200975421028142	0.0235037246531545144	0.101275801165053263	0.975104054715002998	0.959855637979107982	0.0084433453709068881	0.972168821810437518	0.462795938128650557	0.231623835244567367	0.359808306537779459	0.0113250446698177905	0.00328579302137117016	0.326799623396082712
G:	0.246727952952320074	0.0845719100944052888	0.154619237213840037	0.352031694730243397	0.133707965745424135	0.706530336217116499	0.809663574725337342	0.31037687569578449	0.342407740209078864	0.845130684325019183	0.974333060061651589	0.95647702261012143	0.00892402200510204538	0.00454257811641437843	0.00411780091616067005	0.0458210087751384052	0.00248152299113776526	0.085604146531502156	0.219679250577638343	0.247052329528341033	0.0543995024833994949	0.103872367195814853	0.0696895899286617387
T:	0.325542713797502886	0.222241860129102649	0.560609783364792885	0.21248842931193721	0.133794429767448618	0.0926261920354838042	0.111913972503615724	0.176643511900703654	0.379780954560931924	0.130378205217219465	0.016819900945950006	0.00748671951255309813	0.00936005210023736793	0.0131650142252451382	0.0229787021466544989	0.00401528221876981338	0.0225511548695602215	0.255561131162452676	0.162339901168631695	0.23267109927277409	0.0182210010098151521	0.751082278727316558	0.471301693747547607



3	GTGG.CCCA	0.485055417700578991


A:	0.391310805169690011	0.264217542287812385	0.119604430682913746	0.247784078270185746	0.238874952845331141	0.341950696311668985	0.134556752028413134	0.14729511725252604	0.0132053129581147529	0.00601056371060771495	0.0179436774944936407	0.00469561969650701286	0.0677883247869527262	0.0676777206573968842	0.0368313978345491912	0.614001097466525816	0.471025842911483269	0.590091018490353226	0.107101198926017905	0.0905571158879865165	0.13467488932458416	0.112450323437830856	0.103197585455667696
C:	0.061067074416630988	0.0906142670870858336	0.0706278586847430697	0.252392159193146834	0.292049953781475915	0.222562426391649485	0.112662098374363145	0.0302006511965425311	0.0452579558822458595	0.0106928471364142903	0.0178888189123070626	0.00304065695075378736	0.878576037401405563	0.926475887267008332	0.937767968972354452	0.160502150219075068	0.300001394438398755	0.227895381535576224	0.0623834788253696335	0.185786038364559822	0.32005760134347037	0.398789999298053989	0.275006531886731889
G:	0.227068619084044635	0.158973587962258448	0.132654914708189178	0.252392159193146834	0.255564647242958823	0.194701514873271985	0.284907162729547526	0.780798139119023073	0.0437489046180225234	0.965993416898039191	0.929930435912430157	0.0776583848741523282	0.0427715413943365539	0.00311741823539440949	0.00397157186007571141	0.14846405772357396	0.0770933735219143128	0.0923928739625822572	0.797905015966302739	0.617454873485771789	0.143087883893198887	0.141912473120686185	0.049192343389097864
T:	0.320553501329634365	0.486194602662843333	0.677112795924154007	0.247431603343520586	0.213510446130234122	0.240785362423409544	0.467873986867676195	0.041706092431908356	0.897787826541616864	0.0173031722549388034	0.0342370676807691396	0.914605338478586872	0.0108640964173051566	0.00272897384020037446	0.0214290613330206455	0.0770326945908251565	0.151879389128203663	0.0896207260114882929	0.0326103062823097224	0.106201972261681873	0.402179625438746583	0.34684720414342897	0.57260353926850255



4	GG.CCACA.A	0.483506212053534501


A:	0.189557910236136065	0.0281934199668441148	0.0513982816116286526	0.240048561252597178	0.359979842707371316	0.00635245345854386428	0.00535643269826138988	0.016018030651416081	0.870397864515000508	0.0667822024088012475	0.0370932451933203536	0.958952098671180495	0.0171109997834989158	0.832517035144692787	0.264325443176094553	0.847523589802067252	0.392870852211346966	0.888829896027666761	0.54204048502207496	0.210469038245348551	0.282013794215743748	0.183955348790265933
C:	0.153964626391485901	0.5036125676199343	0.134262098377925441	0.181519846537600327	0.465859040768543171	0.120002697233940084	0.00634468646099814375	0.0127266229832076392	0.0575598349480480338	0.871297415010543776	0.934619892698948072	0.0193719463687768069	0.919109656693161803	0.0736371880969666565	0.224912059210737505	0.0690492009596927191	0.141721114720733069	0.0521910780818954494	0.0970794729870029118	0.150326093050190377	0.288165686368486573	0.0351952123736081091
G:	0.346947250514235608	0.323774618886285419	0.0951518071488824627	0.395713905252270213	0.0965033538384423233	0.645989546616554456	0.935372434023610033	0.944033049622485208	0.0362589726583632382	0.0425744358335831636	0.01634074175513956	0.0172356184652768676	0.019193002733116825	0.0430524248148930248	0.120593945636019755	0.0434339387388066174	0.0275612128129390815	0.0543587318656984833	0.196499689636032232	0.157823435952262552	0.268028358684331901	0.489457497738946617
T:	0.309530212858142426	0.144419393526936166	0.719187812861563443	0.182717686957532282	0.0776577626856431903	0.227655302690961595	0.0529264468171304338	0.0272222967428910715	0.0357833278785882206	0.0193459467470718133	0.0119461203525920147	0.00444033649476583009	0.0445863407902224567	0.0507933519434475321	0.390168551977148187	0.0399932704994334111	0.437846820254980884	0.00462029402473930667	0.164380352354889896	0.48138143275219852	0.161792160731437778	0.29139194109717934



5	GGACCAC..A	0.483297764984201036


A:	0.621166646916010065	0.0545560903823405947	0.00459098644810153645	0.12060658925641869	0.209825928045147092	0.338989459521745979	0.00660402319137132364	0.00325847458000147981	0.0200630200754754058	0.870397864515000508	0.0120895647107631799	0.0170246548187307912	0.972804668483823226	0.0167837761513173781	0.538910375562067444	0.422324105454922856	0.70107490222224295	0.343046590000920488	0.860303278139863036	0.347710440445313622	0.160132814063895503	0.749379880080469663	0.366198703107325735
C:	0.0670883192931265465	0.311202125384776134	0.0141444576878320381	0.212545806359363555	0.209825928045147092	0.227249001678609818	0.00111603660407615979	0.00449249933545763923	0.0302583453439945408	0.0575598349480480338	0.965939951285272448	0.973505344878980074	0.012537666538127965	0.906244439224081444	0.136900071182179605	0.227523752779562123	0.139419365623370516	0.0826507820398977988	0.0630922090921194464	0.332373120409822551	0.301872094109859132	0.064366273029930284	0.115402206138490177
G:	0.259811030538403503	0.379703005262206382	0.951336953611532513	0.566154175533007865	0.279284143567295429	0.197383433526780804	0.933292397803867904	0.958560033713644985	0.936654795514507414	0.0362589726583632382	0.0119376799108572434	0.00528522027116365942	0.0121465510212196274	0.0112599939896418392	0.0771499705333020779	0.15920681724241374	0.141295525840021335	0.00649203686200462661	0.0304162161641319895	0.10471616234556643	0.143426364467803193	0.148985750820610718	0.45524393132429208
T:	0.0519340032524598853	0.254538778970676888	0.0299276022525339128	0.100693428851209889	0.301064000342410387	0.236378105272863399	0.0589875424006846128	0.0336889923708958961	0.0130238390660226395	0.0357833278785882206	0.0100328040931071289	0.00418478003112547571	0.00251111395682918132	0.0657117906349593385	0.247039582722450872	0.190945324523101281	0.0182102063143651985	0.567810591097177087	0.0461882966038855277	0.215200276799297397	0.394568727358442171	0.0372680960689893354	0.0631551594298920076



