1	GGGCCCAC	0.496684698992505832


A:	0.732576372640406602	0.263396093665341856	0.139524751979755221	0.172233678113839338	0.49652967109104632	0.240727604577105791	0.0491285570111834164	0.00405620636123094978	0.00999455107824844213	0.0282236738042256119	0.01057971749543792	0.00502090019389505717	0.00771766448912722313	0.966273405707437678	0.00572362003628961951	0.34972306950378612	0.0635572544582471368	0.166327398515518577	0.520328836462171543	0.60977391080965273	0.299079336252642779	0.322468729641418255
C:	0.0645482999281633304	0.297300677619818181	0.334151760584658845	0.712301682089041658	0.0888387433147471002	0.13315527806985865	0.14739560905423667	0.00410568404171897419	0.00478335649383226469	0.0904201782227855959	0.968336521220583688	0.980218841585849958	0.985388127750165606	0.00605245855247005	0.930298778722377452	0.238844764046112336	0.16598423203882098	0.151685788774670315	0.192165762787791943	0.122177869377807143	0.464951076953993436	0.520979866414997164
G:	0.145896484289962525	0.185114283712201054	0.161674565047265807	0.0509527771279649651	0.345389982783351982	0.241677638240243259	0.207563879143350631	0.984496488921996089	0.976429748564471563	0.857479772511249635	0.0135360477662096964	0.00999426039737970706	0.00441718958416038249	0.0246632821701640842	0.0513072134215112363	0.120976990393610485	0.200232557061481407	0.494850808280641054	0.192165762787791943	0.0825396982806889702	0.0230487833959333801	0.0122224687454621576
T:	0.0569788431414675429	0.254188945002638909	0.364648922388320128	0.0645118626691540391	0.069241602810854598	0.3844394791127923	0.595911954791229283	0.00734162067505398669	0.00879234386344773022	0.0238763754617391572	0.00754771351776869571	0.00476599782287527725	0.00247701817654678798	0.00301085356992818821	0.0126703878198216921	0.290455176056491058	0.570225956441450476	0.187136004429170054	0.0953396379622445717	0.185508521531851156	0.212920803397430404	0.144328935198122424



2	TGGGCCCA	0.494790633062115499


A:	0.343101372853419213	0.546954359998868163	0.255349076080991532	0.169792730703293097	0.0558239196443949509	0.466232890778524477	0.316964483427287875	0.0360234474904946784	0.00644492355734486793	0.0194648964844723789	0.0357916121167402765	0.0226951647924421379	0.03701663332032235	0.0283234810727449512	0.709389039677542227	0.00572362003628961951	0.262605770068398452	0.149595815049486102	0.0487949484114152667	0.827504645727031456	0.188524339955199804	0.12305121663272068
C:	0.279843786476870706	0.13442002333579259	0.171367126460789044	0.745854536700738133	0.371570456457651839	0.134966816220839137	0.213659076630693766	0.0243686901892089876	0.00471978183385718616	0.00721543071263142389	0.0683269251674948294	0.873186297923322756	0.936303039482573847	0.960511813536052995	0.230218822642754107	0.930298778722377452	0.145698680489041055	0.251897291925312626	0.587356774919979066	0.0319678224654249042	0.0710729369318003878	0.394426261359853412
G:	0.13466930215532724	0.215810430993597179	0.303754949340779591	0.0689591590708082258	0.437969128746047959	0.237261353335436231	0.31635257009802562	0.230218822642754107	0.960511813536052995	0.936303039482573847	0.873186297923322756	0.0683269251674948294	0.00721543071263142389	0.00471978183385718616	0.0243686901892089876	0.0513072134215112363	0.174708770576563606	0.13415494742515405	0.244541657370493065	0.0478272271251233253	0.224232800001020797	0.0803154409806108
T:	0.242385538514382841	0.102815185671742068	0.269528848117439833	0.0153935735251605444	0.134636495151905252	0.161538939665200155	0.15302386984399274	0.709389039677542227	0.0283234810727449512	0.03701663332032235	0.0226951647924421379	0.0357916121167402765	0.0194648964844723789	0.00644492355734486793	0.0360234474904946784	0.0126703878198216921	0.416986778865996887	0.464351945600047222	0.119306619298112602	0.0927003046824203149	0.51616992311197901	0.402207081026815108



3	A.GTGGG.CC	0.493296606944926961


A:	0.137637399913048236	0.144328935198122424	0.212920803397430404	0.185508521531851156	0.0953396379622445717	0.187136004429170054	0.570225956441450476	0.290455176056491058	0.0533491109903715528	0.00804334053563864607	0.0034791111340339559	0.00848535785532997791	0.0185682683366004083	0.0238763754617391572	0.0188255986103495953	0.00822366208986603518	0.595911954791229283	0.3844394791127923	0.069241602810854598	0.0645118626691540391	0.364648922388320128	0.254188945002638909	0.0569788431414675429
C:	0.16657685024251344	0.0122224687454621576	0.0230487833959333801	0.0825396982806889702	0.192165762787791943	0.494850808280641054	0.200232557061481407	0.120976990393610485	0.0114853112842144288	0.0364465364206589582	0.00376307068227984487	0.00538333337705800745	0.00628097005366668363	0.857479772511249635	0.930716628229490064	0.975416664616709153	0.207563879143350631	0.241677638240243259	0.345389982783351982	0.0509527771279649651	0.161674565047265807	0.185114283712201054	0.145896484289962525
G:	0.224986953973052308	0.520979866414997164	0.464951076953993436	0.122177869377807143	0.192165762787791943	0.151685788774670315	0.16598423203882098	0.238844764046112336	0.928102366618557408	0.00727869143799223695	0.986657468439948745	0.983078614925039711	0.969060260991508776	0.0904201782227855959	0.0094012226630671045	0.00452509870836911541	0.14739560905423667	0.13315527806985865	0.0888387433147471002	0.712301682089041658	0.334151760584658845	0.297300677619818181	0.0645482999281633304
T:	0.470798795871386015	0.322468729641418255	0.299079336252642779	0.60977391080965273	0.520328836462171543	0.166327398515518577	0.0635572544582471368	0.34972306950378612	0.00706321110685661086	0.948231431605710159	0.00610034974373745383	0.00305269384257230379	0.00609050061822413193	0.0282236738042256119	0.041056550497093236	0.0118345745850556967	0.0491285570111834164	0.240727604577105791	0.49652967109104632	0.172233678113839338	0.139524751979755221	0.263396093665341856	0.732576372640406602



4	GTGGG.CCA	0.492330471321984548


A:	0.144328935198122424	0.212920803397430404	0.185508521531851156	0.0953396379622445717	0.187136004429170054	0.570225956441450476	0.290455176056491058	0.0495415340679393576	0.0196056000716942515	0.00205077414295669425	0.00615036066331968988	0.00639913712349478461	0.0238763754617391572	0.0169314298462355563	0.00534692612446702609	0.595911954791229283	0.3844394791127923	0.069241602810854598	0.0645118626691540391	0.364648922388320128	0.254188945002638909	0.0569788431414675429	0.248253915709947628
C:	0.0122224687454621576	0.0230487833959333801	0.0825396982806889702	0.192165762787791943	0.494850808280641054	0.200232557061481407	0.120976990393610485	0.01105484753071304	0.023800751265067438	0.00447727301630971931	0.00244109563709253086	0.00533444397677590589	0.857479772511249635	0.901720698136849344	0.974731875365352435	0.207563879143350631	0.241677638240243259	0.345389982783351982	0.0509527771279649651	0.161674565047265807	0.185114283712201054	0.145896484289962525	0.105196418894303587
G:	0.520979866414997164	0.464951076953993436	0.122177869377807143	0.192165762787791943	0.151685788774670315	0.16598423203882098	0.238844764046112336	0.928472685603730275	0.00606973335809324585	0.985292014642567989	0.982065690363520248	0.977220084386458094	0.0904201782227855959	0.00568408067788104089	0.00316572076407092158	0.14739560905423667	0.13315527806985865	0.0888387433147471002	0.712301682089041658	0.334151760584658845	0.297300677619818181	0.0645482999281633304	0.531681745148353198
T:	0.322468729641418255	0.299079336252642779	0.60977391080965273	0.520328836462171543	0.166327398515518577	0.0635572544582471368	0.34972306950378612	0.0109309327976173272	0.950523915305145065	0.0081799381981655971	0.00934285333606753146	0.0110463345132712156	0.0282236738042256119	0.0756637913390340587	0.0167554777461096175	0.0491285570111834164	0.240727604577105791	0.49652967109104632	0.172233678113839338	0.139524751979755221	0.263396093665341856	0.732576372640406602	0.114867920247395586



5	GG.CCCACA	0.491789294754082088


A:	0.732576372640406602	0.263396093665341856	0.139524751979755221	0.172233678113839338	0.49652967109104632	0.240727604577105791	0.0491285570111834164	0.0139932194389118753	0.0575277611702891361	0.0282236738042256119	0.0415103966693626964	0.0107976773852374579	0.027813983344642989	0.919458356587545702	0.0269877679442493263	0.34972306950378612	0.0635572544582471368	0.166327398515518577	0.520328836462171543	0.60977391080965273	0.299079336252642779	0.322468729641418255	0.470798795871386015
C:	0.0645482999281633304	0.297300677619818181	0.334151760584658845	0.712301682089041658	0.0888387433147471002	0.13315527806985865	0.14739560905423667	0.0138413847850607821	0.00978541451104331285	0.0904201782227855959	0.910547731674462734	0.956530380914384022	0.945177098628354302	0.0098352948356923069	0.901056740456840625	0.238844764046112336	0.16598423203882098	0.151685788774670315	0.192165762787791943	0.122177869377807143	0.464951076953993436	0.520979866414997164	0.224986953973052308
G:	0.145896484289962525	0.185114283712201054	0.161674565047265807	0.0509527771279649651	0.345389982783351982	0.241677638240243259	0.207563879143350631	0.91362330863579642	0.918221903213874583	0.857479772511249635	0.0196171562004930595	0.0207749924068402154	0.0145550328600175147	0.0473116652629562511	0.0239746424963414776	0.120976990393610485	0.200232557061481407	0.494850808280641054	0.192165762787791943	0.0825396982806889702	0.0230487833959333801	0.0122224687454621576	0.16657685024251344
T:	0.0569788431414675429	0.254188945002638909	0.364648922388320128	0.0645118626691540391	0.069241602810854598	0.3844394791127923	0.595911954791229283	0.0585420871402309226	0.0144649211047929684	0.0238763754617391572	0.0283247154556815104	0.0118969492935383043	0.0124538851669851938	0.0233946833138057405	0.0479808491025685714	0.290455176056491058	0.570225956441450476	0.187136004429170054	0.0953396379622445717	0.185508521531851156	0.212920803397430404	0.144328935198122424	0.137637399913048236



