1	GGGCCCAC	0.499669131635978626


A:	0.445169646521102613	0.309432152853084181	0.500863544335194839	0.0217621228143408245	0.261734921328179733	0.110013852318729839	0.045202484274455746	0.00233165637304448905	0.00277188605023662208	0.00748287733913674782	0.00862359884022098316	0.00275721447331801137	0.00391371119619465098	0.980958842058456033	0.00127140347727411223	0.294409611400349468	0.0825004166179647786	0.157816135956851057	0.394574145372119108	0.67301228732421162	0.256741122411362015	0.399290660710726381
C:	0.208595245766407935	0.144457361758522185	0.133426213489776815	0.882966060640058578	0.0335905207975854453	0.198080120259546154	0.143385881232879035	0.000721438053723166618	0.00124318026772057189	0.0732135569235516304	0.98000222325270787	0.991780787849423768	0.992101367655993038	0.00232871691795263101	0.980462102173515259	0.498544564774479918	0.229368317839848835	0.270419477515768899	0.219575140837286018	0.136324788913731623	0.241324201002625243	0.421520367361896895
G:	0.201316364978434751	0.258251558132419181	0.221492288317798433	0.0406050158205558189	0.629236710661123637	0.451181383140072124	0.531439411140065616	0.980063182954779546	0.989581517392144984	0.898391772548497869	0.00454728705858787711	0.00399533338058252162	0.00184207576043268327	0.0151741646989121795	0.01308181500108851	0.0265004384435663098	0.104601003702655493	0.371195230715185647	0.219575140837286018	0.0438677178469011543	0.0227874782906209509	0.0369492960403748719
T:	0.144918742734054701	0.287858927255974454	0.144217953857229913	0.0546668007250447784	0.0754378472131111845	0.240724644281651883	0.279972223352599602	0.0168837226184527982	0.00640341628989782206	0.0209117931888137532	0.00682689084848326936	0.0014666642966756989	0.00214284538737962732	0.00153827632467915683	0.00518467934812211894	0.180545385381604304	0.583530261839530893	0.200569155812194396	0.166275572953308856	0.146795205915155603	0.479147198295391791	0.142239675887001853



2	GG.CCCACA	0.499146979999007395


A:	0.445169646521102613	0.309432152853084181	0.500863544335194839	0.0217621228143408245	0.261734921328179733	0.110013852318729839	0.045202484274455746	0.00600528074762935454	0.0269097232015471392	0.00748287733913674782	0.0183318566269109803	0.00951433170735797144	0.00802949801179900161	0.948702265465317457	0.00622480184839643045	0.294409611400349468	0.0825004166179647786	0.157816135956851057	0.394574145372119108	0.67301228732421162	0.256741122411362015	0.399290660710726381	0.27682530414736249
C:	0.208595245766407935	0.144457361758522185	0.133426213489776815	0.882966060640058578	0.0335905207975854453	0.198080120259546154	0.143385881232879035	0.0024606522254231199	0.00196769810125212821	0.0732135569235516304	0.965074007035676662	0.980700018095968531	0.978646607394358582	0.00257418986423049368	0.970814566307234617	0.498544564774479918	0.229368317839848835	0.270419477515768899	0.219575140837286018	0.136324788913731623	0.241324201002625243	0.421520367361896895	0.496553356993069536
G:	0.201316364978434751	0.258251558132419181	0.221492288317798433	0.0406050158205558189	0.629236710661123637	0.451181383140072124	0.531439411140065616	0.946458952871945199	0.962569620266167421	0.898391772548497869	0.006918777567415412	0.00719988661257588378	0.00710072965663708865	0.0416310315082571819	0.00714893827161022386	0.0265004384435663098	0.104601003702655493	0.371195230715185647	0.219575140837286018	0.0438677178469011543	0.0227874782906209509	0.0369492960403748719	0.104939586305105885
T:	0.144918742734054701	0.287858927255974454	0.144217953857229913	0.0546668007250447784	0.0754378472131111845	0.240724644281651883	0.279972223352599602	0.0450751141550023263	0.00855295843103331189	0.0209117931888137532	0.00967535876999694596	0.00258576358409761405	0.006223164937205328	0.00709251316219486797	0.0158116935727587283	0.180545385381604304	0.583530261839530893	0.200569155812194396	0.166275572953308856	0.146795205915155603	0.479147198295391791	0.142239675887001853	0.121681752554462089



3	A.GTGGG.CC	0.498970999387893527


A:	0.121681752554462089	0.142239675887001853	0.479147198295391791	0.146795205915155603	0.166275572953308856	0.200569155812194396	0.583530261839530893	0.180545385381604304	0.00888110872196011956	0.00388232899477810475	0.00563361324438641129	0.00244894852407562925	0.00951928622665222736	0.0209117931888137532	0.0101503661305379762	0.0121309785449787015	0.279972223352599602	0.240724644281651883	0.0754378472131111845	0.0546668007250447784	0.144217953857229913	0.287858927255974454	0.144918742734054701
C:	0.104939586305105885	0.0369492960403748719	0.0227874782906209509	0.0438677178469011543	0.219575140837286018	0.371195230715185647	0.104601003702655493	0.0265004384435663098	0.00734044426261322345	0.0159093604633452463	0.00155692793222565807	0.0023639463090785019	0.0041644900829960164	0.898391772548497868	0.969089247993439215	0.981580752062396231	0.531439411140065616	0.451181383140072124	0.629236710661123637	0.0406050158205558189	0.221492288317798433	0.258251558132419181	0.201316364978434751
G:	0.496553356993069536	0.421520367361896895	0.241324201002625243	0.136324788913731623	0.219575140837286018	0.270419477515768899	0.229368317839848835	0.498544564774479918	0.981064602063462796	0.00153861659810462964	0.990469088968716063	0.991542235128004574	0.982281458277686483	0.0732135569235516304	0.00260031740196844591	0.000902713460547703271	0.143385881232879036	0.198080120259546154	0.0335905207975854453	0.882966060640058578	0.133426213489776815	0.144457361758522185	0.208595245766407935
T:	0.27682530414736249	0.399290660710726381	0.256741122411362015	0.67301228732421162	0.394574145372119108	0.157816135956851057	0.0825004166179647786	0.294409611400349468	0.00271384495196386084	0.978669693943772019	0.00234036985467186801	0.00364487003884129499	0.00403476541266527364	0.00748287733913674782	0.0181600684740543624	0.00538555593207736406	0.045202484274455746	0.110013852318729839	0.261734921328179733	0.0217621228143408245	0.500863544335194839	0.309432152853084181	0.445169646521102613



4	GGG.CCCAC	0.498951199338296113


A:	0.0830168471726015015	0.445169646521102613	0.309432152853084181	0.500863544335194839	0.0217621228143408245	0.261734921328179733	0.110013852318729839	0.045202484274455746	0.00466107299058154129	0.0222943538829350477	0.00748287733913674782	0.00461311083916233002	0.00780437877034638056	0.0112126784094389263	0.96305494012730221	0.00298424967286251016	0.294409611400349468	0.0825004166179647786	0.157816135956851057	0.394574145372119108	0.67301228732421162	0.256741122411362015	0.399290660710726381
C:	0.222771341611782856	0.208595245766407935	0.144457361758522185	0.133426213489776815	0.882966060640058578	0.0335905207975854453	0.198080120259546154	0.143385881232879035	0.00114317722453815149	0.00756449598799871757	0.0732135569235516304	0.980617907339342218	0.984855734093655215	0.977411517017877895	0.00366696913285190959	0.95152159038671928	0.498544564774479918	0.229368317839848835	0.270419477515768899	0.219575140837286018	0.136324788913731623	0.241324201002625243	0.421520367361896895
G:	0.0779753700431619762	0.201316364978434751	0.258251558132419181	0.221492288317798433	0.0406050158205558189	0.629236710661123637	0.451181383140072124	0.531439411140065616	0.970211724459900477	0.964639637369650131	0.898391772548497869	0.00595165717102715674	0.00524162561944426099	0.00347532945406213648	0.029697436165424164	0.0139277349830217797	0.0265004384435663098	0.104601003702655493	0.371195230715185647	0.219575140837286018	0.0438677178469011543	0.0227874782906209509	0.0369492960403748719
T:	0.616236441172453666	0.144918742734054701	0.287858927255974454	0.144217953857229913	0.0546668007250447784	0.0754378472131111845	0.240724644281651883	0.279972223352599602	0.0239840253249798304	0.00550151275941610382	0.0209117931888137532	0.00881732465046829545	0.00209826151655414384	0.00790047511862104261	0.00358065457442171605	0.0315664249573964305	0.180545385381604304	0.583530261839530893	0.200569155812194396	0.166275572953308856	0.146795205915155603	0.479147198295391791	0.142239675887001853



5	GG.CCCACC	0.498884973613247969


A:	0.445169646521102613	0.309432152853084181	0.500863544335194839	0.0217621228143408245	0.261734921328179733	0.110013852318729839	0.045202484274455746	0.00646242762302489002	0.0219145867112587684	0.00748287733913674782	0.00331056257030761743	0.00650451530628676941	0.00915682718814180234	0.9697667740144205	0.0048166056333369385	0.294409611400349468	0.0825004166179647786	0.157816135956851057	0.394574145372119108	0.67301228732421162	0.256741122411362015	0.399290660710726381	0.27682530414736249
C:	0.208595245766407935	0.144457361758522185	0.133426213489776815	0.882966060640058578	0.0335905207975854453	0.198080120259546154	0.143385881232879035	0.00208740259241136304	0.00280099434518825743	0.0732135569235516304	0.984441377418722462	0.987504807144967166	0.976013850040025922	0.00217103922110329823	0.977737370551151311	0.498544564774479918	0.229368317839848835	0.270419477515768899	0.219575140837286018	0.136324788913731623	0.241324201002625243	0.421520367361896895	0.496553356993069536
G:	0.201316364978434751	0.258251558132419181	0.221492288317798433	0.0406050158205558189	0.629236710661123637	0.451181383140072124	0.531439411140065616	0.966490559650257707	0.968642214603666555	0.898391772548497869	0.00564261927308861973	0.00190575421441195254	0.00108333369417620216	0.019793366132917277	0.0108866298543747231	0.0265004384435663098	0.104601003702655493	0.371195230715185647	0.219575140837286018	0.0438677178469011543	0.0227874782906209509	0.0369492960403748719	0.104939586305105885
T:	0.144918742734054701	0.287858927255974454	0.144217953857229913	0.0546668007250447784	0.0754378472131111845	0.240724644281651883	0.279972223352599602	0.0249596101343060398	0.00664220433988641959	0.0209117931888137532	0.00660544073788130099	0.004084923334334112	0.0137459890776560732	0.00826882063155892502	0.00655939396113702721	0.180545385381604304	0.583530261839530893	0.200569155812194396	0.166275572953308856	0.146795205915155603	0.479147198295391791	0.142239675887001853	0.121681752554462089



