1	TCACGTGA	0.489160093267847398


A:	0.402614435225999189	0.278902774507838238	0.41389151648876874	0.0261215873507600006	0.118302321331267254	0.335208647126548083	0.334758170175096223	0.0309544489211436915	0.0280857452024569746	0.821208871520871924	0.0215135409736764394	0.00741929790672161121	0.00747118746927303112	0.0928478102864317544	0.808513661183455112	0.407292139240558212	0.515587711585900407	0.528499805469446932	0.505980550944013456	0.292503508991934607	0.332676190351945029	0.399477772485278358
C:	0.112893027455522603	0.285295504577862041	0.107372318333700673	0.152489851508488261	0.270195873734962122	0.0647686462836736724	0.203275215903084953	0.137711570527108698	0.848457810043877525	0.0186495580943748649	0.957735678523445325	0.0133314825961566246	0.15267038291548018	0.030608634467233746	0.0228203193682924986	0.145528959094917466	0.198361391421402139	0.298220093583063072	0.318316779603667327	0.168717166386879701	0.187090928275982398	0.0999269575600141797
G:	0.205033657862879515	0.293583974873656011	0.239097390611629113	0.0908877738108162463	0.559329777869969679	0.356148404209469638	0.115972984182825598	0.0228203193682924986	0.030608634467233746	0.15267038291548018	0.0133314825961566246	0.957735678523445325	0.0186495580943748649	0.848457810043877525	0.137711570527108698	0.326912553640671266	0.0835446801496014814	0.117127715415868545	0.0495103135286462985	0.439574295431897069	0.0949390609639699013	0.281839239286253794
T:	0.279458879455598693	0.142217746040643711	0.239638774565901474	0.730500787329935492	0.0521720270638009444	0.243874302380308607	0.345993629738993226	0.808513661183455112	0.0928478102864317544	0.00747118746927303112	0.00741929790672161121	0.0215135409736764394	0.821208871520871924	0.0280857452024569746	0.0309544489211436915	0.120266348023853056	0.202506216843095973	0.0561523855316214511	0.126192355923672919	0.0992050291892886232	0.385293820408102672	0.218756030668453668



2	TT.ACGT.AA	0.479504638587091333


A:	0.15492557528226674	0.455570932856333577	0.146970662479095832	0.55297500907678526	0.135691034478975407	0.14654217724414977	0.0142262508758090562	0.0481965391281770487	0.235931480709353071	0.934248371312289863	0.0214366745609348889	0.00956110448281664076	0.0213191459531001759	0.026839685623336208	0.873673548438731957	0.871450763296427239	0.478065860205802371	0.168209708182392264	0.299575196995816833	0.33759894062011912	0.494101578960331936	0.240051010792349369
C:	0.492933023398815783	0.186827014887108121	0.25485846957642615	0.0773130607429742216	0.11433235022425197	0.230625121657112846	0.0789694340484254741	0.0525431195441716384	0.314079202053365961	0.0172467119821040523	0.961892223237751532	0.00710999771849693869	0.0271857707525059085	0.044853479833075931	0.0255867928889193564	0.0353535517793382304	0.0426906320656829135	0.0982576128670975054	0.181349530509191244	0.394820906140773612	0.159345193898828144	0.14481278525291799
G:	0.123525122764655731	0.268841418118149427	0.0518066882039205285	0.245859643412861564	0.0393548277932105961	0.509986365126548947	0.0353535517793382304	0.0255867928889193564	0.172735528036448821	0.0271857707525059085	0.00710999771849693869	0.961892223237751532	0.0172467119821040523	0.907922191469348896	0.0525431195441716384	0.0789694340484254741	0.353774821697973833	0.018805834761076683	0.0769508990182707899	0.174167212709961303	0.134408249667195711	0.308457393904860071
T:	0.228616278554261747	0.0887606341384088739	0.54636417974055749	0.123852286767378955	0.710621787503562027	0.112846335972188437	0.871450763296427239	0.873673548438731957	0.277253789200832147	0.0213191459531001759	0.00956110448281664076	0.0214366745609348889	0.934248371312289863	0.0203846430742389647	0.0481965391281770487	0.0142262508758090562	0.125468686030540882	0.714726844189433548	0.442124373476721133	0.093412940529145966	0.21214497747364421	0.30667881004987257



3	TCACGT.AA	0.47039720747100766


A:	0.317584687668402301	0.0974191685241227022	0.0867299324741836481	0.0186147464187773678	0.169661286442343151	0.0987880138332206655	0.138921902248757637	0.0740907976075095235	0.0997726197455642566	0.742296815567184752	0.048869686110782977	0.040565120500730405	0.0262191259310519833	0.0928478102864317544	0.512108994201210563	0.497692788380736252	0.584049200677726978	0.0811780245706083363	0.77244006619953997	0.636320311558958574	0.203011005536694504	0.390458745312216504	0.199217074135306796
C:	0.264445234579925247	0.500657011093466065	0.469192986905101073	0.0990628376622614334	0.421860141722866986	0.121050928273099414	0.242608118173220201	0.15121841985967105	0.514136315996739734	0.0529941404134602456	0.865395080887573539	0.0363119601151331645	0.244542896314584209	0.030608634467233746	0.0878356691279233446	0.117737808424483861	0.246281406241305114	0.0878384492188044943	0.113874215604531001	0.0934282796624935988	0.151586664801642266	0.0939385676577218747	0.205655167288021608
G:	0.212117654711056454	0.0458822666377230783	0.0632763754962234328	0.436494283946076115	0.186029901313632629	0.374198196285568453	0.0962657142416759846	0.0532288702734301915	0.101247274011197074	0.189974932316327181	0.0328602700738600582	0.908317455026140652	0.0743446615057812575	0.848457810043877525	0.168201937574153671	0.232922929623780888	0.0594990920528066484	0.81546436801413178	0.0803360079378118287	0.181177562411014008	0.234346245046022486	0.35606617871820849	0.391845963434192338
T:	0.205852423040615998	0.356041553744688154	0.380800705124491847	0.445828131972885083	0.222448670521157234	0.405962861608111467	0.522204265336346178	0.721461912259389235	0.284843790246498935	0.0147341117030278207	0.0528749629277834259	0.0148054643579957783	0.65489331624858255	0.0280857452024569746	0.231853399096712421	0.151646473570998999	0.110170301028161259	0.0155191581964553894	0.0333497102581172008	0.0890738463675338193	0.411056084615640743	0.159536508311853132	0.203281795142479257



4	T.T.ACGTGA	0.467228522507320463


A:	0.587344246185875729	0.356298990718778811	0.366408429053115786	0.282260874507336097	0.222926393584465983	0.0945902791635623896	0.110170301028161259	0.216986960148872834	0.121534954512704101	0.135300310156228703	0.719819034834660533	0.0240425355874352606	0.0266028945466359695	0.0327831762483221348	0.257629944464383481	0.682332130782799688	0.325758052224992443	0.202209597083410375	0.3027112881630143	0.319296770545967485	0.231941690447034437	0.0672963950535026601
C:	0.0608469624305647328	0.125069495716850886	0.292626222732134983	0.177603357787522366	0.386073509440518073	0.170439001319300411	0.0594990920528066484	0.158718632191340916	0.0973706145075366425	0.348410038802024198	0.165477919358776012	0.922086102236218622	0.0238993637738361528	0.108304735066945255	0.0570085885520970934	0.0675341461310907537	0.109885760443858931	0.191033884078935483	0.317589656900749319	0.306230169163886361	0.171822702264646092	0.0399799137915664009
G:	0.21975960216412853	0.371162527395384327	0.232899719040651297	0.295957227415823968	0.102010380488175624	0.258713818974191162	0.246281406241305114	0.120682114261326336	0.16791441854027492	0.240998539764561197	0.0884262432480710256	0.0140755225139656303	0.899879196914198992	0.0356188854419305761	0.621691167437987044	0.107962065522888014	0.329211938594273339	0.500645119482096888	0.268279437154904865	0.119429384103600028	0.357488736660576613	0.805109463342794303
T:	0.132049189219431008	0.147468986168985977	0.108065629174097934	0.244178540289317569	0.28898971648684032	0.476256900542946037	0.584049200677726978	0.503612293398459914	0.613180012439484336	0.275291111277185901	0.0262768025584924298	0.039795839662380487	0.049618544765328886	0.823293203242802034	0.0636702995455323815	0.142171657563221545	0.235144248736875286	0.106111399355557255	0.111419617781331516	0.255043676186546126	0.238746870627742858	0.0876142278121366361



5	T..ACGTGAA	0.464838618955448575


A:	0.310371413187347171	0.158448064285488363	0.35760427679188478	0.187967662466502697	0.102847481022776998	0.168363282327840984	0.049040338096294165	0.235163819343215834	0.17398814602086829	0.942260329610467242	0.00949129992546165271	0.00925343872181966923	0.013458059691373871	0.026839685623336208	0.931019693624227512	0.910305475540972341	0.615915120526836454	0.537595109363757385	0.146968563485569309	0.31064216753304228	0.497505804364156374	0.0844592950463275999	0.0706323848949157787
C:	0.167158459014882318	0.578982838996915563	0.144098923776201454	0.314113449816857234	0.308654185140738176	0.0467617383698020983	0.023646665715268702	0.0780590275549473346	0.372672838465606038	0.027880110141970106	0.973193505899162869	0.00255203061281527291	0.0342609044718823392	0.044853479833075931	0.0128896469938684448	0.0297493390821720658	0.193188070882344925	0.140037639904834823	0.421160323570600606	0.0434387110622281841	0.0361174664650773517	0.285514182978759832	0.317184212548340741
G:	0.398053394426131835	0.115010997274492395	0.223668092333196673	0.266843761337271805	0.0456280196863063401	0.569466476714486181	0.0356361295477606273	0.207693610758974176	0.131525880038314013	0.0238835002855760151	0.00520472008215686465	0.978550891499207959	0.00475986700247360038	0.907922191469348896	0.0437592563908012608	0.0451688807236094569	0.0924841390017391707	0.180622187905708177	0.230435490358771625	0.465120501116396471	0.441754350333963519	0.485882653802550743	0.172651378492622786
T:	0.124416733371638676	0.147558099443103678	0.274628707098717093	0.231075126379368265	0.542870314150178485	0.215408502587870737	0.891676866640676506	0.479083542342862656	0.321813135475211659	0.00597605996198663672	0.0121104740932186137	0.00964363916615709875	0.94752116883427019	0.0203846430742389647	0.0123314029911027821	0.0147763046532461359	0.0984126695890794499	0.141745062825699615	0.20143562258505846	0.180798620288333065	0.0246223788368027553	0.144143868172361825	0.439532024064120694



