1	ACGT.ACGT	0.496626014253032473


A:	0.258051189703225644	0.22182337703570827	0.301128666981199023	0.119805311289574836	0.251054379137730944	0.0316069417890921042	0.131757728750288575	0.839029673921807742	0.0124326384740875407	0.0147843557896133247	0.00351892964347558597	0.0779513522248049026	0.909100760529491724	0.0170793933364230589	0.0165791898635340607	0.00686824920558476333	0.646702592127719509	0.366706893416112183	0.275506126073049216	0.0954639403791187237	0.233629915618017999	0.127047005661076441	0.417106544633666813
C:	0.258512352542852514	0.108463265358245197	0.153325601201639661	0.274474218324749623	0.464663282474790241	0.177290794794469256	0.147779259724596502	0.0187081666449158185	0.926844527420115021	0.00599838190181488293	0.0762524772277655645	0.156652683971554282	0.0111278325992671253	0.962137868972148733	0.0441436442422633778	0.135393910227691677	0.172853767342689003	0.278185877493977969	0.242759539609124087	0.157536337571442639	0.313666958824323071	0.507640745857270106	0.105854145093943972
G:	0.211674439548529497	0.521205450841363605	0.489610495214145751	0.404036173073160668	0.186499855505037298	0.139895745969961818	0.439541791231169869	0.135393910227691677	0.0441436442422633778	0.962137868972148733	0.0111278325992671253	0.415400726676223943	0.0762524772277655645	0.00599838190181488293	0.926844527420115021	0.0187081666449158185	0.0526683626384554778	0.250187017351572089	0.262580767139499476	0.34883032784178086	0.188205251979767292	0.138334889361132447	0.0947916671354619804
T:	0.271762018205392345	0.148507906764682928	0.055935236603015565	0.201684297312514872	0.0977824828824415163	0.651206517446476822	0.280921220293945053	0.00686824920558476333	0.0165791898635340607	0.0170793933364230589	0.909100760529491724	0.349995237127416872	0.00351892964347558597	0.0147843557896133247	0.0124326384740875407	0.839029673921807742	0.12777527789113601	0.104920211738337759	0.219153567178327222	0.398169394207657777	0.264497873577891638	0.226977359120521006	0.382247643136927235



2	ACGTACGT	0.496134871005247777


A:	0.217556977915479399	0.0903930048319156708	0.166164721134142538	0.189965012605376241	0.249650290418210059	0.135839401104736519	0.222746572282905905	0.784658537646203548	0.00539844912863821344	0.00215601448075697332	0.0056574255015198487	0.956827399179865885	0.0150614325893795735	0.026662129399336033	0.0163790081377160922	0.427029175907912888	0.317350667461247189	0.415401773666159646	0.13188811584651368	0.251710605575585919	0.27096795778799324	0.365719854307405978
C:	0.335106814332810817	0.116476853700186839	0.25660044887536471	0.107884570036937071	0.137791988479883896	0.125687132589547253	0.0915218326436063316	0.0106436623759251783	0.962939433265943959	0.00728478981442588316	0.0309857739508445473	0.00652940136776971871	0.97549776311543757	0.00499998820608179411	0.188318791840155181	0.299068245840737757	0.312701712010227646	0.250532935309931356	0.206249008726462782	0.189223155709808697	0.441929418836429463	0.131692727795080525
G:	0.236079622959437119	0.296156229294375046	0.32874215123033678	0.451856101895712004	0.328605590624699719	0.581234064789016391	0.428659983780518241	0.188318791840155181	0.00499998820608179411	0.97549776311543757	0.00652940136776971871	0.0309857739508445473	0.00728478981442588316	0.962939433265943959	0.0106436623759251783	0.19564405762067824	0.278625549252210822	0.187588617955896299	0.462051951081874557	0.36437123513569166	0.148142898420312425	0.373735620803659663
T:	0.211256584792272665	0.496973912173522444	0.248492678760155971	0.250294315461974685	0.283952130477206326	0.157239401516699837	0.257071611292969523	0.0163790081377160922	0.026662129399336033	0.0150614325893795735	0.956827399179865885	0.0056574255015198487	0.00215601448075697332	0.00539844912863821344	0.784658537646203548	0.0782585206306711147	0.0913220712763143433	0.1464766730680127	0.199810924345148982	0.194695003578913724	0.138959724955264872	0.128851797093853834



3	ACGTACG..C	0.494817595153430792


A:	0.128851797093853834	0.138959724955264872	0.194695003578913724	0.199810924345148982	0.1464766730680127	0.0913220712763143433	0.0782585206306711147	0.850748981014981161	0.00511274063536108825	0.00470710375564001022	0.00293239308639970588	0.88844504709674075	0.0654577676432995194	0.116495224605461031	0.0163790081377160922	0.257071611292969523	0.157239401516699837	0.283952130477206326	0.250294315461974685	0.248492678760155971	0.496973912173522444	0.211256584792272665	0.110493356836991232
C:	0.373735620803659663	0.148142898420312425	0.36437123513569166	0.462051951081874557	0.187588617955896299	0.278625549252210822	0.19564405762067824	0.0117317552459097942	0.974016903180480099	0.00920796590261318369	0.253688533888727796	0.025318947485253062	0.910049774473909342	0.0201241872428646069	0.188318791840155181	0.428659983780518241	0.581234064789016391	0.328605590624699719	0.451856101895712004	0.32874215123033678	0.296156229294375046	0.236079622959437119	0.492695884434020762
G:	0.131692727795080525	0.441929418836429463	0.189223155709808697	0.206249008726462782	0.250532935309931356	0.312701712010227646	0.299068245840737757	0.129048754853569692	0.00747947566018279034	0.961371776363813658	0.00424995059375451668	0.0710693913733262616	0.0152208344678853917	0.851161216788951906	0.0106436623759251783	0.0915218326436063316	0.125687132589547253	0.137791988479883896	0.107884570036937071	0.25660044887536471	0.116476853700186839	0.335106814332810817	0.189735155790718363
T:	0.365719854307405978	0.27096795778799324	0.251710605575585919	0.13188811584651368	0.415401773666159646	0.317350667461247189	0.427029175907912888	0.00847050888553935299	0.0133908805239760222	0.0247131539779331484	0.739129122431117981	0.0151666140446799268	0.00927162341490574677	0.0122193713627224564	0.784658537646203548	0.222746572282905905	0.135839401104736519	0.249650290418210059	0.189965012605376241	0.166164721134142538	0.0903930048319156708	0.217556977915479399	0.207075602938269643



4	G.CGTACG.C	0.494190161128392502


A:	0.160813437859664394	0.231043679630960775	0.0688496029919748578	0.167000272772069178	0.199755485702217732	0.563908598396734736	0.0657425573069857925	0.0743718976893857631	0.749695329493789332	0.0100945548516596734	0.0065558951672780326	0.00323695657546959249	0.927724788614820436	0.0382861870233715164	0.024199160466006334	0.0139998028120119651	0.176018091917538268	0.133447291803788425	0.267293368866992134	0.0779444806378691131	0.169706510041279643	0.210433890335028377	0.267646107375852082
C:	0.31528452207418481	0.325484274159724374	0.398505122079790105	0.327480739406625267	0.135461590819539331	0.0492686103000716079	0.594582056622379016	0.0399980473604948586	0.111221638595732965	0.950812711433940938	0.0147867725362152543	0.0642160695112076536	0.00482218529850231814	0.940371145273135197	0.0148935732483930548	0.169611483220987847	0.70961196303258111	0.165147483773842363	0.257090098528893815	0.544456176750407114	0.29407655842392421	0.14492886792492206	0.306710937821085882
G:	0.230142797449037207	0.305798748852167788	0.238716123202830442	0.388084981261661175	0.304802425042429733	0.289488686355844805	0.221219074933116789	0.70961196303258111	0.108128164160261144	0.0148935732483930548	0.940371145273135197	0.00482218529850231814	0.0642160695112076536	0.0147867725362152543	0.950812711433940938	0.0371731240960398824	0.0399980473604948586	0.562509712556627313	0.0961918335017202828	0.288809369561983636	0.487810135532636618	0.349389445897698213	0.243461451599861048
T:	0.293759242617113589	0.137673297357147063	0.293929151725404596	0.117434006559644379	0.359980498435813204	0.0973341049473488504	0.118456311137518402	0.176018091917538268	0.0309548677502165589	0.024199160466006334	0.0382861870233715164	0.927724788614820436	0.00323695657546959249	0.0065558951672780326	0.0100945548516596734	0.779215589870960306	0.0743718976893857631	0.138895511865741898	0.379424699102393768	0.0887899730497401371	0.0484067960021595292	0.29524779584235135	0.182181503203200988



5	TGACGTCA	0.494128974916057673


A:	0.341525183126065304	0.220668909863968499	0.100724396941567045	0.16431509891737173	0.402895646643031132	0.125555585423279115	0.156734565998134901	0.0181994305912351831	0.0170347612523676222	0.957852227082368586	0.00272200910627573309	0.00604099337732492839	0.000399322067073961743	0.216326837738994593	0.837544795003148517	0.216492670456418747	0.337990991830006583	0.271966004524809607	0.178987885027170872	0.0978530066207830365	0.282265820665809352	0.204139869643734953
C:	0.39294652913106279	0.165954983067701173	0.360937338095099987	0.114694711393435439	0.314229062878454773	0.398164876393439447	0.107969582770761663	0.0959141741715473441	0.00837359415988139713	0.00910542774100278295	0.98832003517689185	0.00291696233950748868	0.0326430231095546692	0.758264806848756388	0.0483416002340689559	0.538021819172980843	0.148580992484146184	0.120931275898720541	0.29772053553107608	0.163228652910769089	0.104068890999477376	0.192771886574398569
G:	0.154430892259659531	0.19218603389908799	0.28483791821776207	0.364591213415874113	0.139909166577895171	0.257114375981375362	0.401074775056688039	0.0483416002340689559	0.758264806848756388	0.0326430231095546692	0.00291696233950748868	0.98832003517689185	0.00910542774100278295	0.00837359415988139713	0.0959141741715473441	0.140973937081347335	0.408773360168032765	0.155241513229633996	0.471656301703890245	0.540247317423387752	0.144735200928586763	0.246439525717068944
T:	0.111097395483212374	0.421190073169242338	0.253500346745570898	0.356398976273318719	0.142966123900618923	0.219165162201906076	0.334221076174415397	0.837544795003148517	0.216326837738994593	0.000399322067073961743	0.00604099337732492839	0.00272200910627573309	0.957852227082368586	0.0170347612523676222	0.0181994305912351831	0.104511573289253076	0.104654655517814467	0.451861206346835856	0.0516352777378628036	0.198671023045060123	0.468930087406126509	0.356648718064797534



