1	GGGCCCAC	0.499012199338173557


A:	0.119168540829059788	0.290931128486579146	0.155045871451019556	0.338822629071092739	0.361700536556401433	0.157909300029870138	0.0251729290596892971	0.00783621645829662485	0.00889791588139093573	0.0150006186686143781	0.00478903885183732135	0.0062966764822668856	0.00217106249225138809	0.955797988185888674	0.00195124911583547146	0.232305821570590944	0.228638215700821533	0.276893244838191571	0.250489398279484189	0.359106406781748996	0.347928422166525268	0.553089121016608249
C:	0.251684532986940153	0.489843638853688607	0.124478495879351196	0.0822517712040697152	0.102946095243784427	0.373264547813195984	0.166499324286078905	0.000976931244771356736	0.00113153955218952525	0.123771209939383632	0.973484785630320294	0.989782911825104334	0.99017154050711576	0.00565525838850498865	0.970509988291301889	0.530800179519776464	0.14026923947109682	0.21618240016019046	0.330983160680332367	0.351701153293632366	0.0980639057370374453	0.204825598799754843
G:	0.170904335080412229	0.0444016607303936777	0.0923291403061089062	0.281561048248321346	0.331028852045687495	0.195033542776868858	0.531172607052825297	0.971416003198688657	0.987168726605339921	0.82375846909917284	0.00510535725765873345	0.0017704797834108519	0.00142960388517751619	0.0371062077549011727	0.0187018138694172949	0.0389513450318184078	0.46843981920305024	0.327036039843726594	0.23105102055853635	0.0963884131049290458	0.171070477640952016	0.0705220730314292888
T:	0.45824259110358783	0.17482357192933857	0.628146492363520341	0.2973645514765162	0.204324516154126645	0.27379260938006502	0.277155139601406501	0.0197708490982433614	0.00280181796107961766	0.0374697022928291508	0.0166208182601836513	0.00214993190921792866	0.00622779311545533544	0.00144054567070516454	0.00883694872344534495	0.197942653877814184	0.162652725625031407	0.179888315157891375	0.187476420481647095	0.192804026819689592	0.382937194455485271	0.17156320715220762



2	GGG.CCCAC	0.498705981133007359


A:	0.0335147652485437833	0.119168540829059788	0.290931128486579146	0.155045871451019556	0.338822629071092739	0.361700536556401433	0.157909300029870138	0.0251729290596892971	0.00515866036232943145	0.0193931858390272185	0.0150006186686143781	0.00448233191251915879	0.00284166735901258155	0.00296145036754185641	0.857676556078896647	0.00550388299862866492	0.232305821570590944	0.228638215700821533	0.276893244838191571	0.250489398279484189	0.359106406781748996	0.347928422166525268	0.553089121016608249
C:	0.323238427794894954	0.251684532986940153	0.489843638853688607	0.124478495879351196	0.0822517712040697152	0.102946095243784427	0.373264547813195984	0.166499324286078905	0.00141479928062859251	0.00312677022507901113	0.123771209939383632	0.979468611908835806	0.99048586272200383	0.987993953877621297	0.00810187523260763447	0.974156591265762174	0.530800179519776464	0.14026923947109682	0.21618240016019046	0.330983160680332367	0.351701153293632366	0.0980639057370374453	0.204825598799754843
G:	0.0383249254787765649	0.170904335080412229	0.0444016607303936777	0.0923291403061089062	0.281561048248321346	0.331028852045687495	0.195033542776868858	0.531172607052825297	0.981413797001826849	0.969150372277385457	0.82375846909917284	0.0036997355203537151	0.00369868139700985028	0.0029725866309586778	0.129892941226239978	0.0095902197596366454	0.0389513450318184078	0.46843981920305024	0.327036039843726594	0.23105102055853635	0.0963884131049290458	0.171070477640952016	0.0705220730314292888
T:	0.604921881477784698	0.45824259110358783	0.17482357192933857	0.628146492363520341	0.2973645514765162	0.204324516154126645	0.27379260938006502	0.277155139601406501	0.0120127433552151272	0.00832967165850831294	0.0374697022928291508	0.0123493206582913204	0.00297378852197373806	0.00607200912387816919	0.0043286274622557406	0.0107493059759725155	0.197942653877814184	0.162652725625031407	0.179888315157891375	0.187476420481647095	0.192804026819689592	0.382937194455485271	0.17156320715220762



3	GTGGG.CCA	0.498373421576859123


A:	0.17156320715220762	0.382937194455485271	0.192804026819689592	0.187476420481647095	0.179888315157891375	0.162652725625031407	0.197942653877814184	0.0121379093848232664	0.00597228297700301546	0.00923655125238033149	0.00781566721584835978	0.00419600503842460458	0.0374697022928291508	0.00547403691383471912	0.0048676735426423293	0.277155139601406501	0.27379260938006502	0.204324516154126645	0.2973645514765162	0.628146492363520341	0.17482357192933857	0.45824259110358783	0.604921881477784698
C:	0.0705220730314292888	0.171070477640952016	0.0963884131049290458	0.23105102055853635	0.327036039843726594	0.46843981920305024	0.0389513450318184078	0.0136376370825029055	0.021448826442470206	0.00153551663337852339	0.00129744503545678014	0.0025732773859059997	0.823758469099172839	0.974928330126107575	0.978469404612368558	0.531172607052825297	0.195033542776868858	0.331028852045687495	0.281561048248321346	0.0923291403061089062	0.0444016607303936776	0.170904335080412229	0.0383249254787765649
G:	0.204825598799754843	0.0980639057370374454	0.351701153293632366	0.330983160680332367	0.21618240016019046	0.14026923947109682	0.530800179519776464	0.969428553947375743	0.0103034455991648598	0.984175019828600314	0.986630448732937536	0.98631712996202115	0.123771209939383632	0.00542450799092967076	0.00103503020271110245	0.166499324286078905	0.373264547813195984	0.102946095243784427	0.0822517712040697152	0.124478495879351196	0.489843638853688607	0.251684532986940153	0.323238427794894954
T:	0.553089121016608249	0.347928422166525268	0.359106406781748996	0.250489398279484189	0.276893244838191571	0.228638215700821533	0.232305821570590944	0.00479589958529808538	0.962275444981361919	0.00505291228564083073	0.00425643901575732439	0.00691358761364824538	0.0150006186686143781	0.0141731249691280352	0.0156278916422780099	0.0251729290596892971	0.157909300029870138	0.361700536556401433	0.338822629071092739	0.155045871451019556	0.290931128486579146	0.119168540829059788	0.0335147652485437833



4	GG.CCCACC	0.498255914456462686


A:	0.119168540829059788	0.290931128486579146	0.155045871451019556	0.338822629071092739	0.361700536556401433	0.157909300029870138	0.0251729290596892971	0.0104304588809969988	0.0124375728595524395	0.0150006186686143781	0.00549715749134956202	0.00235688726480659904	0.00174788042740756011	0.958477798921743368	0.00490609398800800612	0.232305821570590944	0.228638215700821533	0.276893244838191571	0.250489398279484189	0.359106406781748996	0.347928422166525268	0.553089121016608249	0.339906971830896563
C:	0.251684532986940153	0.489843638853688607	0.124478495879351196	0.0822517712040697152	0.102946095243784427	0.373264547813195984	0.166499324286078905	0.00130689759773703337	0.00303008204423285183	0.123771209939383632	0.983617737079030149	0.990884466452766197	0.987517352948088484	0.0024222834136542844	0.979475541885120908	0.530800179519776464	0.14026923947109682	0.21618240016019046	0.330983160680332367	0.351701153293632366	0.0980639057370374453	0.204825598799754843	0.231479481324088123
G:	0.170904335080412229	0.0444016607303936777	0.0923291403061089062	0.281561048248321346	0.331028852045687495	0.195033542776868858	0.531172607052825297	0.977131243327942498	0.981456497559969151	0.82375846909917284	0.00201968414040517748	0.00387346812855033807	0.00173605876943156362	0.0353357576299514043	0.011222386721701472	0.0389513450318184078	0.46843981920305024	0.327036039843726594	0.23105102055853635	0.0963884131049290458	0.171070477640952016	0.0705220730314292888	0.177558774774331137
T:	0.45824259110358783	0.17482357192933857	0.628146492363520341	0.2973645514765162	0.204324516154126645	0.27379260938006502	0.277155139601406501	0.0111314001933234697	0.00307584753624555771	0.0374697022928291508	0.00886542128921511188	0.00288517815387686583	0.0089987078550723921	0.00376416003465094365	0.00439597740516961407	0.197942653877814184	0.162652725625031407	0.179888315157891375	0.187476420481647095	0.192804026819689592	0.382937194455485271	0.17156320715220762	0.251054772070684178



5	GGCCCCAC	0.498234219105008397


A:	0.119168540829059788	0.290931128486579146	0.155045871451019556	0.338822629071092739	0.361700536556401433	0.157909300029870138	0.0251729290596892971	0.00785750852775228431	0.0344239274494566284	0.0150006186686143781	0.00598666472093011166	0.0026069233669004258	0.0058450123051353487	0.975027543057435242	0.00578644229152923778	0.232305821570590944	0.228638215700821533	0.276893244838191571	0.250489398279484189	0.359106406781748996	0.347928422166525268	0.553089121016608249
C:	0.251684532986940153	0.489843638853688607	0.124478495879351196	0.0822517712040697152	0.102946095243784427	0.373264547813195984	0.166499324286078905	0.00258156806314170918	0.0120973437821888426	0.123771209939383632	0.989193783602540041	0.990087823428468897	0.987857085103037122	0.00557946607936756892	0.974385790144125586	0.530800179519776464	0.14026923947109682	0.21618240016019046	0.330983160680332367	0.351701153293632366	0.0980639057370374453	0.204825598799754843
G:	0.170904335080412229	0.0444016607303936777	0.0923291403061089062	0.281561048248321346	0.331028852045687495	0.195033542776868858	0.531172607052825297	0.97227300770663858	0.903744897248650462	0.82375846909917284	0.0015172511854406328	0.00191281930173572467	0.00344503463950809859	0.0132540992193771141	0.00353615765623345931	0.0389513450318184078	0.46843981920305024	0.327036039843726594	0.23105102055853635	0.0963884131049290458	0.171070477640952016	0.0705220730314292888
T:	0.45824259110358783	0.17482357192933857	0.628146492363520341	0.2973645514765162	0.204324516154126645	0.27379260938006502	0.277155139601406501	0.0172879157024674268	0.0497338315197040669	0.0374697022928291508	0.00330230049108921465	0.00539243390289495208	0.0028528679523194304	0.00613889164382007534	0.016291609908111717	0.197942653877814184	0.162652725625031407	0.179888315157891375	0.187476420481647095	0.192804026819689592	0.382937194455485271	0.17156320715220762



