1	ACGTACGT	0.497833564860752795


A:	0.874651618844560314	0.211568720459537228	0.495614578726635732	0.0969793949321878258	0.198866545477981855	0.103441962801738827	0.13553471559689763	0.815217925180792786	0.00976952440377436015	0.00830242332649185585	0.00415406706745793616	0.8804823801689918	0.00968897966183647147	0.0445238130924899445	0.0436795977250429411	0.324217152282799534	0.436293960021415502	0.0888335932576665948	0.579582179476245351	0.415509443402118996	0.136587947604242061	0.0434914186949023231
C:	0.0515857029815872099	0.116842704213424061	0.355340651181666777	0.0555886022419561185	0.513084088017750854	0.240637562222001932	0.0680153792895600812	0.0385643867592586488	0.940390240313929334	0.0108407301022645256	0.110696220252961306	0.00466733251058895786	0.971167866909407147	0.00531642218980636157	0.102538090334905624	0.526772257856752517	0.246085707150029923	0.0988038718561655359	0.271120497621798122	0.0949471066480966628	0.180891208574392553	0.126514364516679196
G:	0.0509585064324334878	0.489568398824438653	0.0473578051797347032	0.641026532225078149	0.114548171495214419	0.285998278705863416	0.375164785778493752	0.102538090334905624	0.00531642218980636157	0.971167866909407147	0.00466733251058895786	0.110696220252961306	0.0108407301022645256	0.940390240313929334	0.0385643867592586488	0.082213669277894926	0.261669843116115193	0.559590195735558747	0.118429487872949217	0.105328583919009382	0.0920415254551532829	0.732448680569938359
T:	0.0228041717414189885	0.182020176502600058	0.101686964911962788	0.206405470600777907	0.173501195009052872	0.369922196270395825	0.421285119335048537	0.0436795977250429411	0.0445238130924899445	0.00968897966183647147	0.8804823801689918	0.00415406706745793616	0.00830242332649185585	0.00976952440377436015	0.815217925180792786	0.0667969205825530231	0.0559504897124393811	0.252772339150609123	0.0308678350290073104	0.38421486603077496	0.590479318366212103	0.0975455362184801229



2	GTACGTAC	0.497612373486802937


A:	0.40543089027371287	0.39200437638490026	0.0688618801235232558	0.00424608940243108496	0.233747282316741311	0.137297795346595603	0.0993077335127498911	0.0149596130193190217	0.0146296960983916688	0.880147667004345172	0.00452503039973459728	0.00805584803520817503	0.00232312964691280288	0.93161611180052021	0.0352716602398384793	0.0535520471089246205	0.141233015313546804	0.359817344888597142	0.119660492468871817	0.0235940933350298084	0.199053768213624582	0.182363092492383472
C:	0.225796232495251384	0.0649039560712039182	0.180494453984481808	0.00308389970348533823	0.697201445238216006	0.0970970972121195488	0.695003519827062789	0.0366172786566974456	0.0476081716002384328	0.00307158696972305909	0.985350713211022269	0.00206840835403495841	0.114457616379018966	0.00614602050084968879	0.913151448084145053	0.0266120420720197332	0.497282181568587675	0.138204010063012457	0.624565645287679801	0.314004753287529696	0.567098326392862699	0.221234591220539825
G:	0.192123152813833213	0.216583998276959984	0.684393750996054887	0.899743173410233228	0.0146127082050084189	0.186625105180160483	0.0506174361062618047	0.913151448084145053	0.00614602050084968879	0.114457616379018966	0.00206840835403495841	0.985350713211022269	0.00307158696972305909	0.0476081716002384328	0.0366172786566974456	0.859263165537554826	0.0894546453035525344	0.0931735353036885306	0.127886931121724191	0.636725374023398402	0.114849689064686874	0.240838301929134933
T:	0.176649724417202533	0.326507669266935837	0.0662499148959400485	0.0929268374838503488	0.0544385642400342643	0.578980002261124366	0.155071310553925515	0.0352716602398384793	0.93161611180052021	0.00232312964691280288	0.00805584803520817503	0.00452503039973459728	0.880147667004345172	0.0146296960983916688	0.0149596130193190217	0.0605727452815008204	0.272030157814312987	0.40880510974470187	0.127886931121724191	0.0256757793540420937	0.118998216328825845	0.355564014357941769



3	CGTACGTC	0.497253792578622595


A:	0.211568720459537228	0.495614578726635732	0.0969793949321878258	0.198866545477981855	0.103441962801738827	0.13553471559689763	0.815217925180792786	0.0222612338659134227	0.0142115173595622017	0.0144066181412642467	0.832518741012084994	0.00708260176157560217	0.00738909853572235299	0.00998658051699627429	0.324217152282799534	0.436293960021415502	0.0888335932576665948	0.579582179476245351	0.415509443402118996	0.136587947604242061	0.0434914186949023231	0.360721111125365504
C:	0.116842704213424061	0.355340651181666777	0.0555886022419561185	0.513084088017750854	0.240637562222001932	0.0680153792895600812	0.0385643867592586488	0.83256205913132631	0.00957775796565957505	0.0155952295939423664	0.0028392685769431637	0.987150768766987359	0.0019514989023997289	0.024012694977222637	0.526772257856752517	0.246085707150029923	0.0988038718561655359	0.271120497621798122	0.0949471066480966628	0.180891208574392553	0.126514364516679196	0.295247271290984193
G:	0.489568398824438653	0.0473578051797347032	0.641026532225078149	0.114548171495214419	0.285998278705863416	0.375164785778493752	0.102538090334905624	0.00788996548029367126	0.950560938510109327	0.0668566534601630513	0.163022335976502687	0.00171444562252185106	0.985821534438609454	0.020543281626779843	0.082213669277894926	0.261669843116115193	0.559590195735558747	0.118429487872949217	0.105328583919009382	0.0920415254551532829	0.732448680569938359	0.194592339940186028
T:	0.182020176502600058	0.101686964911962788	0.206405470600777907	0.173501195009052872	0.369922196270395825	0.421285119335048537	0.0436795977250429411	0.137286741522466597	0.0256497861646688963	0.903141498804630336	0.00161965443446915609	0.00405218384891518812	0.00483786812326846461	0.945457442879001246	0.0667969205825530231	0.0559504897124393811	0.252772339150609123	0.0308678350290073104	0.38421486603077496	0.590479318366212103	0.0975455362184801229	0.149439277643464275



4	ACGTACG.A	0.496072592519066289


A:	0.0975455362184801229	0.590479318366212103	0.38421486603077496	0.0308678350290073104	0.252772339150609123	0.0559504897124393811	0.0667969205825530231	0.881302120605219476	0.00961321666504369326	0.00543583412981794484	0.00287279919350448311	0.935374914319464828	0.0297163996309499952	0.128571907541608786	0.0436795977250429411	0.421285119335048537	0.369922196270395825	0.173501195009052872	0.206405470600777907	0.101686964911962788	0.182020176502600058	0.0228041717414189885	0.402531271298102172
C:	0.732448680569938359	0.0920415254551532829	0.105328583919009382	0.118429487872949217	0.559590195735558747	0.261669843116115193	0.082213669277894926	0.0431963842525414287	0.975359486960693253	0.00606641915396926245	0.119075355532585296	0.00974110999153337833	0.941553683235068443	0.0088043270356482804	0.102538090334905624	0.375164785778493752	0.285998278705863416	0.114548171495214419	0.641026532225078149	0.0473578051797347032	0.489568398824438653	0.0509585064324334878	0.14820410429237978
G:	0.126514364516679196	0.180891208574392553	0.0949471066480966628	0.271120497621798122	0.0988038718561655359	0.246085707150029923	0.526772257856752517	0.0635510831021924086	0.00314298577096481394	0.983052000301662664	0.00231148125877926421	0.0380324059470019715	0.0140603518971864641	0.852483069367668241	0.0385643867592586488	0.0680153792895600812	0.240637562222001932	0.513084088017750854	0.0555886022419561185	0.355340651181666777	0.116842704213424061	0.0515857029815872099	0.391869421462942647
T:	0.0434914186949023231	0.136587947604242061	0.415509443402118996	0.579582179476245351	0.0888335932576665948	0.436293960021415502	0.324217152282799534	0.0119504120400466866	0.0118843106032982398	0.00544574641455012902	0.875740364015130957	0.0168515697419998224	0.0146695652367950979	0.0101406960550746924	0.815217925180792786	0.13553471559689763	0.103441962801738827	0.198866545477981855	0.0969793949321878258	0.495614578726635732	0.211568720459537228	0.874651618844560314	0.0573952029465754004



5	G..TACGTAC	0.495556658395368073


A:	0.0668099167325422537	0.117444002101200313	0.193384882258148835	0.0332100138751149742	0.0231263153067459302	0.426595463952146705	0.108170285062898069	0.130974492664900641	0.0149596130193190217	0.0881474257379134003	0.85145513300784108	0.00228460314023863027	0.0108611948938215522	0.00327816743218212939	0.864350082294451724	0.0873031865806567281	0.259314653920433682	0.338350388638325543	0.229914504982379098	0.10549009408771099	0.0649814481014217791	0.449776091683913212	0.193762891231101554
C:	0.578767463981479829	0.674100112409367305	0.0501169475645741048	0.644030772899129416	0.00349037896891232721	0.0810280482994553512	0.066149588538058943	0.405347877865015884	0.0366172786566974456	0.0712457429390772621	0.0021425356231087425	0.989221758650065958	0.00335061801032678167	0.232047430538378266	0.0177465967053666981	0.842646614830630005	0.0226287462415843854	0.35080671605952451	0.284373632774497286	0.80220243400717455	0.6577127539780555	0.24056159525075747	0.143435523709836267
G:	0.168295587459730206	0.143658339459903342	0.27745266593773677	0.272462777430729244	0.371681955410638361	0.134544766073841579	0.635205433754780483	0.121264566120555718	0.913151448084145053	0.145721841887071098	0.145420061700964689	0.00158935014671804246	0.982223621270770441	0.00568333449993992473	0.0845601740402489331	0.0515059353733552992	0.624816437491626517	0.180826893369695836	0.264411692976058656	0.0212430223578052753	0.088072318992707219	0.036946891238758175	0.160298851645731951
T:	0.186127031826247711	0.0647975460295290404	0.47904550423954029	0.0502964357950263651	0.601701350313703382	0.357831721674556364	0.190474692644262505	0.342413063349527757	0.0352716602398384793	0.69488498943593824	0.000982269668085489014	0.00690428806297736902	0.00356456582508122544	0.75899106752949968	0.0333431469599326445	0.0185442632153579682	0.0932401623463554155	0.130016001932454111	0.22130016926706496	0.0710644495473091841	0.189233478927815502	0.272715421826571143	0.502502733413330228



