1	GGGCCCAC	0.499391202210200672


A:	0.456802304971579973	0.105777018456152968	0.767542139541701429	0.011890902814180425	0.415597080463636897	0.128382025969850716	0.0144947231193316281	0.00286208608621196853	0.00204783973517719243	0.00586310576003498599	0.00311075282558912926	0.00201296607637492872	0.00417539251794570073	0.984482385675256964	0.00132542895408638905	0.420710832405116807	0.0710983049960336602	0.181732277805016944	0.363600012073356448	0.391793022363803063	0.291540364158851254	0.177957328483301012
C:	0.0835146596267454409	0.215341256819828775	0.0807279609426741507	0.910801562072508212	0.0626309466486205733	0.226874335150833765	0.0354528198635921409	0.000408485745166730677	0.00156038537155022302	0.0380611477538383253	0.969181792461335775	0.992913596682814105	0.992124169873475707	0.00367039941080788101	0.981310187430793264	0.179657698195400208	0.19419753524728151	0.435679316858843479	0.223854372487790499	0.199191505487353885	0.286878132053531767	0.544013898336753614
G:	0.399899175634443619	0.262396698464396496	0.104290416729527968	0.045438168533309017	0.417171397375524072	0.21272225758707955	0.865006169635715634	0.971741817136530759	0.990682709964188987	0.94367024407821276	0.00257103152032432325	0.0029168824684293526	0.00155878584565461098	0.0104014594156949058	0.0117485609854593658	0.0555842098329190448	0.101510041564496867	0.182937228517462868	0.223854372487790499	0.146451316629084899	0.0204422021571109505	0.0218512716747945766
T:	0.0597838597672309672	0.416485026259621761	0.0474394827860964524	0.0318693665800023465	0.104600575512218458	0.432021381292235969	0.0850462873813605973	0.0249876110320905415	0.00570906492908359793	0.0124055024079139285	0.0251364231927507728	0.00215655477238161388	0.00214165176292398085	0.00144575549824024903	0.00561582262966098153	0.34404725956656394	0.633194118192187963	0.199651176818676709	0.188691242951062553	0.262564155519758153	0.401139301630506028	0.256177501505150797



2	GGG.CCCAC	0.49923904052936311


A:	0.11506867477973496	0.456802304971579973	0.105777018456152968	0.767542139541701429	0.011890902814180425	0.415597080463636897	0.128382025969850716	0.0144947231193316281	0.00394107990995800469	0.0168322444992900467	0.00586310576003498599	0.00401103072530241504	0.00633828034223859811	0.00749734423569893392	0.964348740391108507	0.00401657223931420055	0.420710832405116807	0.0710983049960336602	0.181732277805016944	0.363600012073356448	0.391793022363803063	0.291540364158851254	0.177957328483301012
C:	0.345964632344272059	0.0835146596267454409	0.215341256819828775	0.0807279609426741507	0.910801562072508212	0.0626309466486205733	0.226874335150833765	0.0354528198635921409	0.00138725977601835332	0.005676329047353883	0.0380611477538383253	0.974611952533429776	0.98633006545888003	0.980043765618427887	0.00315798048035398476	0.938506714114533557	0.179657698195400208	0.19419753524728151	0.435679316858843479	0.223854372487790499	0.199191505487353885	0.286878132053531767	0.544013898336753614
G:	0.121705095030363641	0.399899175634443619	0.262396698464396496	0.104290416729527968	0.045438168533309017	0.417171397375524072	0.21272225758707955	0.865006169635715634	0.976839648337353208	0.972530566984243708	0.94367024407821276	0.00553220095297793756	0.0048709059268448621	0.00296139442200490919	0.0281375123952916106	0.0166507334237345027	0.0555842098329190448	0.101510041564496867	0.182937228517462868	0.223854372487790499	0.146451316629084899	0.0204422021571109505	0.0218512716747945766
T:	0.417261597845629339	0.0597838597672309672	0.416485026259621761	0.0474394827860964524	0.0318693665800023465	0.104600575512218458	0.432021381292235969	0.0850462873813605973	0.0178320119766704344	0.00496085946911236261	0.0124055024079139285	0.0158448157882898714	0.00246074827203650929	0.00949749572386826982	0.00435576673324589789	0.0408259802224177402	0.34404725956656394	0.633194118192187963	0.199651176818676709	0.188691242951062553	0.262564155519758153	0.401139301630506028	0.256177501505150797



3	TGGG.CCCA	0.499181425807411817


A:	0.0502337975071141117	0.63986719447557666	0.283924901797140841	0.0380922849912446537	0.605422852415926872	0.0619563118368056586	0.0938227614877565385	0.0362492337638139355	0.0357037737266616963	0.0056760665009823885	0.0438021817392804705	0.0737853477394358222	0.00735875569215464233	0.0280412568229602676	0.0226225417267039548	0.798764378159064499	0.00401657223931420055	0.261459972123682543	0.21515865999657579	0.313114197224566373	0.946467592723007991	0.566023063277327669	0.353270027275968822
C:	0.178552214691545978	0.105101057584072264	0.163214848445304494	0.0758837569228567974	0.148233955922108525	0.0742772971930695594	0.0977631984594605479	0.12804906402535436	0.00716026855473040559	0.00765129549801752691	0.0130673372806184062	0.341378554262640847	0.935771725287946481	0.958631381178039817	0.934513415991903943	0.0369373240517672058	0.938506714114533557	0.294209533755029477	0.0389495571275560977	0.308358341222194652	0.00632857174187695794	0.119973477688655254	0.277721259278434165
G:	0.241908211671463529	0.156624249095440336	0.0674961114269736238	0.0236326319691689682	0.148630219469308421	0.5667437763554476	0.693576863524436875	0.0369373240517672058	0.934513415991903943	0.958631381178039817	0.935771725287946481	0.457173003749888938	0.0130673372806184062	0.00765129549801752691	0.00716026855473040559	0.12804906402535436	0.0166507334237345027	0.0713931824679445216	0.111901486893310797	0.189263730776619488	0.0237443592415725528	0.0530196335712538717	0.167388578292906635
T:	0.529305776129876382	0.0984074988449107399	0.485364138330581041	0.862391326116729581	0.0977129721926561817	0.297022614614677182	0.114837176528346038	0.798764378159064499	0.0226225417267039548	0.0280412568229602676	0.00735875569215464233	0.127663094248034394	0.0438021817392804705	0.0056760665009823885	0.0357037737266616963	0.0362492337638139355	0.0408259802224177402	0.372937311653343458	0.633990295982557316	0.189263730776619488	0.0234594762935424979	0.260983825462763206	0.201620135152690378



4	GG.CCCACA	0.498141967343292471


A:	0.456802304971579973	0.105777018456152968	0.767542139541701429	0.011890902814180425	0.415597080463636897	0.128382025969850716	0.0144947231193316281	0.00906715428628698995	0.0169486396910953291	0.00586310576003498599	0.0093558576083050511	0.00508769636001252074	0.00770884163198250249	0.9521169627251495	0.00894748581509118178	0.420710832405116807	0.0710983049960336602	0.181732277805016944	0.363600012073356448	0.391793022363803063	0.291540364158851254	0.177957328483301012	0.172103044165644985
C:	0.0835146596267454409	0.215341256819828775	0.0807279609426741507	0.910801562072508212	0.0626309466486205733	0.226874335150833765	0.0354528198635921409	0.00185909097379316412	0.00198600504792311482	0.0380611477538383253	0.969859007054338238	0.98483458021091552	0.979841411769274686	0.00378812538142097663	0.977524678789676056	0.179657698195400208	0.19419753524728151	0.435679316858843479	0.223854372487790499	0.199191505487353885	0.286878132053531767	0.544013898336753614	0.498144718152268658
G:	0.399899175634443619	0.262396698464396496	0.104290416729527968	0.045438168533309017	0.417171397375524072	0.21272225758707955	0.865006169635715634	0.945118380451562979	0.971525115366818853	0.94367024407821276	0.00749427174582159963	0.00458970045157156187	0.00499099391550401362	0.0358499186795702764	0.00613050359647132719	0.0555842098329190448	0.101510041564496867	0.182937228517462868	0.223854372487790499	0.146451316629084899	0.0204422021571109505	0.0218512716747945766	0.211713489017782604
T:	0.0597838597672309672	0.416485026259621761	0.0474394827860964524	0.0318693665800023465	0.104600575512218458	0.432021381292235969	0.0850462873813605973	0.0439553742883568674	0.00954023989416270279	0.0124055024079139285	0.0132908635915351115	0.00548802297750039705	0.00745875268323879808	0.00824499321385924652	0.00739733179876143481	0.34404725956656394	0.633194118192187963	0.199651176818676709	0.188691242951062553	0.262564155519758153	0.401139301630506028	0.256177501505150797	0.118038748664303753



5	GGGG.CCAC	0.497945307459427267


A:	0.359296262633891265	0.519643258207677632	0.260393479067908721	0.525400172951131985	0.116514065674582897	0.220976898754934513	0.0663640742450745225	0.0291523734781685835	0.00500433287156758485	0.00601247654259614802	0.0184466494008771945	0.00311075282558912926	0.00826172812529391335	0.00421286606985699747	0.946750675924348212	0.00702341370649330326	0.605734327937449853	0.121259814721243229	0.226273381069329818	0.328558990779451986	0.62458549844477747	0.422751814806116903	0.106546467807692087
C:	0.164433531801344325	0.0608029197228783639	0.256342177034125414	0.322077564216587222	0.578259963886036647	0.688493677269584887	0.110411121999568136	0.0635892344574994105	0.00281414317869094065	0.00476419539748013593	0.0403538954340349249	0.969181792461335775	0.976330615419675139	0.971806761758306761	0.0126065597782673063	0.935824786752438367	0.0856146615102747493	0.181396843168905776	0.203728978841049832	0.237804061188631812	0.0687622594017082665	0.226560722746106778	0.373934084901929748
G:	0.347181151060826281	0.348774820610998225	0.111774268639489953	0.125267408989221013	0.128372608187077397	0.0557333440817776915	0.161150899443256666	0.550533188320820441	0.879181890189086947	0.979011023809942719	0.910649996772376454	0.00257103152032432325	0.0113597499434600763	0.0104547702869950318	0.0340715161200910149	0.0295278931969057677	0.0921431463201499473	0.103776755085789258	0.345575197754006847	0.237804061188631812	0.144442321783642893	0.10809720274753387	0.0971183888703097178
T:	0.129089054503938129	0.0707790014584457784	0.371490075258475913	0.0272548538430597806	0.17685336225230306	0.0347960798937029092	0.662073904312100676	0.356725203743511565	0.112999633760654527	0.0102123042499809967	0.0305494583927114265	0.0251364231927507728	0.00404790651157087137	0.0135256018848412096	0.00657124817729346661	0.0276239063441625623	0.216507864232125451	0.593566587024061737	0.224422442335613504	0.195832886843284391	0.162209920369871371	0.24259025970024245	0.422401058420068447



