1	ACGT..ACGT	0.497668303815051843


A:	0.256532217400273967	0.322154779236435108	0.0145620517628826431	0.268141530646379714	0.191354454933595441	0.217744584039945425	0.689490378522583824	0.0248947683675191742	0.00685246270903329218	0.0050285661131410776	0.166248761766369039	0.133785661147344725	0.799494485238176039	0.00633556312014417137	0.0185345945333437198	0.00685982474259832415	0.222405502534017087	0.0906881006171353685	0.162981586696835773	0.187365841677840323	0.333087992269272593	0.0955331936793481446	0.209191120813583605
C:	0.144997208998636207	0.373218202531571598	0.116322926929775026	0.142740203091997638	0.185805374610368403	0.391435662640714082	0.00799408416780308863	0.950339811582720819	0.0201947811075964706	0.168680438627652902	0.259125594213547606	0.16130658691312902	0.0267965100210299819	0.966617193063226066	0.00623082551641628661	0.295655712567014763	0.574603124070409031	0.860945924388663509	0.136506640351962676	0.507233309500035454	0.440263643057101274	0.451802542769284055	0.0557273988600757611
G:	0.295230995901449884	0.155191170320070046	0.0550691021108111895	0.157835741177842428	0.521830258590390941	0.181223029370715698	0.295655712567014763	0.00623082551641628661	0.966617193063226066	0.0267965100210299819	0.356533640841831277	0.361501486051583072	0.168680438627652902	0.0201947811075964706	0.950339811582720819	0.00799408416780308863	0.128773309811470669	0.0404067074077921665	0.131826360753212981	0.152700424411062111	0.0958008725286746474	0.14101923070203117	0.499944304553924839
T:	0.303239577699639942	0.149435847911923247	0.814045919196531142	0.431282525083780219	0.101009911865645214	0.209596723948624795	0.00685982474259832415	0.0185345945333437198	0.00633556312014417137	0.799494485238176039	0.218092003178252078	0.343406265887943183	0.0050285661131410776	0.00685246270903329218	0.0248947683675191742	0.689490378522583824	0.0742180635841032136	0.00795926758640895631	0.56868541219798857	0.152700424411062111	0.130847492144951486	0.311645032849336631	0.235137175772415795



2	CG..CGTACG	0.49744620423494921


A:	0.536757422514020847	0.183015482604000694	0.299768290310654443	0.21845314868027309	0.401762857560978859	0.744560165125176391	0.382342276049788709	0.108939633641744818	0.205380297808647855	0.687867943517365312	0.0871573423755642361	0.0209365405864838942	0.00396618347729749161	0.863744720186960168	0.0360229832836123071	0.0325978386981443225	0.00445016450831447676	0.532370015571526616	0.320878142412177221	0.083873815165319469	0.0216572623269198421	0.55075583090164	0.287937135269464424
C:	0.05250117896473036	0.223284129118301413	0.170647210988882261	0.134759483362097628	0.0888239124278640184	0.0262813424359615992	0.544783983378898871	0.0603631539397311793	0.190477855781387948	0.0338716862987322638	0.813078978056882941	0.00705814791697251164	0.105904426497293804	0.0146235049498796594	0.947519574795104584	0.00889298932859551932	0.413017694737766828	0.138489952174296316	0.452547175951411578	0.11715511733805755	0.11865021816768448	0.00216375834854411477	0.552972231584678622
G:	0.320990790510814633	0.292608451938769221	0.214172077722253783	0.44104538637767808	0.0205502220673037149	0.146192434315648959	0.0382427374423318746	0.725585216031649141	0.0615093684264216333	0.260609753017060598	0.0556581987788815921	0.9510687709100597	0.00963816978467139923	0.115992937882151517	0.00930317577299991204	0.926588271730604557	0.0212999009402357369	0.0691085009747943333	0.180793114207024436	0.539036788516331221	0.0161506795076195791	0.382106605112121427	0.0583888967676512532
T:	0.0897506080104341601	0.301091936338928672	0.315412420978209513	0.205741981579951202	0.488863007943853408	0.0829660581232130504	0.0346310031289805457	0.105111996386874862	0.542632477983542563	0.0176506171668418257	0.0441054807886712305	0.0209365405864838942	0.880491220240737306	0.00563883698100865549	0.00715426614828319636	0.0319209002426556016	0.561232239813682959	0.260031531279382734	0.0457815674293867642	0.25993427898029176	0.843541839997776099	0.0649738056376944579	0.100701736378205702



3	GTACGTAC	0.49740771978567176


A:	0.350345261479235057	0.635114053107354167	0.0541167767325602838	0.00308176393891422148	0.145401054549146716	0.149314591653543561	0.105135692460325921	0.0297167344478099567	0.00900152136520767861	0.821766019917735541	0.00635002993787751967	0.00464924849895996756	0.00204279007065835947	0.89948942687474364	0.0239814090875784736	0.0524592050290138337	0.128557527599164758	0.31006202986115822	0.0885019244043480514	0.0216755623736057686	0.136719885107790062	0.22001513481001445
C:	0.263308500729928831	0.0311790319645016857	0.127723130798366523	0.00370983782182817567	0.791803392678695384	0.133049524912033921	0.701936425486234777	0.0194189841991254255	0.0869966301269972975	0.00251735330869526171	0.986361954528161759	0.00263876703500075431	0.173673836702910838	0.00451242163305138417	0.926882872265486144	0.0348344500993205483	0.517723062549489884	0.141881587612526962	0.680566015613787283	0.177960813221753438	0.635099023781881556	0.152737050041430308
G:	0.258046371671003388	0.161360131395058839	0.723913988964816602	0.809208923438108298	0.0086635885376732647	0.231673950415975291	0.0608333869616752627	0.926882872265486144	0.00451242163305138417	0.173673836702910838	0.00263876703500075431	0.986361954528161758	0.00251735330869526171	0.0869966301269972975	0.0194189841991254255	0.857116081586883321	0.0990294069452433775	0.0953442398286046053	0.115466029990932333	0.766475724052333433	0.118364914601886187	0.254655243681089066
T:	0.128299866119832724	0.172346783533085308	0.0942461035042565914	0.183999474801149305	0.0541319642344846344	0.485961933018447226	0.13209449509176404	0.0239814090875784736	0.89948942687474364	0.00204279007065835947	0.00464924849895996756	0.00635002993787751966	0.821766019917735541	0.00900152136520767861	0.0297167344478099567	0.0555902632847822974	0.254690002906101981	0.452712142697710213	0.115466029990932333	0.0338879003523073606	0.109816176508442196	0.372592571467466176



4	G..TACGTAC	0.497095119933829611


A:	0.17778113137555873	0.187000864875756963	0.30989444171207571	0.05948633027659201	0.381163406405127822	0.223537659660710312	0.117195854813740964	0.131330475102574247	0.14724026477223592	0.0837264436595441735	0.822430549200064824	0.00233734865543996897	0.00871335959165384112	0.00396769866172971774	0.706523347845701473	0.0844412965284289429	0.355921386500139429	0.522935047071462724	0.211899691321946846	0.311874432158064767	0.176143450685072815	0.753983614574587631
C:	0.192181067633163085	0.298838219897002216	0.0891641605284504806	0.673396722469333379	0.107081166090244737	0.472959815576099403	0.0807190720980593604	0.44456376767274884	0.172264350474110525	0.0937707261068340048	0.00263075301465018867	0.989694866731849276	0.00388489410905894123	0.269827808210215256	0.0231243599561464762	0.874861909629310838	0.12064931556673341	0.174712688686579204	0.449530741610539347	0.465269404666054253	0.431427273008668597	0.0488659612639754237
G:	0.398415399266779169	0.318217343593287613	0.430179367982863338	0.222909308632929946	0.32975627815522595	0.030421672282241414	0.67320180154910838	0.23402463293126808	0.397953361080867935	0.199259676631859182	0.173962745162025447	0.0013362006789095979	0.982789888919928952	0.00557322853333198756	0.251637214904491575	0.0239872286388918065	0.51631657062779106	0.200877136002141292	0.18606839510974212	0.0915671258806992346	0.326444295406048862	0.00756699759743812359
T:	0.231622401724499017	0.195943571633953208	0.170762029776610472	0.044207638621144665	0.181999149349401491	0.273080852480948871	0.128883271539091296	0.190081124293408833	0.28254202367278562	0.623243153601762639	0.000975952623259541274	0.00663158393380115751	0.0046118573793582655	0.720631264594723038	0.0187150772936604763	0.0167095652033684124	0.00711272730533610148	0.101475128239816781	0.152501171957771688	0.131289037295181746	0.0659849809002097268	0.189583426563998822



5	ACGTACGT	0.496041983638729025


A:	0.77703635139672754	0.456353049931465885	0.250026875221175305	0.089259178287529827	0.0601233560032396111	0.102627025326274598	0.165581854472961494	0.655025164414453007	0.00946222580022828206	0.00528203326268329069	0.00237092242966661084	0.81654101222994295	0.00986603371394116833	0.0293624121543118969	0.0458816606448845883	0.485535713109373796	0.319706866651486735	0.0896112417883374075	0.311362995131671647	0.694829714053199436	0.376136175071059288	0.0507453623338991862
C:	0.141379182465494375	0.101663419728482914	0.561896201999850756	0.0837208235956528722	0.579100229791158987	0.125775216705691366	0.0929314735206091667	0.128935011234670385	0.955534805317814634	0.0206913552249488	0.17760802713453705	0.00348003820585338908	0.964160577798426741	0.00564055672764518697	0.170158163705992019	0.374407216348083789	0.402775643089084043	0.220921631755601099	0.424639322127315867	0.203939262167582419	0.0899790230594080256	0.153714571635499772
G:	0.0560038765722110019	0.329719976382680539	0.0317814893559655362	0.770877915562151757	0.22058546315580526	0.426181971678653218	0.3922121141530476	0.170158163705992019	0.00564055672764518697	0.964160577798426741	0.00348003820585338908	0.17760802713453705	0.0206913552249488	0.955534805317814634	0.128935011234670385	0.048179433787645358	0.216909519716393782	0.45313077169443592	0.168946716213528944	0.0377240901866474973	0.169483184866261595	0.687486999014506513
T:	0.0255805895655670826	0.112263553957370662	0.156295433423008403	0.0561420825546655442	0.140190951049796142	0.345415786289380819	0.349274557853381739	0.0458816606448845883	0.0293624121543118969	0.00986603371394116833	0.81654101222994295	0.00237092242966661084	0.00528203326268329069	0.00946222580022828206	0.655025164414453007	0.0918776367548970571	0.0606079705430354397	0.236336354761625574	0.0950509665274835423	0.063506933592570648	0.364401617003271092	0.108053067016094529



