1	CACGTGAA	0.46961436827027561


A:	0.37389376850562216	0.180835744212077858	0.272556379482438118	0.325694708119809917	0.430214830318578097	0.203252834811236038	0.164177103504040815	0.0365820950857669601	0.829240702570184634	0.022278785931940932	0.0147673901832014386	0.0209162584126657357	0.0412661847815309215	0.861800737270024821	0.798102832975136134	0.432728353489333145	0.428753242294396882	0.211463271286753507	0.116818394568544979	0.27928457371263331	0.265157139638558542	0.116426501251349917
C:	0.24486306968646742	0.119223413490592054	0.290195041556023886	0.213592912981067057	0.144372139972001797	0.22393003492507776	0.051144881026399769	0.690330019046475324	0.0386147376231163166	0.940472424146055128	0.0232501892628139183	0.0352991917093188033	0.0613990752826631207	0.0216886893115805013	0.0812596914536388936	0.208520509798262846	0.241105666451489968	0.356142526462279055	0.348727099162543426	0.149388439367335745	0.0481332028470402494	0.608530610843286662
G:	0.219795230335203308	0.304805111486753058	0.251087629167894455	0.230115965475092103	0.347335812361057423	0.352033601563330335	0.0669868680073062366	0.147682549216861428	0.123202371524401697	0.0260477556049891683	0.949927912819113489	0.0111672524372696642	0.851872848195311477	0.0759120015610962011	0.0715868533636865555	0.246438838773135961	0.15563355959545029	0.256300491553311526	0.310019178371271229	0.408786000028799844	0.663055001751299627	0.0918259768204044866
T:	0.161447931472707112	0.395135730810577031	0.186160949793643541	0.230596413424030924	0.0780772173483626833	0.220783528700355867	0.717691147462253179	0.125405336650896287	0.00894218828229735312	0.0112010343170147721	0.0120545077348711545	0.932617297440745797	0.0454618917404944809	0.0405985718572984767	0.0490506222075384168	0.112312297939268049	0.17450753165866286	0.176093710697655913	0.224435327897640366	0.162540986891231101	0.0236546557631015819	0.183216911084958934



2	T.ACGTGAA	0.466078307897466291


A:	0.51476870720011949	0.37389376850562216	0.180835744212077858	0.272556379482438118	0.325694708119809917	0.430214830318578097	0.203252834811236038	0.164177103504040815	0.0365820950857669601	0.881904794305689874	0.00957545326451522308	0.0288834862446933397	0.0304749343410331362	0.0945914514988954077	0.876828143358680598	0.820761909068252329	0.432728353489333145	0.428753242294396882	0.211463271286753507	0.116818394568544979	0.27928457371263331	0.265157139638558542	0.116426501251349917
C:	0.173568590865456668	0.24486306968646742	0.119223413490592054	0.290195041556023886	0.213592912981067057	0.144372139972001797	0.22393003492507776	0.051144881026399769	0.690330019046475324	0.0148758353445453208	0.948971327950243932	0.0126262566114488463	0.0325998466625709507	0.0198486461245102897	0.0260357882539674188	0.0611230679657202566	0.208520509798262846	0.241105666451489968	0.356142526462279055	0.348727099162543426	0.149388439367335745	0.0481332028470402494	0.608530610843286662
G:	0.125637781892966167	0.219795230335203308	0.304805111486753058	0.251087629167894455	0.230115965475092103	0.347335812361057423	0.352033601563330335	0.0669868680073062366	0.147682549216861428	0.0732305906325712423	0.0203227398395078474	0.927171403195726762	0.0188248815528677992	0.851654909736283702	0.0460221140303927604	0.0550542395691746215	0.246438838773135961	0.15563355959545029	0.256300491553311526	0.310019178371271229	0.408786000028799844	0.663055001751299627	0.0918259768204044866
T:	0.186024920041457675	0.161447931472707112	0.395135730810577031	0.186160949793643541	0.230596413424030924	0.0780772173483626833	0.220783528700355867	0.717691147462253179	0.125405336650896287	0.0299887797171935629	0.0211304789457329972	0.0313188539481310525	0.918100337443528114	0.0339049926403106002	0.0511139543569592228	0.0630607833968527932	0.112312297939268049	0.17450753165866286	0.176093710697655913	0.224435327897640366	0.162540986891231101	0.0236546557631015819	0.183216911084958934



3	TCACGTGA	0.459971362267318422


A:	0.236957904500612257	0.551989213621664005	0.152058642233978884	0.323901069772338887	0.210271491737500242	0.210507199456448152	0.125148128247730059	0.0568839123846238145	0.109880003243943909	0.884258046747324275	0.0115973865995215524	0.0145639899805729822	0.0104520536837923719	0.153856347471856515	0.714247520334364585	0.798102832975136134	0.566508967243180487	0.155976851745736317	0.290326210459319945	0.423755965177354846	0.388375349288874409	0.147306701564269808
C:	0.214648884521951483	0.087296510593496782	0.257674347209369224	0.0979680923084538192	0.176129400564154149	0.211010299832876904	0.121764193521209714	0.147340519092337886	0.70400127664071401	0.0256987432403470156	0.938764335202245452	0.0350742882176600135	0.0795911563285363377	0.0322623726434855651	0.0815280481886737143	0.0812596914536388936	0.216925102239668689	0.404593130469090282	0.563557278104577742	0.228149321150798363	0.0600554287661319153	0.32068108097685881
G:	0.305414182730959775	0.117395716921588217	0.229759985529509769	0.476763167444015171	0.431305964335238122	0.518735029343714877	0.210675888774403888	0.0815280481886737143	0.0322623726434855651	0.0795911563285363376	0.0350742882176600135	0.938764335202245452	0.0256987432403470156	0.70400127664071401	0.147340519092337886	0.0715868533636865555	0.112946696444300392	0.203404859089641529	0.0625718847479109897	0.187970432513522649	0.147012060523225196	0.12854244313559628
T:	0.242979028246476485	0.243318558863250995	0.360507025027142123	0.101367670475192123	0.182293143363107487	0.0597474713669600672	0.542411789456656339	0.714247520334364585	0.153856347471856515	0.0104520536837923719	0.0145639899805729822	0.0115973865995215524	0.884258046747324275	0.109880003243943909	0.0568839123846238145	0.0490506222075384168	0.103619234072850431	0.236025158695531872	0.0835446266881913232	0.160124281158324142	0.404557161421768479	0.403469774323275102



4	A..ACGTGAA	0.455410678125154344


A:	0.51476870720011949	0.37389376850562216	0.180835744212077858	0.272556379482438118	0.325694708119809917	0.430214830318578097	0.203252834811236038	0.164177103504040815	0.0365820950857669601	0.673823329393419988	0.134744365546798835	0.11170721488240843	0.0504512204120197181	0.133257605859754514	0.618919068641337027	0.694482870674187449	0.432728353489333145	0.428753242294396882	0.211463271286753507	0.116818394568544979	0.27928457371263331	0.265157139638558542	0.116426501251349917
C:	0.173568590865456668	0.24486306968646742	0.119223413490592054	0.290195041556023886	0.213592912981067057	0.144372139972001797	0.22393003492507776	0.051144881026399769	0.690330019046475324	0.0806760410666161648	0.774314775054424787	0.0457080046457778057	0.123411574771419324	0.0923003464159363066	0.112872825124833931	0.0653060247253308828	0.208520509798262846	0.241105666451489968	0.356142526462279055	0.348727099162543426	0.149388439367335745	0.0481332028470402494	0.608530610843286662
G:	0.125637781892966167	0.219795230335203308	0.304805111486753058	0.251087629167894455	0.230115965475092103	0.347335812361057423	0.352033601563330335	0.0669868680073062366	0.147682549216861428	0.196872108177109254	0.0267416119115290372	0.759816615380804165	0.122234433238376622	0.699992708685561936	0.219328814674129159	0.190435042059628457	0.246438838773135961	0.15563355959545029	0.256300491553311526	0.310019178371271229	0.408786000028799844	0.663055001751299627	0.0918259768204044866
T:	0.186024920041457675	0.161447931472707112	0.395135730810577031	0.186160949793643541	0.230596413424030924	0.0780772173483626833	0.220783528700355867	0.717691147462253179	0.125405336650896287	0.0486285213628545933	0.0641992474872473405	0.0827681650910095988	0.703902771578184336	0.0744493390387472437	0.048879291559699883	0.0497760625408532115	0.112312297939268049	0.17450753165866286	0.176093710697655913	0.224435327897640366	0.162540986891231101	0.0236546557631015819	0.183216911084958934



5	CACGTGA.A	0.44539049124193336


A:	0.551989213621664005	0.152058642233978884	0.323901069772338887	0.210271491737500242	0.210507199456448152	0.125148128247730059	0.0568839123846238145	0.0953773624667354253	0.718692528854471242	0.0294084840717188208	0.0396560764707058744	0.0331479222311004484	0.173216640713060351	0.765586531685735858	0.798102832975136134	0.566508967243180487	0.155976851745736317	0.290326210459319945	0.423755965177354846	0.388375349288874409	0.147306701564269808	0.277173076585251565	0.153057448167585318
C:	0.087296510593496782	0.257674347209369224	0.0979680923084538192	0.176129400564154149	0.211010299832876904	0.121764193521209714	0.147340519092337886	0.743919061272959559	0.0298327223373463251	0.859129598325626649	0.0234323108341742735	0.0310105124368120053	0.0827837195637369224	0.104809698394500191	0.0812596914536388936	0.216925102239668689	0.404593130469090282	0.563557278104577742	0.228149321150798363	0.0600554287661319153	0.32068108097685881	0.169258991939908083	0.210045148100288426
G:	0.117395716921588217	0.229759985529509769	0.476763167444015171	0.431305964335238122	0.518735029343714877	0.210675888774403888	0.0815280481886737143	0.0796137098356234805	0.224966740591038994	0.0740424298737161389	0.887366805327741755	0.0187602618725357561	0.72180222594182118	0.0533474169699298006	0.0715868533636865555	0.112946696444300392	0.203404859089641529	0.0625718847479109897	0.187970432513522649	0.147012060523225196	0.12854244313559628	0.341743795630217564	0.393218627199043251
T:	0.243318558863250995	0.360507025027142123	0.101367670475192123	0.182293143363107487	0.0597474713669600672	0.542411789456656339	0.714247520334364585	0.0810898664246815353	0.0265080082171434395	0.0374194877289383912	0.0495448073673780976	0.91708130345955179	0.0221974137813815469	0.0762563529498341502	0.0490506222075384168	0.103619234072850431	0.236025158695531872	0.0835446266881913232	0.160124281158324142	0.404557161421768479	0.403469774323275102	0.211824135844622788	0.243678776533083005



