1	ACGTACGT	0.498707134552278002


A:	0.232437737726766155	0.0930929882336395115	0.0636490796023453986	0.298702271136777266	0.238461615510983001	0.0936439293944951979	0.084095441518501966	0.869560488446332091	0.00910199418808186129	0.00640600037389744167	0.0090796113905249111	0.940188885886745058	0.0236666646306760387	0.0609933700542867474	0.0110046566574012916	0.495939670395322451	0.166246627710697559	0.29783618436036754	0.0864983326557675389	0.299520504090651766	0.164824615779087694	0.180128977723500185
C:	0.347838591348358345	0.418014740962639124	0.492543300877882216	0.116097461002302661	0.173182380503753956	0.103479214368548227	0.100713040653000071	0.0145010694399990332	0.922048653572770802	0.00696283421414326974	0.0449737638227883291	0.00575773889994170215	0.96296450078128325	0.00785598218486058944	0.104933785456267584	0.394229593629714588	0.505710176169918243	0.202693399947197326	0.485119900786427144	0.236167955952265082	0.236912700469099274	0.246661179139109254
G:	0.314566917249486552	0.274237583581816786	0.274367069258865338	0.322668025617954493	0.321763543090092837	0.690159560334564999	0.323920660436504669	0.104933785456267584	0.00785598218486058944	0.96296450078128325	0.00575773889994170215	0.0449737638227883291	0.00696283421414326974	0.922048653572770802	0.0145010694399990332	0.0675814468566077756	0.293639707997784407	0.36567163513209216	0.305745014708048344	0.399694123220752044	0.348623858913623184	0.349312529465700021
T:	0.105156753675388948	0.214654687221904579	0.169440550260907048	0.26253224224296558	0.266592460895170206	0.112717295902391576	0.491270857391993293	0.0110046566574012916	0.0609933700542867474	0.0236666646306760387	0.940188885886745058	0.0090796113905249111	0.00640600037389744167	0.00910199418808186129	0.869560488446332091	0.0422492891183551863	0.0344034881215997909	0.133798780560342974	0.122636751849756973	0.0646174167363311075	0.249638824838189848	0.22389731367169054



2	TGACGTCA	0.497121271973138455


A:	0.158395367321276764	0.112249616135081667	0.104853787444954986	0.24604443852211516	0.211811574339336764	0.113132206285802428	0.274306312486755087	0.0315707916580967311	0.00955716842084231611	0.970977420200385897	0.00430012533445019905	0.00442663875814901393	0.00050924950712745032	0.0682127899967350015	0.918549319895630534	0.377401980776840706	0.408142335648003595	0.195218724805386385	0.318706820693142282	0.394589215550281496	0.173365361999189616	0.17237032704036531
C:	0.39513015140895428	0.364198491827722556	0.279171756222292209	0.239778730708701429	0.336303903198904581	0.336237869631211703	0.280688321073024027	0.0431995145859504299	0.00280148232852273982	0.0107413266947338579	0.988889534361486726	0.00238370154591406081	0.0177720035977527943	0.919428559253899943	0.00668037386032230543	0.321364751838253519	0.197746597781208883	0.0575630508133269097	0.255496638951508458	0.103221070373864224	0.271403058297019208	0.0941135216149909728
G:	0.115366611717804121	0.197358698125701123	0.444217451870620124	0.154703031821665359	0.113999269701194752	0.093107056756143008	0.0973275524215898128	0.00668037386032230543	0.919428559253899943	0.0177720035977527943	0.00238370154591406081	0.988889534361486726	0.0107413266947338579	0.00280148232852273982	0.0431995145859504299	0.0975170890006775019	0.308597981331635531	0.25476494904092229	0.199802856908830075	0.376681083440227204	0.290216913096148466	0.351215233978770252
T:	0.331107869551964835	0.326193193911494654	0.171757004462132681	0.359473798947518052	0.337885252760563904	0.457522867326842862	0.347677814018631073	0.918549319895630534	0.0682127899967350015	0.00050924950712745032	0.00442663875814901393	0.00430012533445019905	0.970977420200385897	0.00955716842084231611	0.0315707916580967311	0.203716178384228273	0.0855130852391519907	0.492453275340364415	0.225993683446519185	0.125508630635627077	0.265014666607642709	0.382300917365873464



3	ACGT..ACGT	0.496933787587024145


A:	0.152380194173209602	0.115084358744998526	0.132032561416517879	0.122948958522160329	0.0529602759166837504	0.0749910800172404294	0.938821168419722834	0.00585028354041769836	0.0141526972934926549	0.00326826778640987879	0.170259025406195548	0.0843783516582472731	0.943020899576795323	0.00697606152456830444	0.0136982053808248886	0.02256583083448669	0.153104508069429899	0.07477965948895742	0.49980536314477312	0.180432809345667436	0.157923450744412786	0.0965055989748573285	0.526089655330932089
C:	0.253685351792062191	0.499201772091110998	0.236552641417755499	0.347979015360517655	0.310425565361940227	0.41052814954993998	0.00589361848179204394	0.96190252490583422	0.0117358328839929857	0.0439401074818186802	0.347817241909387546	0.099659841873668873	0.00977072515497611804	0.967135408297946055	0.0185489861729231928	0.0327193822639984317	0.688280960670837994	0.801889225956135501	0.172027329998243074	0.568471857462924754	0.356359943784382235	0.342744963194715008	0.114368386620461832
G:	0.266476820024482063	0.170266078936392585	0.316981637921367676	0.167785415787547322	0.388581784099810849	0.170673852325722847	0.0327193822639984317	0.0185489861729231928	0.967135408297946055	0.00977072515497611804	0.126793822504435754	0.554628422234510254	0.0439401074818186802	0.0117358328839929857	0.96190252490583422	0.00589361848179204394	0.1149326160673504	0.0985141482589281043	0.179953444762564174	0.0991311652208413519	0.306837679259306473	0.439065909677187513	0.218587701460296835
T:	0.327457634010246144	0.215447790227497891	0.314433159244358946	0.361286610329774694	0.248032374621565174	0.343806918107096744	0.02256583083448669	0.0136982053808248886	0.00697606152456830444	0.943020899576795323	0.355129910179981153	0.2613333842335736	0.00326826778640987879	0.0141526972934926549	0.00585028354041769836	0.938821168419722834	0.043681915192381707	0.024816966295978975	0.148213862094419632	0.151964167970566459	0.178878926211898505	0.12168352815324015	0.140954256588309244



4	ACGTACG..C	0.496667983669168971


A:	0.22389731367169054	0.249638824838189848	0.0646174167363311075	0.122636751849756973	0.133798780560342974	0.0344034881215997909	0.0422492891183551863	0.931717441985479522	0.00411449628627688881	0.00334222965303788026	0.00108098931841351048	0.941000807104865974	0.0134662613008747265	0.0609617274169381631	0.0110046566574012916	0.491270857391993293	0.112717295902391576	0.266592460895170206	0.26253224224296558	0.169440550260907048	0.214654687221904579	0.105156753675388948	0.257191174300623205
C:	0.349312529465700021	0.348623858913623184	0.399694123220752044	0.305745014708048344	0.36567163513209216	0.293639707997784407	0.0675814468566077756	0.0148024758485827797	0.983795428074029085	0.00317899085269289125	0.101241129818933875	0.00547981452876633855	0.975378962176834667	0.00608982961289851176	0.104933785456267584	0.323920660436504669	0.690159560334564999	0.321763543090092837	0.322668025617954493	0.274367069258865338	0.274237583581816786	0.314566917249486552	0.297769342118171932
G:	0.246661179139109254	0.236912700469099274	0.236167955952265082	0.485119900786427144	0.202693399947197326	0.505710176169918243	0.394229593629714588	0.0479065986021383178	0.00422551560931399075	0.987284608370833724	0.00195542429790661266	0.0475918567006193603	0.003488183392427355	0.927426469678369627	0.0145010694399990332	0.100713040653000071	0.103479214368548227	0.173182380503753956	0.116097461002302661	0.492543300877882216	0.418014740962639124	0.347838591348358345	0.289209077058334708
T:	0.180128977723500185	0.164824615779087694	0.299520504090651766	0.0864983326557675389	0.29783618436036754	0.166246627710697559	0.495939670395322451	0.00557348356379938051	0.00786456003038003528	0.00619417112343550483	0.895722456564746002	0.00592752166574832673	0.00766659312986325139	0.00552197329179369821	0.869560488446332091	0.084095441518501966	0.0936439293944951979	0.238461615510983001	0.298702271136777266	0.0636490796023453986	0.0930929882336395115	0.232437737726766155	0.155830406522870155



5	ACGT.ACGT	0.496126774085595001


A:	0.179679436231002115	0.218122960817820528	0.293611382106093225	0.0720831198996844744	0.156889798471205647	0.0300222805134395394	0.207607154162123207	0.925554055210439789	0.00422240829327619639	0.0186024412791865363	0.00203828882699225255	0.141659116718135028	0.948568096905083565	0.00682528870201063037	0.011203164519772014	0.00378909893699101679	0.507800839045306858	0.611279458435604138	0.358210493135160394	0.11510067300765051	0.243177686604068525	0.0990127235336421283	0.541178310998270215
C:	0.244066124017326522	0.262942510109209666	0.350372268239854723	0.217216367886875632	0.446165139842380375	0.298548183889352137	0.108693121854852608	0.0319493385384042117	0.969316798024078804	0.00488401803957472835	0.0444755313752754434	0.0644727236577356084	0.00491808289264873947	0.969688251979228105	0.0152576291628729859	0.0387075073141649827	0.247009577359885713	0.248345853007049834	0.239340091902911181	0.340227464528793759	0.331881647993218783	0.343366041525871655	0.0612013907859044493
G:	0.312980040240912485	0.283104687176828156	0.249097526797172921	0.498282740110131186	0.28896596556818781	0.241927940595477245	0.228588939619407866	0.0387075073141649827	0.0152576291628729859	0.969688251979228105	0.00491808289264873947	0.32030947752846186	0.0444755313752754434	0.00488401803957472835	0.969316798024078804	0.0319493385384042117	0.0924255933641076742	0.104271312189207274	0.250313995936265462	0.276679817750518391	0.148253371321480744	0.269028543544266333	0.192089427342209039
T:	0.263274399510758878	0.23582984189614165	0.106918822856879131	0.212417772103308708	0.107979096118226169	0.429501595001731079	0.455110784363616319	0.00378909893699101679	0.011203164519772014	0.00682528870201063037	0.948568096905083565	0.473558682095667504	0.00203828882699225255	0.0186024412791865363	0.00422240829327619639	0.925554055210439789	0.152763990230699754	0.036103376368138754	0.152135419025662963	0.26799204471303734	0.276687294081231949	0.288592691396219884	0.205530870873616297



