1	GGG.CCCAC	0.498893663258754383


A:	0.0192616834599001972	0.0786961531493027029	0.372843133272579356	0.133257612986118962	0.404383383614126532	0.376300357503683631	0.142850546015708841	0.0162749562006084507	0.0137471649437082222	0.0145616773743894941	0.0119356189885304639	0.00625478769468269713	0.00412867157095229557	0.00380709312270386898	0.92265597634509268	0.00499934436889435758	0.36428049357135805	0.125994846773168116	0.230847131977246442	0.127753200282465163	0.327902331827327828	0.389248850911690973	0.432076458862255587
C:	0.280035169419603789	0.38851216109033659	0.316767010513437971	0.185970716313071991	0.172624329722233061	0.148057673530845158	0.295143887633056306	0.0280686778538381616	0.00134995224882149706	0.00420066247948810332	0.080951661183255279	0.972055668084548372	0.988871154505208373	0.987774447413946808	0.00258287403476494131	0.967693383093051702	0.136149660114639363	0.104039596896179064	0.377734219837745891	0.353582221611897352	0.358877409625636769	0.144337301869092839	0.336225361070792669
G:	0.022678202027742627	0.100739019831547122	0.0277955616546758963	0.0622446222705460382	0.205343707341659323	0.297778563926181166	0.2331575600059961	0.855262135960082382	0.977801040279802623	0.9744024171607115	0.868877095191290645	0.00240352138055561794	0.00376995922171497144	0.00306736075394735292	0.0714117857056386375	0.0143985425813657324	0.0520002951674259343	0.355589966183697537	0.251266689216287704	0.274310423026210528	0.156174872542291921	0.212241914055201681	0.0409948738887243796
T:	0.678024945092753387	0.432052665928813585	0.282594294559306776	0.618527048430263009	0.217648579321981083	0.177863405039290046	0.328848006345238754	0.100394229985471006	0.00710184252766765802	0.00683524298541090265	0.0382356246369236116	0.019286022840213313	0.00323021470212436008	0.00535109870940197006	0.00334936391450374094	0.0129087299566882076	0.447569551146576653	0.414375590146955283	0.140151958968719963	0.244354155079426957	0.157045386004743482	0.254171933164014507	0.190703306178227364



2	GGGCCCAC	0.498357781399713538


A:	0.0786961531493027029	0.372843133272579356	0.133257612986118962	0.404383383614126532	0.376300357503683631	0.142850546015708841	0.0162749562006084507	0.0159019807366410184	0.00944780281604992253	0.0119356189885304639	0.00439187847180809867	0.00847430839875110124	0.00390661017805289766	0.964354266705769864	0.00225832588368904384	0.36428049357135805	0.125994846773168116	0.230847131977246442	0.127753200282465163	0.327902331827327828	0.389248850911690973	0.432076458862255587
C:	0.38851216109033659	0.316767010513437971	0.185970716313071991	0.172624329722233061	0.148057673530845158	0.295143887633056306	0.0280686778538381616	0.00136010499368174237	0.00244901031540028063	0.080951661183255279	0.92475553109086817	0.987258304336310925	0.989029944933878531	0.00610600598294440939	0.944598950457189637	0.136149660114639363	0.104039596896179064	0.377734219837745891	0.353582221611897352	0.358877409625636769	0.144337301869092839	0.336225361070792669
G:	0.100739019831547122	0.0277955616546758963	0.0622446222705460382	0.205343707341659323	0.297778563926181166	0.2331575600059961	0.855262135960082382	0.939319545381328126	0.984854463888694859	0.868877095191290645	0.00484980087198578294	0.00253436738521600362	0.00150646185729772895	0.0275230384240152126	0.0433096493953175352	0.0520002951674259343	0.355589966183697537	0.251266689216287704	0.274310423026210528	0.156174872542291921	0.212241914055201681	0.0409948738887243796
T:	0.432052665928813585	0.282594294559306776	0.618527048430263009	0.217648579321981083	0.177863405039290046	0.328848006345238754	0.100394229985471006	0.0434183688883491134	0.00324872297985493827	0.0382356246369236116	0.0660027895653379487	0.00173301987972196997	0.00555698303077084245	0.00201668888727051437	0.00983307426380378411	0.447569551146576653	0.414375590146955283	0.140151958968719963	0.244354155079426957	0.157045386004743482	0.254171933164014507	0.190703306178227364



3	TGGG.CCCA	0.498204147124166872


A:	0.193820850803865923	0.0707292045012835394	0.140948475847044668	0.401032699623844278	0.267150165460788261	0.308821313738314606	0.309670912487495489	0.0363316879764999862	0.0462918075383996645	0.0085495280957532899	0.0694681920888940668	0.0899047322741250744	0.00995487924950211284	0.0223423907936201151	0.0121847504446002864	0.802705814882335744	0.00499934436889435758	0.186472833780692442	0.308029854494631773	0.5575734910398164	0.36245921353811379	0.316082197488313639	0.344136078970033332
C:	0.42162045258680337	0.330833151209951003	0.291722133112268468	0.46926137309275091	0.388498282439228991	0.11009073676670951	0.103523356578304997	0.11824575966326195	0.0223006046675837992	0.00522251437248957709	0.00524699918207626198	0.396593719099187248	0.915329929479527558	0.963885566738137018	0.91922283734941625	0.04271673747790232	0.967693383093051702	0.30291107985888513	0.0943475738432687691	0.0876629990432996888	0.15529754248783195	0.167674015874131117	0.177357301835324552
G:	0.205682722926658353	0.194634065822447427	0.423046115185122446	0.040599585729246951	0.198084677624447272	0.53571063159021024	0.518845846992903616	0.04271673747790232	0.91922283734941625	0.963885566738137018	0.915329929479527558	0.388241933603451991	0.00524699918207626198	0.00522251437248957709	0.0223006046675837992	0.11824575966326195	0.0143985425813657324	0.1156666515545908	0.368767494014895508	0.147145249047464832	0.379033788860308062	0.40533177390946681	0.385117638516322196
T:	0.178875973682672355	0.40380357846631803	0.144283275855564418	0.0891063415541578613	0.146266874475535475	0.0453773179047656437	0.0679598839412958983	0.802705814882335744	0.0121847504446002864	0.0223423907936201151	0.00995487924950211284	0.125259615023235686	0.0694681920888940668	0.0085495280957532899	0.0462918075383996645	0.0363316879764999862	0.0129087299566882076	0.394949434805831628	0.22885507764720395	0.207618260869419079	0.103209455113746198	0.110912012728088434	0.0933889806783199192



4	AGTGGG.CC	0.495130142737195634


A:	0.140240223410576425	0.190703306178227364	0.254171933164014507	0.157045386004743482	0.244354155079426957	0.140151958968719963	0.414375590146955283	0.447569551146576653	0.0171258459448871914	0.00888786829559978904	0.00738946942291750991	0.0073457186506581945	0.0278521116901991537	0.0382356246369236116	0.00449016417589372676	0.0135776903352042116	0.100394229985471006	0.328848006345238754	0.177863405039290046	0.217648579321981083	0.618527048430263009	0.282594294559306776	0.432052665928813585
C:	0.46993297079594552	0.0409948738887243796	0.212241914055201681	0.156174872542291921	0.274310423026210528	0.251266689216287704	0.355589966183697537	0.0520002951674259343	0.0129623663352828617	0.0178191950905693174	0.00410472601236578767	0.00414333529778449499	0.00364580647530005632	0.868877095191290645	0.966588996932186975	0.960945074541981711	0.855262135960082382	0.2331575600059961	0.297778563926181166	0.205343707341659323	0.0622446222705460382	0.0277955616546758963	0.100739019831547122
G:	0.117681703498546205	0.336225361070792669	0.144337301869092839	0.358877409625636769	0.353582221611897352	0.377734219837745891	0.104039596896179064	0.136149660114639363	0.959070175468336752	0.00515862399793556359	0.983765740913550493	0.983404255362872583	0.964355115893668243	0.080951661183255279	0.0136507639679204949	0.00176725648404641113	0.0280686778538381616	0.295143887633056306	0.148057673530845158	0.172624329722233061	0.185970716313071991	0.316767010513437971	0.38851216109033659
T:	0.27214510229493185	0.432076458862255587	0.389248850911690973	0.327902331827327828	0.127753200282465163	0.230847131977246442	0.125994846773168116	0.36428049357135805	0.0108416122514931948	0.96813431261589533	0.00474006365116620975	0.00510669068868472769	0.00414696594083254709	0.0119356189885304639	0.0152700749239988031	0.0237099786387676664	0.0162749562006084507	0.142850546015708841	0.376300357503683631	0.404383383614126532	0.133257612986118962	0.372843133272579356	0.0786961531493027029



5	GTGGG.CC.A	0.492955212507760908


A:	0.190703306178227364	0.254171933164014507	0.157045386004743482	0.244354155079426957	0.140151958968719963	0.414375590146955283	0.447569551146576653	0.0363031878043757976	0.0248398221797489131	0.026398617907590582	0.0114378507494471447	0.0577466556398737919	0.0382356246369236116	0.014774382998932301	0.13514453641613831	0.100394229985471006	0.328848006345238754	0.177863405039290046	0.217648579321981083	0.618527048430263009	0.282594294559306776	0.432052665928813585	0.678024945092753387
C:	0.0409948738887243796	0.212241914055201681	0.156174872542291921	0.274310423026210528	0.251266689216287704	0.355589966183697537	0.0520002951674259343	0.0644485099810258317	0.0715134307182485223	0.0100712238076503161	0.0107513426883213745	0.0057988127913032063	0.868877095191290645	0.92199277832269865	0.809477561975488801	0.855262135960082382	0.2331575600059961	0.297778563926181166	0.205343707341659323	0.0622446222705460382	0.0277955616546758963	0.100739019831547122	0.022678202027742627
G:	0.336225361070792669	0.144337301869092839	0.358877409625636769	0.353582221611897352	0.377734219837745891	0.104039596896179064	0.136149660114639363	0.872880321086075465	0.0134966041122798421	0.95425951454362413	0.959217101808494251	0.895631456142755768	0.080951661183255279	0.0217948504320463181	0.00276770103712454042	0.0280686778538381616	0.295143887633056306	0.148057673530845158	0.172624329722233061	0.185970716313071991	0.316767010513437971	0.38851216109033659	0.280035169419603789
T:	0.432076458862255587	0.389248850911690973	0.327902331827327828	0.127753200282465163	0.230847131977246442	0.125994846773168116	0.36428049357135805	0.026367981128522906	0.890150142989722722	0.00927064374113497196	0.0185937047537372294	0.040823075426067234	0.0119356189885304639	0.0414379882463227309	0.0526102005712483487	0.0162749562006084507	0.142850546015708841	0.376300357503683631	0.404383383614126532	0.133257612986118962	0.372843133272579356	0.0786961531493027029	0.0192616834599001972



