1	A.TGTCAGA	0.49172105315400268


A:	0.103258994698726667	0.280420709243882091	0.570753279844552494	0.804327539216051396	0.421856060539192671	0.180926671201469627	0.305588347282063219	0.511667088124459395	0.192128731540611773	0.0164846238331485107	0.00269152126919965901	0.0109017782921325943	0.00401269432240350698	0.979565990790122597	0.00277556182017124304	0.876361892118862712	0.344118444781823973	0.139567538689256471	0.377146110269140589	0.137386167219104861	0.937819114457876147	0.506093857307449191	0.162183094229088625
C:	0.235767453233279813	0.272420682385846317	0.114715198083873567	0.0367133089095084816	0.233666821187634256	0.48770132314846094	0.201177935729455718	0.174920878364650655	0.237281483107033929	0.00325834756813281411	0.00514207216061959271	0.00842399652317330108	0.98641820184381714	0.00157143657287045031	0.0054519375909395829	0.00367349385496716912	0.21751702026549452	0.434784449783753225	0.207108812311748492	0.0126521645769083885	0.027297406059891969	0.0161967037733001997	0.311118806331233248
G:	0.106531780043084636	0.309804650222082992	0.137040469341088389	0.100334640566256684	0.0185009179984924773	0.0320847559727795551	0.167256475317836543	0.0456570992837020242	0.366740749061234712	0.00293379106361315023	0.981386142606601013	0.00788628277997811415	0.00558039889608385746	0.00206403904799559989	0.986850202605077004	0.0633955077203652784	0.295345178284992081	0.0866469279838994388	0.0667710079880461469	0.633877750174127074	0.00752732986525201504	0.437544028226553209	0.274977668478751878
T:	0.554441772024908883	0.137353958148188601	0.17749105273048555	0.0586245113081834389	0.325976200274680596	0.299287249677289877	0.32597724167064452	0.267754934227187926	0.203849036291119586	0.977323237535105525	0.0107802639635797358	0.972787942404715991	0.00398870493769549537	0.0167985335890113529	0.00492229798381217051	0.0565691063058048405	0.143019356667689426	0.339001083543090865	0.348974069431064772	0.216083918029859676	0.0273561496169798692	0.0401654106926974007	0.251720430960926249



2	G.TCTGACA	0.491351928135391335


A:	0.527104325933595542	0.160596536618911782	0.251720430960926249	0.0401654106926974007	0.0273561496169798692	0.216083918029859676	0.348974069431064772	0.339001083543090865	0.143019356667689426	0.0807856162396717233	0.00335845504311087238	0.0139604411407692583	0.00263764473689313445	0.953395269167122282	0.00730087283580274059	0.982520045401487122	0.203849036291119586	0.267754934227187926	0.32597724167064452	0.299287249677289877	0.325976200274680596	0.0586245113081834389	0.17749105273048555
C:	0.156810400893742602	0.720382860785139222	0.274977668478751878	0.437544028226553209	0.00752732986525201504	0.633877750174127074	0.0667710079880461469	0.0866469279838994388	0.295345178284992081	0.0418072467748210989	0.988301692543947928	0.00299552277736862798	0.00389288499082836547	0.0199934424037676484	0.982383442567687953	0.00252637415386399019	0.366740749061234712	0.0456570992837020242	0.167256475317836543	0.0320847559727795551	0.0185009179984924773	0.100334640566256684	0.137040469341088389
G:	0.180446915859911943	0.057517918462472281	0.311118806331233248	0.0161967037733001997	0.027297406059891969	0.0126521645769083885	0.207108812311748492	0.434784449783753225	0.21751702026549452	0.00475893780316800658	0.00269828274283665927	0.000772795815721834914	0.989052830187742406	0.00386674835332603341	0.00730087283580274059	0.00319198005952783616	0.237281483107033929	0.174920878364650655	0.201177935729455718	0.48770132314846094	0.233666821187634256	0.0367133089095084816	0.114715198083873567
T:	0.135638357312749913	0.061502684133476715	0.162183094229088625	0.506093857307449191	0.937819114457876147	0.137386167219104861	0.377146110269140589	0.139567538689256471	0.344118444781823973	0.872648199182339171	0.00564156967010454015	0.982271240266140279	0.00441664008453609421	0.0227445400757840365	0.00301481176070656547	0.011761600385121052	0.192128731540611773	0.511667088124459395	0.305588347282063219	0.180926671201469627	0.421856060539192671	0.804327539216051396	0.570753279844552494



3	CTCTGACA	0.490963743299583085


A:	0.160596536618911782	0.251720430960926249	0.0401654106926974007	0.0273561496169798692	0.216083918029859676	0.348974069431064772	0.339001083543090865	0.143019356667689426	0.0578186496117380204	0.0114086768046093967	0.00700681873127462538	0.00372516357866136439	0.96365363650395761	0.0136863783813582489	0.975105565055169631	0.203849036291119586	0.267754934227187926	0.32597724167064452	0.299287249677289877	0.325976200274680596	0.0586245113081834389	0.17749105273048555
C:	0.720382860785139222	0.274977668478751878	0.437544028226553209	0.00752732986525201504	0.633877750174127074	0.0667710079880461469	0.0866469279838994388	0.295345178284992081	0.0671942874727530936	0.978441670684744927	0.0028108470135264747	0.00277560222193659214	0.0138674486372446906	0.973217292813176495	0.00958584681942793605	0.366740749061234712	0.0456570992837020242	0.167256475317836543	0.0320847559727795551	0.0185009179984924773	0.100334640566256684	0.137040469341088389
G:	0.057517918462472281	0.311118806331233248	0.0161967037733001997	0.027297406059891969	0.0126521645769083885	0.207108812311748492	0.434784449783753225	0.21751702026549452	0.0111670487908262084	0.00771038581160892686	0.00162506925072093548	0.988401956138774036	0.00705242269261513542	0.00849708382333229665	0.00444302464484647293	0.237281483107033929	0.174920878364650655	0.201177935729455718	0.48770132314846094	0.233666821187634256	0.0367133089095084816	0.114715198083873567
T:	0.061502684133476715	0.162183094229088625	0.506093857307449191	0.937819114457876147	0.137386167219104861	0.377146110269140589	0.139567538689256471	0.344118444781823973	0.863820014124682678	0.0024392666990367496	0.988557265004477964	0.00509727806062800721	0.0154264921661825638	0.00459924498213295977	0.0108655634805559602	0.192128731540611773	0.511667088124459395	0.305588347282063219	0.180926671201469627	0.421856060539192671	0.804327539216051396	0.570753279844552494



4	A.TCTGACA	0.490356221152414512


A:	0.527104325933595542	0.160596536618911782	0.251720430960926249	0.0401654106926974007	0.0273561496169798692	0.216083918029859676	0.348974069431064772	0.339001083543090865	0.143019356667689426	0.0570144840549883523	0.0124653092429511462	0.0134567342320443025	0.0102301373090235618	0.961767409428194688	0.0171472062020029664	0.960329636590159854	0.203849036291119586	0.267754934227187926	0.32597724167064452	0.299287249677289877	0.325976200274680596	0.0586245113081834389	0.17749105273048555
C:	0.156810400893742602	0.720382860785139222	0.274977668478751878	0.437544028226553209	0.00752732986525201504	0.633877750174127074	0.0667710079880461469	0.0866469279838994388	0.295345178284992081	0.0370241586791042207	0.974837492119665301	0.00588253710533561419	0.00235429364067621888	0.00675510378478473078	0.976015081176177138	0.0145489852271717613	0.366740749061234712	0.0456570992837020242	0.167256475317836543	0.0320847559727795551	0.0185009179984924773	0.100334640566256684	0.137040469341088389
G:	0.180446915859911943	0.057517918462472281	0.311118806331233248	0.0161967037733001997	0.027297406059891969	0.0126521645769083885	0.207108812311748492	0.434784449783753225	0.21751702026549452	0.00396673433415824997	0.0104130524778086015	0.00135376674621148353	0.983907745714926696	0.015428837832061382	0.00275913098160200491	0.0108778744783083831	0.237281483107033929	0.174920878364650655	0.201177935729455718	0.48770132314846094	0.233666821187634256	0.0367133089095084816	0.114715198083873567
T:	0.135638357312749913	0.061502684133476715	0.162183094229088625	0.506093857307449191	0.937819114457876147	0.137386167219104861	0.377146110269140589	0.139567538689256471	0.344118444781823973	0.901994622931749177	0.00228414615957495143	0.9793069619164086	0.00350782333537352375	0.0160486489549591997	0.00407858164021789034	0.0142435037043600019	0.192128731540611773	0.511667088124459395	0.305588347282063219	0.180926671201469627	0.421856060539192671	0.804327539216051396	0.570753279844552494



5	T..TCTGACA	0.489816377171215881


A:	0.527104325933595542	0.160596536618911782	0.251720430960926249	0.0401654106926974007	0.0273561496169798692	0.216083918029859676	0.348974069431064772	0.339001083543090865	0.143019356667689426	0.0885107116659934451	0.010020099895292315	0.0169960472351240664	0.00729979429225232257	0.944244999240982979	0.00953464552972342745	0.974359706250305819	0.203849036291119586	0.267754934227187926	0.32597724167064452	0.299287249677289877	0.325976200274680596	0.0586245113081834389	0.17749105273048555
C:	0.156810400893742602	0.720382860785139222	0.274977668478751878	0.437544028226553209	0.00752732986525201504	0.633877750174127074	0.0667710079880461469	0.0866469279838994388	0.295345178284992081	0.0448019490638096009	0.978131043072286123	0.00615868106726063967	0.00251936963932069482	0.00419330145804534251	0.984659330424165339	0.0030879378141356116	0.366740749061234712	0.0456570992837020242	0.167256475317836543	0.0320847559727795551	0.0185009179984924773	0.100334640566256684	0.137040469341088389
G:	0.180446915859911943	0.057517918462472281	0.311118806331233248	0.0161967037733001997	0.027297406059891969	0.0126521645769083885	0.207108812311748492	0.434784449783753225	0.21751702026549452	0.0126588733497565296	0.00275274451745053067	0.000779180817127288673	0.985573449577707265	0.0117143671264756054	0.00330475841197347153	0.00828685320023555234	0.237281483107033929	0.174920878364650655	0.201177935729455718	0.48770132314846094	0.233666821187634256	0.0367133089095084816	0.114715198083873567
T:	0.135638357312749913	0.061502684133476715	0.162183094229088625	0.506093857307449191	0.937819114457876147	0.137386167219104861	0.377146110269140589	0.139567538689256471	0.344118444781823973	0.854028465920440424	0.00909611251497103092	0.976066090880488005	0.00460738649071971767	0.0398473321744960728	0.00250126563413776253	0.0142655027353230174	0.192128731540611773	0.511667088124459395	0.305588347282063219	0.180926671201469627	0.421856060539192671	0.804327539216051396	0.570753279844552494



