1	CGTTGACC	0.496289570409541935


A:	0.0729838012892014653	0.184952370528930606	0.0868407239326332327	0.131951378992810127	0.431315970275952997	0.36171458201073513	0.1512366126093712	0.141762410842930571	0.0669875660271915755	0.00238715088421024471	0.00659463635558802698	0.000701163289827706396	0.992365619409421222	0.0188330766692383814	0.0122828626516279495	0.309675079754248755	0.373480288662482173	0.0893124352216784468	0.301682205273381963	0.206474714344170071	0.258433602757318275	0.180479199508579857
C:	0.132544541507029968	0.627403591847398978	0.552185222274224557	0.230081373067907883	0.294705785145026367	0.103744075121619292	0.203139314229591826	0.639621023705834678	0.0079001132414090454	0.186182429778451509	0.000519881128772662436	0.000773748675698530741	0.00104178657834316271	0.977883184319441126	0.647352616699928322	0.182910986283406279	0.146449784997701478	0.582408731273805149	0.395472850026655755	0.204467576622302377	0.227148778571199892	0.0767585020059058446
G:	0.241779116969219509	0.087693550959674286	0.239907667456650852	0.455799544038430447	0.158609882668159979	0.264835613880282328	0.493291077732499917	0.173840862217355267	0.765801895032358085	0.00115162144266302229	0.051612537201576118	0.969058187118768594	0.00227191343075958934	0.00153977322599029433	0.0206658929926982569	0.413706595042942652	0.325879588684089822	0.127340651440083818	0.138745885312351155	0.501558297344727293	0.124252961797800114	0.25484048673375691
T:	0.552692540234549057	0.0999504866639961297	0.121066386336491358	0.182167703900851543	0.115368361910860657	0.269705728987363249	0.152332995428537056	0.044775703233879485	0.159310425699041294	0.810278797894675224	0.941272945314063193	0.0294669009157051692	0.00432068058147602592	0.00174396578533019873	0.319698627655745472	0.0937073389194023136	0.154190337655726527	0.200938182064432587	0.164099059387611128	0.0874994116888002596	0.390164656873681718	0.487921811751757388



2	CGGTCAAC	0.495591721821594389


A:	0.178856431137977606	0.487921811751757388	0.390164656873681718	0.0874994116888002596	0.164099059387611128	0.200938182064432587	0.154190337655726527	0.0937073389194023136	0.265109707551958266	0.00148323333091291726	0.00249130730462142701	0.0198792012033279925	0.967421485414893938	0.908357514472147589	0.164977393377585252	0.044775703233879485	0.152332995428537056	0.269705728987363249	0.115368361910860657	0.182167703900851543	0.121066386336491358	0.0999504866639961297
C:	0.352256683832785502	0.25484048673375691	0.124252961797800114	0.501558297344727293	0.138745885312351155	0.127340651440083818	0.325879588684089822	0.413706595042942652	0.00691173767548704683	0.00104766371384847384	0.00243359435138751392	0.978243477041474664	0.026959147897034741	0.000949072257740886637	0.783086916264168869	0.173840862217355267	0.493291077732499917	0.264835613880282328	0.158609882668159979	0.455799544038430447	0.239907667456650852	0.087693550959674286
G:	0.278726254229204966	0.0767585020059058446	0.227148778571199892	0.204467576622302377	0.395472850026655755	0.582408731273805149	0.146449784997701478	0.182910986283406279	0.726784118442709474	0.983620837762515764	0.00208330069820817493	0.000961041990787297389	0.000510823286708549835	0.0884110724428989634	0.00687199060659073455	0.639621023705834678	0.203139314229591826	0.103744075121619292	0.294705785145026367	0.230081373067907883	0.552185222274224557	0.627403591847398978
T:	0.190160630800031925	0.180479199508579857	0.258433602757318275	0.206474714344170071	0.301682205273381963	0.0893124352216784468	0.373480288662482173	0.309675079754248755	0.0011944363298452123	0.0138482651927228451	0.992991797645782884	0.000916279764410045602	0.00510854340136277086	0.00228234082721256071	0.0450636997516551439	0.141762410842930571	0.1512366126093712	0.36171458201073513	0.431315970275952997	0.131951378992810127	0.0868407239326332327	0.184952370528930606



3	C.GGTCAA.G	0.494988557975667177


A:	0.370687781286941878	0.667136782884461783	0.183111083497484621	0.310820293653772686	0.02231078086305848	0.0870240762685959604	0.142244398756225356	0.162781443161829752	0.202224044806195927	0.00131189468399918212	0.0029392001487532811	0.00890727058000851678	0.975898867294086934	0.983191265282807218	0.159310425699041294	0.0445831327154842911	0.0865288857798300029	0.0834856888060679988	0.229168140577941923	0.0880645252076904699	0.401373041347651133	0.188506519896829446	0.53910680036201852
C:	0.228024276335020243	0.201173684651829682	0.190614745197935162	0.322866072214367272	0.20081526576556893	0.211185586344037546	0.669016159070466355	0.423154059379770779	0.0098710709220163441	0.00188346247905707529	0.0023782601558300076	0.987700857198477028	0.0146717189081518873	0.00103199092857699134	0.765801895032358085	0.119187403609447395	0.259252893016433378	0.407616340724624162	0.341917562784250703	0.512092520057982796	0.448767164406942165	0.0613885563812559827	0.0767524552103443072
G:	0.0943230879899147709	0.0764787408411561858	0.420775872162562374	0.125800828581295788	0.707205326099060748	0.566560806418191467	0.0776235635414113684	0.158745213451414074	0.784655583833780741	0.992038626672895547	0.00222406271098507881	0.00263459603326206002	0.0007200144508714591	0.0125843506776765864	0.0079001132414090454	0.818112693841620047	0.472215543288304053	0.254338274324423004	0.133838686428932914	0.313872656701941801	0.067493054361264691	0.506406692251742793	0.311283290483923718
T:	0.306964854388123108	0.0552107916225523493	0.205498299142017843	0.240512805550564255	0.0696686272723118414	0.135229530969175026	0.111115878631896921	0.255319284006985395	0.00324930043800698772	0.00476601616404819586	0.992458476984431633	0.000757276188252395576	0.00870939934688971967	0.00319239311093920451	0.0669875660271915755	0.0181167698334482663	0.182002677915432565	0.254559696144884835	0.29507561020887446	0.0859702980323849331	0.0823667398841420111	0.243698231470171778	0.0728574539437134543



4	AGTCAACG	0.49451162466369537


A:	0.0232233481621551809	0.469803695705090199	0.11538401474700002	0.357977288124938595	0.176563987070362516	0.408047656611174619	0.665612073876840492	0.319698627655745472	0.00105616151254915349	0.00443805120163359588	0.0368703558266612238	0.955324736656298772	0.872480774686362718	0.0697995486604010933	0.0608846074217581196	0.0297064272596628821	0.196538221390348683	0.090692692688557456	0.248869022529150859	0.0990790796341142507	0.278266656806321544	0.157349865653913479
C:	0.21932643601354392	0.17577081342082657	0.548484997751602492	0.408700327119642203	0.352513880863446876	0.369608659836977876	0.0879770059661418829	0.0206658929926982569	0.00146837700437253065	0.00224490518514880811	0.961850208762577121	0.0381130535709142117	0.00100718397478738164	0.88095262577473408	0.253442710424161698	0.633770551742515054	0.287235959310659944	0.395235770291855891	0.392607872992431153	0.199387954754824425	0.0850714953213168893	0.473820445209639793
G:	0.174075184119093404	0.268681928434283583	0.257545015377642593	0.145486134104199372	0.0807659329729566961	0.0706304768090310445	0.170993472454775245	0.647352616699928322	0.976602175983181658	0.00102612270489481104	0.000504349681219833032	0.000418874551505575099	0.124415220335070746	0.00666580514783254955	0.588707633242408554	0.291481375626833668	0.188182561401332532	0.342564610153964374	0.174073327461421462	0.329901619555386833	0.374037531383231105	0.214141936570887557
T:	0.583375031705207495	0.0857435624397996474	0.0785859721237548955	0.0878362506512198305	0.390156199093233911	0.151713206742816461	0.0754174477022423802	0.0122828626516279495	0.0208732854998966581	0.992290920908322785	0.000775085729541822488	0.00614333522128144153	0.00209682100377915433	0.0425820204170322769	0.0969650489116716281	0.045041645370988395	0.328043257897658841	0.171506926865622279	0.184449777016996525	0.371631346055674491	0.262624316489130461	0.15468775256555917



5	G..GGTCAAC	0.494181854101842248


A:	0.0343114314879142961	0.178856431137977606	0.487921811751757388	0.390164656873681718	0.0874994116888002596	0.164099059387611128	0.200938182064432587	0.154190337655726527	0.0937073389194023136	0.0937112271782684904	0.00194747992886831448	0.00208462573598877603	0.0142342018557571937	0.972280106852653127	0.910621610509922088	0.131365504603532426	0.044775703233879485	0.152332995428537056	0.269705728987363249	0.115368361910860657	0.182167703900851543	0.121066386336491358	0.0999504866639961297
C:	0.109388353574843781	0.352256683832785502	0.25484048673375691	0.124252961797800114	0.501558297344727293	0.138745885312351155	0.127340651440083818	0.325879588684089822	0.413706595042942652	0.00374923068491301019	0.00169091565713426547	0.00166366314073975092	0.984031455469553794	0.0231501063090888573	0.000730658996697878286	0.853319172378055768	0.173840862217355267	0.493291077732499917	0.264835613880282328	0.158609882668159979	0.455799544038430447	0.239907667456650852	0.087693550959674286
G:	0.102084803162597928	0.278726254229204966	0.0767585020059058446	0.227148778571199892	0.204467576622302377	0.395472850026655755	0.582408731273805149	0.146449784997701478	0.182910986283406279	0.900276060836499614	0.979142631209885337	0.00275989077210116788	0.000931463977360155113	0.000459561217544378216	0.0862031720120669509	0.00223397803413646767	0.639621023705834678	0.203139314229591826	0.103744075121619292	0.294705785145026367	0.230081373067907883	0.552185222274224557	0.627403591847398978
T:	0.754215411774643995	0.190160630800031925	0.180479199508579857	0.258433602757318275	0.206474714344170071	0.301682205273381963	0.0893124352216784468	0.373480288662482173	0.309675079754248755	0.00226348130031888562	0.017218973204112083	0.993491820351170305	0.000802878697328856706	0.00411022562071363778	0.00244455848131308301	0.0130813449842753384	0.141762410842930571	0.1512366126093712	0.36171458201073513	0.431315970275952997	0.131951378992810127	0.0868407239326332327	0.184952370528930606



