1	AGTCAACG	0.498408650982727814


A:	0.305887494360325374	0.197361798109808657	0.904093444534447581	0.826207842132673546	0.231748768636519607	0.472456498480450526	0.523945503179757839	0.577139705914096085	0.00167784659726413954	0.00848623558056559575	0.0185828122223592193	0.985672075404307705	0.959085982487172766	0.0142796448368738734	0.0314435742927668189	0.139323418031661748	0.143146727987000598	0.320835751953996807	0.180689333263575604	0.193439105873825783	0.040141127359884616	0.17679123660115915
C:	0.466412914400720646	0.155949724627432712	0.0371468335330622964	0.00436230046531956105	0.459442174486894531	0.15051772078523521	0.052551873162543442	0.0155031817155399161	0.0006138396003518052	0.000703685973174421333	0.979668676459995251	0.0092580936292406674	0.00174314131801419633	0.958230032011772029	0.0341223150747040041	0.602050860419391861	0.183897126370637116	0.513222568591074445	0.197644087145561445	0.0147858755063034955	0.0696495250934914467	0.42673934640698804
G:	0.123123877349867827	0.297156074254758625	0.0426313081626468423	0.164646245040105678	0.0933613034518038185	0.093388737810622311	0.11807302792779742	0.394449761334019701	0.981868420513518672	0.00192638114193191063	0.000702927056191021462	0.000689456271285330359	0.0386639274527278749	0.00112366889165181003	0.870630172114211371	0.143818581050841382	0.335489849393965369	0.0824572779562703336	0.568382749261987769	0.550056713217592602	0.0141324667679648156	0.178671147077006644
T:	0.104575713889086153	0.349532403008000007	0.0161284137698432808	0.00478361236190121441	0.215447753424782044	0.283637042923691953	0.305429595729901299	0.0129073510363442979	0.0158398932888653835	0.988883697304328072	0.00104558426145450863	0.00438037469516629674	0.000506948742085162958	0.0263666542597022878	0.0638039385183178056	0.114807140498105009	0.337466296248396916	0.0834844014986584144	0.0532838303288751823	0.24171830540227812	0.876076880778659122	0.217798269914846166



2	CGTTGACC	0.49812636489974191


A:	0.217798269914846166	0.876076880778659122	0.24171830540227812	0.0532838303288751823	0.0834844014986584144	0.337466296248396916	0.114807140498105009	0.0875243441534980946	0.0419531017397564061	0.000789730851826492054	0.00360920198018060315	0.00093250336815521384	0.991190752790815123	0.00707536081178265633	0.0129073510363442979	0.305429595729901299	0.283637042923691953	0.215447753424782044	0.00478361236190121441	0.0161284137698432808	0.349532403008000007	0.104575713889086153
C:	0.178671147077006644	0.0141324667679648156	0.550056713217592602	0.568382749261987769	0.0824572779562703336	0.335489849393965369	0.143818581050841382	0.820824058626110154	0.00130102962129338907	0.0488379392561853362	0.000530555689065968307	0.00108669027166438368	0.00160030491347013987	0.989132726081925065	0.394449761334019701	0.11807302792779742	0.093388737810622311	0.0933613034518038185	0.164646245040105678	0.0426313081626468423	0.297156074254758625	0.123123877349867827
G:	0.42673934640698804	0.0696495250934914467	0.0147858755063034955	0.197644087145561445	0.513222568591074445	0.183897126370637116	0.602050860419391861	0.046857604587168119	0.926014285414809898	0.000542686989176672498	0.00981405127540631288	0.977369027806961947	0.0010923047274864707	0.000952742935586377661	0.0155031817155399161	0.052551873162543442	0.15051772078523521	0.459442174486894531	0.00436230046531956105	0.0371468335330622964	0.155949724627432712	0.466412914400720647
T:	0.17679123660115915	0.040141127359884616	0.193439105873825783	0.180689333263575604	0.320835751953996807	0.143146727987000598	0.139323418031661748	0.0447939926332236321	0.0307315832241403067	0.949829642902811499	0.986046191055347116	0.0206117785532184557	0.00611663756822826596	0.00283917017070590136	0.577139705914096085	0.523945503179757839	0.472456498480450526	0.231748768636519607	0.826207842132673546	0.90409344453444758	0.197361798109808657	0.305887494360325374



3	GCGTTGAC	0.497878201310303752


A:	0.143111561123177554	0.217798269914846166	0.876076880778659122	0.24171830540227812	0.0532838303288751823	0.0834844014986584144	0.337466296248396916	0.114807140498105009	0.0414800514559576537	0.0214926035268260966	0.00181521083829158235	0.00349176493678592814	0.00194331228995272655	0.986162708993964111	0.0353532944169237624	0.0129073510363442979	0.305429595729901299	0.283637042923691953	0.215447753424782044	0.00478361236190121441	0.0161284137698432808	0.349532403008000007
C:	0.0465960477767682032	0.178671147077006644	0.0141324667679648156	0.550056713217592602	0.568382749261987769	0.0824572779562703336	0.335489849393965369	0.143818581050841382	0.898171336829345986	0.0028692554777071484	0.0359250734066678544	0.00193348177129956158	0.00153612159260389208	0.00269475687843986235	0.959061872957918371	0.394449761334019701	0.11807302792779742	0.093388737810622311	0.0933613034518038185	0.164646245040105678	0.0426313081626468423	0.297156074254758625
G:	0.211036873916289174	0.42673934640698804	0.0696495250934914467	0.0147858755063034955	0.197644087145561445	0.513222568591074445	0.183897126370637116	0.602050860419391861	0.0221063904636175948	0.953578174502867294	0.00254381208310820524	0.0168779116469443378	0.977734916806404452	0.00092718681727772197	0.00215355679511948927	0.0155031817155399161	0.052551873162543442	0.15051772078523521	0.459442174486894531	0.00436230046531956105	0.0371468335330622964	0.155949724627432712
T:	0.599255517183765069	0.17679123660115915	0.040141127359884616	0.193439105873825783	0.180689333263575604	0.320835751953996807	0.143146727987000598	0.139323418031661748	0.0382422212510787653	0.0220599664925994607	0.959715903671932358	0.977696841644970172	0.0187856493110389293	0.0102153473103183049	0.00343127583003837688	0.577139705914096085	0.523945503179757839	0.472456498480450526	0.231748768636519607	0.826207842132673546	0.90409344453444758	0.197361798109808657



4	A.GTCAACG	0.497679785597300114


A:	0.0323642321540207936	0.305887494360325374	0.197361798109808657	0.904093444534447581	0.826207842132673546	0.231748768636519607	0.472456498480450526	0.523945503179757839	0.577139705914096085	0.00133173996518383245	0.00579534479365022529	0.012322530730598563	0.985399910355393564	0.975065828172597734	0.0134601769936491115	0.0478256955586572387	0.139323418031661748	0.143146727987000598	0.320835751953996807	0.180689333263575604	0.193439105873825783	0.040141127359884616	0.17679123660115915
C:	0.395231397796224328	0.466412914400720646	0.155949724627432712	0.0371468335330622964	0.00436230046531956105	0.459442174486894531	0.15051772078523521	0.052551873162543442	0.0155031817155399161	0.000757927676993457241	0.00141434790278649054	0.984762469719956861	0.00994493342470227776	0.00172874864706275364	0.959213658087756186	0.0503264980953031162	0.602050860419391861	0.183897126370637116	0.513222568591074445	0.197644087145561445	0.0147858755063034955	0.0696495250934914467	0.42673934640698804
G:	0.251888012072349771	0.123123877349867827	0.297156074254758625	0.0426313081626468423	0.164646245040105678	0.0933613034518038185	0.093388737810622311	0.11807302792779742	0.394449761334019701	0.972077034602135435	0.00127155645270851715	0.00131320185896164888	0.00120041687964216602	0.0219734636641713917	0.00258764644344242724	0.847928458807899009	0.143818581050841382	0.335489849393965369	0.0824572779562703336	0.568382749261987769	0.550056713217592602	0.0141324667679648156	0.178671147077006644
T:	0.320516357977405107	0.104575713889086153	0.349532403008000007	0.0161284137698432808	0.00478361236190121441	0.215447753424782044	0.283637042923691953	0.305429595729901299	0.0129073510363442979	0.025833297755687275	0.991518750850854767	0.00160179769048292687	0.00345473934026199257	0.00123195951616812098	0.0247385184751522753	0.0539193475381406359	0.114807140498105009	0.337466296248396916	0.0834844014986584144	0.0532838303288751823	0.24171830540227812	0.876076880778659122	0.217798269914846166



5	AAGTCAAC	0.497518487269839694


A:	0.09869804421023109	0.344647527066841201	0.0695732451826487784	0.485745504310345847	0.473582129553007053	0.634021777469850303	0.411362515964345291	0.819683480622061512	0.736880972474159334	0.00169152350357273707	0.00211672680324545738	0.0058398379581235758	0.984496127992922901	0.96324457272693003	0.0279920113313257855	0.0314435742927668189	0.136121531386580654	0.131655056179598827	0.163424211713008335	0.44823333429678952	0.247113710382182239	0.522406121078455283
C:	0.251679299603301774	0.15593037460127776	0.648598917355555224	0.0176394711128367949	0.21053919673380388	0.161646798227148435	0.257443275221751987	0.0314950384059161271	0.00489285438355088007	0.00100638133329329354	0.00236752602190584772	0.989845614505905628	0.00708737984100477532	0.0014862723789853564	0.949965148665896662	0.0341223150747040041	0.295528352223576961	0.0471949674813771506	0.21324529827881875	0.15708944604949874	0.113125535880105929	0.0620674034139169248
G:	0.0992725152620517005	0.213732988935889045	0.104542438675969096	0.486154939789257948	0.0904271154592003713	0.100547897224090805	0.10663125221604656	0.0777281223918156778	0.247736840506279036	0.985693639579357009	0.00286891466353541046	0.00100178793418668003	0.000827741044362448888	0.0345440232031632562	0.00273107428675740023	0.870630172114211371	0.333603602057112806	0.16751558143621315	0.236835045322541052	0.144338538106307008	0.439513904551507323	0.233633208251631269
T:	0.550350140924415435	0.285689109395991994	0.177285398785826902	0.0104600847875594096	0.225451558253988695	0.103783527078910457	0.224562956597856161	0.071093358580206683	0.0104893326360107505	0.0116084555837769608	0.992646832511313284	0.00331275960178411619	0.00758875112170987483	0.000725131690921357525	0.0193117657160201526	0.0638039385183178056	0.234746514332729579	0.653634394902810872	0.386495444685631863	0.250338681547404731	0.200246849186204508	0.181893267255996523



