1	T..TGGTCAA	0.496812696531173343


A:	0.607541184157847135	0.222685942973506021	0.0313638191707750486	0.214412920935928756	0.402745137486571093	0.0549297907399093423	0.192369623656373121	0.296606017842920463	0.137448163720634872	0.0939811506427778509	0.193404852133601378	0.00164452545702045133	0.00572754791953937773	0.00385445148338666429	0.979538776063148115	0.986798937721218618	0.120464433869421286	0.281479899055408482	0.218636292011801857	0.303669882050751903	0.137370738482309954	0.126624079584000919	0.169109007750069665
C:	0.281782076584423998	0.193626571245606635	0.41383420647167878	0.14782508121078965	0.0863967372434029355	0.342585059382720083	0.151599953067558954	0.335972452444798952	0.237980701993719432	0.27972718765604824	0.00346010630228689646	0.000685384929003258398	0.00144865700485205209	0.992580225313371887	0.0151380137190109932	0.000985240671399431113	0.636842525250792077	0.263512701450456038	0.387139980118656639	0.33212709417768475	0.380026100089129326	0.40814510164955915	0.496933030768902505
G:	0.0416738085012877761	0.221642261724304569	0.215443311366071279	0.554084124633133671	0.239185325988141118	0.56181184980248811	0.281672891315324629	0.348150951988319866	0.256172259808111729	0.0229921781231861374	0.802395551722555962	0.985958534684916024	0.00177968046321123859	0.00157075160098491433	0.000246913802861164243	0.00357458369763926869	0.217832645000483861	0.418140646719792738	0.229169287128238056	0.0780821320089420437	0.24081724750726124	0.268314759005200781	0.101945564296177306
T:	0.0690029307564410902	0.362045224056582775	0.339358662991474892	0.0836778732201479232	0.271672799281884854	0.0406733000748824643	0.374357531960743296	0.0192705777239607192	0.368398874477533967	0.603299483577987772	0.000739489841555763991	0.0117115549290602665	0.991044114612397332	0.00199457160225653389	0.0050762964149797271	0.00864123790974268219	0.0248603958793027757	0.0368667527743427419	0.165054440741303448	0.286120891762621303	0.241785913921299481	0.19691605976123915	0.232012397184850524



2	GTTGACCA	0.496514915789993579


A:	0.207516381198778644	0.232012397184850524	0.19691605976123915	0.241785913921299481	0.286120891762621303	0.165054440741303448	0.0368667527743427419	0.0248603958793027757	0.00271011083942231023	0.00538720073765067754	0.00126695661865941792	0.989145425639663244	0.0139017779102188375	0.000583735930426153336	0.582768031394736057	0.368398874477533967	0.0192705777239607192	0.374357531960743296	0.0406733000748824643	0.271672799281884854	0.0836778732201479232	0.339358662991474892
C:	0.467824205100455684	0.101945564296177306	0.268314759005200781	0.24081724750726124	0.0780821320089420437	0.229169287128238056	0.418140646719792738	0.217832645000483861	0.00286614021918941666	0.000654683308024817923	0.00136924905357326908	0.000815637641787308893	0.983459049824387916	0.758325164506397459	0.0139122342106500068	0.256172259808111729	0.348150951988319865	0.281672891315324629	0.56181184980248811	0.239185325988141118	0.554084124633133671	0.215443311366071279
G:	0.246041129157415989	0.496933030768902505	0.40814510164955915	0.380026100089129326	0.33212709417768475	0.387139980118656639	0.263512701450456038	0.636842525250792077	0.00137925788098982327	0.00770265454907046053	0.988788780225034556	0.00143508064963563895	0.000651233410485146011	0.00252151635129728477	0.344699609379800722	0.237980701993719432	0.335972452444798952	0.151599953067558954	0.342585059382720083	0.0863967372434029355	0.14782508121078965	0.41383420647167878
T:	0.0786182845433496833	0.169109007750069665	0.126624079584000919	0.137370738482309954	0.303669882050751903	0.218636292011801857	0.281479899055408482	0.120464433869421286	0.99304449106039845	0.986255461405254044	0.0085750141027327569	0.00860385606891380832	0.00198793885490810051	0.238569583211879103	0.0586201250148132145	0.137448163720634872	0.296606017842920463	0.192369623656373121	0.0549297907399093423	0.402745137486571093	0.214412920935928756	0.0313638191707750486



3	CGGTCAA.C	0.496443917617424804


A:	0.442077673967798136	0.118428442591447395	0.401823995819161928	0.30910952096628795	0.427245370364720463	0.115756676893879363	0.208787330611205956	0.110442994872107825	0.106313163207475116	0.00157378046027890105	0.00933175717646961206	0.00612769702068144757	0.976221734550986615	0.989904406939314033	0.147000011962379879	0.118014759805031245	0.431946696164364638	0.329656872273790868	0.38645884825592268	0.0838783672290581436	0.249160577937055808	0.231997233870476858	0.273805784512259184
C:	0.154573190837213644	0.247599971859740745	0.1081960123257502	0.29349433128170003	0.0967854816470199314	0.397257739012733069	0.212046069203956066	0.534606221024590714	0.00525529932229930586	0.000525567328049127268	0.000798463551402814813	0.9909692316422071	0.0179420221795222759	0.00191873164404413348	0.411328720147971122	0.447244052753668604	0.28254435603431202	0.209662179369253309	0.153843874274071017	0.472585772850943008	0.121574823282066328	0.33201605628703453	0.133417617723248315
G:	0.292586895602634896	0.406791536681685849	0.305993753553062162	0.204209483992707029	0.331537331721597986	0.262306594209594295	0.432209432634231153	0.0250384202733052665	0.88810034792139469	0.981027069417919569	0.00199246413518761561	0.00128134452806392389	0.000230114669835263389	0.00367064338863502182	0.419223457276485223	0.370987269711112446	0.163374176185378279	0.138223471147653505	0.22989498587070013	0.289425056255013396	0.404260843090586553	0.248731113109991925	0.314175834765284707
T:	0.110762239592353325	0.227180048867126011	0.183986238302025709	0.193186663759304991	0.144431816266661619	0.224678989883793272	0.146957167550606825	0.329912363829996194	0.000331189548830888497	0.0168735827937524029	0.987877315136939958	0.00162172680904752877	0.00560612859965584533	0.00450621802800681176	0.0224478106131637758	0.0637539177301877054	0.122134771615945063	0.322457477209302317	0.229802291599306174	0.154110803664985452	0.225003755690291311	0.187255596732496687	0.278600762999207794



4	G..GGTCAAC	0.496295747518150837


A:	0.1896138665661447	0.077797360581991267	0.314660631417641231	0.478152141495516885	0.15845802061559358	0.449555415658759733	0.118277897492320961	0.182439349608643138	0.0586201250148132145	0.202757463413898128	0.00177113057876022251	0.00562043303571372204	0.00747511634427985698	0.988256247478037304	0.988650117860758727	0.0849826405523036364	0.403836072087081964	0.220796582230925105	0.607421557371723226	0.0833975524921380745	0.141178733959864599	0.0816609651826226378	0.246765268306572552
C:	0.438718499033084816	0.249052031576975314	0.341198603507853613	0.105805265583203026	0.146061653772367542	0.188379895770674538	0.299236807062523125	0.538090540631223766	0.344699609379800722	0.00326562337997089373	0.00145925553928682578	0.00122979130655729234	0.989295240570199479	0.00787459858951118122	0.000830495561908325353	0.713755110251443816	0.0847092626856772282	0.429192515969153477	0.222971705960670227	0.198811754663530501	0.177129705386981607	0.223840454969808942	0.185590571834123989
G:	0.152889299019781227	0.518431079648111997	0.125475534838706722	0.18389002290302274	0.602546764910755854	0.16934098041354302	0.530237871046531096	0.223499424951781913	0.0139122342106500068	0.793500490232533293	0.990085201266282666	0.00141412116932065029	0.00226868775803867223	0.000343222834602737398	0.00325403651729291417	0.188961217490212364	0.489168500097394905	0.291827602462750451	0.0417276930238323765	0.092324169219359384	0.385534649144881851	0.602552008162015364	0.330622986657525321
T:	0.218778335380989256	0.154719528192921421	0.218665230235798434	0.232152570018257349	0.0929335607012830228	0.192723708157022708	0.0522474243986248179	0.0559706848083511837	0.582768031394736057	0.000476422973597684934	0.00668441261567028536	0.991735654488408335	0.000960955327481992206	0.00352593109784877769	0.00726535006004003327	0.0123010317060401834	0.0222861651298459036	0.0581832993371709673	0.127879043643774171	0.625466523624972041	0.296156911508271943	0.0919465716855530568	0.237021173201778138



5	C.GGTCAAC	0.496295747518150837


A:	0.1896138665661447	0.077797360581991267	0.314660631417641231	0.478152141495516885	0.15845802061559358	0.449555415658759733	0.118277897492320961	0.182439349608643138	0.0586201250148132145	0.169296754051322646	0.000895253069461722091	0.00639757792514790187	0.0058860485430802261	0.985431753855765327	0.992316178689454586	0.135786910095613905	0.403836072087081964	0.220796582230925105	0.607421557371723226	0.0833975524921380745	0.141178733959864599	0.0816609651826226378	0.246765268306572552
C:	0.438718499033084816	0.249052031576975314	0.341198603507853613	0.105805265583203026	0.146061653772367542	0.188379895770674538	0.299236807062523125	0.538090540631223766	0.344699609379800722	0.00343510722656715792	0.00118314934792457957	0.00105551279237760501	0.991240179389888876	0.0111341445581896639	0.0009658981230413278	0.637161694240910997	0.0847092626856772282	0.429192515969153477	0.222971705960670227	0.198811754663530501	0.177129705386981607	0.223840454969808942	0.185590571834123989
G:	0.152889299019781227	0.518431079648111997	0.125475534838706722	0.18389002290302274	0.602546764910755854	0.16934098041354302	0.530237871046531096	0.223499424951781913	0.0139122342106500068	0.826895664220197214	0.988358652713768021	0.00144171749245281426	0.00160458442022765081	0.000747318453458257606	0.00347472873264657362	0.208791866133625158	0.489168500097394905	0.291827602462750451	0.0417276930238323765	0.092324169219359384	0.385534649144881851	0.602552008162015364	0.330622986657525321
T:	0.218778335380989256	0.154719528192921421	0.218665230235798434	0.232152570018257349	0.0929335607012830228	0.192723708157022708	0.0522474243986248179	0.0559706848083511837	0.582768031394736057	0.000372474501912982545	0.00956294486884567689	0.991105191790021679	0.00126918764680324745	0.00268678313258675121	0.00324319445485751287	0.0182595295298499401	0.0222861651298459036	0.0581832993371709673	0.127879043643774171	0.625466523624972041	0.296156911508271943	0.0919465716855530568	0.237021173201778138



