1	G..GGTCAAC	0.496552575690225712


A:	0.15409129541699229	0.111061225504762221	0.391374992299545393	0.113730780375615114	0.174980959061999247	0.278911134209328042	0.0856257896444144878	0.141407339706196657	0.0302930465146072739	0.268258380730128549	0.00425449705091946159	0.00292934680152934916	0.0150497220939737724	0.971762321644067967	0.908342534747031589	0.111027725913658554	0.0341718978903872425	0.329604842526888616	0.276052321743593828	0.0735034991294174227	0.118604567845624909	0.019742086233985841	0.434993417105202069
C:	0.150523151346285251	0.502267795038102319	0.312062385268513072	0.314942274985801932	0.224049319170610432	0.363587723729979649	0.174824502804466555	0.3292889938711154	0.466792505569916913	0.0109676211034387604	0.00282517744486932034	0.00376990189166587416	0.979614151767789158	0.0146794068078335208	0.00176878489425540059	0.782284400720486749	0.582950136790943097	0.422903234098011824	0.164006447278141898	0.145652701194366042	0.308108129857635665	0.405285980650297383	0.10593797599959662
G:	0.113600138245517715	0.107125970178327758	0.182140631196734611	0.36409512019648326	0.386106635121994643	0.164155036326176765	0.571950771907233049	0.400962291135706313	0.270348014150272844	0.718742296048453686	0.980725623886442543	0.00185134618785436343	0.00348535641765118931	0.00334089771488546862	0.0725616142143117904	0.0685697585566900872	0.199787245539878108	0.13573264285548917	0.0797100650984453327	0.237586869636609652	0.458975385763278385	0.535072108054930402	0.385078292620102368
T:	0.581785414991204745	0.279545009278807702	0.114421991235206923	0.207231824442099693	0.214863086645395678	0.193346105734515543	0.167598935643885908	0.128341375286981629	0.232566433765202969	0.00203170211797900445	0.0121947016177686748	0.991449405118950413	0.00185076972058587993	0.0102173738332130435	0.01732706614440122	0.0381181148091646094	0.183090719778791553	0.11175928051961039	0.480231165879818941	0.543256930039606884	0.114311916533461041	0.0398998250607863747	0.0739903142750989434



2	CGGTCAAC	0.494745875728538971


A:	0.111061225504762221	0.391374992299545393	0.113730780375615114	0.174980959061999247	0.278911134209328042	0.0856257896444144878	0.141407339706196657	0.0302930465146072739	0.204087255001836492	0.00403335457406386588	0.00487539559396673338	0.0142459036760315417	0.938318720001849198	0.807611429563076142	0.0966386959047786284	0.0341718978903872425	0.329604842526888616	0.276052321743593828	0.0735034991294174227	0.118604567845624909	0.019742086233985841	0.434993417105202069
C:	0.502267795038102319	0.312062385268513072	0.314942274985801932	0.224049319170610432	0.363587723729979649	0.174824502804466555	0.3292889938711154	0.466792505569916913	0.031946314046842633	0.00525556870234432106	0.00689827286755825623	0.977961202491428767	0.0439854025836962125	0.00401116269578549533	0.699591182275494999	0.582950136790943097	0.422903234098011824	0.164006447278141898	0.145652701194366042	0.308108129857635665	0.405285980650297383	0.10593797599959662
G:	0.107125970178327758	0.182140631196734611	0.36409512019648326	0.386106635121994643	0.164155036326176765	0.571950771907233049	0.400962291135706313	0.270348014150272844	0.758889130334541947	0.977060200336223977	0.00283952139657490798	0.00330057034598240303	0.00343426719572437771	0.123979432111042452	0.0980756775524541077	0.199787245539878108	0.13573264285548917	0.0797100650984453327	0.237586869636609652	0.458975385763278385	0.535072108054930402	0.385078292620102368
T:	0.279545009278807702	0.114421991235206923	0.207231824442099693	0.214863086645395678	0.193346105734515543	0.167598935643885908	0.128341375286981629	0.232566433765202969	0.00507730061677892803	0.0136508763873678363	0.985386810141900102	0.00449232348655728827	0.014261610218730212	0.0643979756300959101	0.105694444267272264	0.183090719778791553	0.11175928051961039	0.480231165879818941	0.543256930039606884	0.114311916533461041	0.0398998250607863747	0.0739903142750989434



3	GGTCAACC	0.494723461130562376


A:	0.391374992299545393	0.113730780375615114	0.174980959061999247	0.278911134209328042	0.0856257896444144878	0.141407339706196657	0.0302930465146072739	0.0800796291296818997	0.00449374038664297532	0.0045141119561184832	0.00577176140138395608	0.971816708243747943	0.963027276396161312	0.0996298649666337432	0.0341718978903872425	0.329604842526888616	0.276052321743593828	0.0735034991294174227	0.118604567845624909	0.019742086233985841	0.434993417105202069	0.446727826803825678
C:	0.312062385268513072	0.314942274985801932	0.224049319170610432	0.363587723729979649	0.174824502804466555	0.3292889938711154	0.466792505569916913	0.0174575619398398132	0.0021054748754319389	0.00283460986706014403	0.9913545505192119	0.00646505150594923567	0.00260404498817125752	0.84665879730740911	0.582950136790943097	0.422903234098011824	0.164006447278141898	0.145652701194366042	0.308108129857635665	0.405285980650297383	0.10593797599959662	0.249609700297545592
G:	0.182140631196734611	0.36409512019648326	0.386106635121994643	0.164155036326176765	0.571950771907233049	0.400962291135706313	0.270348014150272844	0.89964569000150207	0.987721107390143854	0.00166273511508543118	0.00143452719600498532	0.0160078545656413212	0.0276236807546974698	0.0253146690022380327	0.199787245539878108	0.13573264285548917	0.0797100650984453327	0.237586869636609652	0.458975385763278385	0.535072108054930402	0.385078292620102368	0.23913250354843955
T:	0.114421991235206923	0.207231824442099693	0.214863086645395678	0.193346105734515543	0.167598935643885908	0.128341375286981629	0.232566433765202969	0.00281711892897621692	0.00567967734778123146	0.990988543061735942	0.00143916088339915817	0.00571038568466150057	0.00674499786096996016	0.0283966687237191139	0.183090719778791553	0.11175928051961039	0.480231165879818941	0.543256930039606884	0.114311916533461041	0.0398998250607863747	0.0739903142750989434	0.0645299693501891793



4	A..GTTGACC	0.49398058971699511


A:	0.205824453033142472	0.0645299693501891793	0.0739903142750989434	0.0398998250607863747	0.114311916533461041	0.543256930039606884	0.480231165879818941	0.11175928051961039	0.183090719778791553	0.1066506144945873	0.00973418561404338956	0.0129884770597785939	0.00460119601298523216	0.98487470040300692	0.0220140576174706683	0.00700651574134956867	0.232566433765202969	0.128341375286981629	0.167598935643885908	0.193346105734515543	0.214863086645395678	0.207231824442099693	0.114421991235206923
C:	0.485736860170353618	0.23913250354843955	0.385078292620102368	0.535072108054930402	0.458975385763278385	0.237586869636609652	0.0797100650984453327	0.13573264285548917	0.199787245539878108	0.0427034720719947253	0.137332369362339738	0.00559220936984431395	0.00204354351365149328	0.00319059386007931624	0.969869201740787389	0.833175424942539375	0.270348014150272844	0.400962291135706313	0.571950771907233049	0.164155036326176765	0.386106635121994643	0.36409512019648326	0.182140631196734611
G:	0.224852006631127829	0.249609700297545592	0.10593797599959662	0.405285980650297383	0.308108129857635665	0.145652701194366042	0.164006447278141898	0.422903234098011824	0.582950136790943097	0.771936019146620761	0.00466408080734213814	0.0157866466300945805	0.978585876401082045	0.00235366037696695114	0.00408990451157160278	0.0387664704342820106	0.466792505569916913	0.3292889938711154	0.174824502804466555	0.363587723729979649	0.224049319170610432	0.314942274985801932	0.312062385268513072
T:	0.0835866801653760814	0.446727826803825678	0.434993417105202069	0.019742086233985841	0.118604567845624909	0.0735034991294174227	0.276052321743593828	0.329604842526888616	0.0341718978903872425	0.0787098942867972139	0.848269364216274735	0.965632666940282512	0.0147693840722812294	0.00958104535994681258	0.00402683613017034002	0.121051588881829046	0.0302930465146072739	0.141407339706196657	0.0856257896444144878	0.278911134209328042	0.174980959061999247	0.113730780375615114	0.391374992299545393



5	G.GGTCAAC	0.492924877759668099


A:	0.15409129541699229	0.111061225504762221	0.391374992299545393	0.113730780375615114	0.174980959061999247	0.278911134209328042	0.0856257896444144878	0.141407339706196657	0.0302930465146072739	0.143045148838214965	0.00495849853645966361	0.00236996123108229578	0.00864256514268725746	0.96579023393824834	0.931219962469253842	0.1734902432399383	0.0341718978903872425	0.329604842526888616	0.276052321743593828	0.0735034991294174227	0.118604567845624909	0.019742086233985841	0.434993417105202069
C:	0.150523151346285251	0.502267795038102319	0.312062385268513072	0.314942274985801932	0.224049319170610432	0.363587723729979649	0.174824502804466555	0.3292889938711154	0.466792505569916913	0.0271718349117277435	0.00148929855569217058	0.00671305299812870358	0.986130357098593464	0.0246489090936012505	0.00242635832086835023	0.749551317231324569	0.582950136790943097	0.422903234098011824	0.164006447278141898	0.145652701194366042	0.308108129857635665	0.405285980650297383	0.10593797599959662
G:	0.113600138245517715	0.107125970178327758	0.182140631196734611	0.36409512019648326	0.386106635121994643	0.164155036326176765	0.571950771907233049	0.400962291135706313	0.270348014150272844	0.823929021877492724	0.980398912771902961	0.00158709998078858242	0.00163676530911661029	0.00299442244592932249	0.0589342914914150859	0.0398444010379834164	0.199787245539878108	0.13573264285548917	0.0797100650984453327	0.237586869636609652	0.458975385763278385	0.535072108054930402	0.385078292620102368
T:	0.581785414991204745	0.279545009278807702	0.114421991235206923	0.207231824442099693	0.214863086645395678	0.193346105734515543	0.167598935643885908	0.128341375286981629	0.232566433765202969	0.00585399437256456777	0.0131532901359452049	0.989329885790000418	0.00359031244960266843	0.0065664345222210868	0.00741938771846272218	0.0371140384907537146	0.183090719778791553	0.11175928051961039	0.480231165879818941	0.543256930039606884	0.114311916533461041	0.0398998250607863747	0.0739903142750989434



