1	CGTTGACC	0.497766527695056581


A:	0.199527638799748865	0.777412821187621373	0.28667227789515344	0.0160614951446462259	0.103676562560911549	0.386536268626858999	0.141378651926700392	0.0786993489070098626	0.024224007776913694	0.00074371259561343288	0.00309039680102463195	0.000535992624591257823	0.992060647370125616	0.020030315604067486	0.00822611397366160582	0.440006263658779647	0.368384135723675059	0.185730590574694598	0.00527280914251943467	0.0101855537067116972	0.28987805068309664	0.333262782100036476
C:	0.263028654376017769	0.046515606476658558	0.573222007066362751	0.725174003287768467	0.0847842139610408954	0.205568021522370395	0.404490442378566185	0.765332096687498996	0.00125312096544623893	0.0987205674987618146	0.000318975523253776121	0.000960183041267636732	0.00109928335265129667	0.978252472550038909	0.510111222918515413	0.170608445356009063	0.0781788248552703152	0.0459348038971108278	0.258232520517237812	0.069317717945987975	0.234214942905808775	0.056231893842732035
G:	0.232013381973951339	0.142862463284827617	0.00821785151501544417	0.135403118683538586	0.363379031286296809	0.271630770427196268	0.320850118191719126	0.130198065697244	0.858524088016806774	0.000753066599346074	0.016216918828886186	0.973376023292863936	0.0020570014512188582	0.000500379389184098229	0.0155561162853981159	0.0710873282868758233	0.202472651573480395	0.51680640108109841	0.00298282593303357833	0.111490499958603625	0.243234321554841727	0.169457166849681839
T:	0.305430324850282026	0.0332091090508924515	0.131887863523468365	0.123361382884046722	0.448160192191750747	0.136264939423574337	0.133280787503014297	0.025770488708247142	0.115998783240833293	0.899782653306278678	0.980373708846835406	0.0251278010412771695	0.00478306782600422871	0.0012168324567095071	0.466106546822424865	0.318297962698335466	0.35096438784757423	0.251528204447096164	0.733511844407209175	0.809006228388696703	0.232672684856252858	0.44104815720754965



2	AAGTCAAC	0.497236215196783959


A:	0.167962697751473512	0.296437704928231966	0.0499757427187629119	0.366058082455586763	0.45740427316715494	0.410412603984019358	0.292513434951263881	0.818812387056270041	0.755154040624231307	0.0012648519781728259	0.00466930458683780078	0.0218685128097475761	0.979600984995394268	0.956317407720179419	0.0641196388858473686	0.0183725466256551662	0.210976203552420087	0.165208428082423408	0.150400195781049325	0.138628779670917102	0.697663401781651604	0.439558064948187136
C:	0.206706529386674594	0.0533935746916856211	0.388092799867934669	0.0193873313543987721	0.197634976538369828	0.122227254922731082	0.284643034756311177	0.0447258024737519687	0.00272913639595434614	0.000786781495869308719	0.00190672305923179161	0.976245022841086739	0.0162469539949434464	0.000963362817523866662	0.91664482048776405	0.0528817941130560487	0.370426030708786242	0.0707129555434868213	0.244639679191463807	0.199338642078013442	0.0764257678576458469	0.153503918219967046
G:	0.0951055606679129923	0.258529819399447052	0.170655397492001878	0.603643383009996475	0.111860828297025763	0.366007097278501496	0.283120006764937802	0.0813053902396331372	0.237117492585976972	0.982887069829348638	0.00136470417181638007	0.000336759029612020851	0.000425431931087734047	0.0417016766413239762	0.0018202606116215064	0.812298649178993537	0.271128506753955896	0.21458409860742879	0.239831491823268988	0.10862656170496249	0.105910479749485526	0.286309274270301279
T:	0.530225212193938902	0.391638900980635362	0.391276059921300541	0.0109112031800179901	0.233099921997449469	0.101353043814748064	0.13972352352748714	0.0551564202303448527	0.00499933039383737453	0.0150612966966092277	0.992059268182114028	0.00154970531955366419	0.00372662907857455135	0.00101755282097273765	0.0174152800147670751	0.116447010082295248	0.147469258984837774	0.54949451776666098	0.365128633204217879	0.553406016546106967	0.120000350611217023	0.120628742561544539



3	G.GTTGACC	0.496377171215880893


A:	0.299142595829994003	0.198786725985320891	0.458391527709541639	0.0347745609083118457	0.00325751131578073157	0.117907510954755319	0.125408578835855214	0.308042815180683593	0.0786993489070098626	0.0261224755907810368	0.00134313055162401163	0.00349069968885002189	0.000856380276284289645	0.991011562920134971	0.00996618618276193947	0.00612555016549152337	0.142363671651693199	0.357342107521328576	0.198070333625018485	0.186535583778764436	0.0171226969085470218	0.154983544339553909	0.221363841802505256
C:	0.0816249468293929731	0.183570988959181562	0.220133428135329019	0.119484146912202745	0.920361987567951377	0.723696467430214276	0.510739358213994982	0.118016958262084101	0.765332096687498996	0.00127207972896483095	0.0682133912382505961	0.000435856233232121577	0.000910463208858742038	0.00123444584941367406	0.987438562239856497	0.575893929186543916	0.135010913941294984	0.13127691465055398	0.353131804934975992	0.0337283536486544252	0.0107998912123442518	0.348669401492414469	0.108849788432961039
G:	0.088738972892089778	0.210646053100737356	0.0335751695126384968	0.0197491027445668034	0.0467890513902403731	0.0131888549375425493	0.148799889483472408	0.419630343493270014	0.130198065697244	0.866421981633762267	0.000487970735595208504	0.0163211006794380267	0.981691808016106014	0.00546159730960817684	0.000963610084940840298	0.00657249413560752159	0.439759252070729888	0.152965894653827309	0.270887465191271143	0.440832490250039023	0.031333175761790582	0.02301456445159452	0.439482554115517532
T:	0.530493484448523246	0.406996231954760191	0.287899874642490846	0.825992189434918606	0.0295914497260275179	0.145207166677487857	0.215052173466677396	0.154309883063962292	0.025770488708247142	0.106183463046491866	0.929955507474530184	0.97975234339847983	0.0165413484987509541	0.0022923939208431784	0.00163164149244072306	0.411408026512357039	0.282866162336281929	0.358415083174290135	0.177910396248734381	0.338903572322542116	0.940744236117318145	0.473332489716437103	0.230303815649016173



4	GTCAACG..A	0.496342870613926249


A:	0.232672684856252858	0.809006228388696703	0.733511844407209175	0.251528204447096164	0.35096438784757423	0.318297962698335466	0.466106546822424865	0.00163731261541189231	0.011663802376797391	0.0211648104122320455	0.985096589681409109	0.92856085744365079	0.0447006509114345683	0.0546898355042599762	0.133280787503014297	0.136264939423574337	0.448160192191750747	0.123361382884046722	0.131887863523468365	0.0332091090508924515	0.305430324850282026	0.580400986373677897	0.301399955001019958
C:	0.243234321554841727	0.111490499958603625	0.00298282593303357833	0.51680640108109841	0.202472651573480395	0.0710873282868758233	0.0155561162853981159	0.0010027017874994532	0.00246272378282570189	0.975984420111786993	0.00882995316016479858	0.00131030902600851313	0.938383674134834888	0.176151092283306149	0.320850118191719126	0.271630770427196268	0.363379031286296809	0.135403118683538586	0.00821785151501544417	0.142862463284827617	0.232013381973951339	0.232497385803051882	0.117617756646920444
G:	0.234214942905808775	0.069317717945987975	0.258232520517237812	0.0459348038971108278	0.0781788248552703152	0.170608445356009063	0.510111222918515413	0.949483842367723244	0.00150897574103821283	0.00195926163211812649	0.00291698800677952399	0.0679472797550929483	0.00295512291674289426	0.649194306276699819	0.404490442378566185	0.205568021522370395	0.0847842139610408954	0.725174003287768467	0.573222007066362751	0.046515606476658558	0.263028654376017769	0.0769646208754240257	0.436145105468186986
T:	0.28987805068309664	0.0101855537067116972	0.00527280914251943467	0.185730590574694598	0.368384135723675059	0.440006263658779647	0.00822611397366160582	0.0478761432293654103	0.984364498099338694	0.000891507843862834544	0.0031564691516465681	0.00218155377524774821	0.0139605520369876491	0.119964765935734056	0.141378651926700392	0.386536268626858999	0.103676562560911549	0.0160614951446462259	0.28667227789515344	0.777412821187621373	0.199527638799748865	0.110137006947846196	0.144837182883872611



5	AGTCAACG	0.496330280921183244


A:	0.44104815720754965	0.232672684856252858	0.809006228388696703	0.733511844407209175	0.251528204447096164	0.35096438784757423	0.318297962698335466	0.466106546822424865	0.000833326362856548116	0.0108975855477290077	0.0331958367857491968	0.978002277179373383	0.930394100541611638	0.0310921588048010586	0.0183725466256551662	0.133280787503014297	0.136264939423574337	0.448160192191750747	0.123361382884046722	0.131887863523468365	0.0332091090508924515	0.305430324850282026
C:	0.169457166849681839	0.243234321554841727	0.111490499958603625	0.00298282593303357833	0.51680640108109841	0.202472651573480395	0.0710873282868758233	0.0155561162853981159	0.000555823611367164479	0.000606244536319908924	0.965680853195087067	0.0169937956537965056	0.00113360769458074719	0.952861584125974336	0.0528817941130560487	0.320850118191719126	0.271630770427196268	0.363379031286296809	0.135403118683538586	0.00821785151501544417	0.142862463284827617	0.232013381973951339
G:	0.056231893842732035	0.234214942905808775	0.069317717945987975	0.258232520517237812	0.0459348038971108278	0.0781788248552703152	0.170608445356009063	0.510111222918515413	0.976374417077959323	0.00188905059079141018	0.000700748404667679187	0.000284552075976910886	0.0678003588262151078	0.00108835092800038378	0.812298649178993537	0.404490442378566185	0.205568021522370395	0.0847842139610408954	0.725174003287768467	0.573222007066362751	0.046515606476658558	0.263028654376017769
T:	0.333262782100036476	0.28987805068309664	0.0101855537067116972	0.00527280914251943467	0.185730590574694598	0.368384135723675059	0.440006263658779647	0.00822611397366160582	0.0222364329478169642	0.986607119325159673	0.000422561614496057328	0.00471937509085320039	0.000671932937592507181	0.0149579061412242219	0.116447010082295248	0.141378651926700392	0.386536268626858999	0.103676562560911549	0.0160614951446462259	0.28667227789515344	0.777412821187621373	0.199527638799748865



