1	GTGTCAGA	0.461671441272350094


A:	0.244788171690284714	0.103862274755018856	0.53199221111425261	0.0421857023516107731	0.211878040738565552	0.386588724434943472	0.402204019718880468	0.24479593221088234	0.010303797536227417	0.0110380059811779846	0.00596866314802579825	0.00832173320420341708	0.956115594087588317	0.00302741680143071925	0.911397976909414346	0.353276225116059529	0.175064208144776521	0.269507344472500625	0.217849108396272936	0.304407657862295152	0.67006134712126484	0.393105034138555013
C:	0.272777370473217315	0.578487743814753893	0.114138437361663067	0.597220925404843934	0.36624256749950974	0.132697319903408199	0.181716483267914126	0.261755072130243127	0.0225249640579532235	0.00366473638685335534	0.00477348126487900553	0.979311509968177899	0.00205181232668458085	0.007785781480142023	0.0112515234119087601	0.237917694299800274	0.368225643983978327	0.236980556231944066	0.318716934126896461	0.203829384758469966	0.0551037667696803801	0.208271956836896566
G:	0.274440220488858722	0.0635522926179757089	0.230192191777689697	0.148691391579440268	0.257443778037289764	0.277719430919123832	0.257297750957495822	0.449582036515094518	0.00760298467569940574	0.975748951632165939	0.0175077026418524089	0.00542949256422038135	0.00691917347239160565	0.973866507460351189	0.0228749167680800246	0.304599639081196074	0.256959116501740519	0.156439003881567494	0.148727050848021074	0.2438653934402461	0.0732713967809808068	0.106716359457111696
T:	0.207994237347639249	0.254097688812251542	0.123677159746394626	0.211901980664105025	0.164435613724634944	0.202994524742524496	0.158781746055709585	0.0438669591437800152	0.959568253730119954	0.0095483059998027209	0.971750152945242787	0.00693726426339830268	0.0349134201133354963	0.0153202942580760687	0.0544755829105968689	0.104206441502944123	0.199751031369504633	0.337073095413987816	0.314706906628809529	0.247897563938988782	0.201563489328073974	0.291906649567436725



2	G.TCTGACA	0.453632019558453104


A:	0.0951179992173502326	0.149722125811694802	0.291906649567436725	0.201563489328073974	0.247897563938988782	0.314706906628809529	0.337073095413987816	0.199751031369504633	0.104206441502944123	0.119228027950154835	0.00825370813123585453	0.0265662505134578338	0.00440108354737952141	0.952012392935710687	0.0276988208194746154	0.907147578487591082	0.0438669591437800152	0.158781746055709585	0.202994524742524496	0.164435613724634944	0.211901980664105025	0.123677159746394626	0.254097688812251542
C:	0.430516870536540752	0.247619237221688183	0.106716359457111696	0.0732713967809808068	0.2438653934402461	0.148727050848021074	0.156439003881567494	0.256959116501740519	0.304599639081196074	0.0266840057922129832	0.973338026014372666	0.00941076123645088773	0.0150193945363436799	0.0230545784301403221	0.946924705508718517	0.0126534570596228931	0.449582036515094518	0.257297750957495822	0.277719430919123832	0.257443778037289764	0.148691391579440268	0.230192191777689697	0.063552292617975709
G:	0.219212681552507532	0.151662751016173115	0.208271956836896566	0.0551037667696803801	0.203829384758469966	0.318716934126896461	0.236980556231944066	0.368225643983978327	0.237917694299800274	0.0128182864822604571	0.0156781545248468805	0.00319560130601592555	0.973411460490913698	0.0169802736611670898	0.00358459791260299136	0.0642596509633527696	0.261755072130243127	0.181716483267914126	0.132697319903408199	0.36624256749950974	0.597220925404843934	0.114138437361663067	0.578487743814753893
T:	0.255152448693601484	0.4509958859504439	0.393105034138555013	0.67006134712126484	0.304407657862295152	0.217849108396272936	0.269507344472500625	0.175064208144776521	0.353276225116059529	0.841269679775371724	0.00273011132954459904	0.960827386944075353	0.00716806142536310036	0.00795275497298190081	0.0217918757592038766	0.0159393134894332559	0.24479593221088234	0.402204019718880468	0.386588724434943472	0.211878040738565552	0.0421857023516107731	0.53199221111425261	0.103862274755018856



3	A..TGTCAGA	0.451239689830592186


A:	0.112298955589101533	0.244788171690284714	0.103862274755018856	0.53199221111425261	0.0421857023516107731	0.211878040738565552	0.386588724434943472	0.402204019718880468	0.24479593221088234	0.00729317711023193195	0.0109340813217554205	0.014927116361851356	0.0117010769530916188	0.969442178732878362	0.00457686382254171575	0.834930164716241809	0.353276225116059529	0.175064208144776521	0.269507344472500625	0.217849108396272936	0.304407657862295152	0.67006134712126484	0.393105034138555013
C:	0.24302074498373637	0.272777370473217315	0.578487743814753893	0.114138437361663067	0.597220925404843934	0.36624256749950974	0.132697319903408199	0.181716483267914126	0.261755072130243127	0.0142320691010933587	0.00627124032982763695	0.0303481307630603506	0.97913099304657354	0.00817832849467472092	0.00900165326871779444	0.0266438277338329377	0.237917694299800274	0.368225643983978327	0.236980556231944066	0.318716934126896461	0.203829384758469966	0.0551037667696803801	0.208271956836896566
G:	0.447894140114012258	0.274440220488858722	0.0635522926179757089	0.230192191777689697	0.148691391579440268	0.257443778037289764	0.277719430919123832	0.257297750957495822	0.449582036515094518	0.0093949979771877299	0.952668650440121395	0.018255228182725054	0.00432345061580417077	0.00318285333046139035	0.975978167144612595	0.0214341792343217342	0.304599639081196074	0.256959116501740519	0.156439003881567494	0.148727050848021074	0.2438653934402461	0.0732713967809808068	0.106716359457111696
T:	0.19678615931314984	0.207994237347639249	0.254097688812251542	0.123677159746394626	0.211901980664105025	0.164435613724634944	0.202994524742524496	0.158781746055709585	0.0438669591437800152	0.969079755811486979	0.0301260279082955477	0.936469524692363239	0.00484447938453067004	0.0191966394419855267	0.0104433157641278948	0.116991828315603519	0.104206441502944123	0.199751031369504633	0.337073095413987816	0.314706906628809529	0.247897563938988782	0.201563489328073974	0.291906649567436725



4	ATGTCAGA	0.448761483749876519


A:	0.244788171690284714	0.103862274755018856	0.53199221111425261	0.0421857023516107731	0.211878040738565552	0.386588724434943472	0.402204019718880468	0.24479593221088234	0.0129319632605716323	0.0124421871035728538	0.0175649084873989276	0.00704514637484545347	0.95801119211881519	0.00463993249455919145	0.923446918714327355	0.353276225116059529	0.175064208144776521	0.269507344472500625	0.217849108396272936	0.304407657862295152	0.67006134712126484	0.393105034138555013
C:	0.272777370473217315	0.578487743814753893	0.114138437361663067	0.597220925404843934	0.36624256749950974	0.132697319903408199	0.181716483267914126	0.261755072130243127	0.0182920062033122343	0.00892665527132727608	0.0309837732035613847	0.980314875561896125	0.0043399136826321559	0.00898385649897957151	0.0207446403298516586	0.237917694299800274	0.368225643983978327	0.236980556231944066	0.318716934126896461	0.203829384758469966	0.0551037667696803801	0.208271956836896566
G:	0.274440220488858722	0.0635522926179757089	0.230192191777689697	0.148691391579440268	0.257443778037289764	0.277719430919123832	0.257297750957495822	0.449582036515094518	0.0349836611624647857	0.950732280589052062	0.0373180222023718232	0.00468834186875832675	0.00922930424232153142	0.978517411118798629	0.0222664078824948551	0.304599639081196074	0.256959116501740519	0.156439003881567494	0.148727050848021074	0.2438653934402461	0.0732713967809808068	0.106716359457111696
T:	0.207994237347639249	0.254097688812251542	0.123677159746394626	0.211901980664105025	0.164435613724634944	0.202994524742524496	0.158781746055709585	0.0438669591437800152	0.933792369373651348	0.0278988770360478081	0.914133296106667864	0.00795163619450009522	0.0284195899562311227	0.00785879988766260767	0.0335420330733261318	0.104206441502944123	0.199751031369504633	0.337073095413987816	0.314706906628809529	0.247897563938988782	0.201563489328073974	0.291906649567436725



5	CTCTGACA	0.448347095432067918


A:	0.149722125811694802	0.291906649567436725	0.201563489328073974	0.247897563938988782	0.314706906628809529	0.337073095413987816	0.199751031369504633	0.104206441502944123	0.0916147390636531885	0.0170160330208208465	0.0173727574709569704	0.00738995213423718928	0.959234969222572052	0.0229081127329245686	0.936311417828684207	0.0438669591437800152	0.158781746055709585	0.202994524742524496	0.164435613724634944	0.211901980664105025	0.123677159746394626	0.254097688812251542
C:	0.247619237221688183	0.106716359457111696	0.0732713967809808068	0.2438653934402461	0.148727050848021074	0.156439003881567494	0.256959116501740519	0.304599639081196074	0.0589245132946113087	0.961593270462030177	0.00553524350068469325	0.00332002707502959561	0.00741724230250888401	0.962158445819490961	0.0148261080940957626	0.449582036515094518	0.257297750957495822	0.277719430919123832	0.257443778037289764	0.148691391579440268	0.230192191777689697	0.063552292617975709
G:	0.151662751016173115	0.208271956836896566	0.0551037667696803801	0.203829384758469966	0.318716934126896461	0.236980556231944066	0.368225643983978327	0.237917694299800274	0.0420766007779731593	0.0146353722853965073	0.00321873387888559199	0.985108490926389536	0.0114576428449812456	0.00943818099592010525	0.0228969250295263904	0.261755072130243127	0.181716483267914126	0.132697319903408199	0.36624256749950974	0.597220925404843934	0.114138437361663067	0.578487743814753893
T:	0.4509958859504439	0.393105034138555013	0.67006134712126484	0.304407657862295152	0.217849108396272936	0.269507344472500625	0.175064208144776521	0.353276225116059529	0.807384146863762343	0.00675532423175246911	0.973873265149472744	0.0041815298643436795	0.021890145629937818	0.00549526045166436482	0.0259655490476936399	0.24479593221088234	0.402204019718880468	0.386588724434943472	0.211878040738565552	0.0421857023516107731	0.53199221111425261	0.103862274755018856



