1	CGTTGACC	0.4981113709993753


A:	0.179144924626892638	0.24027502614883731	0.528314628145065821	0.142470775783313993	0.313335914322823799	0.384211876730344367	0.116288432645881903	0.0557802551518588614	0.025563869347764763	0.000626609060020304293	0.00354542076680617955	0.000910943657585024989	0.991258780917867352	0.0112884492551015068	0.00290237608914270801	0.258500048302510694	0.255373149870661775	0.0885655618141175934	0.384123045690890106	0.547338734163778676	0.236752181064741496	0.254639427867811112
C:	0.493423810890290515	0.299445912524227774	0.121214170541210194	0.412251033135803231	0.180119024989636234	0.139047932461050645	0.208736476139551914	0.907028696100210829	0.000650879329772270328	0.0569413871141385211	0.000434801819133663144	0.00107347705040581054	0.000624925719031723922	0.985625412779849852	0.586055766351646875	0.0925527897575637554	0.13140090847934639	0.1249531969660846	0.199000270479203591	0.0782164353032376338	0.225214071746203084	0.119537617918199304
G:	0.0949506366281905608	0.0909178197476524397	0.254303898345608679	0.140521534336063627	0.342869994028629141	0.31713009108290622	0.60173638227419616	0.0309843900292919368	0.956251429487322864	0.000817810323507120084	0.0131890142851337076	0.985949437347280965	0.00298986681634754493	0.00113530615262737804	0.0094516639439591094	0.0939293921067537466	0.199308971528564517	0.272474452109080242	0.224742286638462099	0.246969477694979483	0.107584798493997983	0.187579817360127022
T:	0.232480627854626286	0.369361241579282476	0.0961673029681153056	0.30475665674481915	0.163675066658910826	0.159610099725698768	0.0732387089403700219	0.00620665871863837306	0.017533821835140103	0.941614193502334055	0.98283076312892645	0.0120661419447282	0.0051264265467533795	0.00195083181242126293	0.401590193615251307	0.555017769833171804	0.413916970121427318	0.514006789110717565	0.192134397191444203	0.127475352838004208	0.430448948695057437	0.438243136853862562



2	AGTCAACG	0.497475173018926033


A:	0.438243136853862562	0.430448948695057437	0.127475352838004208	0.192134397191444203	0.514006789110717565	0.413916970121427318	0.555017769833171804	0.401590193615251307	0.00142880616685923944	0.0028989750067136303	0.0103204795471828647	0.982873321746878335	0.957068074710132709	0.0150166700987615459	0.00915351962970753977	0.0732387089403700219	0.159610099725698768	0.163675066658910826	0.30475665674481915	0.0961673029681153056	0.369361241579282476	0.232480627854626286
C:	0.187579817360127022	0.107584798493997983	0.246969477694979483	0.224742286638462099	0.272474452109080242	0.199308971528564517	0.0939293921067537466	0.0094516639439591094	0.000821526800249239432	0.00180267715955779916	0.98702790288389543	0.0126494251099436359	0.0011475361057805624	0.968462800120659225	0.0133838974358794593	0.60173638227419616	0.31713009108290622	0.342869994028629141	0.140521534336063627	0.254303898345608679	0.0909178197476524397	0.0949506366281905608
G:	0.119537617918199304	0.225214071746203084	0.0782164353032376338	0.199000270479203591	0.1249531969660846	0.13140090847934639	0.0925527897575637554	0.586055766351646875	0.978688541543566932	0.00241566412884816297	0.00107862673952855225	0.000613767208751758249	0.0409927954457360678	0.00085422767971955834	0.907943252481512857	0.208736476139551914	0.139047932461050645	0.180119024989636234	0.412251033135803231	0.121214170541210194	0.299445912524227774	0.493423810890290515
T:	0.254639427867811112	0.236752181064741496	0.547338734163778676	0.384123045690890106	0.0885655618141175934	0.255373149870661775	0.258500048302510694	0.00290237608914270801	0.0190611254893245896	0.992882683704880408	0.00157299082939315359	0.00386348593442627093	0.000791593738350660343	0.0156663021008596708	0.0695193304529001444	0.116288432645881903	0.384211876730344367	0.313335914322823799	0.142470775783313993	0.528314628145065821	0.24027502614883731	0.179144924626892638



3	GCGTTGAC	0.497335711919856355


A:	0.243188458307398712	0.179144924626892638	0.24027502614883731	0.528314628145065821	0.142470775783313993	0.313335914322823799	0.384211876730344367	0.116288432645881903	0.0513360050366468963	0.0137675738850661592	0.00137709612218449	0.00393696279962928857	0.00210388621297567697	0.992861659497084396	0.0100336452371157118	0.00290237608914270801	0.258500048302510694	0.255373149870661775	0.0885655618141175934	0.384123045690890106	0.547338734163778676	0.236752181064741496
C:	0.133528911229470965	0.493423810890290515	0.299445912524227774	0.121214170541210194	0.412251033135803231	0.180119024989636234	0.139047932461050645	0.208736476139551914	0.924912348865193933	0.000805202511114652904	0.0169288440805018268	0.000748688202626902369	0.000793236597182725243	0.00120958847539483318	0.987188114542222699	0.586055766351646875	0.0925527897575637554	0.13140090847934639	0.1249531969660846	0.199000270479203591	0.0782164353032376338	0.225214071746203084
G:	0.257530625030322803	0.0949506366281905608	0.0909178197476524397	0.254303898345608679	0.140521534336063627	0.342869994028629141	0.31713009108290622	0.60173638227419616	0.0124416552041234246	0.975696915815482096	0.00209405523479123337	0.00480129251844963262	0.98724207620457437	0.00218036848560523261	0.00164722475025080443	0.0094516639439591094	0.0939293921067537466	0.199308971528564517	0.272474452109080242	0.224742286638462099	0.246969477694979483	0.107584798493997983
T:	0.36575200543280752	0.232480627854626286	0.369361241579282476	0.0961673029681153056	0.30475665674481915	0.163675066658910826	0.159610099725698768	0.0732387089403700219	0.0113099908940357464	0.00973030778833709206	0.97960000456252245	0.990513056479294176	0.00986080098526722761	0.00374838354191553815	0.00113101547041078449	0.401590193615251307	0.555017769833171804	0.413916970121427318	0.514006789110717565	0.192134397191444203	0.127475352838004208	0.430448948695057437



4	A.GTCAACG	0.496943991702474441


A:	0.506891663778656312	0.438243136853862562	0.430448948695057437	0.127475352838004208	0.192134397191444203	0.514006789110717565	0.413916970121427318	0.555017769833171804	0.401590193615251307	0.00114094953454812278	0.00504524307375977587	0.00800675826263712172	0.988116788810620564	0.967551769669116168	0.0109049849657809959	0.0234569454855907623	0.0732387089403700219	0.159610099725698768	0.163675066658910826	0.30475665674481915	0.0961673029681153056	0.369361241579282476	0.232480627854626286
C:	0.123038064947710236	0.187579817360127022	0.107584798493997983	0.246969477694979483	0.224742286638462099	0.272474452109080242	0.199308971528564517	0.0939293921067537466	0.0094516639439591094	0.0014677139955699682	0.00103605329165252767	0.987648821751271233	0.00796272679996722056	0.00184341080299378137	0.952864881841846654	0.0312803395381220115	0.60173638227419616	0.31713009108290622	0.342869994028629141	0.140521534336063627	0.254303898345608679	0.0909178197476524397	0.0949506366281905608
G:	0.17836498117624091	0.119537617918199304	0.225214071746203084	0.0782164353032376338	0.199000270479203591	0.1249531969660846	0.13140090847934639	0.0925527897575637554	0.586055766351646875	0.973320832376768293	0.00342699400630370237	0.00119298174998706197	0.00121050384447277418	0.0289892321124004854	0.00256282422901893786	0.885307972502613461	0.208736476139551914	0.139047932461050645	0.180119024989636234	0.412251033135803231	0.121214170541210194	0.299445912524227774	0.493423810890290515
T:	0.191705290097392541	0.254639427867811112	0.236752181064741496	0.547338734163778676	0.384123045690890106	0.0885655618141175934	0.255373149870661775	0.258500048302510694	0.00290237608914270801	0.0240705040931136163	0.990491709628283994	0.00315143823610458352	0.00270998054493944131	0.00161558741548956477	0.0336673089633534125	0.0599547424736737651	0.116288432645881903	0.384211876730344367	0.313335914322823799	0.142470775783313993	0.528314628145065821	0.24027502614883731	0.179144924626892638



5	AAGTCAAC	0.496774054134149956


A:	0.570840912688293439	0.45162284849041226	0.441353668968054882	0.0785198538768303407	0.261353859383206115	0.265617356908374147	0.469955615442422659	0.86032927040343502	0.781111816005831295	0.0011899973648029897	0.0025003084852048598	0.00521221414632602492	0.9871659856416671	0.984759225187087011	0.0314497804872049369	0.0234569454855907623	0.228806489262013252	0.0418565984866800263	0.110013478210747407	0.0724131940948774462	0.134703398492279364	0.545787371569233441
C:	0.0338744704164189882	0.302188753998779905	0.0519510130023992262	0.765752673639371325	0.090170373863275223	0.450095752099020442	0.162112782461654779	0.0131497638828187754	0.00315115220449258825	0.00197606699998293866	0.00282782581033360461	0.990996786859562046	0.0100648411704202638	0.00122261060803954804	0.946377149316269989	0.0312803395381220115	0.442049132033723753	0.210391958330500976	0.478532394394077542	0.0987243974047641682	0.595737889583661771	0.183487393771387451
G:	0.233359726276672339	0.139332913337721783	0.320578019050341182	0.0681806553602280611	0.416366815299075119	0.17689673118497897	0.0890021695505013006	0.0537917023517478942	0.211970538482967494	0.989309309665919598	0.0017680046001057175	0.00137619705723398191	0.000481733585861094223	0.0130120877437743487	0.00126462686170898164	0.885307972502613461	0.126176002566689014	0.168668862828708836	0.20006582399791351	0.0659675583890927454	0.0653686285566110849	0.0884459377011286035
T:	0.161924890618615234	0.106855484173086053	0.18611729897920471	0.0875468171235702733	0.232108951454443543	0.107390159807626441	0.278929432545421261	0.0727292633619983101	0.00376649330670862239	0.00752462596929447406	0.992903861104355818	0.00241480193687794713	0.00228743960205154215	0.00100607646109909192	0.0209084433348160921	0.0599547424736737651	0.202968376137573981	0.579082580354110162	0.211388303397261541	0.76289485011126564	0.20419008336744778	0.182279296958250505



