1	CGTTGACC	0.498840672351924222


A:	0.0652987546717900142	0.39577603398100877	0.454072337841090186	0.0670912361550907584	0.383382814209554789	0.27257102419628317	0.0529053736719432362	0.0519523752068328076	0.025487163017128733	0.000939896960624812786	0.00307728841505706432	0.0013432128134011645	0.990951979929451047	0.00776842552218267611	0.0102652578141710832	0.285018245387667493	0.34381706514609374	0.159425613808889858	0.266272788697295884	0.265773911572081418	0.280289379164100112	0.239451568007549935
C:	0.546908465013809577	0.198135222668468083	0.195944288143670356	0.588181824932492317	0.265386249361146641	0.333210953531898034	0.279600123474662335	0.803585847211376372	0.000884312530566385332	0.0582815677509622454	0.000743334764806759074	0.000928361279802124295	0.000650799306520282648	0.988745386718042649	0.585114071765515228	0.0766514226275777368	0.0811642558553362511	0.136762322835470006	0.335118361680985675	0.0851430791870822255	0.416938535210750952	0.187003297308434169
G:	0.113478776686766913	0.113605381648556818	0.244108619393666346	0.11180485574792752	0.230265922795555921	0.243220691782367238	0.593081653530049086	0.124408027339060042	0.938446445674091792	0.000782370372921631231	0.0139350584899783282	0.985519541741630353	0.00357423727806989174	0.00158879639257813501	0.0142142780172658005	0.0638252863590853483	0.116526139702875045	0.112639609505445554	0.221134892593860476	0.369339409821964023	0.0500197594727058937	0.300609783205109286
T:	0.274314003627633496	0.292483361701966329	0.105874754621573113	0.232922083164489405	0.120965013633742649	0.150997330489451559	0.0744128493233453429	0.0200537502427307785	0.0351820787782130897	0.939996164915491311	0.982244318330157848	0.0122088841651663577	0.0048229834859587783	0.00189739136719654009	0.390406392403047888	0.574505045625669422	0.458492539295694963	0.591172453850194582	0.177473957027857965	0.279743599418872333	0.252752326152443042	0.27293535147890661



2	GCGTTGAC	0.498733228350117089


A:	0.136563723553793984	0.0652987546717900142	0.39577603398100877	0.454072337841090186	0.0670912361550907584	0.383382814209554789	0.27257102419628317	0.0529053736719432362	0.0570643347415735311	0.0259834847186169453	0.00233475376345701963	0.00599796701623859152	0.00385212919824583713	0.984861595337059243	0.0171151562135394261	0.0102652578141710832	0.285018245387667493	0.34381706514609374	0.159425613808889858	0.266272788697295884	0.265773911572081418	0.280289379164100112
C:	0.116831872236178766	0.546908465013809577	0.198135222668468083	0.195944288143670356	0.588181824932492317	0.265386249361146641	0.333210953531898034	0.279600123474662335	0.882365243520375827	0.00190440319429745625	0.0434883006644972222	0.00248778538926254479	0.00323773925091273597	0.00369588490640762569	0.97690302773331035	0.585114071765515228	0.0766514226275777368	0.0811642558553362511	0.136762322835470006	0.335118361680985675	0.0851430791870822255	0.416938535210750952
G:	0.312568470901243296	0.113478776686766913	0.113605381648556818	0.244108619393666346	0.11180485574792752	0.230265922795555921	0.243220691782367238	0.593081653530049086	0.0424158667017263939	0.957079772808277913	0.00318188139695416366	0.00901689624915669039	0.981431322388202067	0.00290016735937687946	0.00233708756702523173	0.0142142780172658005	0.0638252863590853483	0.116526139702875045	0.112639609505445554	0.221134892593860476	0.369339409821964023	0.0500197594727058937
T:	0.434035933308783954	0.274314003627633496	0.292483361701966329	0.105874754621573113	0.232922083164489405	0.120965013633742649	0.150997330489451559	0.0744128493233453429	0.018154555036324248	0.0150323392788076857	0.950995064175091595	0.982497351345342173	0.0114788091626393599	0.00854235239715625213	0.00364472848612499255	0.390406392403047888	0.574505045625669422	0.458492539295694963	0.591172453850194582	0.177473957027857965	0.279743599418872333	0.252752326152443042



3	A.GTCAACG	0.498181829406825703


A:	0.363307839554263554	0.27293535147890661	0.252752326152443042	0.279743599418872333	0.177473957027857965	0.591172453850194582	0.458492539295694963	0.574505045625669422	0.390406392403047888	0.00133059618631628146	0.00792152159838709065	0.00996602095229993609	0.98611887950684075	0.937413781831006535	0.0167853212668622965	0.0239683689786056167	0.0744128493233453429	0.150997330489451559	0.120965013633742649	0.232922083164489405	0.105874754621573113	0.292483361701966329	0.274314003627633496
C:	0.0734149036994465621	0.300609783205109286	0.0500197594727058937	0.369339409821964023	0.221134892593860476	0.112639609505445554	0.116526139702875045	0.0638252863590853483	0.0142142780172658005	0.0018393792137919648	0.00134268852502488387	0.984721595965018126	0.00709051859360529482	0.00188502342227870188	0.955296070402578254	0.0807202004634680116	0.593081653530049086	0.243220691782367238	0.230265922795555921	0.11180485574792752	0.244108619393666346	0.113605381648556818	0.113478776686766913
G:	0.119281486629400803	0.187003297308434169	0.416938535210750952	0.0851430791870822255	0.335118361680985675	0.136762322835470006	0.0811642558553362511	0.0766514226275777368	0.585114071765515228	0.968334579764529014	0.0047726163788245016	0.00198609931925912493	0.00234555198651488341	0.0588990673008918507	0.00222497682236559472	0.802376249700359384	0.279600123474662335	0.333210953531898034	0.265386249361146641	0.588181824932492317	0.195944288143670356	0.198135222668468083	0.546908465013809577
T:	0.443995770116889081	0.239451568007549935	0.280289379164100112	0.265773911572081418	0.266272788697295884	0.159425613808889858	0.34381706514609374	0.285018245387667493	0.0102652578141710832	0.0284954448353627402	0.985963173497763524	0.00332628376342281251	0.00444504991303907206	0.00180212744582291193	0.0256936315081938551	0.0929351808575669876	0.0529053736719432362	0.27257102419628317	0.383382814209554789	0.0670912361550907584	0.454072337841090186	0.39577603398100877	0.0652987546717900142



4	AGTCAACG	0.497591390601484099


A:	0.27293535147890661	0.252752326152443042	0.279743599418872333	0.177473957027857965	0.591172453850194582	0.458492539295694963	0.574505045625669422	0.390406392403047888	0.00135325956058647159	0.00372243884413580067	0.0107296731179581462	0.979809910995751965	0.940830281035142437	0.0307781172917334136	0.0110267125709618041	0.0744128493233453429	0.150997330489451559	0.120965013633742649	0.232922083164489405	0.105874754621573113	0.292483361701966329	0.274314003627633496
C:	0.300609783205109286	0.0500197594727058937	0.369339409821964023	0.221134892593860476	0.112639609505445554	0.116526139702875045	0.0638252863590853483	0.0142142780172658005	0.00172803926939412226	0.00276830992764880485	0.985914539521858323	0.0129493835518567946	0.00178302874932088251	0.953181102831995471	0.0746119691770945019	0.593081653530049086	0.243220691782367238	0.230265922795555921	0.11180485574792752	0.244108619393666346	0.113605381648556818	0.113478776686766913
G:	0.187003297308434169	0.416938535210750952	0.0851430791870822255	0.335118361680985675	0.136762322835470006	0.0811642558553362511	0.0766514226275777368	0.585114071765515228	0.98307112170745753	0.00270528927065100135	0.00163779658291684223	0.000524334013353279555	0.0559279542645787629	0.000749017647827883357	0.804606078235015125	0.279600123474662335	0.333210953531898034	0.265386249361146641	0.588181824932492317	0.195944288143670356	0.198135222668468083	0.546908465013809577
T:	0.239451568007549935	0.280289379164100112	0.265773911572081418	0.266272788697295884	0.159425613808889858	0.34381706514609374	0.285018245387667493	0.0102652578141710832	0.0138475794625618763	0.990803961957564393	0.00171799077726668813	0.00671637143903796081	0.00145873595095791717	0.0152917622284432317	0.109755240016928569	0.0529053736719432362	0.27257102419628317	0.383382814209554789	0.0670912361550907584	0.454072337841090186	0.39577603398100877	0.0652987546717900142



5	AAGTCAAC	0.497570507754618196


A:	0.576043251929492537	0.380370908433796429	0.442984769998600626	0.242481418355483767	0.559370459925026667	0.443067166798261548	0.558463784078523031	0.832666768775793853	0.658380608577473935	0.0027568135039160374	0.00689000045764017965	0.0129897838486353272	0.985420938539214185	0.954330875052754936	0.0483346892694904841	0.0239683689786056167	0.202273497634160894	0.05574986053282431	0.053208839523847151	0.142184154577470679	0.468074025606761857	0.436775384547433781
C:	0.0206196958016428254	0.350887115552790468	0.0339668329152985471	0.570071638360462187	0.0942439091789138059	0.168676536344661736	0.0822174049147767055	0.0108380783924355442	0.00453262471077849961	0.00253530078464915347	0.00262845703726583683	0.983671764638020046	0.0102789648320516825	0.000959098194332738653	0.93212793730914084	0.0807202004634680116	0.430953277082542263	0.267379861190588653	0.318646008185588094	0.209980964998006351	0.184705978251076281	0.184401647272697885
G:	0.202265292045634791	0.181945767452010641	0.418744058014017794	0.108141431214548956	0.15924853121585108	0.299036972553535824	0.0731446413407800794	0.0561483327929621211	0.327165973796368772	0.989392846344130527	0.00159593488938408283	0.00151029903352143778	0.00102494221288219481	0.0428994089453409596	0.00119985497895171917	0.802376249700359384	0.196983013909204115	0.222847145176473445	0.377684898755790509	0.156000253114207373	0.0966932683228805143	0.120843547258964919
T:	0.201071760223229847	0.0867962085614024621	0.104304339072083033	0.0793055120695050901	0.187137099680208448	0.0892193243035408923	0.286174169665920184	0.100346820038808481	0.00992079291537879336	0.00531503936730428232	0.988885607615709901	0.00182815247982318944	0.00327515441585193718	0.0018106178075713656	0.0183375184424169567	0.0929351808575669876	0.169790211374092729	0.454023133100113592	0.250460253534774246	0.491834627310315597	0.250526727819281348	0.257979420920903414



