1	AAGTCAAC	0.499194285290921664


A:	0.415044074286030759	0.0676868502613576403	0.514066540461831607	0.229128520533688937	0.318165025020114053	0.298119784833177733	0.851063135414259572	0.910278596913573382	0.934688830280503397	0.00116355653026913741	0.0054126171463497523	0.00869945143455644808	0.987934036188760967	0.973366528162764475	0.0885779461934746418	0.144188526239187979	0.242078631295719123	0.185359524469374616	0.205847312635851496	0.187812432745580622	0.227720978051705263	0.549451321265203881
C:	0.0408012123199405717	0.375703411107192065	0.156784869864912197	0.312969758331018157	0.269730289964384867	0.250535899898266995	0.0331229725608776229	0.00267890073473747445	0.000932127287352288812	0.000865555997088775335	0.00122625310057944083	0.98854588721577607	0.00766292704979865267	0.000436373047741984309	0.894620141695591179	0.204773829849651976	0.253144145007686053	0.452913349297348989	0.582680216672431046	0.100830001894082394	0.265974956630000023	0.153206815268328999
G:	0.428701837046053964	0.346683041076550044	0.280336385587470686	0.16912072095598473	0.224104700490016253	0.298119784833177733	0.0767589994036305191	0.0105620190582672548	0.0621519578131544045	0.986034392151570358	0.00156726344022379221	0.000986499214047320281	0.000345258747846742321	0.0247728267799053463	0.00105027832099502586	0.557404263487386799	0.246888470126710552	0.224796824001052556	0.109935485515235813	0.234901143318218197	0.128056916571238335	0.0843210507806124005
T:	0.115452876347974705	0.209926697554900251	0.0488122040857855106	0.288781000179308176	0.187999984525484827	0.153224530435377538	0.0390548926212322863	0.0764804832934218884	0.00222708461898990994	0.0119364953210717291	0.991793866312847015	0.00176816213562016195	0.00405777801359363834	0.00142427200958819484	0.0157516337899391534	0.0936333804237732463	0.257888753569884272	0.136930302232223839	0.101536985176481645	0.476456422042118787	0.378247148747056379	0.213020812685854719



2	AAAGTCAA	0.49895108450888382


A:	0.155850738991639979	0.415044074286030759	0.0676868502613576403	0.514066540461831607	0.229128520533688937	0.318165025020114053	0.298119784833177733	0.851063135414259572	0.940687049015090466	0.941101800388357565	0.00149732134786629994	0.00611777783994659492	0.0171642042120348334	0.98032941633333942	0.97682663283973567	0.0885779461934746418	0.144188526239187979	0.242078631295719123	0.185359524469374616	0.205847312635851496	0.187812432745580622	0.227720978051705263
C:	0.248048829780414585	0.0408012123199405717	0.375703411107192065	0.156784869864912197	0.312969758331018157	0.269730289964384867	0.250535899898266995	0.0331229725608776229	0.00530342310072523216	0.00209388118231816156	0.00152498758738316942	0.00150706802605488926	0.980587647298380623	0.0121707844806231314	0.000743075850233097979	0.894620141695591179	0.204773829849651976	0.253144145007686053	0.452913349297348989	0.582680216672431046	0.100830001894082394	0.265974956630000023
G:	0.224207709949479829	0.428701837046053964	0.346683041076550044	0.280336385587470686	0.16912072095598473	0.224104700490016253	0.298119784833177733	0.0767589994036305191	0.0123813946842084584	0.0517506284893507229	0.988551625277675939	0.00156195207196652169	0.000867491303066519511	0.000370375831713070402	0.0161888114636463313	0.00105027832099502586	0.557404263487386799	0.246888470126710552	0.224796824001052556	0.109935485515235813	0.234901143318218197	0.128056916571238335
T:	0.371892721278465607	0.115452876347974705	0.209926697554900251	0.0488122040857855106	0.288781000179308176	0.187999984525484827	0.153224530435377538	0.0390548926212322863	0.0416281331999758437	0.0050536899399735503	0.00842606578707459196	0.990813202062031994	0.00138065718651802395	0.00712942335432437874	0.00624147984638490113	0.0157516337899391534	0.0936333804237732463	0.257888753569884272	0.136930302232223839	0.101536985176481645	0.476456422042118787	0.378247148747056379



3	CGTTGACC	0.498207255240945477


A:	0.221745412969186169	0.537547659236443053	0.325645093874653179	0.200203899658988984	0.320361633895803046	0.52593644317656351	0.112175521190986886	0.0362193848228989043	0.031757993696430768	0.00152691680070632111	0.00369296363170048425	0.00170613485989806524	0.992809423431236508	0.0105292188521360752	0.00670778246764515666	0.474068734565400419	0.197405018276765784	0.0877707518297855149	0.390224131272089683	0.443423313991766085	0.145524002159250263	0.301839480121435542
C:	0.397817500645883351	0.1686562116169704	0.126511027185872253	0.33419677047187236	0.130673756204377994	0.145324726730728361	0.247193508386135289	0.808194015988764364	0.000974606401394489648	0.0453789653195566453	0.000454974475614862862	0.00140104427322881622	0.00116893809718938659	0.986436442808095687	0.363512385672789267	0.0706365030869468367	0.0593495234574613334	0.124462574270558519	0.212227688918327771	0.0470337901785982112	0.230024917948009961	0.096146601744487002
G:	0.143272111790408257	0.0625393263798356039	0.456960701276876042	0.139863148915577231	0.354130461527936578	0.100203105552828256	0.548804436681785821	0.0306407381304295933	0.880300686419024907	0.000329626655347965511	0.00978683705135961728	0.991935892787672752	0.00221621419417972053	0.000789539699235830304	0.00827899872721614099	0.0731884113995451657	0.163360673300343396	0.17410636021213616	0.164685921984735458	0.201580439890215167	0.0516468171745846101	0.318608843046822601
T:	0.237164974594522223	0.231256802766750943	0.0908831776625985255	0.325736180953561425	0.194834148371882381	0.228535724539879873	0.0918265337410920037	0.124945861057907138	0.0869667134831498352	0.952764491224389068	0.986065224841325036	0.00495692807920036679	0.00380542427739438509	0.00224479864053240708	0.621500833132349435	0.382106350948107578	0.579884784965429486	0.613660313687519806	0.232862257824847088	0.307962455939420537	0.572804262718155166	0.283405075087254855



4	A.AGTCAAC	0.498061441201165605


A:	0.448791336588550711	0.322261615106992048	0.148679926587463257	0.416432008022403145	0.296868111814652265	0.282179607597608772	0.347346275577239134	0.638795126557843087	0.910278596913573382	0.677114133299266153	0.00104392180298293141	0.00419719870427063097	0.00649015522457965869	0.989681794475761345	0.975906475605920641	0.0797933358397943549	0.0565761682535829193	0.160413686171356445	0.182315238987504843	0.220471593207966782	0.111206646448046961	0.1155183515333145	0.416301533766733816
C:	0.0622900265282512824	0.32049109838691308	0.368413058829645836	0.117649958952641358	0.331818549061793541	0.262422194613462859	0.32907962481337325	0.0304612001939442735	0.00267890073473747445	0.00283829617667686908	0.00107892407713867785	0.00161285359577125676	0.990297590149509402	0.00508185064616598734	0.0010773999467932012	0.896907945952773291	0.0334817389836213271	0.267411570228375251	0.243396643399061279	0.351581056409100682	0.254440726685611519	0.14360296878414168	0.160876333459838328
G:	0.262263191984246331	0.208341760626952834	0.173899146613842452	0.364125014888735504	0.10905132927829332	0.260388758908490974	0.164965482375618842	0.0785606999461907796	0.0105620190582672548	0.314288540020326847	0.989077831962724374	0.00185691858740633224	0.000834119165078186903	0.00065192794787161623	0.0215356606795985423	0.00271968561940607792	0.862231185721677652	0.114118787268745694	0.0953596761209034234	0.221876369823075322	0.466019200079215565	0.272839495227710989	0.115778195659897627
T:	0.226655444898951676	0.148905525879142038	0.309007867969048454	0.101793018136219994	0.262262009845260875	0.195009438880437395	0.158608617233768775	0.25218297330202186	0.0764804832934218884	0.00575903050373013116	0.00879932215715401674	0.99233302911255178	0.00237813546083275208	0.00458442693020105178	0.00148046376768761511	0.0205790325880262758	0.0477109070411181021	0.45805595633152261	0.478928441492530454	0.206070980559857215	0.168333426787125954	0.468039184454832832	0.30704393711353023



5	AGTCAACG	0.497992341261309423


A:	0.283405075087254855	0.572804262718155166	0.307962455939420537	0.232862257824847088	0.613660313687519806	0.579884784965429486	0.382106350948107578	0.621500833132349435	0.00142856315266150354	0.00434484262795517204	0.00770863346818224763	0.981211262121405537	0.966488526393266555	0.040892186156040796	0.0565761682535829193	0.0918265337410920037	0.228535724539879873	0.194834148371882381	0.325736180953561425	0.0908831776625985255	0.231256802766750943	0.237164974594522223
C:	0.318608843046822601	0.0516468171745846101	0.201580439890215167	0.164685921984735458	0.17410636021213616	0.163360673300343396	0.0731884113995451657	0.00827899872721614099	0.000749328504516873744	0.00128829515206585737	0.989737800372085029	0.0126280346638958048	0.000765632273940224149	0.942825772544415528	0.0334817389836213271	0.548804436681785821	0.100203105552828256	0.354130461527936578	0.139863148915577231	0.456960701276876042	0.0625393263798356039	0.143272111790408257
G:	0.096146601744487002	0.230024917948009961	0.0470337901785982112	0.212227688918327771	0.124462574270558519	0.0593495234574613334	0.0706365030869468367	0.363512385672789267	0.978205604328723893	0.00184669730941733078	0.00136837256963821969	0.000399584260296784789	0.0308124416690739503	0.00152805972499381433	0.862231185721677652	0.247193508386135289	0.145324726730728361	0.130673756204377994	0.33419677047187236	0.126511027185872253	0.1686562116169704	0.397817500645883351
T:	0.301839480121435542	0.145524002159250263	0.443423313991766085	0.390224131272089683	0.0877707518297855149	0.197405018276765784	0.474068734565400419	0.00670778246764515666	0.0196165040140977302	0.99252016491056164	0.00118519359009450331	0.0057611189544018737	0.00193339966371927034	0.014753981574549862	0.0477109070411181021	0.112175521190986886	0.52593644317656351	0.320361633895803046	0.200203899658988984	0.325645093874653179	0.537547659236443053	0.221745412969186169



