1	AAAGTCAA	0.496401627953146714


A:	0.102859839290213102	0.324124872228583617	0.148806160499343097	0.826151932735509009	0.287553739576400396	0.549874211413964365	0.476852782816484483	0.871827220857121088	0.920192266208616841	0.901735516893309512	0.00319901932737957152	0.00413299345771968423	0.00648766100482755682	0.977914322382941657	0.970673314274380991	0.190258996764270489	0.176825709670710765	0.285031023344349605	0.265298638113663126	0.473166380053932399	0.0785896385430303436	0.0455698623533221297
C:	0.300874581276576528	0.0986316825724991139	0.386679294892390783	0.0537357588620515819	0.0297734447033539867	0.0397775441022042353	0.0860785094556468973	0.0415065250178175306	0.0111103566664321627	0.00463816151308239112	0.00187079701321354686	0.00233853037851406294	0.98740341484602196	0.00574502253409356235	0.00323176380424992542	0.770744543666424192	0.240081065441935121	0.588723021554068442	0.190250182781788399	0.418030069990069597	0.220752177319839104	0.550597706213369072
G:	0.0484085402087998197	0.210204276516046276	0.346722176828462473	0.06277087902490749	0.514546261121133276	0.356730832088099703	0.266550900934195469	0.0450425486341689507	0.0276755641669624739	0.0866227518589300051	0.989522859019534877	0.00171499509106457963	0.0012135960969481247	0.00213931739288401918	0.0167830804847829988	0.00413259664176845866	0.488597971679941104	0.0253742732133956695	0.0762460211140457948	0.0148581623213848586	0.322828440525743834	0.0745703310059003228
T:	0.54785703922441055	0.367039168682870993	0.117792367779803648	0.0573414293775319193	0.168126554599112341	0.0536174123957316961	0.170517806793673151	0.0416237054908924309	0.0410218129579885228	0.00700356973467809184	0.00540732463987200457	0.991813481072701673	0.00489532805220235855	0.0142013376900807611	0.00931184143658608502	0.0348638629275368605	0.0944952532074130107	0.100871681888186284	0.468205157990502681	0.0939453876346131456	0.377829743611386719	0.329262100427408476



2	A..GTCAACG	0.49634721326120403


A:	0.0233417560606351136	0.206093421833113397	0.637978377847134578	0.603198875385926799	0.161288367835310908	0.527234837334900631	0.578304289409313348	0.258465066233195334	0.452447932618875989	0.00349584747772261557	0.00404027952658062964	0.00354503724260221761	0.988022644059895292	0.959250841738379735	0.0294537871724100521	0.0761767734188470605	0.130408454897273981	0.292154771471212365	0.41888032911464257	0.0510668064491929742	0.0989459377384107122	0.160351711865007715	0.276972728687446727
C:	0.46920832658737631	0.190810799713339692	0.0628184710973374658	0.264566691761061234	0.0148003709242397758	0.0721732290661432416	0.119144108987961134	0.0350925035710823392	0.0047532974601563751	0.00168579297447254583	0.00151450835554049804	0.989811662025358895	0.0055127185324070488	0.00251894508451041832	0.926979454980387634	0.0191011484360768265	0.505778209646451319	0.214231876579261919	0.372285099261467943	0.194720693480495539	0.0718017745317109375	0.0701972646021417286	0.151993973283576942
G:	0.0615147618321783471	0.130413525875320125	0.180895607509002057	0.0536140263586692655	0.816583018061006699	0.187775203556955175	0.0404088219177467283	0.0614757641985524646	0.525363559465847101	0.967776074296046463	0.00320654161743504104	0.00323262748949230121	0.00231790542636737207	0.0367631929872613759	0.00795784401035943909	0.833715462503006049	0.219551228909653295	0.143108030220666993	0.114884650957189191	0.579239853830898122	0.689382365258939326	0.239152402693515462	0.333700788050614182
T:	0.445935155519810229	0.472682252578226786	0.118307543546525899	0.0786204064943427019	0.00732824317944261677	0.212816730042000952	0.262142779684978789	0.644966665997169862	0.0174352104551205355	0.0270422852517583756	0.991238670500443831	0.00341067324254658601	0.00414673198133028677	0.00146702018984847025	0.0356089138368428752	0.0710066156420700639	0.144262106546621405	0.350505321728858722	0.0939499206667002959	0.174972646239413364	0.139869922470939025	0.530298620839335094	0.237332509978362149



3	AAGTCAAC	0.495924115340711698


A:	0.240032282474493074	0.302457526860044203	0.16011539387232893	0.064625756722659566	0.366305006700158537	0.702990141394526182	0.698447771320818069	0.781126573140925414	0.810652132458504131	0.0023182683664315061	0.00228399046034069055	0.00218132622418171811	0.982634925810613029	0.961744551848740825	0.190258996764270489	0.044121097647328784	0.110099472572584893	0.265604859481020778	0.520174394548621922	0.172867736781246866	0.440864989546805954	0.441670031191275433
C:	0.334007623983016371	0.107590891921206956	0.183952306732296395	0.0843505554763140686	0.104400457525367237	0.0375920327797178506	0.109808264918070932	0.0234419718230036367	0.00395347374839058104	0.00188346486716816944	0.00236629799475902588	0.991454307299849602	0.00986666039152474912	0.00188447312306473417	0.770744543666424192	0.0413509904651582861	0.740267223790966927	0.0819718327072948888	0.148060518888172846	0.0340687973764300969	0.199375435068779947	0.104546798147344893
G:	0.0825090409189363556	0.291447611559302355	0.498106800200201961	0.835385981460216162	0.291011013960036602	0.175710897463312628	0.130629466268011766	0.0402811098844674464	0.177754957147795017	0.983424511552500896	0.00321776133952647756	0.00245189501428016205	0.00111679515105942198	0.034034703689386768	0.00413259664176845866	0.811736752025333667	0.0744766442105755921	0.0915955763473487356	0.204565954075916358	0.670346552704412618	0.0483090385917653294	0.237065585286304429
T:	0.343451052623554199	0.298503969659446486	0.157825499195172714	0.0156377063408102029	0.238283521814437625	0.0837069283624433396	0.0611144974930992334	0.155150345151603503	0.00763943664531027153	0.0123737552138994287	0.992131950205373806	0.0039124714616885176	0.00638161864680280028	0.00233627133880767261	0.0348638629275368605	0.102791159862179262	0.075156659425872588	0.560827731464335597	0.127199132487288874	0.122716913137910419	0.31145053679264877	0.216717585375075245



4	AGTCAACG	0.49581223942823109


A:	0.206093421833113397	0.637978377847134578	0.603198875385926799	0.161288367835310908	0.527234837334900631	0.578304289409313348	0.258465066233195334	0.452447932618875989	0.00286017779535009427	0.00398901425517477555	0.00490929296579946067	0.989882745461807567	0.982292824593528974	0.0273035853436127989	0.044121097647328784	0.130408454897273981	0.292154771471212365	0.41888032911464257	0.0510668064491929742	0.0989459377384107122	0.160351711865007715	0.276972728687446727
C:	0.190810799713339692	0.0628184710973374658	0.264566691761061234	0.0148003709242397758	0.0721732290661432416	0.119144108987961134	0.0350925035710823392	0.0047532974601563751	0.00121986572585614044	0.00128828669813992748	0.991928531253175196	0.00331611922458241343	0.00128064184200434598	0.941937191223374071	0.0413509904651582861	0.505778209646451319	0.214231876579261919	0.372285099261467943	0.194720693480495539	0.0718017745317109375	0.0701972646021417286	0.151993973283576942
G:	0.130413525875320125	0.180895607509002057	0.0536140263586692655	0.816583018061006699	0.187775203556955175	0.0404088219177467283	0.0614757641985524646	0.525363559465847101	0.984566109656987211	0.00249702394465215989	0.00146470048117045069	0.0012273447291041689	0.013913936978590058	0.00348028281786332263	0.811736752025333667	0.219551228909653295	0.143108030220666993	0.114884650957189191	0.579239853830898122	0.689382365258939326	0.239152402693515462	0.333700788050614182
T:	0.472682252578226786	0.118307543546525899	0.0786204064943427019	0.00732824317944261677	0.212816730042000952	0.262142779684978789	0.644966665997169862	0.0174352104551205355	0.0113538468218065541	0.992225675102033137	0.00169747529985489265	0.00557379058450585025	0.00251259658587662239	0.0272789406151498078	0.102791159862179262	0.144262106546621405	0.350505321728858722	0.0939499206667002959	0.174972646239413364	0.139869922470939025	0.530298620839335094	0.237332509978362149



5	CGTTGAC.A	0.495604620576703558


A:	0.237332509978362149	0.530298620839335094	0.139869922470939025	0.174972646239413364	0.0939499206667002959	0.350505321728858722	0.144262106546621405	0.0649690854525305167	0.029262762657428325	0.00492080480781729091	0.00565734938943745775	0.00272529974439780039	0.988209838365383311	0.00995670039967927735	0.0174352104551205355	0.644966665997169862	0.262142779684978789	0.212816730042000952	0.00732824317944261677	0.0786204064943427019	0.118307543546525899	0.472682252578226786	0.445935155519810229
C:	0.333700788050614182	0.239152402693515462	0.689382365258939326	0.579239853830898122	0.114884650957189191	0.143108030220666993	0.219551228909653295	0.908950194115755002	0.00199364881172313891	0.00605173480398651842	0.0015537939272104909	0.00109088014488293297	0.00192638367999216847	0.983800651739050701	0.525363559465847101	0.0614757641985524646	0.0404088219177467283	0.187775203556955175	0.816583018061006699	0.0536140263586692655	0.180895607509002057	0.130413525875320125	0.0615147618321783471
G:	0.151993973283576942	0.0701972646021417286	0.0718017745317109375	0.194720693480495539	0.372285099261467943	0.214231876579261919	0.505778209646451319	0.012415286712662196	0.93653423623908036	0.00247661817087262373	0.00487684908791595953	0.987088255383302073	0.00156428996181388935	0.0016625384160087714	0.0047532974601563751	0.0350925035710823392	0.119144108987961134	0.0721732290661432416	0.0148003709242397758	0.264566691761061234	0.0628184710973374658	0.190810799713339692	0.46920832658737631
T:	0.276972728687446727	0.160351711865007715	0.0989459377384107122	0.0510668064491929742	0.41888032911464257	0.292154771471212365	0.130408454897273981	0.0136654337190522851	0.0322093522917681759	0.986550842217323567	0.987912007595436092	0.00909556472741719378	0.00829948799281063155	0.00458010944526125029	0.452447932618875989	0.258465066233195334	0.578304289409313348	0.527234837334900631	0.161288367835310908	0.603198875385926799	0.637978377847134578	0.206093421833113397	0.0233417560606351136



