1	CGTTGACC	0.499370284891800675


A:	0.239453829372920721	0.604819635877064454	0.172829790785327619	0.099653916721316932	0.0360361433079991628	0.486383627918850536	0.106231450172270354	0.0126754304404000573	0.007655611965083401	0.000582286202661099114	0.0019024142007045456	0.000719089345227422046	0.990646044563569786	0.00981399856041024946	0.00354860841161478643	0.363128554151148751	0.171676820552458354	0.247992349941829726	0.00444005600227805707	0.0484383400949398383	0.154967160973172069	0.291265656218372679
C:	0.309900150193708513	0.14852385377868367	0.590525183930782919	0.753234538986361991	0.0435238748312271997	0.132801639790763651	0.361127430868140096	0.980499925016689482	0.000161224594417280543	0.0433897993911287499	0.000389020041049278552	0.000990612157563726637	0.000917858327865629873	0.987943237517500829	0.651491426941948325	0.097667011825255102	0.0432348225887081188	0.16530557655436669	0.674388834841945777	0.0152254015134697394	0.180573187017109468	0.193483902782611393
G:	0.272085355650660578	0.158819874693190144	0.0732338840761010815	0.130421234030423262	0.504944541377151491	0.218179871727877095	0.407175548766059521	0.0062395781658332783	0.98365194563440743	0.000406370614498796947	0.0120602699627610158	0.985044169616146395	0.00175743268804834197	0.000576319567701541615	0.00141951340447301302	0.0432096982804787334	0.16031646987420832	0.261012019060471151	0.0114691138018936907	0.19957274089929565	0.198061372077987734	0.161050001838326678
T:	0.178560664782710188	0.0878366356510617316	0.163411141207788381	0.0166903102618978148	0.415495440483622147	0.162634860562508719	0.125465570193530029	0.000585066377077182411	0.00853121780609188843	0.955621543791711354	0.98564829579548516	0.0132461288810624565	0.00667866442051624243	0.00166644435438737982	0.343540451241963876	0.495994735743117414	0.624771886984625207	0.325690054443332432	0.309701995353882475	0.736763517492294772	0.46639827993173073	0.354200439160689249



2	AGTCAACG	0.49935477466746079


A:	0.354200439160689249	0.46639827993173073	0.736763517492294772	0.309701995353882475	0.325690054443332432	0.624771886984625207	0.495994735743117414	0.343540451241963876	0.00165442696258816211	0.010360223467242357	0.0254260377509192278	0.984275107082690586	0.942558135027910721	0.0126493362983605844	0.00254413366749982158	0.125465570193530029	0.162634860562508719	0.415495440483622147	0.0166903102618978148	0.163411141207788381	0.0878366356510617316	0.178560664782710188
C:	0.161050001838326678	0.198061372077987734	0.19957274089929565	0.0114691138018936907	0.261012019060471151	0.16031646987420832	0.0432096982804787334	0.00141951340447301302	0.00128596555824060786	0.001052207309880828	0.97233644953000607	0.0114790739629602489	0.000962324997288635386	0.977323528379711023	0.0198656101588908868	0.407175548766059521	0.218179871727877095	0.504944541377151491	0.130421234030423262	0.0732338840761010815	0.158819874693190144	0.272085355650660578
G:	0.193483902782611393	0.180573187017109468	0.0152254015134697394	0.674388834841945777	0.16530557655436669	0.0432348225887081188	0.097667011825255102	0.651491426941948325	0.98273286022710817	0.0030511027159785834	0.000833263944323734017	0.00085242298862041807	0.0557532502794730207	0.000483002562377401726	0.947776928827582939	0.361127430868140096	0.132801639790763651	0.0435238748312271997	0.753234538986361991	0.590525183930782919	0.14852385377868367	0.309900150193708513
T:	0.291265656218372679	0.154967160973172069	0.0484383400949398383	0.00444005600227805707	0.247992349941829726	0.171676820552458354	0.363128554151148751	0.00354860841161478643	0.0143267472520630596	0.985536466506898232	0.00140424877475096803	0.00339339596572874714	0.000726289695327622765	0.00954413275955099085	0.0298133273460263527	0.106231450172270354	0.486383627918850536	0.0360361433079991628	0.099653916721316932	0.172829790785327619	0.604819635877064454	0.239453829372920721



3	A..GTCAACG	0.499252237497311695


A:	0.0179937611814755995	0.354200439160689249	0.46639827993173073	0.736763517492294772	0.309701995353882475	0.325690054443332432	0.624771886984625207	0.495994735743117414	0.343540451241963876	0.00182326468075080595	0.00547977684626757751	0.00585890873853844605	0.99133675003684878	0.962329183054068453	0.0082385983072940724	0.00726188391704365519	0.125465570193530029	0.162634860562508719	0.415495440483622147	0.0166903102618978148	0.163411141207788381	0.0878366356510617316	0.178560664782710188
C:	0.381235905825952298	0.161050001838326678	0.198061372077987734	0.19957274089929565	0.0114691138018936907	0.261012019060471151	0.16031646987420832	0.0432096982804787334	0.00141951340447301302	0.00054393130752022431	0.0010550200154876441	0.991467575552776929	0.00551778217447150234	0.000662342929920448448	0.981125383427309213	0.0321808889210908229	0.407175548766059521	0.218179871727877095	0.504944541377151491	0.130421234030423262	0.0732338840761010815	0.158819874693190144	0.272085355650660578
G:	0.0710328023268396722	0.193483902782611393	0.180573187017109468	0.0152254015134697394	0.674388834841945777	0.16530557655436669	0.0432348225887081188	0.097667011825255102	0.651491426941948325	0.987861188926274194	0.00162712923808309753	0.0014166287914754812	0.00127389436591939758	0.0359303291783536734	0.00107698951416986565	0.921327115735946489	0.361127430868140096	0.132801639790763651	0.0435238748312271997	0.753234538986361991	0.590525183930782919	0.14852385377868367	0.309900150193708513
T:	0.529737530665732431	0.291265656218372679	0.154967160973172069	0.0484383400949398383	0.00444005600227805707	0.247992349941829726	0.171676820552458354	0.363128554151148751	0.00354860841161478643	0.00977161508545477539	0.991838073900161681	0.0012568869172091436	0.0018715734227603204	0.00107814483765742564	0.00955902875122684846	0.0392301114259190329	0.106231450172270354	0.486383627918850536	0.0360361433079991628	0.099653916721316932	0.172829790785327619	0.604819635877064454	0.239453829372920721



4	A.GTCAACG	0.498867809816864361


A:	0.0179937611814755995	0.354200439160689249	0.46639827993173073	0.736763517492294772	0.309701995353882475	0.325690054443332432	0.624771886984625207	0.495994735743117414	0.343540451241963876	0.000929849411586743335	0.00385301170202569157	0.00899793535248747807	0.983271739432620647	0.958878416946011428	0.0111423214814261732	0.0169266010673056276	0.125465570193530029	0.162634860562508719	0.415495440483622147	0.0166903102618978148	0.163411141207788381	0.0878366356510617316	0.178560664782710188
C:	0.381235905825952298	0.161050001838326678	0.198061372077987734	0.19957274089929565	0.0114691138018936907	0.261012019060471151	0.16031646987420832	0.0432096982804787334	0.00141951340447301302	0.000625947083985744173	0.00184858994893026059	0.988399102206646988	0.0147300924303757201	0.000604286246731008692	0.979458639483954918	0.0326381856719888807	0.407175548766059521	0.218179871727877095	0.504944541377151491	0.130421234030423262	0.0732338840761010815	0.158819874693190144	0.272085355650660578
G:	0.0710328023268396722	0.193483902782611393	0.180573187017109468	0.0152254015134697394	0.674388834841945777	0.16530557655436669	0.0432348225887081188	0.097667011825255102	0.651491426941948325	0.978471177355790767	0.00142521971754968819	0.000664605484996246074	0.000894791768767871719	0.0393590668507385031	0.00101838779235847354	0.915466961090054809	0.361127430868140096	0.132801639790763651	0.0435238748312271997	0.753234538986361991	0.590525183930782919	0.14852385377868367	0.309900150193708513
T:	0.529737530665732431	0.291265656218372679	0.154967160973172069	0.0484383400949398383	0.00444005600227805707	0.247992349941829726	0.171676820552458354	0.363128554151148751	0.00354860841161478643	0.0199730261486367452	0.99287317863149436	0.00193835695586928748	0.0011033763682357614	0.00115822995651906066	0.00838065124226043567	0.0349682521706506825	0.106231450172270354	0.486383627918850536	0.0360361433079991628	0.099653916721316932	0.172829790785327619	0.604819635877064454	0.239453829372920721



5	G..CGTTGAC	0.498847926267281106


A:	0.0737951518545264657	0.113882159688870262	0.239453829372920721	0.604819635877064454	0.172829790785327619	0.099653916721316932	0.0360361433079991628	0.486383627918850536	0.106231450172270354	0.0313304674414302302	0.00914594954615026	0.000780586493329069987	0.00163146614694288952	0.00141904334300611898	0.991830122369710648	0.0151719893732691398	0.00354860841161478643	0.363128554151148751	0.171676820552458354	0.247992349941829726	0.00444005600227805707	0.0484383400949398383	0.154967160973172069
C:	0.506554618413697131	0.0719455662662341543	0.309900150193708513	0.14852385377868367	0.590525183930782919	0.753234538986361991	0.0435238748312271997	0.132801639790763651	0.361127430868140096	0.914208646023564248	0.000431799198192916441	0.0399578401135190323	0.0018950900904037328	0.000706360799999399986	0.00223390207052126212	0.982796857991278388	0.651491426941948325	0.097667011825255102	0.0432348225887081188	0.16530557655436669	0.674388834841945777	0.0152254015134697394	0.180573187017109468
G:	0.115302747228369021	0.11926672433740367	0.272085355650660578	0.158819874693190144	0.0732338840761010815	0.130421234030423262	0.504944541377151491	0.218179871727877095	0.407175548766059521	0.0468171123426337782	0.976696289357760287	0.000491239331675379285	0.00621188243655139367	0.984714849502542717	0.00130978231809078236	0.000738418636639666995	0.00141951340447301302	0.0432096982804787334	0.16031646987420832	0.261012019060471151	0.0114691138018936907	0.19957274089929565	0.198061372077987734
T:	0.304347482503407383	0.694905549707491914	0.178560664782710188	0.0878366356510617316	0.163411141207788381	0.0166903102618978148	0.415495440483622147	0.162634860562508719	0.125465570193530029	0.00764377419237174403	0.0137259618978965366	0.958770334061476518	0.990261561326101984	0.0131597463544517637	0.00462619324167730759	0.00129273399881280545	0.343540451241963876	0.495994735743117414	0.624771886984625207	0.325690054443332432	0.309701995353882475	0.736763517492294772	0.46639827993173073



