1	CGTTGACC	0.487999941888338442


A:	0.191313322710162211	0.442676920810559363	0.165271501206578913	0.285885374816100123	0.286966325657545291	0.279779600057738883	0.265859205450645898	0.148501869308373364	0.0320455660513100913	0.00880367116711569555	0.00568739972274380294	0.00817937648380116718	0.986119880482219775	0.00507876629785720843	0.00141248181128713197	0.691089414823805523	0.200824726891744952	0.446700174868198618	0.547636821396122584	0.155245472598176723	0.386742225624524781	0.276379568807915181
C:	0.154284357710408361	0.113414564204231848	0.354754493599551664	0.0619062792782786506	0.188127957686975148	0.0649386788755119063	0.253114615785666973	0.70618082612737133	0.0356772191451450605	0.0145709323522359553	0.00301696850869328294	0.00421831006495834681	0.00295162615288034157	0.979458478720127093	0.735027579376079787	0.0817877955693334791	0.219933238504640144	0.230756449646029898	0.0926452970214559778	0.117110194250359914	0.221556009025382896	0.211173821583454236
G:	0.292701333985326059	0.0727547794105768626	0.299497834156709248	0.119314877716470538	0.42720025543146521	0.191621217032479946	0.219513661348036765	0.0793510017635433801	0.871566136388470556	0.00159090445785512642	0.00345405774681811886	0.983423473500869509	0.00252909190823723259	0.00488397314861506754	0.0103887758307337664	0.159618688355416232	0.416794949892383823	0.210545529306694461	0.118016905389267884	0.476751064078607045	0.150830864284141013	0.154331575082930711
T:	0.361700985594103369	0.371153735574631927	0.180476171037160175	0.532893468189150689	0.0977054612240143499	0.463660504034269265	0.261512517415650365	0.0659663028007119255	0.0607110784150742919	0.975034492022793223	0.987841574021744795	0.00417883995037097704	0.00839940145666265111	0.0105787818334006306	0.253171162981899315	0.0675041012514447662	0.162447084711231081	0.111997846179077022	0.241700976193153554	0.250893269072856317	0.24087090106595131	0.358115034525699873



2	GTTGACCA	0.482982046722971304


A:	0.442676920810559363	0.165271501206578913	0.285885374816100123	0.286966325657545291	0.279779600057738883	0.265859205450645898	0.148501869308373364	0.0195361374036887818	0.00440393237330483182	0.00541477287236649855	0.00324453725811893132	0.987487360553787821	0.00588815804634319047	0.00194898312798235654	0.691089414823805523	0.200824726891744952	0.446700174868198618	0.547636821396122584	0.155245472598176723	0.386742225624524781	0.276379568807915181	0.117215922781754887
C:	0.113414564204231848	0.354754493599551664	0.0619062792782786506	0.188127957686975148	0.0649386788755119063	0.253114615785666973	0.70618082612737133	0.0314839912764141394	0.0126562651372243924	0.00424220633793853521	0.00321883498540778469	0.00148278415762546248	0.987786920945269237	0.695912865646984281	0.0817877955693334791	0.219933238504640144	0.230756449646029898	0.0926452970214559778	0.117110194250359914	0.221556009025382896	0.211173821583454236	0.194803679469948081
G:	0.0727547794105768626	0.299497834156709248	0.119314877716470538	0.42720025543146521	0.191621217032479946	0.219513661348036765	0.0793510017635433801	0.694263169784601464	0.00127156474070398535	0.00191765789569984023	0.989483574348349358	0.00194225804151615377	0.00373516963455776865	0.00780181397744160822	0.159618688355416232	0.416794949892383823	0.210545529306694461	0.118016905389267884	0.476751064078607045	0.150830864284141013	0.154331575082930711	0.243490118694072279
T:	0.371153735574631927	0.180476171037160175	0.532893468189150689	0.0977054612240143499	0.463660504034269265	0.261512517415650365	0.0659663028007119255	0.254716701535295614	0.98166823774876679	0.988425362893995126	0.00405305340812392585	0.00908759724707056247	0.00258975137382980375	0.294336337247591754	0.0675041012514447662	0.162447084711231081	0.111997846179077022	0.241700976193153554	0.250893269072856317	0.24087090106595131	0.358115034525699873	0.444490279054224753



3	G..GGTCAAC	0.479364844174445597


A:	0.186733461958227291	0.444490279054224753	0.358115034525699873	0.24087090106595131	0.250893269072856317	0.241700976193153554	0.111997846179077022	0.162447084711231081	0.0675041012514447662	0.284253210864389343	0.0119258827700824682	0.00939755209755807801	0.0143085994385337961	0.979892446749407046	0.966433791490329772	0.1665993689547821	0.0659663028007119255	0.261512517415650365	0.463660504034269265	0.0977054612240143499	0.532893468189150689	0.180476171037160175	0.371153735574631927
C:	0.0765980880640717382	0.243490118694072279	0.154331575082930711	0.150830864284141013	0.476751064078607045	0.118016905389267884	0.210545529306694461	0.416794949892383823	0.159618688355416232	0.00852817133046297738	0.0091172959534400142	0.00372736427834409334	0.974169146901614507	0.00761549130069620341	0.00265579593483674067	0.747438651041749373	0.0793510017635433801	0.219513661348036765	0.191621217032479946	0.42720025543146521	0.119314877716470538	0.299497834156709248	0.0727547794105768626
G:	0.438214886682189998	0.194803679469948081	0.211173821583454236	0.221556009025382896	0.117110194250359914	0.0926452970214559778	0.230756449646029898	0.219933238504640144	0.0817877955693334791	0.704846479458893436	0.973957234014672468	0.00555978186691697408	0.00719112873747274176	0.00493838521866884746	0.017299139030095732	0.0756446931761265446	0.70618082612737133	0.253114615785666973	0.0649386788755119063	0.188127957686975148	0.0619062792782786506	0.354754493599551664	0.113414564204231848
T:	0.298453563295510973	0.117215922781754887	0.276379568807915181	0.386742225624524781	0.155245472598176723	0.547636821396122584	0.446700174868198618	0.200824726891744952	0.691089414823805523	0.00237213834625424344	0.00499958726180504953	0.981315301757180855	0.00433112492237895522	0.0075536767312279033	0.0136112735447377557	0.0103172868273419824	0.148501869308373364	0.265859205450645898	0.279779600057738883	0.286966325657545291	0.285885374816100123	0.165271501206578913	0.442676920810559363



4	C.GGTCAAC	0.478895021484664395


A:	0.186733461958227291	0.444490279054224753	0.358115034525699873	0.24087090106595131	0.250893269072856317	0.241700976193153554	0.111997846179077022	0.162447084711231081	0.0675041012514447662	0.197678727295989815	0.00641366216623107868	0.00606372760579684349	0.00413440628544203956	0.983199886373980875	0.969075005213936957	0.198345392353341824	0.0659663028007119255	0.261512517415650365	0.463660504034269265	0.0977054612240143499	0.532893468189150689	0.180476171037160175	0.371153735574631927
C:	0.0765980880640717382	0.243490118694072279	0.154331575082930711	0.150830864284141013	0.476751064078607045	0.118016905389267884	0.210545529306694461	0.416794949892383823	0.159618688355416232	0.0057305924021281796	0.0093017446565999679	0.00232312734626263637	0.981537503344639676	0.0054650144504506485	0.00211934247520605031	0.74060572439665155	0.0793510017635433801	0.219513661348036765	0.191621217032479946	0.42720025543146521	0.119314877716470538	0.299497834156709248	0.0727547794105768626
G:	0.438214886682189998	0.194803679469948081	0.211173821583454236	0.221556009025382896	0.117110194250359914	0.0926452970214559778	0.230756449646029898	0.219933238504640144	0.0817877955693334791	0.794559826378479586	0.978813228485573014	0.00310724215632439256	0.00736049290000781287	0.0058700847251178277	0.0182978076912845245	0.0363336237038058488	0.70618082612737133	0.253114615785666973	0.0649386788755119063	0.188127957686975148	0.0619062792782786506	0.354754493599551664	0.113414564204231848
T:	0.298453563295510973	0.117215922781754887	0.276379568807915181	0.386742225624524781	0.155245472598176723	0.547636821396122584	0.446700174868198618	0.200824726891744952	0.691089414823805523	0.00203085392340241995	0.00547136469159593935	0.988505902891616128	0.0069675974699104716	0.0054650144504506485	0.010507844619572468	0.0247152595462007768	0.148501869308373364	0.265859205450645898	0.279779600057738883	0.286966325657545291	0.285885374816100123	0.165271501206578913	0.442676920810559363



5	TGGTCAAA	0.477195204862543654


A:	0.500960637241090347	0.589515551852448227	0.363256879450171999	0.187436296873976626	0.162256097970735403	0.176400136781690323	0.0838790369551890753	0.103825900715973274	0.25053140580599956	0.0118773717693151871	0.0220605728501454834	0.0113723682681951445	0.958994667411830593	0.937881716025786625	0.254716701535295614	0.110937852196766617	0.212396285791206182	0.442498836461095737	0.460735760271900537	0.228037075176055016	0.110977156165048736	0.18919375536257415
C:	0.124532771695619105	0.0979977235491943737	0.129820567182990028	0.209469938546551563	0.0693778697482274684	0.401744516252281248	0.247574276674461419	0.144395837387804541	0.0113449547868211787	0.010223946660353067	0.00385514775760676862	0.95887532410991732	0.0200579494133786083	0.00551835634556901277	0.694263169784601464	0.587008215220823513	0.150821309554656902	0.124185714596025483	0.053830294142510556	0.131339239825603268	0.15863255594784338	0.220510327793173375
G:	0.13180454143447674	0.221090122675066124	0.161952561889870163	0.454557601337267044	0.671991898115559326	0.121868890396661822	0.170705370901830623	0.0697447609014539515	0.729175556515345967	0.969192458749442102	0.0053439109175341137	0.0109631200974904029	0.00596544208439440007	0.0223161184354915318	0.0314839912764141394	0.122326832478486081	0.105487147703033992	0.295535870525548177	0.222919286047352161	0.380130712673292724	0.38493170687029004	0.106636499443515696
T:	0.242702049628813809	0.0913966019232912753	0.34496999147696781	0.148536163242204767	0.0963741341654778033	0.299986456569366607	0.497841315468518883	0.682033500994768234	0.00894808289183329442	0.00870622282088964351	0.968740368474713634	0.0187891875243971323	0.0149819410903963985	0.0342838091931528301	0.0195361374036887818	0.179727100103923789	0.531295256951102923	0.137779578417330604	0.262514659538236747	0.260492972325048993	0.345458581016817845	0.48365941740073678



