1	CGTTGACC	0.498129466944609887


A:	0.206895654564249125	0.630176657215026141	0.290783183074045058	0.0892703677698167821	0.0195452447854734439	0.247129292008631239	0.223127549526283909	0.0140902551494642995	0.00520624748586113767	0.00113029132647631877	0.00179677244686016993	0.001220272018385839	0.991661724995054317	0.00468094546775065477	0.00105021586007564575	0.332735639867880336	0.403854667397925918	0.24860146825055896	0.00297066463629564481	0.0376307108227307532	0.286800624807868281	0.299692108603737043
C:	0.343361319520552032	0.108229877441254489	0.419700046246360041	0.748013186096420226	0.0172694168664367054	0.218450375923798306	0.303418474120869278	0.876714625162429325	0.00185422940715318497	0.0169304804675098171	0.00162956004304070339	0.00220032248763093989	0.00133549694614849219	0.991889601914888783	0.756739071079529454	0.187111000661362576	0.0997543811710552361	0.181341635231305313	0.564840413213938377	0.0123418981684495112	0.197246511288653504	0.138997211973698939
G:	0.171239212181674332	0.0930935537236393767	0.0750692234320865983	0.139304694095163448	0.408562047772366009	0.161603378320409049	0.334554027448272451	0.0187902999110197884	0.97433157389936558	0.000734590860445756551	0.0032966950085122683	0.992623197068186634	0.00150517693933793053	0.00200540286911450425	0.00130115879617273307	0.157245594946983376	0.158258964500124515	0.28204506428587746	0.00191748693782713066	0.0654245784661022812	0.131091168044946863	0.323822492281975159
T:	0.278503813733524512	0.168499911620079993	0.214447547247508302	0.0234117520385995435	0.554623290575723841	0.372816953747161406	0.138899948904574361	0.0904048197770865871	0.0186079492076200978	0.981204637345568108	0.993276972501586858	0.00395620842579658754	0.00549760111945926059	0.00142404974824605829	0.240909554264222167	0.322907764523773712	0.338131986930894332	0.288011832232258268	0.430271435211938847	0.884602812542717454	0.384861695858531351	0.237488187140588858



2	GTTGACCA	0.49727640460591622


A:	0.311922967807182406	0.0211612552949502838	0.0344426154471159284	0.189623707536996299	0.287235295574951666	0.252782382336142259	0.0140902551494642995	0.022399818478782867	0.00324825360567971162	0.00438408437551336945	0.00176311226927567858	0.992262584030840576	0.00180099734888315157	0.000724421312934121996	0.485181540606878604	0.611105873313614759	0.160327719939109357	0.155243242515434984	0.144452017127058588	0.228764306693785227	0.253282060279181193	0.1222443678480288
C:	0.220411983846275005	0.150435362648281585	0.883464616849755877	0.579810254643589776	0.217583218345202649	0.504055067557227697	0.876714625162429325	0.00508147827910995738	0.0115137266100015838	0.00111476143059524346	0.00171295238659023034	0.00106700512173541889	0.992118731160486009	0.848470718715462827	0.0258926795475222196	0.135259737752118412	0.0326985672038015757	0.0158247234690140008	0.0129097017496125678	0.50891106634377252	0.155386213006179196	0.173941432016644205
G:	0.0531712027954985801	0.387613209980296605	0.0143724023525237193	0.109069733161069876	0.178879872480224628	0.135733603728288925	0.0187902999110197884	0.825846180294135273	0.000378266207913911573	0.00212371200571329716	0.992162933219289597	0.0021492110173741827	0.00279604361312366712	0.0031642557183238827	0.43219966275651107	0.126246871395060007	0.355207462755598439	0.264038627778465816	0.254967093414973782	0.0435361021462510249	0.391085265901560879	0.477159869085006638
T:	0.414493845551044009	0.440790172076471526	0.0677203653506044752	0.121496304658344049	0.316301613599621057	0.107428946378341119	0.0904048197770865871	0.146672522947971903	0.984859753576404793	0.99237744218817809	0.00436100212484449428	0.00452119983004982238	0.00328422787750717241	0.147640604253279168	0.0567261170890881061	0.127387517539206822	0.451766250101490627	0.564893406237085199	0.587671187708355062	0.218788524816191228	0.200246460813078732	0.226654331050320357



3	A..GGTCAAC	0.497108354011579818


A:	0.6559396967895918	0.226654331050320357	0.200246460813078732	0.218788524816191228	0.587671187708355062	0.564893406237085199	0.451766250101490627	0.127387517539206822	0.0567261170890881061	0.363296753886332763	0.00326265983357332833	0.00160444615640753785	0.00264715137200724454	0.987552663797206929	0.97975576987835523	0.0308970018039397732	0.0904048197770865871	0.107428946378341119	0.316301613599621057	0.121496304658344049	0.0677203653506044752	0.440790172076471526	0.414493845551044009
C:	0.036822116184343636	0.477159869085006638	0.391085265901560879	0.0435361021462510249	0.254967093414973782	0.264038627778465816	0.355207462755598439	0.126246871395060007	0.43219966275651107	0.00148404775388856973	0.00223750949646639048	0.00850686599562074675	0.989158007589698504	0.00775979270835380963	0.00118439002144867093	0.950196326672251702	0.0187902999110197884	0.135733603728288925	0.178879872480224628	0.109069733161069876	0.0143724023525237193	0.387613209980296605	0.0531712027954985801
G:	0.143136838278211131	0.173941432016644205	0.155386213006179196	0.50891106634377252	0.0129097017496125678	0.0158247234690140008	0.0326985672038015757	0.135259737752118412	0.0258926795475222196	0.633143666244903447	0.99034472482229213	0.0014385260795763034	0.00263849038244637702	0.00184320974369534501	0.0170983742049713442	0.006590951243110034	0.876714625162429325	0.504055067557227697	0.217583218345202649	0.579810254643589776	0.883464616849755877	0.150435362648281585	0.220411983846275005
T:	0.164101348747853433	0.1222443678480288	0.253282060279181193	0.228764306693785227	0.144452017127058588	0.155243242515434984	0.160327719939109357	0.611105873313614759	0.485181540606878604	0.00207553211487522057	0.00415510584766815087	0.988450161768395412	0.00555635065584787469	0.00284433375074391653	0.00196146589522475444	0.0123157202806984912	0.0140902551494642995	0.252782382336142259	0.287235295574951666	0.189623707536996299	0.0344426154471159284	0.0211612552949502838	0.311922967807182406



4	GGTCAAAC	0.49675911462515219


A:	0.442428271285215002	0.21874928062142202	0.883208099112586529	0.4534338432753045	0.245071693968947637	0.254483513909935555	0.197095527600162183	0.3370002461113935	0.00207313814411486557	0.00447581958751583777	0.00472109471179337445	0.989893909485452281	0.97866554114491021	0.772541984130253327	0.0800800252353144788	0.299568110813709719	0.435767502186505919	0.571273148828037115	0.88562742397252782	0.255684698989087734	0.403477122528453312	0.536820818025771373
C:	0.267645828156195331	0.406995390544102978	0.0553033039831282013	0.0263161053798317495	0.217023732740268191	0.185871048070972109	0.370651749347659799	0.00689407677219199279	0.00249484599391376964	0.00178969190130412731	0.991318930198064157	0.00148451504069530709	0.00127135009190610983	0.208917357152053803	0.821547065555306685	0.136434642991664	0.134221792320279893	0.241891982453004013	0.0427336090433017966	0.127529419976095116	0.186800877349123624	0.100590420177085411
G:	0.118424925814750784	0.161025939905257533	0.00242464433081929211	0.499877704406715333	0.148480230003415773	0.178580021138676029	0.135553390290622823	0.655256068475773924	0.990816708755323065	0.00237670070232816409	0.00190806387372491789	0.00286968747428739774	0.0116507677751916782	0.00716851326901075287	0.0530806273488944737	0.158428754100545845	0.150599327952839592	0.0808566199360008984	0.00378629369982906716	0.25949611247009013	0.0735679204758406432	0.192271911693594942
T:	0.171500974743838883	0.21322938892921747	0.0590639525734659774	0.020372346938148418	0.389424343287368399	0.381065416880416308	0.296699332761555195	0.000849608640640583967	0.00461530710664829962	0.991357787808851871	0.00205191121641755032	0.00575188799956501403	0.0084123409879920015	0.0113721454486821175	0.0452922818604843629	0.405568492094080436	0.279411377540374596	0.105978248782957973	0.0678526732843413162	0.35728976856472702	0.336154079646582421	0.170316850103548275



5	GTTGACC.A	0.496628244577894685


A:	0.311922967807182406	0.0211612552949502838	0.0344426154471159284	0.189623707536996299	0.287235295574951666	0.252782382336142259	0.0140902551494642995	0.00924571415595985065	0.00329541512381083196	0.00140614660533537359	0.00218257744299830871	0.992728951024451655	0.00258922461932738666	0.000897438602769579038	0.485181540606878604	0.611105873313614759	0.160327719939109357	0.155243242515434984	0.144452017127058588	0.228764306693785227	0.253282060279181193	0.1222443678480288	0.164101348747853433
C:	0.220411983846275005	0.150435362648281585	0.883464616849755877	0.579810254643589776	0.217583218345202649	0.504055067557227697	0.876714625162429325	0.0077004016635580347	0.00568707947179144567	0.00183200996691382561	0.00176548649291922705	0.00150346681037434316	0.992993312223360606	0.870931328945498228	0.0258926795475222196	0.135259737752118412	0.0326985672038015757	0.0158247234690140008	0.0129097017496125678	0.50891106634377252	0.155386213006179196	0.173941432016644205	0.143136838278211131
G:	0.0531712027954985801	0.387613209980296605	0.0143724023525237193	0.109069733161069876	0.178879872480224628	0.135733603728288925	0.0187902999110197884	0.763145116012102517	0.000699411948179746745	0.00493728393772570342	0.992806014033859989	0.00324355604280364472	0.0014836634194215861	0.00148065085987190302	0.43219966275651107	0.126246871395060007	0.355207462755598439	0.264038627778465816	0.254967093414973782	0.0435361021462510249	0.391085265901560879	0.477159869085006638	0.036822116184343636
T:	0.414493845551044009	0.440790172076471526	0.0677203653506044752	0.121496304658344049	0.316301613599621057	0.107428946378341119	0.0904048197770865871	0.219908768168379598	0.990318093456217976	0.991824559490025097	0.00324592203022247479	0.00252402612237035674	0.0029337997378904212	0.12669058159186029	0.0567261170890881061	0.127387517539206822	0.451766250101490627	0.564893406237085199	0.587671187708355062	0.218788524816191228	0.200246460813078732	0.226654331050320357	0.6559396967895918



