1	CGTTGACC	0.498358345560995453


A:	0.367267150468132728	0.182833274019583288	0.401139353765687928	0.116309864830031529	0.215598415287202224	0.397675585163960002	0.162241939817411753	0.0160346353785412927	0.0102688467238760009	0.00249031830881197782	0.00544895575832665444	0.00142144981667730445	0.992315453041154513	0.00911117312294140737	0.000411056060412419696	0.385062200113750483	0.225343437990368257	0.120352580096289175	0.267793929565632301	0.330038619984976169	0.192990881997986803	0.250611070485036787
C:	0.304575535104984641	0.385440792252777368	0.188458205251072588	0.32427049188580416	0.179716397607076003	0.161287921580945148	0.256074073214291917	0.819874029837872527	0.150543183610850843	0.00663877874485066702	0.000342554666488897786	0.00256694181024353795	0.000950365660947896498	0.988370199726003479	0.586379974790938128	0.133179185150371969	0.168659518028691813	0.298466655134230075	0.277719168402500984	0.219204936738699898	0.442581449615909001	0.115387335897887673
G:	0.120397435968028196	0.215145735953952382	0.341586804369764329	0.133587592666946239	0.40886219132754059	0.236029577394296855	0.482623768915484275	0.0229758656195065912	0.823374700203137391	0.000681202833922426358	0.00630132810605578455	0.993344568860634037	0.00202310277725707478	0.00173829239623042081	0.00381979905217400118	0.215625759984460542	0.256696917313907693	0.102589463157404889	0.293481971980912522	0.240440414141325651	0.0999168176371818043	0.264665880328673305
T:	0.207759878458854435	0.216580197773686962	0.0688156366134751542	0.425832050617218072	0.195822995778181183	0.205006915860797996	0.0990602180528120551	0.141115469164079589	0.0158132694621357655	0.990189700112414929	0.987907161469128663	0.00266703951244512051	0.00471107852064051554	0.000780334754824692473	0.409389170096475452	0.266132854751417006	0.349300126667032237	0.47859130161207586	0.161004930050954194	0.210316029134998281	0.264510850748922392	0.369335713288402235



2	GTTGACCA	0.497419370770978417


A:	0.254033087413045551	0.117052458803428637	0.172761257668185387	0.537330587572112628	0.194488618468412217	0.10888994489802725	0.0160346353785412927	0.00829507883205161843	0.00206697418960208637	0.00623116668617215088	0.00139592505135600433	0.992360125324092996	0.0101743794842107083	0.000549486586143619164	0.61837291849263418	0.147741571170594093	0.0869687461086563956	0.233418991915183809	0.117983448555424681	0.350378982142284679	0.256448463387790982	0.213363129283905326
C:	0.417164932844777888	0.426764919184351033	0.509590979207300391	0.0999466613676539154	0.0414266214385897975	0.310327027445555109	0.819874029837872527	0.116248735004470802	0.0042489314589400515	0.00124938933981419331	0.00252942596559885776	0.0010313875450482743	0.986276969243354975	0.7907950112490648	0.00459328941955764255	0.165267296868216787	0.528472696300966389	0.180514801803407763	0.623086524411762985	0.129502943238880325	0.136579587651844479	0.382559548010526284
G:	0.163692277356398274	0.336260189673086526	0.196382925770839467	0.300288394524207688	0.082594883655260039	0.374115040502134191	0.0229758656195065912	0.829704774480865935	0.00127802073021736412	0.0032218685285544243	0.99259955945829054	0.0022332741167083265	0.000691954157900499086	0.00170187400279079439	0.347878335353069164	0.393099700787649059	0.273844716530792416	0.098840997836557927	0.164231874452995262	0.149714387141212262	0.25545063081167457	0.22289874786980163
T:	0.165109702385778287	0.119922432339133804	0.121264837353674756	0.0624343565360257684	0.681489876437737946	0.20666798715428345	0.141115469164079589	0.045751411682611644	0.992406073621240498	0.989297575445459232	0.00347508952475459828	0.00437521301415040339	0.00285669711453381731	0.206953628162000786	0.029155456734739014	0.293891431173540061	0.110713841059584799	0.487225208444850501	0.0946981525798170719	0.370403687477622735	0.351521318148689969	0.181178574835766759



3	G..GGTCAAC	0.49720123145815841


A:	0.114015223085872356	0.181178574835766759	0.351521318148689969	0.370403687477622735	0.0946981525798170719	0.487225208444850501	0.110713841059584799	0.293891431173540061	0.029155456734739014	0.226267776860620227	0.00178726582210922935	0.00200375051924680537	0.00485317924160670469	0.992846984783007513	0.989034805838392479	0.0389311389094962933	0.141115469164079589	0.20666798715428345	0.681489876437737946	0.0624343565360257684	0.121264837353674756	0.119922432339133804	0.165109702385778287
C:	0.266836688154890553	0.22289874786980163	0.25545063081167457	0.149714387141212262	0.164231874452995262	0.098840997836557927	0.273844716530792416	0.393099700787649059	0.347878335353069164	0.00269086262790839561	0.00244462057050093318	0.00241675834051229796	0.991863168855737037	0.00269891071060809343	0.000609095949140906976	0.825900841723254435	0.0229758656195065912	0.374115040502134191	0.082594883655260039	0.300288394524207688	0.196382925770839467	0.336260189673086526	0.163692277356398274
G:	0.101478042675982054	0.382559548010526284	0.136579587651844479	0.129502943238880325	0.623086524411762985	0.180514801803407763	0.528472696300966389	0.165267296868216787	0.00459328941955764255	0.770590373218100276	0.991052739858894761	0.0019709481034230912	0.00167363496316276098	0.000914413088790548508	0.00631892437857521674	0.12621502315060856	0.819874029837872527	0.310327027445555109	0.0414266214385897975	0.0999466613676539154	0.509590979207300391	0.426764919184351033	0.417164932844777888
T:	0.517670046083255037	0.213363129283905326	0.256448463387790982	0.350378982142284679	0.117983448555424681	0.233418991915183809	0.0869687461086563956	0.147741571170594093	0.61837291849263418	0.000450987293371101758	0.00471537374849507597	0.993608543036817805	0.0016100169394934968	0.00353969141759384535	0.00403717383389139702	0.00895299621664071229	0.0160346353785412927	0.10888994489802725	0.194488618468412217	0.537330587572112628	0.172761257668185387	0.117052458803428637	0.254033087413045551



4	AGTCAACG	0.497170101864711112


A:	0.369335713288402235	0.264510850748922392	0.210316029134998281	0.161004930050954194	0.47859130161207586	0.349300126667032237	0.266132854751417006	0.409389170096475451	0.000685408561941346844	0.00402114820268902479	0.00510057045291600869	0.988600153598168535	0.991551636852064254	0.0103852746150631667	0.120632537492572433	0.0990602180528120551	0.205006915860797996	0.195822995778181183	0.425832050617218072	0.0688156366134751542	0.216580197773686962	0.207759878458854435
C:	0.264665880328673305	0.0999168176371818043	0.240440414141325651	0.293481971980912522	0.102589463157404889	0.256696917313907693	0.215625759984460542	0.00381979905217400118	0.00119936128265492791	0.00128938625392707929	0.991924945090712627	0.00797250991572458271	0.00120836375126609869	0.929466435319015164	0.00777276489946648476	0.482623768915484275	0.236029577394296855	0.40886219132754059	0.133587592666946239	0.341586804369764329	0.215145735953952382	0.120397435968028196
G:	0.115387335897887673	0.442581449615909001	0.219204936738699898	0.277719168402500984	0.298466655134230075	0.168659518028691813	0.133179185150371969	0.586379974790938128	0.985332713988074901	0.00181300013899636478	0.00161409081194071895	0.000585224329030566324	0.00552328799462460204	0.0499940114063035827	0.866930078219000402	0.256074073214291917	0.161287921580945148	0.179716397607076003	0.32427049188580416	0.188458205251072588	0.385440792252777368	0.304575535104984641
T:	0.250611070485036787	0.192990881997986803	0.330038619984976169	0.267793929565632301	0.120352580096289175	0.225343437990368257	0.385062200113750483	0.000411056060412419696	0.012782516167328824	0.992876465404387531	0.00136039364443064555	0.00284211215707631641	0.00171671140204504567	0.0101542786596180871	0.00466461938896068066	0.162241939817411753	0.397675585163960002	0.215598415287202224	0.116309864830031529	0.401139353765687928	0.182833274019583288	0.367267150468132728



5	GGTCAAC..A	0.496974186750954827


A:	0.351521318148689969	0.370403687477622735	0.0946981525798170719	0.487225208444850501	0.110713841059584799	0.293891431173540061	0.029155456734739014	0.170467220865580436	0.000933758520397390699	0.00186142092865591306	0.00918139233219958906	0.989532044786050254	0.991471028709913429	0.0457024691060293644	0.141115469164079589	0.20666798715428345	0.681489876437737946	0.0624343565360257684	0.121264837353674756	0.119922432339133804	0.165109702385778287	0.302120429912423011	0.19032826290062737
C:	0.25545063081167457	0.149714387141212262	0.164231874452995262	0.098840997836557927	0.273844716530792416	0.393099700787649059	0.347878335353069164	0.00279661872885657181	0.00191150695289994152	0.00318944825242729866	0.988577619451648392	0.00750794022688046655	0.000922930327853657914	0.855861384349455024	0.0229758656195065912	0.374115040502134191	0.082594883655260039	0.300288394524207688	0.196382925770839467	0.336260189673086526	0.163692277356398274	0.203505697777776026	0.528886319020115052
G:	0.136579587651844479	0.129502943238880325	0.623086524411762985	0.180514801803407763	0.528472696300966389	0.165267296868216787	0.00459328941955764255	0.826391484795751342	0.990127973877846	0.00184421833102525499	0.0012231617523892848	0.00098900365082413835	0.00457071068248731697	0.0876089266176082116	0.819874029837872527	0.310327027445555109	0.0414266214385897975	0.0999466613676539154	0.509590979207300391	0.426764919184351033	0.417164932844777888	0.262299141586229547	0.0799937270463007217
T:	0.256448463387790982	0.350378982142284679	0.117983448555424681	0.233418991915183809	0.0869687461086563956	0.147741571170594093	0.61837291849263418	0.000344675609811650027	0.00702676064885666731	0.993104912487891533	0.00101782646376273435	0.00197101133624514066	0.00303533027974559598	0.0108272199269073996	0.0160346353785412927	0.10888994489802725	0.194488618468412217	0.537330587572112628	0.172761257668185387	0.117052458803428637	0.254033087413045551	0.232074730723571416	0.200791691032956857



