1	AGTCAACG	0.498425251756338216


A:	0.200762930428818801	0.460172664784915647	0.230277351948928751	0.132601929202784059	0.503722139473122066	0.56488143099975778	0.530566000836777967	0.534562553733798606	0.00169493515134660643	0.00447685566766212917	0.00893631974107343526	0.984905425206951991	0.949210484242555088	0.0156434284288283626	0.0110328099151353251	0.146549704919988514	0.166926231525958985	0.12680463556380708	0.392640913200514612	0.071345200258455178	0.226606165773543196	0.20973980581419955
C:	0.181624634898951845	0.0584926078976083608	0.272509302456356877	0.255885246171987325	0.34756614058168694	0.225558145561067785	0.0778764387453393035	0.0071894650910161598	0.0026084876605321966	0.00244511768569431864	0.986557639938369056	0.00809175531830334929	0.00185834880330361642	0.970422798844127065	0.0141691959214307111	0.468163893670827066	0.167930180839955736	0.221528209348917554	0.111447658373432985	0.247115305524931976	0.0742608537738386512	0.121564246239563659
G:	0.185780152780032448	0.244606026033028956	0.0777393748684323338	0.360655294087707057	0.0789316895326403928	0.097047684626063799	0.0842656481047266173	0.453036992832112263	0.983275065580772633	0.00279231466322442092	0.0014772847119328608	0.00136624720633644868	0.0479614095512825743	0.00228734639788801537	0.870354020198077325	0.275050236103495047	0.0978934773435774243	0.182322901413463859	0.383167720075666948	0.176218941829799255	0.420047428210795585	0.513626624957952446
T:	0.431832281892196906	0.236728701284447036	0.419473970726282037	0.250857530537521558	0.0697800304125506014	0.112512738813110636	0.307291912313156112	0.0052109883430729711	0.012421511607348564	0.990285711983419131	0.00302875560862464817	0.00563657226840821057	0.00096975740285872145	0.0116464263291565575	0.104443973965356639	0.110236165305689373	0.567250110290507855	0.469344253673811507	0.112743708350385454	0.505320552386813591	0.279085552241822568	0.155069322988284344



2	CGTTGACC	0.497812095942353232


A:	0.155069322988284344	0.279085552241822568	0.505320552386813591	0.112743708350385454	0.469344253673811507	0.567250110290507855	0.110236165305689373	0.0755670011327859218	0.0205789087912743187	0.00104914399610397828	0.00640767567422132919	0.00276342895664794716	0.988643658847419515	0.00945117847495515991	0.0052109883430729711	0.307291912313156112	0.112512738813110636	0.0697800304125506014	0.250857530537521558	0.419473970726282037	0.236728701284447036	0.431832281892196906
C:	0.513626624957952446	0.420047428210795585	0.176218941829799255	0.383167720075666948	0.182322901413463859	0.0978934773435774243	0.275050236103495047	0.89967863090469707	0.000934016488654482397	0.05698191760936455	0.0011151031030726414	0.00150946150325872917	0.000708626545553271354	0.984219748577462174	0.453036992832112263	0.0842656481047266173	0.097047684626063799	0.0789316895326403928	0.360655294087707057	0.0777393748684323338	0.244606026033028956	0.185780152780032448
G:	0.121564246239563659	0.0742608537738386512	0.247115305524931976	0.111447658373432985	0.221528209348917554	0.167930180839955736	0.468163893670827066	0.0186846453632881752	0.958890853103305528	0.00110154179760791716	0.00734693947902162359	0.987223045272151864	0.00654321274961299897	0.00358244348484074704	0.0071894650910161598	0.0778764387453393035	0.225558145561067785	0.34756614058168694	0.255885246171987325	0.272509302456356877	0.0584926078976083608	0.181624634898951845
T:	0.20973980581419955	0.226606165773543196	0.071345200258455178	0.392640913200514612	0.12680463556380708	0.166926231525958985	0.146549704919988514	0.0060697225992288326	0.0195962216167656708	0.940867396596923555	0.985130281743684406	0.00850406426794146001	0.00410450185741421429	0.00274662946274191866	0.534562553733798606	0.530566000836777967	0.56488143099975778	0.503722139473122066	0.132601929202784059	0.230277351948928751	0.460172664784915647	0.200762930428818801



3	A..GTTGACT	0.49754593273077493


A:	0.32951659404202335	0.176579096041282555	0.30346802366875103	0.633352441116811363	0.24402142839435972	0.238781051451157387	0.651218204507357619	0.160897427821652228	0.104443973965356639	0.00985666741493979671	0.00199673077561090776	0.00507882290871649803	0.00107107564550717349	0.986618169225115344	0.0207492128821574672	0.00342403056090043384	0.0939435722639765703	0.141386039871057073	0.136624455854120308	0.166908388222091313	0.303342346147121259	0.13108689539170515	0.653007898614280518
C:	0.331875956172648297	0.199281537529665053	0.0948260698385477157	0.258550957033373761	0.232981449649922277	0.162576098026240736	0.054352538943990982	0.206070354436233545	0.870354020198077325	0.0018046087154986148	0.0191674166540910106	0.0020188709476525105	0.00387096071659809834	0.00218076418044199816	0.975402087273265172	0.423777392078432995	0.0341632139262107775	0.231178902173806241	0.120255106186602965	0.272218251049733015	0.186229966508940878	0.082664808493626198	0.0831698032496918283
G:	0.134221246452400791	0.162130424404748793	0.113821223636034198	0.0517119344255051511	0.255988493244831839	0.264305442592750603	0.203344311226444138	0.487298413066614136	0.0141691959214307111	0.902210301674455352	0.00164101065276844509	0.0086569841610849479	0.981458435247994806	0.00321388074572481143	0.0016609879290728102	0.0111324809761008377	0.0115566635126057874	0.109579533445670925	0.358051658187421311	0.257190268303477781	0.373238449351683432	0.0371231623346756805	0.197853418612850049
T:	0.204386203332927562	0.462008942024303599	0.487884682856667056	0.0563846674243097255	0.267008628710886164	0.334337407929851275	0.0910849453222072608	0.14573380467550009	0.0110328099151353251	0.0861284221951062367	0.977194841917529637	0.984245321982546044	0.0135995283898999226	0.00798718584871784675	0.00218771191550455093	0.561666096384565733	0.860336550297206865	0.517855524509465761	0.385068779771855416	0.303683092424697891	0.137189237992254431	0.749125133779992972	0.0659688795231776044



4	A.CGTTGAC	0.497539758976638514


A:	0.133419841778807436	0.114047090352994003	0.155069322988284344	0.279085552241822568	0.505320552386813591	0.112743708350385454	0.469344253673811507	0.567250110290507855	0.110236165305689373	0.180853688008944892	0.0141193441039125675	0.00346982808913142943	0.00714789557164479633	0.00648977422784852706	0.988002116592744174	0.013358812985772482	0.0052109883430729711	0.307291912313156112	0.112512738813110636	0.0697800304125506014	0.250857530537521558	0.419473970726282037	0.236728701284447036
C:	0.142702335163374428	0.313300112470658373	0.513626624957952446	0.420047428210795585	0.176218941829799255	0.383167720075666948	0.182322901413463859	0.0978934773435774243	0.275050236103495047	0.778916981886283267	0.0031913996219331998	0.0215592319219589757	0.00136442538764194527	0.00164537995845044038	0.00448630303114270785	0.980747802604364498	0.453036992832112263	0.0842656481047266173	0.097047684626063799	0.0789316895326403928	0.360655294087707057	0.0777393748684323338	0.244606026033028956
G:	0.441886804823798194	0.207346695456360975	0.121564246239563659	0.0742608537738386512	0.247115305524931976	0.111447658373432985	0.221528209348917554	0.167930180839955736	0.468163893670827066	0.0232812683274961779	0.956188881089922745	0.00176852734414160248	0.00866295902534901742	0.981242628487257114	0.00375302431086281371	0.00254701221616316198	0.0071894650910161598	0.0778764387453393035	0.225558145561067785	0.34756614058168694	0.255885246171987325	0.272509302456356877	0.0584926078976083608
T:	0.281991018234019941	0.365306101719986649	0.20973980581419955	0.226606165773543196	0.071345200258455178	0.392640913200514612	0.12680463556380708	0.166926231525958985	0.146549704919988514	0.016948061777275663	0.0265003751842314877	0.973202412644767992	0.982824720015364241	0.0106222173264439183	0.0037585560652503045	0.00334637219369985795	0.534562553733798606	0.530566000836777967	0.56488143099975778	0.503722139473122066	0.132601929202784059	0.230277351948928751	0.460172664784915647



5	A..CGTTGAC	0.49749546714828951


A:	0.133419841778807436	0.114047090352994003	0.155069322988284344	0.279085552241822568	0.505320552386813591	0.112743708350385454	0.469344253673811507	0.567250110290507855	0.110236165305689373	0.0372962507761926965	0.0345484882742042823	0.00174679374880745662	0.0153339166255990256	0.00350684085286373139	0.989019027733494231	0.00586766978321741649	0.0052109883430729711	0.307291912313156112	0.112512738813110636	0.0697800304125506014	0.250857530537521558	0.419473970726282037	0.236728701284447036
C:	0.142702335163374428	0.313300112470658373	0.513626624957952446	0.420047428210795585	0.176218941829799255	0.383167720075666948	0.182322901413463859	0.0978934773435774243	0.275050236103495047	0.887745650098779592	0.00259665775185151416	0.0427565172967089566	0.00286268245595725136	0.00313937354133349513	0.00209686004545985732	0.986352139230108356	0.453036992832112263	0.0842656481047266173	0.097047684626063799	0.0789316895326403928	0.360655294087707057	0.0777393748684323338	0.244606026033028956
G:	0.441886804823798194	0.207346695456360975	0.121564246239563659	0.0742608537738386512	0.247115305524931976	0.111447658373432985	0.221528209348917554	0.167930180839955736	0.468163893670827066	0.025956309703811193	0.922905341280305626	0.00157114985608984562	0.0032647689718051978	0.987460801363147425	0.00623587537857425836	0.00507242053437954599	0.0071894650910161598	0.0778764387453393035	0.225558145561067785	0.34756614058168694	0.255885246171987325	0.272509302456356877	0.0584926078976083608
T:	0.281991018234019941	0.365306101719986649	0.20973980581419955	0.226606165773543196	0.071345200258455178	0.392640913200514612	0.12680463556380708	0.166926231525958985	0.146549704919988514	0.0490017894212165189	0.0399495126936385778	0.953925539098393741	0.978538631946638525	0.00589298424265534838	0.00264823684247165371	0.00270777045229468132	0.534562553733798606	0.530566000836777967	0.56488143099975778	0.503722139473122066	0.132601929202784059	0.230277351948928751	0.460172664784915647



