1	AGTCAACG	0.497698282707961088


A:	0.217669881325283748	0.179502350227983297	0.427456451598922863	0.610705996630347535	0.517161181693231363	0.613021853054379726	0.709800325786736025	0.444476599095444694	0.0011312067506618166	0.0100675717744835938	0.0190424560025013151	0.990677171185173652	0.959852982741669978	0.0187103701546353689	0.0137012228313440034	0.299728552101498276	0.120400940105027361	0.0947772276665407911	0.128718309102214202	0.55742441072719558	0.355790605924749825	0.302226776241488036
C:	0.0750889650094186505	0.360544159313388626	0.131789777655731966	0.103169038358007392	0.0707786204353500461	0.240365011180154005	0.0296721021582310296	0.00274075570925969515	0.000768904887478047251	0.00053131787622495829	0.979429004273676834	0.0055888650228042845	0.00147483683208177972	0.955149516371328015	0.0218162213620811799	0.394982763514146336	0.138537889889140304	0.376008383687898379	0.0978571824078661789	0.0365565989759152454	0.123018006578589329	0.260326346787757633
G:	0.281524056855156486	0.175075973866842195	0.422780235885013141	0.0856727216833518783	0.373677446761728301	0.0842097842168244984	0.151815334896335653	0.544506628599793973	0.9855888893962788	0.00236538455643778176	0.000996839505815657684	0.00107138549120047022	0.0379387124958019864	0.00109032041163879655	0.617840333740419589	0.175366472045576113	0.0594734196898005056	0.232846358030017378	0.0691603866979029698	0.296043405153982046	0.472886842090292141	0.197968151455192105
T:	0.425717096810141115	0.284877516591785883	0.0179735348603320308	0.200452243328293195	0.0383827511096902902	0.0624033515486417699	0.108712237158697292	0.00827601659550163728	0.0125109989655813364	0.987035725792853666	0.00053170021800619336	0.00266257830082159321	0.000733467930446255992	0.0250497930623978191	0.346642222066155227	0.129922212338779274	0.681587750316031829	0.296368030615543452	0.704264121792016649	0.109975585142907129	0.0483045454063687053	0.239478725515562226



2	AAGTCAAC	0.497444041887934885


A:	0.0816985608877726856	0.217669881325283748	0.179502350227983297	0.427456451598922863	0.610705996630347535	0.517161181693231363	0.613021853054379726	0.709800325786736025	0.562667695833050772	0.00118015540110552957	0.00257265638939191501	0.00579309815514684849	0.988835317549050007	0.946610620611049201	0.129367328202176157	0.0137012228313440034	0.299728552101498276	0.120400940105027361	0.0947772276665407911	0.128718309102214202	0.55742441072719558	0.355790605924749825
C:	0.556104858604400832	0.0750889650094186505	0.360544159313388626	0.131789777655731966	0.103169038358007392	0.0707786204353500461	0.240365011180154005	0.0296721021582310296	0.00240107994934413698	0.00101141383278339613	0.0021148873853356866	0.99079499408647779	0.00658197597372910087	0.00128047614713698881	0.855527846259345937	0.0218162213620811799	0.394982763514146336	0.138537889889140304	0.376008383687898379	0.0978571824078661789	0.0365565989759152454	0.123018006578589329
G:	0.0328472654858918554	0.281524056855156486	0.175075973866842195	0.422780235885013141	0.0856727216833518783	0.373677446761728301	0.0842097842168244984	0.151815334896335653	0.429469052062364008	0.987687621091206604	0.00325403785529847377	0.000727560680268044267	0.000773105550165048715	0.0512676333101253164	0.00103825445461213011	0.617840333740419589	0.175366472045576113	0.0594734196898005056	0.232846358030017378	0.0691603866979029698	0.296043405153982046	0.472886842090292141
T:	0.329349315021934627	0.425717096810141115	0.284877516591785883	0.0179735348603320308	0.200452243328293195	0.0383827511096902902	0.0624033515486417699	0.108712237158697292	0.00546217215524108223	0.0101208096749044699	0.992058418369973925	0.00268434707810731697	0.00380960092705584376	0.000841269931688493681	0.0140665710838657762	0.346642222066155227	0.129922212338779274	0.681587750316031829	0.296368030615543452	0.704264121792016649	0.109975585142907129	0.0483045454063687053



3	A.AGTCAAC	0.497332373815077671


A:	0.107558758311272533	0.0816985608877726856	0.217669881325283748	0.179502350227983297	0.427456451598922863	0.610705996630347535	0.517161181693231363	0.613021853054379726	0.709800325786736025	0.652240322189674118	0.000574516616527200795	0.00368622948304229712	0.00623933427072304679	0.991855591062795347	0.972448640262987089	0.0971463455630356561	0.0137012228313440034	0.299728552101498276	0.120400940105027361	0.0947772276665407911	0.128718309102214202	0.55742441072719558	0.355790605924749825
C:	0.11903581748974804	0.556104858604400832	0.0750889650094186505	0.360544159313388626	0.131789777655731966	0.103169038358007392	0.0707786204353500461	0.240365011180154005	0.0296721021582310296	0.00386746939391757928	0.00295284121595492801	0.00164657822697812106	0.990938617044292609	0.00376908281379279151	0.00107145006754844848	0.887899820145651403	0.0218162213620811799	0.394982763514146336	0.138537889889140304	0.376008383687898379	0.0978571824078661789	0.0365565989759152454	0.123018006578589329
G:	0.0578554176134237495	0.0328472654858918554	0.281524056855156486	0.175075973866842195	0.422780235885013141	0.0856727216833518783	0.373677446761728301	0.0842097842168244984	0.151815334896335653	0.337972471849595674	0.988506837045697	0.00190432146676131352	0.00107599580822330519	0.00219659436023093081	0.0252545920547960232	0.00156479596661618135	0.617840333740419589	0.175366472045576113	0.0594734196898005056	0.232846358030017378	0.0691603866979029698	0.296043405153982046	0.472886842090292141
T:	0.715550006585555677	0.329349315021934627	0.425717096810141115	0.284877516591785883	0.0179735348603320308	0.200452243328293195	0.0383827511096902902	0.0624033515486417699	0.108712237158697292	0.00591973656681262915	0.00796580512182087072	0.992762870823218268	0.00174605287676103943	0.0021787317631809311	0.00122531761466843897	0.0133890383246967599	0.346642222066155227	0.129922212338779274	0.681587750316031829	0.296368030615543452	0.704264121792016649	0.109975585142907129	0.0483045454063687053



4	A..AGTCAAC	0.497084222542061641


A:	0.107558758311272533	0.0816985608877726856	0.217669881325283748	0.179502350227983297	0.427456451598922863	0.610705996630347535	0.517161181693231363	0.613021853054379726	0.709800325786736025	0.618710120223896388	0.00136705289728308118	0.00423582579146279043	0.00690378109417501617	0.991793232706838672	0.976748464256148628	0.0424719082842951528	0.0137012228313440034	0.299728552101498276	0.120400940105027361	0.0947772276665407911	0.128718309102214202	0.55742441072719558	0.355790605924749825
C:	0.11903581748974804	0.556104858604400832	0.0750889650094186505	0.360544159313388626	0.131789777655731966	0.103169038358007392	0.0707786204353500461	0.240365011180154005	0.0296721021582310296	0.00400142121562277327	0.000784665546758187175	0.00157342180086119647	0.990352747625075292	0.0032821466563265012	0.00116889412204365146	0.93886964872715685	0.0218162213620811799	0.394982763514146336	0.138537889889140304	0.376008383687898379	0.0978571824078661789	0.0365565989759152454	0.123018006578589329
G:	0.0578554176134237495	0.0328472654858918554	0.281524056855156486	0.175075973866842195	0.422780235885013141	0.0856727216833518783	0.373677446761728301	0.0842097842168244984	0.151815334896335653	0.364114061562964878	0.985553163926140079	0.00325090843840973191	0.000735048548788496389	0.00158226452806500891	0.0213038323939308353	0.00111092359806377965	0.617840333740419589	0.175366472045576113	0.0594734196898005056	0.232846358030017378	0.0691603866979029698	0.296043405153982046	0.472886842090292141
T:	0.715550006585555677	0.329349315021934627	0.425717096810141115	0.284877516591785883	0.0179735348603320308	0.200452243328293195	0.0383827511096902902	0.0624033515486417699	0.108712237158697292	0.0131743969975159603	0.012295117629818653	0.990939843969266281	0.00200842273196119564	0.00334235610876981765	0.000778809227876884904	0.017547519390484218	0.346642222066155227	0.129922212338779274	0.681587750316031829	0.296368030615543452	0.704264121792016649	0.109975585142907129	0.0483045454063687053



5	A.A.GTCAAC	0.496737637930749251


A:	0.246961163008589111	0.162367842411887036	0.0881896198481578274	0.793642557955207978	0.971372869507874714	0.38891962154226975	0.631205824114944194	0.675180596864982374	0.661535307315694138	0.562667695833050772	0.00291889294791686536	0.00241125129623310527	0.0051911882970192677	0.983543335810207694	0.961330088679402059	0.0484238706285372561	0.039447139686430475	0.368092223431082235	0.523059392304478844	0.798993948397825271	0.646947914870348499	0.302902617754047102	0.426168808310216868
C:	0.0515038434645109868	0.274013996521104504	0.0588764384683598159	0.160566646688711413	0.00583627091061063189	0.0165335909329331376	0.0624026120000223673	0.0813109658482756086	0.0302361903113582456	0.00240107994934413698	0.00100564043557158112	0.00245227110810892403	0.990311200348401693	0.011177816502901691	0.0014581365684092625	0.923546406396017648	0.0360539637696563211	0.330861400614331882	0.178669229361660624	0.108825388180576452	0.0897022744479029584	0.343724518527573514	0.055165852949549748
G:	0.582193475543855579	0.44319096436573076	0.149296610901407526	0.0181185931612577683	0.0206496217965889257	0.591621854182203789	0.263542291003657402	0.0853065646858716115	0.058549098066169906	0.429469052062364008	0.983766865864340533	0.00317972084732685457	0.000974448896641881247	0.00201950438878909159	0.0354246402143576964	0.00311354800136421103	0.793233294539148317	0.165798207427355222	0.0712036913510019822	0.00424886506886733673	0.0961385967381200412	0.274744479969072865	0.309327895001001044
T:	0.119341517983044323	0.120427196701277699	0.70363733078207483	0.0276722021948228406	0.00214123778492572842	0.00292493334259332391	0.0428492728813760374	0.158201872600870406	0.249679404306777711	0.00546217215524108223	0.0123086007521710201	0.991956756748331116	0.00352316245793715805	0.00325934329810152307	0.00178713453783098196	0.0249161749740808845	0.131265602004764887	0.135248168527230662	0.22706768698285855	0.0879317983527309401	0.167211213943628502	0.0786283837493065183	0.20933744373923234



