1	AGTCAACG	0.499491264641651777


A:	0.371115140797495582	0.392530757738440112	0.687214581021665406	0.116949451542396369	0.28211825579438881	0.670277484936574838	0.474660017286288347	0.515816071498854015	0.0021261501061891772	0.0106688694061324076	0.0246538500088381688	0.984925879535784703	0.946937187268381912	0.0112878599142167593	0.00239107915882120683	0.0973742345160350288	0.164145776324442673	0.468000165833656365	0.012465014521127597	0.174027651033727994	0.125520169383416116	0.193443298235527877
C:	0.167679568176340826	0.235570560328469702	0.230187874409213015	0.0114416539877205179	0.21101145490456626	0.133848360015849996	0.0418499699716720204	0.00158525150911058919	0.000875082509273590564	0.00110805816625216358	0.973133959116261076	0.0108198160047834117	0.000847755450217562287	0.978996604644833001	0.0134626208137661637	0.443782762460238571	0.274675009396443709	0.442641835990598724	0.121466588391793337	0.109433723377569714	0.171653095743896434	0.22223329708573153
G:	0.189541217035469612	0.239416447281399874	0.0187818104936516089	0.867821440217756263	0.255761688877997624	0.0371186899318912545	0.0869768117627199996	0.478010039726811286	0.980351462920446893	0.0027586002380209054	0.00100166469801590329	0.000817314728213552589	0.0514697751470679045	0.000475938851253826006	0.961209407885598349	0.34137446717449071	0.134825030931841262	0.0450938145766850388	0.762424680985531408	0.573735167517854194	0.186586382251118858	0.295525189636210905
T:	0.271664073990693981	0.132482234651690312	0.06381573407546997	0.00378745425212685009	0.251108600423047306	0.158755465115683911	0.396513200979319633	0.00458863726522411035	0.0166473044640903389	0.985464472189594523	0.0012105261768848522	0.00343698973121833331	0.000745282134332621088	0.00923959658969641354	0.0229368921418142801	0.11746853584923569	0.426354183347272356	0.0442641835990598724	0.103643716101547658	0.142803458070848098	0.516240352621568593	0.288798215042529689



2	A..GTCAACG	0.499275398282793191


A:	0.0192037660502313092	0.371115140797495582	0.392530757738440112	0.687214581021665406	0.116949451542396369	0.28211825579438881	0.670277484936574838	0.474660017286288347	0.515816071498854015	0.00160324538423117287	0.0054423582027160207	0.00464921230331101945	0.991749839553422195	0.962957759367340993	0.00717335684752864111	0.00730855578821887629	0.0973742345160350288	0.164145776324442673	0.468000165833656365	0.012465014521127597	0.174027651033727994	0.125520169383416116	0.193443298235527877
C:	0.318290165271673351	0.167679568176340826	0.235570560328469702	0.230187874409213015	0.0114416539877205179	0.21101145490456626	0.133848360015849996	0.0418499699716720204	0.00158525150911058919	0.000662733896921909809	0.00110070770827650035	0.992300863063932158	0.00488839984855759443	0.000651761601460891888	0.982868803277664656	0.0252440886614629955	0.443782762460238571	0.274675009396443709	0.442641835990598724	0.121466588391793337	0.109433723377569714	0.171653095743896434	0.22223329708573153
G:	0.0563791695149229537	0.189541217035469612	0.239416447281399874	0.0187818104936516089	0.867821440217756263	0.255761688877997624	0.0371186899318912545	0.0869768117627199996	0.478010039726811286	0.988445690299882156	0.00157203162961285011	0.00160212461060059476	0.00137477713070152284	0.0352563342973660458	0.00103500911681411044	0.936178036742963238	0.34137446717449071	0.134825030931841262	0.0450938145766850388	0.762424680985531408	0.573735167517854194	0.186586382251118858	0.295525189636210905
T:	0.606126899163172386	0.271664073990693981	0.132482234651690312	0.06381573407546997	0.00378745425212685009	0.251108600423047306	0.158755465115683911	0.396513200979319633	0.00458863726522411035	0.00928833041896476084	0.991884902459394629	0.00144780002215622755	0.00198698346731868731	0.00113414473383206929	0.00892283075799259284	0.0312693188073548902	0.11746853584923569	0.426354183347272356	0.0442641835990598724	0.103643716101547658	0.142803458070848098	0.516240352621568593	0.288798215042529689



3	CGTTGACC	0.499159345840778241


A:	0.288798215042529689	0.516240352621568593	0.142803458070848098	0.103643716101547658	0.0442641835990598724	0.426354183347272356	0.11746853584923569	0.0167064746639312704	0.00710155379764175922	0.000520000374861359353	0.00175064722749871844	0.00066045530584702691	0.991147627188687453	0.00953585289752375711	0.00458863726522411035	0.396513200979319633	0.158755465115683911	0.251108600423047306	0.00378745425212685009	0.06381573407546997	0.132482234651690312	0.271664073990693981
C:	0.295525189636210905	0.186586382251118858	0.573735167517854194	0.762424680985531408	0.0450938145766850388	0.134825030931841262	0.34137446717449071	0.969440546654213367	0.000158314118787812096	0.0432693596652520797	0.000487608027991385546	0.00125711042316998839	0.00111575005528673773	0.988321492045620991	0.478010039726811286	0.0869768117627199996	0.0371186899318912545	0.255761688877997624	0.867821440217756263	0.0187818104936516089	0.239416447281399874	0.189541217035469612
G:	0.22223329708573153	0.171653095743896434	0.109433723377569714	0.121466588391793337	0.442641835990598724	0.274675009396443709	0.443782762460238571	0.0124749811085319538	0.982952090553163214	0.000465970782290457405	0.0106950862832662646	0.9854215052740643	0.00155461409130524736	0.000698453624420481345	0.00158525150911058919	0.0418499699716720204	0.133848360015849996	0.21101145490456626	0.0114416539877205179	0.230187874409213015	0.235570560328469702	0.167679568176340826
T:	0.193443298235527877	0.125520169383416116	0.174027651033727994	0.012465014521127597	0.468000165833656365	0.164145776324442673	0.0973742345160350288	0.00137799757332340854	0.00978804153040721513	0.955744669177596104	0.987066658461243631	0.0126609289969186847	0.00618200866472056152	0.00144420143243477065	0.515816071498854015	0.474660017286288347	0.670277484936574838	0.28211825579438881	0.116949451542396369	0.687214581021665406	0.392530757738440112	0.371115140797495582



4	GCGTTGAC	0.499019753821719277


A:	0.139716279218315996	0.288798215042529689	0.516240352621568593	0.142803458070848098	0.103643716101547658	0.0442641835990598724	0.426354183347272356	0.11746853584923569	0.0498005160906630869	0.0200404766520751966	0.00274396557359383421	0.00347449177809504079	0.00234512101907098577	0.972256118317092519	0.0362757147544323277	0.00458863726522411035	0.396513200979319633	0.158755465115683911	0.251108600423047306	0.00378745425212685009	0.06381573407546997	0.132482234651690312
C:	0.0895335548622494941	0.295525189636210905	0.186586382251118858	0.573735167517854194	0.762424680985531408	0.0450938145766850388	0.134825030931841262	0.34137446717449071	0.884054905988748443	0.0026426618805118231	0.0906154366903110557	0.00302228810630989629	0.00214328770169949313	0.00330506132104178488	0.95675402628856855	0.478010039726811286	0.0869768117627199996	0.0371186899318912545	0.255761688877997624	0.867821440217756263	0.0187818104936516089	0.239416447281399874
G:	0.177790996632977544	0.22223329708573153	0.171653095743896434	0.109433723377569714	0.121466588391793337	0.442641835990598724	0.274675009396443709	0.443782762460238571	0.0466351463861837191	0.956404510240343138	0.00200359013031724752	0.0245941186741595344	0.964448684742133663	0.00181958286564548751	0.00282174364361173266	0.00158525150911058919	0.0418499699716720204	0.133848360015849996	0.21101145490456626	0.0114416539877205179	0.230187874409213015	0.235570560328469702
T:	0.592959169286456966	0.193443298235527877	0.125520169383416116	0.174027651033727994	0.012465014521127597	0.468000165833656365	0.164145776324442673	0.0973742345160350288	0.0195094315344047507	0.0209123512270698419	0.904637007605777863	0.968909101441435529	0.0310629065370958579	0.0226192374962202082	0.00414851531338738941	0.515816071498854015	0.474660017286288347	0.670277484936574838	0.28211825579438881	0.116949451542396369	0.687214581021665406	0.392530757738440112



5	A.GTCAACG	0.49886160603503896


A:	0.0192037660502313092	0.371115140797495582	0.392530757738440112	0.687214581021665406	0.116949451542396369	0.28211825579438881	0.670277484936574838	0.474660017286288347	0.515816071498854015	0.000760475747035580185	0.00371231381698731256	0.00785941147648284837	0.982303789985072477	0.957067995014218872	0.0119055929781015741	0.0192870023319498137	0.0973742345160350288	0.164145776324442673	0.468000165833656365	0.012465014521127597	0.174027651033727994	0.125520169383416116	0.193443298235527877
C:	0.318290165271673351	0.167679568176340826	0.235570560328469702	0.230187874409213015	0.0114416539877205179	0.21101145490456626	0.133848360015849996	0.0418499699716720204	0.00158525150911058919	0.000755929339113378493	0.00188311626672915706	0.98944128294909736	0.0158377188152684517	0.000604956355104643796	0.976817723830652368	0.0276385167838736965	0.443782762460238571	0.274675009396443709	0.442641835990598724	0.121466588391793337	0.109433723377569714	0.171653095743896434	0.22223329708573153
G:	0.0563791695149229537	0.189541217035469612	0.239416447281399874	0.0187818104936516089	0.867821440217756263	0.255761688877997624	0.0371186899318912545	0.0869768117627199996	0.478010039726811286	0.978273677685233798	0.00139918642071811481	0.000812575475948141611	0.000863964506191612479	0.0412151966859005531	0.00105918002305620997	0.922469961314618227	0.34137446717449071	0.134825030931841262	0.0450938145766850388	0.762424680985531408	0.573735167517854194	0.186586382251118858	0.295525189636210905
T:	0.606126899163172386	0.271664073990693981	0.132482234651690312	0.06381573407546997	0.00378745425212685009	0.251108600423047306	0.158755465115683911	0.396513200979319633	0.00458863726522411035	0.0202099172286172436	0.993005383495565416	0.00188673009847164982	0.000994526693467459115	0.00111185194477593116	0.0102175031681898484	0.0306045195695582624	0.11746853584923569	0.426354183347272356	0.0442641835990598724	0.103643716101547658	0.142803458070848098	0.516240352621568593	0.288798215042529689



