1	CGTTGACC	0.476874464283120015


A:	0.205267036069917238	0.190286492151131788	0.636442021344171805	0.255343164387010249	0.114195236131374166	0.40363568468777321	0.100264475684461772	0.0533171219023236127	0.0283861360640192344	0.00698268123607275599	0.00547124764257436361	0.00529707827132297299	0.98523313831266585	0.00486960871316399559	0.00544407457022007593	0.333337167381967285	0.31708872604979592	0.315699231083790925	0.327074727963432192	0.492148847664953132	0.139998826971662563	0.269561158295518526
C:	0.423079902210975519	0.161869139394904939	0.116345574226115548	0.312102401618281859	0.282682406945055123	0.13552868394030315	0.133424183152548676	0.805632124086574511	0.011993663423692499	0.0192753649195073215	0.00405785185435410816	0.00364109386171138479	0.00144980984558284304	0.969458932886412794	0.647679496461813998	0.147816063188306743	0.316568898675078316	0.217010263239127397	0.106924017302492614	0.0941039825722206884	0.257518404300608256	0.147776263833905309
G:	0.0844279577600719559	0.178689864872339455	0.165324351017202983	0.110440536999008131	0.332314794721155196	0.248343075090210248	0.705092763306786352	0.0790556834560310987	0.872402169077302078	0.00379732391632284835	0.006027893635473254	0.983816438031278667	0.00821518249877378252	0.0103451639633665677	0.0196151272136837156	0.194964927600413019	0.22416311257823188	0.205965740144189224	0.342503938820474254	0.258133625714769789	0.130384867333194514	0.132037654107102078
T:	0.287225103959035287	0.469154503581623817	0.0818880534125096638	0.322113896995699761	0.270807562202415515	0.212492556281713392	0.0612185778562031999	0.0619950705550707773	0.0872180314349861883	0.969944629928097074	0.984443006867598274	0.00724538983568697569	0.00510186934297752453	0.0153262944370566429	0.327261301754282211	0.323881841829312953	0.142179262696893884	0.261324765532892455	0.22349731591360094	0.155613544048056391	0.472097901394534667	0.450624923763474086



2	GTTGACCA	0.461225737146243888


A:	0.281366959341155079	0.182976182469279593	0.141088974241979524	0.135813241613142716	0.28748402716394324	0.37838361629035561	0.0533171219023236127	0.0151500787476842664	0.0100750424804200684	0.0113739685348977879	0.00395179472806503881	0.979748376837026284	0.0172327085405090876	0.00312948958598458094	0.576063128302402914	0.22331595437394737	0.16298566649814129	0.22220044348894537	0.460106832103465709	0.287250564446441315	0.291320291055942803	0.163645273104066605
C:	0.070208593305367085	0.256459463459162252	0.211777247801535702	0.0876835816472990296	0.110064363490494882	0.246308938829105424	0.805632124086574511	0.0215054468494736849	0.00566064534961068227	0.00812538974042649521	0.0021984219971140487	0.00326821357027282445	0.97025801972245955	0.667272296522767532	0.0357282788517838595	0.22331595437394737	0.498351823826210496	0.35505673431949104	0.117771579677398147	0.399079088637600007	0.194440598025236194	0.207117267807078429
G:	0.174467242078235151	0.100439318020293764	0.164435676876324226	0.625447907616595682	0.259443378745355069	0.241245685252226687	0.0790556834560310987	0.843301386521315408	0.00487444644040410771	0.00552709924195677406	0.983663910368021424	0.00517204379902727531	0.00750698715028746418	0.0111285273637142062	0.328885309393374673	0.252852423138797239	0.232658704364656967	0.13603429392074324	0.27493011801417141	0.111904517172184943	0.189679994699334632	0.157208122056198554
T:	0.473957205275242685	0.460125036051264391	0.482698101080160548	0.151055269122962572	0.343008230600206809	0.13406175962831228	0.0619950705550707773	0.120043087881526641	0.979389865729565142	0.974973542482718943	0.0101858729067994884	0.0118113657936736165	0.00500228458674389814	0.318469686527533681	0.0593232834524385534	0.30051566811330802	0.106003805310991247	0.28670852827082035	0.147191470204964735	0.201765829743773735	0.324559116219486372	0.472029337032656412



3	CGTTGAC..A	0.460648670768188745


A:	0.205267036069917238	0.190286492151131788	0.636442021344171805	0.255343164387010249	0.114195236131374166	0.40363568468777321	0.100264475684461772	0.0909312999845448119	0.299400671465589797	0.0316591343857957801	0.0196840873509348124	0.0335427439712418598	0.928736724049581688	0.0349321341066641002	0.00544407457022007593	0.333337167381967285	0.31708872604979592	0.315699231083790925	0.327074727963432192	0.492148847664953132	0.139998826971662563	0.269561158295518526	0.159425671658107092
C:	0.423079902210975519	0.161869139394904939	0.116345574226115548	0.312102401618281859	0.282682406945055123	0.13552868394030315	0.133424183152548676	0.670998163421789399	0.0139279105984393018	0.0260283082131109698	0.00947321551538671022	0.0182087317624289556	0.0381032623970420065	0.882129037907393226	0.647679496461813998	0.147816063188306743	0.316568898675078316	0.217010263239127397	0.106924017302492614	0.0941039825722206884	0.257518404300608256	0.147776263833905309	0.154858919435978368
G:	0.0844279577600719559	0.178689864872339455	0.165324351017202983	0.110440536999008131	0.332314794721155196	0.248343075090210248	0.705092763306786352	0.118987362938739429	0.640118149737608054	0.0185815734569604667	0.0293159238983124501	0.926573032586996129	0.00854863551950772296	0.0320891903411499006	0.0196151272136837156	0.194964927600413019	0.22416311257823188	0.205965740144189224	0.342503938820474254	0.258133625714769789	0.130384867333194514	0.132037654107102078	0.0910923668551779727
T:	0.287225103959035287	0.469154503581623817	0.0818880534125096638	0.322113896995699761	0.270807562202415515	0.212492556281713392	0.0612185778562031999	0.119083173654926361	0.0465532681983628477	0.923730983944132783	0.941526773235366027	0.0216754916793330556	0.0246113780338685824	0.050849637644792773	0.327261301754282211	0.323881841829312953	0.142179262696893884	0.261324765532892455	0.22349731591360094	0.155613544048056391	0.472097901394534667	0.450624923763474086	0.594623042050736567



4	GCGTTGAC	0.460204194292554521


A:	0.178729485679388992	0.205267036069917238	0.190286492151131788	0.636442021344171805	0.255343164387010249	0.114195236131374166	0.40363568468777321	0.100264475684461772	0.051881884934110812	0.0404693444681579122	0.00639721723938669232	0.00628833129027603235	0.0135965256600145965	0.976452027381896693	0.00970729727827942292	0.00544407457022007593	0.333337167381967285	0.31708872604979592	0.315699231083790925	0.327074727963432192	0.492148847664953132	0.139998826971662563
C:	0.363349082676144182	0.423079902210975519	0.161869139394904939	0.116345574226115548	0.312102401618281859	0.282682406945055123	0.13552868394030315	0.133424183152548676	0.885926735247028806	0.00707628698150500872	0.0330161689765048207	0.00498947415561925055	0.00603922587930410092	0.00342563673843319181	0.962872798681872565	0.647679496461813998	0.147816063188306743	0.316568898675078316	0.217010263239127397	0.106924017302492614	0.0941039825722206884	0.257518404300608256
G:	0.219107172856809017	0.0844279577600719559	0.178689864872339455	0.165324351017202983	0.110440536999008131	0.332314794721155196	0.248343075090210248	0.705092763306786352	0.00932622569232060638	0.871408580829553725	0.00896571402076232819	0.0150753534974458677	0.968446044967536964	0.00514102655969892353	0.0128314223558816353	0.0196151272136837156	0.194964927600413019	0.22416311257823188	0.205965740144189224	0.342503938820474254	0.258133625714769789	0.130384867333194514
T:	0.238814258787657809	0.287225103959035287	0.469154503581623817	0.0818880534125096638	0.322113896995699761	0.270807562202415515	0.212492556281713392	0.0612185778562031999	0.0528651541265397755	0.0810457877207833541	0.951620899763346159	0.973646841056658849	0.0119182034931443382	0.0149813093199711915	0.0145884816839663766	0.327261301754282211	0.323881841829312953	0.142179262696893884	0.261324765532892455	0.22349731591360094	0.155613544048056391	0.472097901394534667



5	CGGTCAAC	0.458322014225032105


A:	0.472029337032656412	0.324559116219486372	0.201765829743773735	0.147191470204964735	0.28670852827082035	0.106003805310991247	0.30051566811330802	0.0593232834524385534	0.0920924760884675348	0.00811731287704370251	0.00881149439433429347	0.0110850224671779027	0.974414826521022346	0.937554634039832484	0.144958847152802692	0.0619950705550707773	0.13406175962831228	0.343008230600206809	0.151055269122962572	0.482698101080160548	0.460125036051264391	0.473957205275242685
C:	0.157208122056198554	0.189679994699334632	0.111904517172184943	0.27493011801417141	0.13603429392074324	0.232658704364656967	0.252852423138797239	0.328885309393374673	0.0100933193243784118	0.00500729306940557996	0.00613091281880710626	0.973314914598673517	0.0091703335117447398	0.00357536202621887896	0.780691791494016933	0.0790556834560310987	0.241245685252226687	0.259443378745355069	0.625447907616595682	0.164435676876324226	0.100439318020293764	0.174467242078235151
G:	0.207117267807078429	0.194440598025236194	0.399079088637600007	0.117771579677398147	0.35505673431949104	0.498351823826210496	0.22331595437394737	0.0357282788517838595	0.887720885262775642	0.977264444979149088	0.00289388922468367936	0.00396065378401450328	0.00452813164195660313	0.0494677182448272672	0.0272112818021568585	0.805632124086574511	0.246308938829105424	0.110064363490494882	0.0876835816472990296	0.211777247801535702	0.256459463459162252	0.070208593305367085
T:	0.163645273104066605	0.291320291055942803	0.287250564446441315	0.460106832103465709	0.22220044348894537	0.16298566649814129	0.22331595437394737	0.576063128302402914	0.0100933193243784118	0.00961094907440162969	0.982163703562174921	0.0116394091501340773	0.0118867083252763112	0.00940228568912136988	0.0471380795510235167	0.0533171219023236127	0.37838361629035561	0.28748402716394324	0.135813241613142716	0.141088974241979524	0.182976182469279593	0.281366959341155079



