1	AAGTCAAC	0.498478094438407587


A:	0.688249691176904935	0.0563611237820593389	0.631315344640128457	0.151689436709765888	0.221490523026861674	0.373577740979165657	0.538525292250309537	0.737683418027833211	0.86549509283819157	0.00155895193144867715	0.0022263984613381229	0.00567850368883487191	0.991068841549602887	0.975741265730762574	0.0709959839042087171	0.021862926608310918	0.109452767857170578	0.10355303582675347	0.11305602798249473	0.157598394636629503	0.153151848804796118	0.239723760327906782
C:	0.0353845770486996337	0.425851721674658306	0.0545475198288971242	0.414487741317114557	0.438872057355873157	0.297588481990107956	0.185766124893488828	0.00619488929768797206	0.00412810528637400155	0.00156251239877000123	0.0025216428135030558	0.98996662132039031	0.00500981934602569061	0.000692471488696431165	0.904353147706595826	0.0361851116054753847	0.334133966393522235	0.158498087752480663	0.379285338001584227	0.212233986241099989	0.158923352253665343	0.0835190307138346231
G:	0.164165815325111857	0.141777139680727078	0.257278539308403821	0.219538724496447831	0.206591554189951643	0.231473115377538797	0.111921736157096683	0.0589170857636379482	0.123820222950517733	0.991197312801817982	0.00185575765431393545	0.00129420412052011989	0.00129515595132582856	0.0221964872496267596	0.000911537375599883778	0.74998302569894047	0.241990878608372546	0.120382891211694113	0.158513668251903248	0.239002994755926812	0.496664120039343829	0.071717336469922041
T:	0.112199916449283574	0.376010014862555277	0.0568585962225705982	0.214284097476671724	0.133045865427313525	0.0973606616531875891	0.163786846699104953	0.197204606910840869	0.0065565789249166949	0.00568122286796333978	0.993396201070844886	0.00306067087025469808	0.00262618315304559397	0.00136977553091423559	0.0237393310135955729	0.191968936087273228	0.314422387140934641	0.617565985209071754	0.349144965764017794	0.391164624366343696	0.19126067890219471	0.605039872488336554



2	A..GTCAACG	0.498283696350076555


A:	0.357658206826172516	0.164947843842189145	0.534412845020002176	0.176213205792671842	0.273730483009679956	0.440023208346774972	0.664331477703632525	0.310264478897235188	0.512034104807345455	0.00164945426022169896	0.00403339881104227006	0.00574516449862030902	0.99167230049059628	0.967557582054043254	0.0138736883634011178	0.0153866984208661697	0.0426662015114296159	0.178942314484120873	0.269030017543402565	0.130606527682764198	0.0889932474795366569	0.318106767176885726	0.122936420358897569
C:	0.105753824090142376	0.222473950418160695	0.0372857197283893178	0.186585498017740462	0.208754115713557448	0.253620968407558099	0.146888892729103211	0.124131669144315308	0.0196003051253097621	0.00105968489376342665	0.00275619839359754653	0.990842430181485254	0.00468920657683463583	0.000941258119253841442	0.968081100724770031	0.0186659770074421779	0.616169849936044166	0.16802321885331408	0.407798760340913436	0.160490381865614849	0.423220170050889466	0.0979338203470884426	0.179209537416266755
G:	0.170547519101079078	0.107146557419213701	0.190314331395229664	0.0511302567286997723	0.303249400745128858	0.178351246889920474	0.0587320501861210052	0.140900885153694504	0.461803472804444886	0.987889317829060609	0.000964988918427264743	0.001106611399153573	0.00139988933896438744	0.0293029973034109044	0.00131729739860125861	0.855738455885258093	0.223110223606260891	0.107165945579821193	0.097004076906205401	0.493671370926696596	0.174393435294607005	0.22497961808733886	0.584674154906822607
T:	0.366040449982606029	0.505431648320436459	0.237987103856378843	0.586071039460887924	0.214266000531633738	0.128004576355746455	0.130047579381143258	0.424702966804755	0.00656211726289989724	0.00940154301695426535	0.992245413876932919	0.00230579392074086359	0.00223860359360469676	0.00219816252329200059	0.0167279135132275924	0.110208868686433559	0.118053724946265326	0.545868521082743853	0.226167145209478598	0.215231719524924356	0.313393147174966872	0.358979794388686972	0.113179887318013069



3	AGTCAACG	0.498198627470349989


A:	0.164947843842189145	0.534412845020002176	0.176213205792671842	0.273730483009679956	0.440023208346774972	0.664331477703632525	0.310264478897235188	0.512034104807345455	0.00143596172327514161	0.00379111811212390488	0.00889289603860744547	0.987805371694609891	0.951238256323594556	0.0284718645257536013	0.021862926608310918	0.0426662015114296159	0.178942314484120873	0.269030017543402565	0.130606527682764198	0.0889932474795366569	0.318106767176885726	0.122936420358897569
C:	0.222473950418160695	0.0372857197283893178	0.186585498017740462	0.208754115713557448	0.253620968407558099	0.146888892729103211	0.124131669144315308	0.0196003051253097621	0.000872618957433368767	0.00148230746881126554	0.988467145601713648	0.00668530476740748192	0.00102898005124901125	0.952905343043392909	0.0361851116054753847	0.616169849936044166	0.16802321885331408	0.407798760340913436	0.160490381865614849	0.423220170050889466	0.0979338203470884426	0.179209537416266755
G:	0.107146557419213701	0.190314331395229664	0.0511302567286997723	0.303249400745128858	0.178351246889920474	0.0587320501861210052	0.140900885153694504	0.461803472804444886	0.986485333232050921	0.00175104970497451407	0.00127136116673328045	0.000705351485661429202	0.0467793318020192824	0.000677120416078715502	0.74998302569894047	0.223110223606260891	0.107165945579821193	0.097004076906205401	0.493671370926696596	0.174393435294607005	0.22497961808733886	0.584674154906822607
T:	0.505431648320436459	0.237987103856378843	0.586071039460887924	0.214266000531633738	0.128004576355746455	0.130047579381143258	0.424702966804755	0.00656211726289989724	0.0112060860872405684	0.992975524714090315	0.00136859719294562601	0.00480397205232119821	0.000953431823137149866	0.0179456720147747739	0.191968936087273228	0.118053724946265326	0.545868521082743853	0.226167145209478598	0.215231719524924356	0.313393147174966872	0.358979794388686972	0.113179887318013069



4	CGTTGACC	0.49816076591169933


A:	0.131790279560245932	0.22229030079789058	0.0430570045467839172	0.429098392445626149	0.659954805301745251	0.510873501321363835	0.0446117486912521591	0.228274287083596808	0.052824686366233684	0.00125365334441299099	0.00326011439825455528	0.00128847940677706088	0.992026898603479206	0.00346676546171378489	0.00656211726289989724	0.636664292497429665	0.469337833733683138	0.0881018426530018506	0.316412942834852993	0.227622049448338223	0.42561979773954104	0.333494606720829914
C:	0.203500233968876963	0.214168284780289336	0.545211265976915431	0.124353323615567362	0.0666182450300191931	0.0543317627720840855	0.126391179748666317	0.685262029057670124	0.000505688402896855311	0.061007516485127706	0.000656821083361724528	0.000927844048222212925	0.000728173134211942452	0.992278005159448955	0.461803472804444886	0.0355475155213464271	0.0436421981804806356	0.49263538186055556	0.129616423374651523	0.530627907038293538	0.0727302277219804076	0.18089623159182074
G:	0.457167855869226875	0.184090874560364082	0.302090666597707959	0.18022680608232189	0.231554502198532242	0.0779692311809863355	0.727823453023612447	0.0607467241605281477	0.923005692220905682	0.000441264568412424593	0.00557065300490557329	0.989143689992508389	0.00280952988299001106	0.00176950424272213357	0.0196003051253097621	0.209124281448242731	0.199725231355003635	0.169261640098723622	0.0333486924695775553	0.126139380265095069	0.0948275084578894402	0.302426385598472385
T:	0.20754163060165023	0.379450539861456001	0.109641062878592693	0.266321477856484598	0.0418724474697033143	0.356825504725565744	0.101173618536469077	0.0257169596982049197	0.0236639330099637784	0.937297565602046878	0.990512411513478147	0.00863998655249233688	0.00443539837931884017	0.00248572513611512672	0.512034104807345455	0.118663910532981177	0.287294736730832592	0.250001135387718967	0.520621941320917929	0.115610663248273171	0.406822466080589112	0.183182776088876962



5	GCGTTGAC	0.498105653404303537


A:	0.141927300406753751	0.113179887318013069	0.358979794388686972	0.313393147174966872	0.215231719524924356	0.226167145209478598	0.545868521082743853	0.118053724946265326	0.0868523804536672667	0.0179630448470169902	0.00168390830912532633	0.00420311194503124493	0.00286681115455374545	0.990513041677849473	0.0146143293527037481	0.00656211726289989724	0.424702966804755	0.130047579381143258	0.128004576355746455	0.214266000531633738	0.586071039460887924	0.237987103856378843
C:	0.303791775276473038	0.584674154906822607	0.22497961808733886	0.174393435294607005	0.493671370926696596	0.097004076906205401	0.107165945579821193	0.223110223606260891	0.867359850189695721	0.00111795895423144285	0.0310370885752481961	0.00135648800954310347	0.000947787587603680068	0.00129737844043867	0.98138115468558606	0.461803472804444886	0.140900885153694504	0.0587320501861210052	0.178351246889920474	0.303249400745128858	0.0511302567286997723	0.190314331395229664
G:	0.122484026945284441	0.179209537416266755	0.0979338203470884426	0.423220170050889466	0.160490381865614849	0.407798760340913436	0.16802321885331408	0.616169849936044166	0.0200176046112895113	0.963472344172422775	0.00180141288442154625	0.00819618449736032492	0.981730026721988696	0.00319788934560665532	0.00200643894700936523	0.0196003051253097621	0.124131669144315308	0.146888892729103211	0.253620968407558099	0.208754115713557448	0.186585498017740462	0.0372857197283893178
T:	0.43179689737148877	0.122936420358897569	0.318106767176885726	0.0889932474795366569	0.130606527682764198	0.269030017543402565	0.178942314484120873	0.0426662015114296159	0.0257701647453475006	0.017446652026328792	0.965477590231204931	0.986244215548065327	0.0144553745358538789	0.00499169053610520187	0.00199807701470082654	0.512034104807345455	0.310264478897235188	0.664331477703632525	0.440023208346774972	0.273730483009679956	0.176213205792671842	0.534412845020002176



