1	CGTTGACC	0.49927941539668473


A:	0.193037922996676909	0.217601327613414923	0.443977748227913948	0.0792529940117414734	0.356815655199768283	0.34135680271512409	0.0920706412668782394	0.0575227988610932618	0.00809199796523329435	0.000694144222641297658	0.0018521693297585394	0.00133136914042028369	0.993182226448016383	0.00207281002220996699	0.0027535031241613306	0.236906547529676075	0.229587114722291387	0.136106005495739998	0.394010804055894297	0.357688418892555418	0.215146727121405809	0.365107954197156299
C:	0.433965796649180257	0.513268329490341823	0.196296447566018359	0.585892947207375208	0.178389230393916098	0.175447046683651577	0.248803406705256897	0.904680657392209074	0.000352329071990218796	0.0590545867747218986	0.000458693175243771358	0.000985325068175844748	0.00128338985457944391	0.992431598755311867	0.563935001205815131	0.129781937630281333	0.139297516928451059	0.230440232683788131	0.209742740706221838	0.129513852430716473	0.204573427689931422	0.116864997047864579
G:	0.130825261865761286	0.0851955154712724405	0.248614364319891	0.123341633281858949	0.331820094023980445	0.292955942609512306	0.610712507861626698	0.0366072782860211963	0.973177354834053523	0.000523169589319756397	0.0114099738426346388	0.990622133204973952	0.00267592616945137564	0.00152781475921651068	0.00273309505117332147	0.0640324980762739424	0.255878233358548029	0.354071006555529088	0.306372882801597254	0.285937309740213118	0.0749245644361661995	0.261733848503715531
T:	0.242171018488381548	0.183934827424970813	0.111111439886176693	0.21151242549902437	0.132975020382335174	0.190240207991712027	0.048413444166238165	0.00118926546067646778	0.018378318128722964	0.939728099413317047	0.98627916365236305	0.00706117258642991995	0.00285845752795279746	0.00396777646326165506	0.430578400618850217	0.56927901676376865	0.375237134990709524	0.279382755264942784	0.0898735724362866101	0.226860418936514991	0.505355280752496569	0.256293200251263591



2	AGTCAACG	0.498933703680029752


A:	0.256293200251263591	0.505355280752496569	0.226860418936514991	0.0898735724362866101	0.279382755264942784	0.375237134990709524	0.56927901676376865	0.430578400618850217	0.00141171610733293392	0.00355475381763923804	0.00669822313735677781	0.986561174589690558	0.961032591739733558	0.0108696490587019057	0.00498739178557754487	0.048413444166238165	0.190240207991712027	0.132975020382335174	0.21151242549902437	0.111111439886176693	0.183934827424970813	0.242171018488381548
C:	0.261733848503715531	0.0749245644361661995	0.285937309740213118	0.306372882801597255	0.354071006555529088	0.255878233358548029	0.0640324980762739424	0.00273309505117332147	0.00137107554812159498	0.00129262180549612696	0.990634054125082304	0.00943009736847064281	0.00069432314999994585	0.983449666009236541	0.0153774900283259305	0.610712507861626698	0.292955942609512306	0.331820094023980445	0.123341633281858949	0.248614364319891	0.0851955154712724405	0.130825261865761286
G:	0.116864997047864579	0.204573427689931422	0.129513852430716473	0.209742740706221838	0.230440232683788131	0.139297516928451059	0.129781937630281333	0.563935001205815131	0.990601417610787475	0.00218178453449007644	0.0018541142076162653	0.000419615077360572548	0.0373378993757359618	0.000656848968932887989	0.958515137310906137	0.248803406705256897	0.175447046683651577	0.178389230393916098	0.585892947207375208	0.196296447566018359	0.513268329490341823	0.433965796649180257
T:	0.365107954197156299	0.215146727121405809	0.357688418892555418	0.394010804055894297	0.136106005495739998	0.229587114722291387	0.236906547529676075	0.0027535031241613306	0.00661579073375799623	0.992970839842374559	0.000813608529944653083	0.00358911296447822674	0.000935185734530534394	0.00502383596312866557	0.0211199808751903876	0.0920706412668782395	0.34135680271512409	0.356815655199768283	0.0792529940117414734	0.443977748227913948	0.217601327613414923	0.193037922996676909



3	GCGTTGAC	0.498832013295291445


A:	0.19044599204773134	0.193037922996676909	0.217601327613414923	0.443977748227913948	0.0792529940117414734	0.356815655199768283	0.34135680271512409	0.0920706412668782394	0.0508320656801556456	0.00879486225302647234	0.00153085759264659654	0.00194502259856553827	0.00166709727709603005	0.992048670360401225	0.00425758429153266108	0.0027535031241613306	0.236906547529676075	0.229587114722291387	0.136106005495739998	0.394010804055894297	0.357688418892555418	0.215146727121405809
C:	0.286569288372986799	0.433965796649180257	0.513268329490341823	0.196296447566018359	0.585892947207375208	0.178389230393916098	0.175447046683651577	0.248803406705256897	0.91093339341553853	0.000848727933078122717	0.0298183509400418808	0.00105774395043055854	0.00164162727542965554	0.000823653169061092794	0.991338740743373946	0.563935001205815131	0.129781937630281333	0.139297516928451059	0.230440232683788131	0.209742740706221838	0.129513852430716473	0.204573427689931422
G:	0.21925857981411688	0.130825261865761286	0.0851955154712724405	0.248614364319891	0.123341633281858949	0.331820094023980445	0.292955942609512306	0.610712507861626698	0.0273611525647325087	0.982179837390635985	0.00121953406803022367	0.00622956265010494484	0.992127555735566868	0.00281557728629352949	0.00243015426405383802	0.00273309505117332147	0.0640324980762739424	0.255878233358548029	0.354071006555529088	0.306372882801597254	0.285937309740213118	0.0749245644361661995
T:	0.303726139765164981	0.242171018488381548	0.183934827424970813	0.111111439886176693	0.21151242549902437	0.132975020382335174	0.190240207991712027	0.048413444166238165	0.0108733883395733155	0.00817657242325941996	0.967431257399281299	0.990767670800898958	0.00456371971190744612	0.00431209918424415277	0.00197352070103955468	0.430578400618850217	0.56927901676376865	0.375237134990709524	0.279382755264942784	0.0898735724362866101	0.226860418936514991	0.505355280752496569



4	AAGTCAAC	0.498079867628173466


A:	0.602771041652566644	0.38339816858529434	0.296192047660774377	0.0737529540227429986	0.243127115077515293	0.185529788150437452	0.586218388807623426	0.889578740044034944	0.823214520872503584	0.00159052615608354363	0.00287722361607726045	0.00483674849697250586	0.987554248261522537	0.981469950123486547	0.0200205271600101768	0.0134884773426966606	0.1330697777231882	0.0469315682906117736	0.0927037230585401688	0.0674042499734072981	0.142690250309399926	0.595894060973442217
C:	0.0452467603830384969	0.365497561468445631	0.0818998147053039875	0.799244588912126459	0.062518055881995985	0.411551592915599109	0.139850364991262904	0.00859115813785524978	0.00116148151398045673	0.0022439439143036863	0.00333033352008535975	0.991588435024666679	0.0103373007279955491	0.000810107758490398599	0.972018422810442651	0.0398120930184499366	0.534369390026148536	0.331298745874094465	0.502154100623427198	0.134888300168790331	0.600277621737439786	0.177621295925187547
G:	0.242497440836077538	0.109634951400231827	0.438575384304491146	0.0558080436614857291	0.38299115428885922	0.246048109018873547	0.152097451601789656	0.0393641432666713408	0.171654486566164855	0.992086929841918051	0.00132896772113315007	0.00136114387649649756	0.000757542757990979162	0.0162956693231873784	0.00058537048680432075	0.886484731977095128	0.149322914715332311	0.158095672254870749	0.192714001018382188	0.115152448182643115	0.0713586132603096788	0.0848414386392376207
T:	0.109484757128317322	0.141469318546028202	0.183332753329430489	0.071194413403644813	0.311363674751629503	0.156870509915089892	0.121833794599324014	0.0624659585514384658	0.00396951104735110406	0.00407860008769471945	0.99246347514270423	0.0022136726018643172	0.00135090825249093421	0.00142427279483567624	0.00737567954274285148	0.0602146976617582743	0.183237917535330952	0.463674013580423013	0.212428175299650445	0.682555001675159256	0.185673514692850609	0.141643204462132616



5	A.GTCAACG	0.498008964291006075


A:	0.46884494233705693	0.256293200251263591	0.505355280752496569	0.226860418936514991	0.0898735724362866101	0.279382755264942784	0.375237134990709524	0.56927901676376865	0.430578400618850217	0.00223348396647777016	0.00261433889663047554	0.00595320248811447541	0.989113098302851488	0.944991747459832525	0.00893934308689356925	0.0134884773426966606	0.048413444166238165	0.190240207991712027	0.132975020382335174	0.21151242549902437	0.111111439886176693	0.183934827424970813	0.242171018488381548
C:	0.136040309156581212	0.261733848503715531	0.0749245644361661995	0.285937309740213118	0.306372882801597255	0.354071006555529088	0.255878233358548029	0.0640324980762739424	0.00273309505117332147	0.00125598033350050648	0.00118116291005310402	0.991071120829925297	0.00800041275060762858	0.000930931228607446448	0.978065872885794583	0.0398120930184499366	0.610712507861626698	0.292955942609512306	0.331820094023980445	0.123341633281858949	0.248614364319891	0.0851955154712724405	0.130825261865761286
G:	0.210367303107998461	0.116864997047864579	0.204573427689931422	0.129513852430716473	0.209742740706221838	0.230440232683788131	0.139297516928451059	0.129781937630281333	0.563935001205815131	0.991101779295198335	0.00357090709434391579	0.0012446956007890313	0.0007833036740033246	0.0531407911560505917	0.00173406759383456973	0.886484731977095128	0.248803406705256897	0.175447046683651577	0.178389230393916098	0.585892947207375208	0.196296447566018359	0.513268329490341823	0.433965796649180257
T:	0.184747445398363397	0.365107954197156299	0.215146727121405809	0.357688418892555418	0.394010804055894297	0.136106005495739998	0.229587114722291387	0.236906547529676075	0.0027535031241613306	0.0054087564048233879	0.992633591098972505	0.00173098108117119644	0.00210318527253755841	0.000936530155509437019	0.011260716433477278	0.0602146976617582743	0.0920706412668782395	0.34135680271512409	0.356815655199768283	0.0792529940117414734	0.443977748227913948	0.217601327613414923	0.193037922996676909



