1	GGTCAAC..A	0.493955034989329495


A:	0.193176985530449691	0.428026373660945288	0.281323449628847803	0.19340230283800401	0.182839256036488026	0.166681719631067863	0.289443655988307715	0.295717478871712547	0.00157808216466111961	0.00275907933542905265	0.0115462710917032525	0.987993204434050604	0.924366600471758433	0.248444051454324004	0.356888987028639624	0.13018179828710297	0.471566813172881157	0.179792283869912137	0.509128947681406351	0.634580255620676582	0.610672903673465751	0.580236050702527775	0.337999995514355086
C:	0.386378718651791624	0.0609315054962688154	0.178864200458525559	0.358228750311591469	0.447312698703323327	0.55133964511126615	0.397721880130559689	0.00497079486303385055	0.000459363980567338632	0.00209009076989501567	0.985639380981862899	0.00716183239506838528	0.000488317601624003752	0.673223416892402203	0.229800375622742735	0.116573743391751906	0.120805530636690093	0.106699860593392847	0.0781167909289255623	0.0649717628643416172	0.0913794661833366314	0.0775546509681312141	0.0409653730497667453
G:	0.0532738976080617947	0.0943083039087926529	0.0851041542454279753	0.208456215469044069	0.163381415921236361	0.0636677089619569454	0.100500933514202666	0.694536409662265557	0.963175973841424085	0.0016167850602151543	0.00138798780052484285	0.00157556948831156968	0.0704324034986416738	0.0135639273021100191	0.261810880967899606	0.0519431524395902854	0.291321873016535829	0.50222359359146885	0.383235774861543588	0.111830564412365927	0.0300729012431139656	0.254852879902253718	0.0795794168737373002
T:	0.36717039820969689	0.416733816933993244	0.454708195667198663	0.239912731381360452	0.206466629338952286	0.218310926295709041	0.21233353036692993	0.00477531660298804552	0.0347865800133474564	0.993534044834460777	0.00142636012590900592	0.00326939368256944133	0.00471267842797588968	0.0647686043511637738	0.151499756380718035	0.701301305881554838	0.116305783173892921	0.211284261945226166	0.0295184865281244992	0.188617417102615874	0.267874728900083652	0.0873564184270872928	0.541455214562140869



2	C.GGTCAAC	0.493575983919797509


A:	0.425977095927183238	0.0569798265777801077	0.193176985530449691	0.428026373660945288	0.281323449628847803	0.19340230283800401	0.182839256036488026	0.166681719631067863	0.289443655988307715	0.362946928861824666	0.00101776831152848711	0.00317887984672401409	0.00887012808723598383	0.984751954689231353	0.921608721206699439	0.154338412888127511	0.356888987028639624	0.13018179828710297	0.471566813172881157	0.179792283869912137	0.509128947681406351	0.634580255620676582	0.610672903673465751
C:	0.0485772477755147127	0.288597068038652023	0.386378718651791624	0.0609315054962688154	0.178864200458525559	0.358228750311591469	0.447312698703323327	0.55133964511126615	0.397721880130559689	0.00499022613990205961	0.000802616360393833531	0.00174002449893110418	0.98748992331906162	0.00989236390658899936	0.000608531996014407035	0.814948716211807977	0.229800375622742735	0.116573743391751906	0.120805530636690093	0.106699860593392847	0.0781167909289255623	0.0649717628643416172	0.0913794661833366314
G:	0.366548085743252645	0.593017943418242318	0.0532738976080617947	0.0943083039087926529	0.0851041542454279753	0.208456215469044069	0.163381415921236361	0.0636677089619569454	0.100500933514202666	0.630847447984514186	0.965541991362620543	0.00181461513862451283	0.00111957695169083699	0.000868961048302312035	0.0714529658454106361	0.00658691961225411508	0.261810880967899606	0.0519431524395902854	0.291321873016535829	0.50222359359146885	0.383235774861543588	0.111830564412365927	0.0300729012431139656
T:	0.158897570554049405	0.0614051619653255511	0.36717039820969689	0.416733816933993244	0.454708195667198663	0.239912731381360452	0.206466629338952286	0.218310926295709041	0.21233353036692993	0.00121539701375908872	0.0326376239654571363	0.993266480515720369	0.00252037164201155954	0.0044867203558773357	0.00632978095187551767	0.0241259512878103976	0.151499756380718035	0.701301305881554838	0.116305783173892921	0.211284261945226166	0.0295184865281244992	0.188617417102615874	0.267874728900083652



3	A.GTTGACC	0.49325959104670207


A:	0.541455214562140869	0.0873564184270872928	0.267874728900083652	0.188617417102615874	0.0295184865281244992	0.211284261945226166	0.116305783173892921	0.701301305881554838	0.151499756380718035	0.022960138226718781	0.00371164670707548145	0.00369780209136855423	0.00201349268769432811	0.993046962558660474	0.0486764795497609671	0.00126540650868187779	0.21233353036692993	0.218310926295709041	0.206466629338952286	0.239912731381360452	0.454708195667198663	0.416733816933993244	0.36717039820969689
C:	0.0795794168737373002	0.254852879902253718	0.0300729012431139656	0.111830564412365927	0.383235774861543588	0.50222359359146885	0.291321873016535829	0.0519431524395902854	0.261810880967899606	0.00605073080362289041	0.0462663837741556856	0.00058438440215764954	0.00132456719733109736	0.0015269045618861366	0.949912809975652949	0.797719070216574666	0.100500933514202666	0.0636677089619569454	0.163381415921236361	0.208456215469044069	0.0851041542454279753	0.0943083039087926529	0.0532738976080617947
G:	0.0409653730497667453	0.0775546509681312141	0.0913794661833366314	0.0649717628643416172	0.0781167909289255623	0.106699860593392847	0.120805530636690093	0.116573743391751906	0.229800375622742735	0.856740896270857902	0.000595428734348767026	0.00884893555345800874	0.987284722480133946	0.00150851188001796278	0.000645230657612646556	0.00323666235812226079	0.397721880130559689	0.55133964511126615	0.447312698703323327	0.358228750311591469	0.178864200458525559	0.0609315054962688154	0.386378718651791624
T:	0.337999995514355086	0.580236050702527775	0.610672903673465751	0.634580255620676582	0.509128947681406351	0.179792283869912137	0.471566813172881157	0.13018179828710297	0.356888987028639624	0.114248234698800426	0.949426540784420066	0.986868877953015787	0.00937721763484062901	0.00391762099943542697	0.000765479816973436922	0.197778860916621195	0.289443655988307715	0.166681719631067863	0.182839256036488026	0.19340230283800401	0.281323449628847803	0.428026373660945288	0.193176985530449691



4	GA..GGTCAA	0.492466501240694789


A:	0.52389498508985998	0.282162431013040734	0.289436791527372749	0.335220760023882381	0.186735695585021658	0.250051375021806688	0.191654480605677507	0.459072868683764301	0.328533197439055407	0.15729254454736176	0.322446342792804515	0.0031071428422858199	0.00173477331518721246	0.00617681662206662689	0.980286420154276944	0.967626814418775466	0.419899843847623361	0.134330519439261783	0.174303795502229468	0.285863937650840298	0.176143965216907227	0.00755513752675629569
C:	0.20366582196218959	0.109568411289133902	0.166558154472570638	0.310948406312073279	0.139510456073503819	0.0337284114070505354	0.132818649854096616	0.179398797899476099	0.246262396245136314	0.293449981444902653	0.0033890295118914426	0.000897970134190341408	0.0117915716544493061	0.990495319025770394	0.0132759857705483046	0.00220163302873531038	0.336684089852790083	0.22669786048480049	0.352704383715382589	0.405043216307969937	0.174404862801014156	0.0125834736603532357
G:	0.230974476544118259	0.302549051153932794	0.402343562063381153	0.236729539169816659	0.165477748449939137	0.183502671849659009	0.656577509069574405	0.0880872450601111474	0.048972111054641926	0.0512454087358649732	0.67277737017050277	0.984242150584867701	0.000593655097536853874	0.0017151933936099149	0.00159446682295872783	0.0173255486940326829	0.0449939133466196871	0.610293908537765009	0.117514082149929459	0.15845609734782601	0.231326430531717603	0.126805436066350185
T:	0.0414647164038321711	0.305720106543892571	0.141661491936675459	0.117101294494227682	0.508276099891535386	0.532717541721483768	0.0189493604706514722	0.273441088356648452	0.376232295261166353	0.498012065271870614	0.00138725752480127306	0.0117527364386561375	0.985879999932826628	0.00161267095855306383	0.0048431272522160238	0.0128460038584565406	0.198422152952966869	0.0286777115381727167	0.355477738632458483	0.150636748693363756	0.418124741450361014	0.853055952746540283



5	C..GTTGACC	0.492428216944345977


A:	0.541455214562140869	0.0873564184270872928	0.267874728900083652	0.188617417102615874	0.0295184865281244992	0.211284261945226166	0.116305783173892921	0.701301305881554838	0.151499756380718035	0.0327067214492301757	0.00166091386675953443	0.00497611945808248706	0.00160253864217884437	0.992356077820046413	0.0394423716042055998	0.0012275817871355413	0.21233353036692993	0.218310926295709041	0.206466629338952286	0.239912731381360452	0.454708195667198663	0.416733816933993244	0.36717039820969689
C:	0.0795794168737373002	0.254852879902253718	0.0300729012431139656	0.111830564412365927	0.383235774861543588	0.50222359359146885	0.291321873016535829	0.0519431524395902854	0.261810880967899606	0.00403920685489781372	0.0756194518679146483	0.000371165790312083748	0.00153712999453402107	0.00111850245311554691	0.958916407992446393	0.600752689405642898	0.100500933514202666	0.0636677089619569454	0.163381415921236361	0.208456215469044069	0.0851041542454279753	0.0943083039087926529	0.0532738976080617947
G:	0.0409653730497667453	0.0775546509681312141	0.0913794661833366314	0.0649717628643416172	0.0781167909289255623	0.106699860593392847	0.120805530636690093	0.116573743391751906	0.229800375622742735	0.698426766443173967	0.000446575118454027649	0.0359477869907856771	0.983078821378659754	0.00333128450500560486	0.000784694752525173195	0.00395369077372439043	0.397721880130559689	0.55133964511126615	0.447312698703323327	0.358228750311591469	0.178864200458525559	0.0609315054962688154	0.386378718651791624
T:	0.337999995514355086	0.580236050702527775	0.610672903673465751	0.634580255620676582	0.509128947681406351	0.179792283869912137	0.471566813172881157	0.13018179828710297	0.356888987028639624	0.264827305252698044	0.92227305914687179	0.958704927760819752	0.0137815099846273806	0.00319413522183243485	0.000856525650822833916	0.394066038033497171	0.289443655988307715	0.166681719631067863	0.182839256036488026	0.19340230283800401	0.281323449628847803	0.428026373660945288	0.193176985530449691



