1	AGTCAACG	0.498830529084772682


A:	0.439327463170626891	0.276059752824822558	0.692979711776115237	0.292114283234175241	0.421370330559969795	0.53675343171840292	0.317912576425436659	0.50980401505206262	0.00105013154376944406	0.0100237588971426235	0.0241952721217985316	0.989754438661652482	0.941453056700622387	0.0133110223920213198	0.0119882268499380215	0.179540321209024437	0.132664302953308422	0.353726748632479659	0.0168101682809094933	0.130760442584679222	0.101566165625752852	0.279498828102984164
C:	0.183996780513762745	0.208669099490715325	0.232149864197938174	0.015865164067860308	0.200534352355191839	0.206746379113758648	0.0633558723832263085	0.00459953506501039051	0.000480045456726750782	0.000874748004444463244	0.974499860349417653	0.00602995540090873099	0.00071154630768836101	0.974808027457015388	0.0139202261199695017	0.361681599180695443	0.143158554564332544	0.497821372773497644	0.112859560103011261	0.0500911280918815713	0.073102250760055738	0.270793903282260285
G:	0.12583970236722047	0.413759062476232668	0.0165665332853423993	0.674983515853327836	0.137821029482710713	0.0284104095648821359	0.221849119141269419	0.479145291307548338	0.975162429739276471	0.00127888476571883014	0.00071718649440539589	0.000676716653646787228	0.0571189214513603396	0.000515422844978513129	0.913279571487451927	0.309348223542353346	0.113207846337355054	0.0532215179447376117	0.815258649802751613	0.621053297004692721	0.0734761639553614696	0.298645174277153361
T:	0.250836053948389895	0.101512085208229449	0.058303890740604189	0.0170370368446366145	0.240274287602127654	0.228089779602956296	0.396882432050067613	0.00645115857537865138	0.0233073932602273345	0.987822608332694083	0.000587681034378419691	0.00353888928379199969	0.000716475540328911946	0.0113655273059847791	0.0608119755426405494	0.149429856067926774	0.610969296145003979	0.0952303606492850859	0.0550716218133276321	0.198095132318746485	0.751855419658829941	0.151062094337602189



2	CGTTGACC	0.498563753226126663


A:	0.151062094337602189	0.751855419658829941	0.198095132318746485	0.0550716218133276321	0.0952303606492850859	0.610969296145003979	0.149429856067926774	0.135844559485713604	0.0152376676534982226	0.000933036411126895959	0.00200310149061385317	0.000595592607162705628	0.989923597161623901	0.0161572076930313784	0.00645115857537865138	0.396882432050067613	0.228089779602956296	0.240274287602127654	0.0170370368446366145	0.058303890740604189	0.101512085208229449	0.250836053948389895
C:	0.298645174277153361	0.0734761639553614696	0.621053297004692721	0.815258649802751613	0.0532215179447376117	0.113207846337355054	0.309348223542353346	0.810587356879190214	0.000330855367685250862	0.0551081788142004325	0.000475852539015394026	0.000895897037946505058	0.00106281780081185734	0.981894161148206201	0.479145291307548338	0.221849119141269419	0.0284104095648821359	0.137821029482710713	0.674983515853327836	0.0165665332853423993	0.413759062476232668	0.12583970236722047
G:	0.270793903282260285	0.073102250760055738	0.0500911280918815713	0.112859560103011261	0.497821372773497644	0.143158554564332544	0.361681599180695443	0.0296959776107800634	0.96836893260744593	0.000456596828538762762	0.0110569502651409488	0.976212191967333781	0.0012996993827886589	0.000492591513701614225	0.00459953506501039051	0.0633558723832263085	0.206746379113758648	0.200534352355191839	0.015865164067860308	0.232149864197938174	0.208669099490715325	0.183996780513762745
T:	0.279498828102984164	0.101566165625752852	0.130760442584679222	0.0168101682809094933	0.353726748632479659	0.132664302953308422	0.179540321209024437	0.0238721060243161182	0.0160625443713705965	0.943502187946133909	0.986464095705229804	0.0222963183875570087	0.00771388565477558259	0.00145603964506080661	0.50980401505206262	0.317912576425436659	0.53675343171840292	0.421370330559969795	0.292114283234175241	0.692979711776115237	0.276059752824822558	0.439327463170626891



3	A.AGTCAAC	0.498126457888728969


A:	0.0691080259514022644	0.0601398809371671974	0.397098198816272792	0.403979858723143277	0.131267118019484039	0.609335787948057269	0.545681459893221278	0.523271755466987892	0.613976982728997654	0.428805838537584602	0.000830412275723905113	0.00248724356526150114	0.0093113562393593799	0.992008048147724605	0.961919384336544924	0.0516066282793241844	0.0119882268499380215	0.150563644127047364	0.102673527905557433	0.284778764615901436	0.0834356673078689371	0.38056312352891953	0.333752450429048041
C:	0.0769116937052352989	0.480695656385683448	0.108256373059841814	0.153533478865262602	0.153413368556501579	0.0418618942747212622	0.157954605813468158	0.303519521705460333	0.0524771537847013551	0.0065119686769565386	0.00154926993802125843	0.00206129129217765284	0.98834449490571193	0.00355661185854906373	0.00073457038185144021	0.939987659410763384	0.0139202261199695017	0.57968203357373382	0.054501859786928993	0.341448599462357334	0.0354264744148853159	0.156972614407665768	0.184095063707059305
G:	0.0241008816949576723	0.0776360864872629162	0.137569683079460596	0.344673140904934542	0.663106579251768021	0.160906644925531419	0.265318269130018484	0.0606960296541015577	0.240481170395853538	0.558128724285055063	0.985173021978816582	0.00225742355738107435	0.00117452384692898202	0.00171880567733033598	0.0361525284543785343	0.00109857695709319034	0.913279571487451927	0.123259788780352937	0.0855237262185702632	0.241590042532620224	0.811796139734187105	0.0980473251347668072	0.404061437877933714
T:	0.829879398648404764	0.381528376189886438	0.357075745044424798	0.0978135215066595793	0.052212934172246361	0.18789567285169005	0.03104566516329208	0.112512693173450217	0.0930646930904474531	0.00655346850040379615	0.0124472958074382542	0.993194041585179772	0.0011696250079997082	0.00271653431639599492	0.00119351682722510119	0.00730713535281924168	0.0608119755426405494	0.146494533518865879	0.757300886088943311	0.132182593389121006	0.0693417185430586422	0.364416936928647895	0.0780910479859589395



4	A..GTTGACT	0.498077654805035817


A:	0.559911134273230008	0.239013611438105457	0.0780910479859589395	0.364416936928647895	0.0693417185430586422	0.132182593389121006	0.757300886088943311	0.146494533518865879	0.0608119755426405494	0.00841109957892897873	0.000800512499891017908	0.00478225244817467928	0.00095801759355206807	0.991078038423651135	0.0136801504930744869	0.00497938370178817852	0.0930646930904474531	0.112512693173450217	0.03104566516329208	0.18789567285169005	0.052212934172246361	0.0978135215066595793	0.357075745044424798
C:	0.0169886585307834658	0.241256322544137742	0.404061437877933714	0.0980473251347668072	0.811796139734187105	0.241590042532620224	0.0855237262185702632	0.123259788780352937	0.913279571487451927	0.000556577550052249274	0.0362620971048771227	0.00134320338891272189	0.00127112230201089862	0.00135747744805592444	0.984394321243243422	0.505684471529018999	0.240481170395853538	0.0606960296541015577	0.265318269130018484	0.160906644925531419	0.663106579251768021	0.344673140904934542	0.137569683079460596
G:	0.284382195461721937	0.136863625783707448	0.184095063707059305	0.156972614407665768	0.0354264744148853159	0.341448599462357334	0.054501859786928993	0.57968203357373382	0.0139202261199695017	0.963427700724462232	0.000633998077710159991	0.00180664833940521709	0.989965076624059105	0.00157346057529150496	0.00110173332942708159	0.00446024115858831408	0.0524771537847013551	0.303519521705460333	0.157954605813468158	0.0418618942747212622	0.153413368556501579	0.153533478865262602	0.108256373059841814
T:	0.13871801173426459	0.382866440234049353	0.333752450429048041	0.38056312352891953	0.0834356673078689371	0.284778764615901436	0.102673527905557433	0.150563644127047364	0.0119882268499380215	0.0276046221465565401	0.962303392317521699	0.992067895823507382	0.00780578348037792862	0.00599102355300143514	0.000823794934255010025	0.484875903610604508	0.613976982728997654	0.523271755466987892	0.545681459893221278	0.609335787948057269	0.131267118019484039	0.403979858723143277	0.397098198816272792



5	G..CGTTGAC	0.498036157390996101


A:	0.114703176841745965	0.261751991775722481	0.151062094337602189	0.751855419658829941	0.198095132318746485	0.0550716218133276321	0.0952303606492850859	0.610969296145003979	0.149429856067926774	0.0693834454531407237	0.0172718919287856713	0.000932146075237879004	0.00164353247366699583	0.000907475105892142152	0.991149598117574953	0.0222923465788186771	0.00645115857537865138	0.396882432050067613	0.228089779602956296	0.240274287602127654	0.0170370368446366145	0.058303890740604189	0.101512085208229449
C:	0.539949562699402852	0.0456149209212857596	0.298645174277153361	0.0734761639553614696	0.621053297004692721	0.815258649802751613	0.0532215179447376117	0.113207846337355054	0.309348223542353346	0.856940511165164111	0.000765037114120445527	0.0469863491392812658	0.00213362805140018077	0.000619983666233652305	0.00263830131784757052	0.975757644880828479	0.479145291307548338	0.221849119141269419	0.0284104095648821359	0.137821029482710713	0.674983515853327836	0.0165665332853423993	0.413759062476232668
G:	0.0969474898755412127	0.135142455972971506	0.270793903282260285	0.073102250760055738	0.0500911280918815713	0.112859560103011261	0.497821372773497644	0.143158554564332544	0.361681599180695443	0.0458911874837627571	0.963804028527732469	0.000497990268387614197	0.00580027440920265297	0.972461439574613216	0.000982092190110537486	0.000561993348999502415	0.00459953506501039051	0.0633558723832263085	0.206746379113758648	0.200534352355191839	0.015865164067860308	0.232149864197938174	0.208669099490715325
T:	0.248399770583309971	0.557490631330020254	0.279498828102984164	0.101566165625752852	0.130760442584679222	0.0168101682809094933	0.353726748632479659	0.132664302953308422	0.179540321209024437	0.0277848558979324079	0.0181590424293614138	0.951583514517093241	0.99042256506573017	0.02601110165326099	0.00523000837446693891	0.00138801519135334139	0.50980401505206262	0.317912576425436659	0.53675343171840292	0.421370330559969795	0.292114283234175241	0.692979711776115237	0.276059752824822558



