1	A..GGTCAAC	0.496105872622001654


A:	0.549378973590233412	0.283734653476337617	0.159805511710061492	0.118872855149745557	0.271077983511406679	0.61358121415438004	0.655729939973827774	0.237608587437453616	0.0223008230105635816	0.31442621900225838	0.00175456863791266892	0.00163230568188374494	0.000859800394325356096	0.988742906853617442	0.983920500411361017	0.0627216915787498458	0.14820396152371961	0.134421184186051962	0.329772709949488628	0.0721663579946213747	0.0830058154091942856	0.142307798107534198	0.259305597352579343
C:	0.0629222454576000677	0.352012321884732603	0.304695255420282316	0.0306407423513057871	0.55580160747573511	0.172731046601904788	0.188446489150640544	0.219132040343393615	0.465802757888793953	0.00202551093459409928	0.000791975336631667221	0.00496323061839787642	0.989745478642741734	0.00680211182588642344	0.000746594032303866198	0.820456425952934453	0.0147354793755437529	0.24767881087493521	0.325139169741802461	0.276926131322845015	0.00745936556461936978	0.742148140675683657	0.081072165905345745
G:	0.196906361115956753	0.213408225472476655	0.249983503890836622	0.712607462416350191	0.034090523621320066	0.0355469953168081633	0.0215102690738908022	0.249284609064591279	0.0327788428554572833	0.682367795542505682	0.987495412440891532	0.00141925604153670404	0.00423138661171977303	0.000505567366364324206	0.0133660003091237935	0.0981905528387528086	0.815578696534032533	0.375309625493769553	0.126571360892083909	0.462807397728240313	0.772975642393721362	0.0767234800887858698	0.423427712577465218
T:	0.190792419836209767	0.150844799166453124	0.285515728978819569	0.137878940082598464	0.139029885391538145	0.178140743926907008	0.13431330180164088	0.29397476315456149	0.479117576245185182	0.00118047452064183919	0.00995804358456413186	0.991985207658181675	0.00516333435121313672	0.00394941395413180984	0.0019669052472113229	0.0186313296295628923	0.0214818625667041045	0.242590379445243275	0.218516759416625002	0.188100112954293297	0.136559176632464982	0.0388205811279962752	0.236194524164609694



2	A.TGGTCAA	0.495905503995235496


A:	0.177578909512319226	0.287916572375137242	0.261112247752478221	0.1416970290543024	0.400529364731346253	0.506358404546140131	0.31110513079535501	0.588125636149666499	0.129632874453892174	0.0335498112286676815	0.13068191287036949	0.00130067900891646429	0.00412244027451869244	0.00141956734506603408	0.986954013001030264	0.988264388011772612	0.0743098345001756552	0.119543240428494837	0.108577003967103565	0.375113740213323185	0.0534938814634233271	0.126424754317836432	0.11407199952490084
C:	0.31587403906116703	0.341182364661400073	0.0877492210191356481	0.476625181712244106	0.053671307407636387	0.16049552159216399	0.388034674378832446	0.138217763230413945	0.26527958271382858	0.190369044855554061	0.00412015353021285352	0.0013700953001834893	0.0023604375570000409	0.992871038221010173	0.00935729542610877549	0.00150371250913266712	0.548588456830349541	0.0877830044022313609	0.167939970180578114	0.136693415516054429	0.31753115641505752	0.293122494529175878	0.15073490920624323
G:	0.227929340202141727	0.165218194625641171	0.503029685573102652	0.300019189050827579	0.196314407708337856	0.21426247538996964	0.047860031638876489	0.100587271367619995	0.102010326580181244	0.0267937703627949946	0.864028330798763359	0.987746531725143676	0.00101071347670886635	0.00250236187586690865	0.000688205231849301284	0.00572656216029942205	0.273796872684726137	0.670228576114704343	0.570403112997247233	0.225197774559884647	0.594440009689595473	0.201264043816569432	0.648876607267840236
T:	0.278617711224372016	0.205682868337821514	0.14810884565528348	0.081658600182625915	0.349484920152679504	0.11888359847172624	0.253000163186936054	0.173069329252299561	0.503077216252098002	0.749287373552983263	0.0011696028006542974	0.00958269396575637044	0.9925064086917724	0.00320703255805688401	0.00300048634101165904	0.00450533731879529862	0.103304835984748666	0.122445179054569459	0.153079912855071088	0.262995069710737739	0.0345349524319236799	0.379188707336418258	0.0863164840010156944



3	C.TTGACCA	0.495731798104124274


A:	0.540172667538125123	0.343502125387684438	0.0863164840010156944	0.379188707336418258	0.0345349524319236799	0.262995069710737739	0.153079912855071088	0.122445179054569459	0.103304835984748666	0.00638339846282798451	0.00393120208820368838	0.00169027954323456617	0.992957811161952153	0.0097333658321567702	0.000718742845471373863	0.717808742899420948	0.503077216252098002	0.173069329252299561	0.253000163186936054	0.11888359847172624	0.349484920152679504	0.081658600182625915	0.14810884565528348
C:	0.217236269904730685	0.119374014295238643	0.648876607267840236	0.201264043816569432	0.594440009689595473	0.225197774559884647	0.570403112997247233	0.670228576114704343	0.273796872684726137	0.00232752342173334358	0.000436614632634491483	0.00139098715244515106	0.00183669083851548994	0.988037580408018502	0.815194112891279049	0.0590708645373068227	0.102010326580181244	0.100587271367619995	0.047860031638876489	0.21426247538996964	0.196314407708337856	0.300019189050827579	0.503029685573102652
G:	0.176448151252564523	0.322701671827810904	0.15073490920624323	0.293122494529175878	0.31753115641505752	0.136693415516054429	0.167939970180578114	0.0877830044022313609	0.548588456830349541	0.000818844356997057578	0.00578754152198010474	0.991260275016831552	0.00131189337377733472	0.00100296061725465431	0.00257015284538223821	0.172272944616531359	0.26527958271382858	0.138217763230413945	0.388034674378832446	0.16049552159216399	0.053671307407636387	0.476625181712244106	0.0877492210191356481
T:	0.0661429113045796688	0.214422188489266015	0.11407199952490084	0.126424754317836431	0.0534938814634233271	0.375113740213323185	0.108577003967103565	0.119543240428494837	0.0743098345001756552	0.990470233758441614	0.989844641757181715	0.00565845828748873117	0.00389360462575502225	0.00122609314257007355	0.181516991417867339	0.0508474479467408705	0.129632874453892174	0.588125636149666499	0.31110513079535501	0.506358404546140131	0.400529364731346253	0.1416970290543024	0.261112247752478221



4	CGTTGACC	0.495564075838792932


A:	0.335161356610305183	0.584724754336659403	0.19626067467621031	0.050137880601962549	0.0287919456126282532	0.230980522650762842	0.190140708996995504	0.0214818625667041045	0.0361894914995905856	0.0019786713473063547	0.00350295329134187844	0.00202402103526477672	0.990710466460459814	0.0141936516865615405	0.000829642335995213002	0.398140014975284453	0.274633021719009239	0.251531214856435152	0.00709071479724591868	0.0490445195594352306	0.264716866638772031	0.357881378310154003
C:	0.290572118408538744	0.241179668528638105	0.365610053227816397	0.863547191142704616	0.0459439152884224639	0.208416693965558917	0.269210492942553091	0.815578696534032533	0.0750535426275288861	0.0087252379676259497	0.000428413154663576657	0.0016886734496992336	0.00130353402881176652	0.984110697402448295	0.678664151337825666	0.199782140435596708	0.152578481482780958	0.237257733315774043	0.803505646678535328	0.0095715990765513052	0.206688229992102002	0.151610934827018214
G:	0.196690712775838749	0.0578791490621105124	0.230842683760457962	0.0807063199552103342	0.619906599479456674	0.261500135557127476	0.34512051127196284	0.0147354793755437529	0.829178252133566721	0.000882526541787476834	0.00611968748029201014	0.991703846242105278	0.00132226381076985954	0.000763083817565331565	0.00259871512584313176	0.184800224772370489	0.189776141808363536	0.228617992515640959	0.00259866695308266769	0.0809109827454105167	0.137134664373057019	0.218653443548198797
T:	0.177575812205317324	0.116216428072591979	0.20728658833551533	0.00560860830012250045	0.305357539619492609	0.299102647826550765	0.195528286788488565	0.14820396152371961	0.0595787137393138076	0.988413564143280219	0.989948946073702535	0.00458345927293071165	0.00666373569995856019	0.000932567093424833159	0.317907491200335989	0.21727761981674835	0.383012354989846267	0.282593059312149845	0.186804971571136086	0.860472898618602947	0.391460238996068947	0.271854243314628985



5	CGGTCAAC	0.495436709525978348


A:	0.283734653476337617	0.159805511710061492	0.118872855149745557	0.271077983511406679	0.61358121415438004	0.655729939973827774	0.237608587437453616	0.0223008230105635816	0.160542070592325394	0.000821643310799820099	0.00375758384538740549	0.00232926128529221001	0.989734715675707375	0.989705988719398665	0.110186508788488774	0.14820396152371961	0.134421184186051962	0.329772709949488628	0.0721663579946213747	0.0830058154091942856	0.142307798107534198	0.259305597352579343
C:	0.352012321884732603	0.304695255420282316	0.0306407423513057871	0.55580160747573511	0.172731046601904788	0.188446489150640544	0.219132040343393615	0.465802757888793953	0.00125817259723349821	0.00119278157915836194	0.00176263501691353333	0.993159828075001196	0.00622933057813648437	0.00112117360484395017	0.695268223728957569	0.0147354793755437529	0.24767881087493521	0.325139169741802461	0.276926131322845015	0.00745936556461936978	0.742148140675683657	0.081072165905345745
G:	0.213408225472476655	0.249983503890836622	0.712607462416350191	0.034090523621320066	0.0355469953168081633	0.0215102690738908022	0.249284609064591279	0.0327788428554572833	0.837422841230110013	0.986212065404163206	0.00187949502961169218	0.00303831330807735155	0.000417968982381679447	0.00664607169147306807	0.161219540513396007	0.815578696534032533	0.375309625493769553	0.126571360892083909	0.462807397728240313	0.772975642393721362	0.0767234800887858698	0.423427712577465218
T:	0.150844799166453124	0.285515728978819569	0.137878940082598464	0.139029885391538145	0.178140743926907008	0.13431330180164088	0.29397476315456149	0.479117576245185182	0.000776915580331094322	0.0117735097058786121	0.992600286108087369	0.00147259733162924248	0.00361798476377446091	0.00252676598428431679	0.0333257269691576502	0.0214818625667041045	0.242590379445243275	0.218516759416625002	0.188100112954293297	0.136559176632464982	0.0388205811279962752	0.236194524164609694



