1	CGTTGACC	0.496398525908278737


A:	0.253565694915630701	0.704946204963933597	0.245139129330280145	0.0573502091588463129	0.0602354563448053719	0.300746333353181154	0.0997856143686320786	0.043244446318567628	0.0239595224215056974	0.00240257628235085268	0.00484070438105481101	0.00170561316584114718	0.991165627125279758	0.00934479518541394491	0.00440620129561342056	0.502045108964429396	0.380542779810149067	0.22007845164176189	0.00673362281198258283	0.0390678529080952574	0.327119866811649892	0.381727782562947198
C:	0.26797266612276726	0.0970123902708348547	0.545945836642868274	0.744382187587548963	0.04987270884040749	0.154858495300844889	0.321470471281974656	0.893473870448534348	0.00436858713280740995	0.0166283572718993351	0.000964847347522586554	0.00227609169601756333	0.00184418360340219726	0.988112734877416991	0.7165842728716874	0.0968052677376842689	0.145362094540330545	0.0747423951480791454	0.277580410541404898	0.0477553012671008875	0.216401218216662197	0.165680916972500449
G:	0.164115774350026288	0.10571915017812942	0.0435393893165497193	0.150664405257200091	0.354370304459351471	0.219783891834946328	0.413268206997606078	0.0146589428716646909	0.927632863779946773	0.000945801159509099012	0.0049922938909334397	0.991423065113350717	0.00196173611748279076	0.00143899112634514323	0.00577568315472879667	0.0770798138422031613	0.105645397122676362	0.257469429121874199	0.00344042759044748191	0.0684277161827873064	0.0914829766975787073	0.248040660844517607
T:	0.314345864611575751	0.0923222545871021285	0.165375644710301862	0.0476031979964046328	0.535521530355435667	0.324611279511027629	0.165475707351787188	0.0486227403612333327	0.0440390266657401199	0.980023265286240713	0.989202154380489163	0.00459523002479057267	0.00502845315383525433	0.00110347881082392106	0.273233842677970383	0.324069809455683173	0.368449728526844026	0.447709724088284765	0.712245539056165037	0.844749129642016549	0.364995938274109203	0.204550639620034745



2	A..GGTCAAC	0.494583953680727874


A:	0.448176641380159848	0.0804887983826559934	0.179234430255977126	0.332133650213384035	0.919632841050717665	0.412051960939812667	0.607075005156828942	0.341925203239551301	0.144922003484177498	0.459893790399051789	0.00267018887821349936	0.00153164380664133586	0.00140922338776768594	0.976649346808517875	0.968099436489849269	0.0687598476310500363	0.0486227403612333328	0.117080114327398984	0.159121318693557186	0.0994682557023363706	0.0378390013452274297	0.391525417639571063	0.665801347605017642
C:	0.144653346912450359	0.8028244984515653	0.401393554743968309	0.0194288070547014458	0.0337018109562170316	0.393857653557522808	0.162825838316558392	0.129824959884263748	0.231667846319871795	0.00807036801700599011	0.00107968415989067897	0.0106325947278885032	0.9879700865215614	0.0167672131850777616	0.00183741825225633508	0.892209896914156344	0.0146589428716646909	0.407173025774011322	0.219037098155838197	0.091136048432243028	0.0132858851014178219	0.299454876694073851	0.0356810501517714269
G:	0.129542499640451262	0.0521858320444774977	0.161048725122448132	0.410759959438840389	0.0231457037043718783	0.022212405257142729	0.062523736912727948	0.315336950733885419	0.097230159011740556	0.523210291959904185	0.986038306246562049	0.00145028740523219632	0.0041339974461910607	0.00120918370821003768	0.0278301621098154132	0.0105736736399657093	0.893473870448534348	0.329355747955748893	0.279960426071537444	0.638454943895155136	0.930574862923402308	0.281528832577183495	0.175338128101233497
T:	0.277627512066938531	0.0645008711213012084	0.258323289877606433	0.23767758329307413	0.0235196442886934252	0.171877980245521796	0.167575419613884718	0.212912886142299532	0.526179991184210151	0.00882554962403803602	0.0102118207153337725	0.986385474060237965	0.0064866926444798529	0.00537425629819432563	0.00223298314807898316	0.0284565818148279108	0.043244446318567628	0.146391111942840801	0.341881157079067173	0.170940751970265465	0.0183002506299524401	0.027490873089171591	0.123179474141977434



3	AAGTCAAC	0.494304928284282098


A:	0.355646635843983381	0.27853058828815536	0.0615852248839309014	0.587957567661609633	0.254484764064094146	0.807466881007282084	0.409254207329331428	0.697433436986978183	0.664473386251765978	0.00589835609612369236	0.00362502261090849037	0.00333937510200202146	0.976181293191621254	0.959561776880772065	0.133320154179995121	0.0532393160582486346	0.0813772954870865773	0.121763479180475232	0.294714040011512834	0.335579746931075175	0.631469649055617829	0.547523779922482718
C:	0.218656275009758522	0.0688979388533623721	0.430517950155976057	0.0277880167840782585	0.439011422114178747	0.0340716790099794457	0.189924818013966416	0.0835190591200726279	0.00873040301397353	0.00242177086500242415	0.00432574007180913169	0.988597189490981055	0.0139666159124447853	0.00566208037856585843	0.824408444964229462	0.0346839865246508554	0.686424331445156301	0.125380381386282218	0.0880118525906282834	0.0722984648060428928	0.283796565944557928	0.0537578851327042617
G:	0.0997777779137368714	0.481144464701588708	0.104127405492587319	0.3495558554420093	0.0903397421748390422	0.0827708483659286868	0.272550360693329226	0.0459185110405449001	0.318950314870904129	0.982608400802359231	0.00392757643255716461	0.00313560576890148788	0.00243030144376534835	0.0304275634732067375	0.00961361655061943682	0.845929939626956315	0.196413627593698197	0.202612535389026586	0.202586325925763528	0.411013385960077575	0.0357790571483930143	0.278552916167257057
T:	0.325919311232521226	0.17142700815689356	0.403769419467505723	0.0346985601123028086	0.216164071646888065	0.075690591616809784	0.12827061396337293	0.173128992852404289	0.00784589586335636233	0.00907147223651465264	0.988121660884725213	0.00492782963811543544	0.00742178945216861205	0.00434857926745533923	0.0326577843051559802	0.0661467577901441954	0.0357847454740589246	0.550243604044215964	0.414687781472095355	0.181108402302804357	0.0489547278514312282	0.120165418777555963



4	AGTCAAC.C	0.494019554320313663


A:	0.27853058828815536	0.0615852248839309014	0.587957567661609633	0.254484764064094146	0.807466881007282084	0.409254207329331428	0.697433436986978183	0.515556015975437538	0.00332882436877087107	0.00599018102954299662	0.0051114382699441431	0.985139330616599755	0.964762462939517405	0.119217482228770622	0.0532393160582486346	0.0813772954870865773	0.121763479180475232	0.294714040011512834	0.335579746931075175	0.631469649055617829	0.547523779922482718	0.271868439869000171	0.155985549989022647
C:	0.0688979388533623721	0.430517950155976057	0.0277880167840782585	0.439011422114178747	0.0340716790099794457	0.189924818013966416	0.0835190591200726279	0.00666772971188034059	0.00235098152027571874	0.00299858273341788945	0.99032367784654559	0.00564147145466925248	0.0016799865865694111	0.849580486873441876	0.0346839865246508554	0.686424331445156301	0.125380381386282218	0.0880118525906282834	0.0722984648060428928	0.283796565944557928	0.0537578851327042617	0.241786956757820898	0.322101869628494441
G:	0.481144464701588708	0.104127405492587319	0.3495558554420093	0.0903397421748390422	0.0827708483659286868	0.272550360693329226	0.0459185110405449001	0.47355112807998616	0.985473723303211036	0.00410320741673358278	0.00271192180369187453	0.00382836896726376718	0.0312490676500370122	0.0086241230740455927	0.845929939626956315	0.196413627593698197	0.202612535389026586	0.202586325925763528	0.411013385960077575	0.0357790571483930143	0.278552916167257057	0.259551274871247342	0.0601503932541039076
T:	0.17142700815689356	0.403769419467505723	0.0346985601123028086	0.216164071646888065	0.075690591616809784	0.12827061396337293	0.173128992852404289	0.00422512623269596184	0.00884647080774237465	0.986908028820305531	0.00185296207981839229	0.00539082896146722534	0.00230848282387617157	0.0225779078237419093	0.0661467577901441954	0.0357847454740589246	0.550243604044215964	0.414687781472095355	0.181108402302804357	0.0489547278514312282	0.120165418777555963	0.226793328501931588	0.461762187128379004



5	GTTGACCA	0.493941706372840977


A:	0.123179474141977434	0.027490873089171591	0.0183002506299524401	0.170940751970265465	0.341881157079067173	0.146391111942840801	0.043244446318567628	0.0675448637104641008	0.00522339437375710181	0.0100300469891954863	0.00253303552426107855	0.991796594723386552	0.00323710052070707059	0.0058435953262777518	0.526179991184210151	0.212912886142299532	0.167575419613884718	0.171877980245521796	0.0235196442886934252	0.23767758329307413	0.258323289877606433	0.0645008711213012084
C:	0.175338128101233497	0.281528832577183495	0.930574862923402308	0.638454943895155136	0.279960426071537444	0.329355747955748893	0.893473870448534348	0.00999828156767901476	0.0255374427211835316	0.000719072388222809085	0.00346341770502521366	0.00175554803868432525	0.989662402557612362	0.790291154998166422	0.097230159011740556	0.315336950733885419	0.062523736912727948	0.022212405257142729	0.0231457037043718783	0.410759959438840389	0.161048725122448132	0.0521858320444774977
G:	0.0356810501517714269	0.299454876694073851	0.0132858851014178219	0.091136048432243028	0.219037098155838197	0.407173025774011322	0.0146589428716646909	0.769105592093104951	0.00097456331317319281	0.0100686546017249447	0.988909233770496696	0.00300981430583434108	0.00254968773700512755	0.0157558497867604632	0.231667846319871795	0.129824959884263748	0.162825838316558392	0.393857653557522808	0.0337018109562170316	0.0194288070547014458	0.401393554743968309	0.8028244984515653
T:	0.665801347605017642	0.391525417639571063	0.0378390013452274297	0.0994682557023363706	0.159121318693557186	0.117080114327398984	0.0486227403612333327	0.153351262628751934	0.968264599591886174	0.97918222602085676	0.00509431300021701159	0.0034380429320947819	0.00455080918467543952	0.188109399888795363	0.144922003484177498	0.341925203239551301	0.607075005156828942	0.412051960939812667	0.919632841050717665	0.332133650213384035	0.179234430255977126	0.0804887983826559934



