1	CGTTGACC	0.496820404010323605


A:	0.30751274730231827	0.503856931753959883	0.248701730884086507	0.245688883234659462	0.028660944969116507	0.356870959793610735	0.10939426209824134	0.0195292094097811526	0.00928460616989432245	0.00190277605450309529	0.00288530560515501896	0.00260948962972460783	0.984167331235918269	0.0069524345934210457	0.00414255038662195361	0.306731281728949615	0.363866537073080612	0.220639090888825118	0.00799913824772669921	0.0478699649006779655	0.318652307348342289	0.201582264968369131
C:	0.144498428278363707	0.189647596763620601	0.571270048455522743	0.490894951812980217	0.0274456361123751361	0.207882212950778387	0.19533021807801755	0.955832145257400634	0.000992165256663605576	0.0105349159220876315	0.00191566656165660053	0.00229233728879414441	0.002368086296960637	0.988067154182925916	0.827655056785452315	0.168905381188405691	0.0968070652496201161	0.11565010546321623	0.344174137967304282	0.0330980904995458256	0.302649140688471625	0.252981142168945857
G:	0.174786142595456488	0.0798107571445234418	0.0709789026386601717	0.207480490753675477	0.356243795413596277	0.123474374601531989	0.507358440169963135	0.00606631153729090551	0.977077081989822506	0.00137318826636888129	0.00470594719251776552	0.986662082627264962	0.000940721568967325088	0.00246687714937536128	0.00411925872075982745	0.0834937376061181688	0.0962321471323815653	0.132269659992540015	0.00505157774267730491	0.115334910054154337	0.0535794255738498593	0.29239646147071956
T:	0.373202681823861535	0.226684714337896074	0.109049318021730578	0.0559356741986848443	0.58764962350491208	0.311772452654078888	0.187917079653777975	0.0185723337955273074	0.0126461465836195662	0.986189119757040392	0.990493080640670615	0.00843609045421628602	0.0125238608981537689	0.00251353407427767741	0.164083134107165904	0.440869599476526525	0.443094250544917707	0.531441143655418637	0.642775146042291714	0.803697034545621872	0.325119126389336227	0.253040131391965452



2	A..AGTCAAC	0.483957020199513623


A:	0.390741245791848876	0.0298252139338595918	0.508040617145944917	0.349567466764823395	0.900582419501276477	0.633008577838838232	0.868446293805228242	0.571566630283774388	0.592726155678728545	0.360688267549806331	0.0193157543685728503	0.0165817235830077998	0.0181066492717493197	0.966960158630214806	0.955811455002554734	0.0698756025619936585	0.0923225766459638752	0.127995738209488717	0.237140709242275523	0.5884970203735219	0.529841488734301085	0.0537877448240059481
C:	0.447157425253392253	0.50039463462470468	0.139404533855805462	0.0993696118893475498	0.0422439287540346198	0.0287873396379581554	0.0265635588910657611	0.133165758730669199	0.0615084883719329941	0.0054758516113114056	0.0050115845103734923	0.00465463704018100394	0.966077577609790053	0.0056560578596480529	0.00671926388390325926	0.915188735111733518	0.178333873474298826	0.523434931833473024	0.227318794040204651	0.318881945479898344	0.197240531769555428	0.0639877513652869214
G:	0.0373421721927325936	0.0864581203998496689	0.100568188849954827	0.292117635178251181	0.0229300930807904172	0.32953312333988683	0.0591665572372282095	0.060628930100087231	0.0641996710725202981	0.621819801006804602	0.930692921490111207	0.0141016132605990962	0.00284665179231370104	0.0107016848397123841	0.0335976392777968074	0.00722535881465825254	0.668778325342442005	0.145565759751351393	0.13607515712339941	0.0569777725989925862	0.105848392387637723	0.736226343166913042
T:	0.124759156762026277	0.383322031041586059	0.251986660148294795	0.258945286167577874	0.0342435586638984861	0.00867095918331678313	0.0458235900664777878	0.234638680885469182	0.281565684876818163	0.0120160798320776612	0.0449797396309424509	0.9646620261162121	0.012969121326146926	0.0166820986704247572	0.00387164183574519938	0.00771030351161457107	0.0605652245372952931	0.203003570205686866	0.399465339594120417	0.03564326154758717	0.167069587108505764	0.145998160643794088



3	GTCAACG..A	0.482840339470941486


A:	0.325119126389336227	0.803697034545621872	0.642775146042291714	0.531441143655418637	0.443094250544917707	0.440869599476526525	0.164083134107165904	0.0186322905793721208	0.0401263113073191223	0.0150082017010068315	0.982571745263371819	0.972752217331188088	0.0142379447807070625	0.057081956996513995	0.187917079653777975	0.311772452654078888	0.58764962350491208	0.0559356741986848443	0.109049318021730578	0.226684714337896074	0.373202681823861535	0.706131946148361826	0.526162717157492171
C:	0.0535794255738498593	0.115334910054154337	0.00505157774267730491	0.132269659992540015	0.0962321471323815653	0.0834937376061181688	0.00411925872075982745	0.00827057361803710645	0.00336237815662835366	0.969603910128658558	0.00847285130142748845	0.00222584294375298424	0.953303762480762833	0.0231319167156822076	0.507358440169963135	0.123474374601531989	0.356243795413596277	0.207480490753675477	0.0709789026386601717	0.0798107571445234418	0.174786142595456488	0.128353163834345067	0.0594406951676186938
G:	0.302649140688471625	0.0330980904995458256	0.344174137967304282	0.11565010546321623	0.0968070652496201161	0.168905381188405691	0.827655056785452315	0.959421211622820513	0.00207923186552046072	0.00309929650109693052	0.00551372350333142367	0.0172453670450687815	0.00286971623181349069	0.873653617613074497	0.19533021807801755	0.207882212950778387	0.0274456361123751361	0.490894951812980217	0.571270048455522743	0.189647596763620601	0.144498428278363707	0.0657056473729003855	0.314716929682301924
T:	0.318652307348342289	0.0478699649006779655	0.00799913824772669921	0.220639090888825118	0.363866537073080612	0.306731281728949615	0.00414255038662195361	0.0136759241797702601	0.954432078670532063	0.0122885916692376803	0.00344167993186926887	0.00777657267999014598	0.029588576506716614	0.0461325086747293001	0.10939426209824134	0.356870959793610735	0.028660944969116507	0.245688883234659462	0.248701730884086507	0.503856931753959883	0.30751274730231827	0.0998092426443927219	0.0996796579925872108



4	A..GGTCAAC	0.481349875930521092


A:	0.390741245791848876	0.0298252139338595918	0.508040617145944917	0.349567466764823395	0.900582419501276477	0.633008577838838232	0.824704200239141082	0.571566630283774388	0.592726155678728545	0.360688267549806331	0.00550057276762758624	0.00278291388076511834	0.00591461007905251763	0.983500258382815303	0.987615058443206565	0.0133349758318507424	0.0923225766459638752	0.127995738209488717	0.237140709242275523	0.5884970203735219	0.529841488734301085	0.0537877448240059481
C:	0.447157425253392253	0.50039463462470468	0.139404533855805462	0.0993696118893475498	0.0422439287540346198	0.0287873396379581554	0.0733748606514753157	0.133165758730669199	0.0615084883719329941	0.0054758516113114056	0.00306885384398947753	0.00756090603972340724	0.975152785012090862	0.00911344739171495661	0.00377561106664995972	0.966437510130985506	0.178333873474298826	0.523434931833473024	0.227318794040204651	0.318881945479898344	0.197240531769555428	0.0639877513652869214
G:	0.0373421721927325936	0.0864581203998496689	0.100568188849954827	0.292117635178251181	0.0229300930807904172	0.32953312333988683	0.0415381418918984883	0.060628930100087231	0.0641996710725202981	0.621819801006804602	0.9818156916395035	0.00308279191579611963	0.00588063334206033056	0.00305863815292422244	0.00639898394721543223	0.00362778769075540373	0.668778325342442005	0.145565759751351393	0.13607515712339941	0.0569777725989925862	0.105848392387637723	0.736226343166913042
T:	0.124759156762026277	0.383322031041586059	0.251986660148294795	0.258945286167577874	0.0342435586638984861	0.00867095918331678313	0.0603827972174851142	0.234638680885469182	0.281565684876818163	0.0120160798320776612	0.00961488174887943623	0.986573388163715355	0.0130519715667962896	0.00432765607254551786	0.00221034654292804345	0.0165997263464083478	0.0605652245372952931	0.203003570205686866	0.399465339594120417	0.03564326154758717	0.167069587108505764	0.145998160643794088



5	GCGTTGAC	0.480450913242009132


A:	0.0998092426443927219	0.30751274730231827	0.503856931753959883	0.248701730884086507	0.245688883234659462	0.028660944969116507	0.356870959793610735	0.10939426209824134	0.0305072115580291691	0.0253867395366521243	0.00651689630467131319	0.00777072319732626605	0.0132567239976840571	0.959460407464142311	0.0750737992160363661	0.00414255038662195361	0.306731281728949615	0.363866537073080612	0.220639090888825118	0.00799913824772669921	0.0478699649006779655	0.318652307348342289
C:	0.0657056473729003855	0.144498428278363707	0.189647596763620601	0.571270048455522743	0.490894951812980217	0.0274456361123751361	0.207882212950778387	0.19533021807801755	0.816262278369974742	0.00931524458045279437	0.032222442525288447	0.00735823927319526067	0.00481364114454226687	0.0105518989624459255	0.888392493834988046	0.827655056785452315	0.168905381188405691	0.0968070652496201161	0.11565010546321623	0.344174137967304282	0.0330980904995458256	0.302649140688471625
G:	0.128353163834345067	0.174786142595456488	0.0798107571445234418	0.0709789026386601717	0.207480490753675477	0.356243795413596277	0.123474374601531989	0.507358440169963135	0.0324000965675934932	0.921193259103208421	0.00738719675288507861	0.0158995857347311599	0.956327301279958666	0.00248803298823742505	0.024189254218663936	0.00411925872075982745	0.0834937376061181688	0.0962321471323815653	0.132269659992540015	0.00505157774267730491	0.115334910054154337	0.0535794255738498593
T:	0.706131946148361826	0.373202681823861535	0.226684714337896074	0.109049318021730578	0.0559356741986848443	0.58764962350491208	0.311772452654078888	0.187917079653777975	0.120830413504402596	0.0441047567796866603	0.953873464417155161	0.968971451794747313	0.0256023335778150102	0.0274996605851743387	0.0123444527303116515	0.164083134107165904	0.440869599476526525	0.443094250544917707	0.531441143655418637	0.642775146042291714	0.803697034545621872	0.325119126389336227



