1	AAAGTCAA	0.498957712924359738


A:	0.0436502739953071541	0.353285895096038576	0.165123539009016877	0.866084514881179067	0.611687124098558482	0.711866778555678091	0.529685695560126169	0.88313233658249745	0.949620134635061364	0.884481944284708518	0.00289560091972852761	0.00609437462180335479	0.00593860273727068993	0.988025373746419992	0.980222710126961187	0.100149206943326029	0.129490335415705067	0.32649022802170208	0.607895608737086877	0.0839583750288643985	0.0719630916163916213	0.0479417687382818519
C:	0.331201561745185301	0.087362427247407401	0.22885236219788615	0.055945702803029811	0.0148048731210673729	0.0296091568108839376	0.161098375630407164	0.02280471046696306	0.012144832412336004	0.00292096807181542935	0.00124739331362899227	0.00188622442704433734	0.990108854902427583	0.00349787575438376489	0.00139109013034050945	0.891172847888004122	0.155943228960616246	0.552503893600956469	0.163079899352799228	0.872759025290023283	0.228511467480632788	0.721615955861526954
G:	0.0439955347927488755	0.256314695754907934	0.496218538930062778	0.0339037721541029579	0.228976365412607763	0.237590284412023666	0.185476579457306727	0.0488205957928506314	0.0182758471013785933	0.108582919709718525	0.989585844781017589	0.000886060919613800312	0.00171542414792195311	0.00155587876427686286	0.0104949979701204045	0.00139233891428569049	0.572889271309083703	0.0425960144618137254	0.062572374683595329	0.00560028805586535761	0.262265648935505935	0.0346797571048416254
T:	0.581152629466758669	0.303036981901646089	0.109805559863034195	0.0440660101616881646	0.144531637367766383	0.0209337802214143053	0.123739349352159941	0.0452423571576888591	0.0199591858512240388	0.00401416793375752755	0.00627116098562489142	0.991133340031538508	0.00223711821237977385	0.00692087173491938038	0.00789120177257789946	0.00728560625438415852	0.141677164314594984	0.0784098639155277263	0.166452117226518566	0.0376823116252469608	0.437259791967469656	0.195762518295349569



2	CGTTGACC	0.498870855668056383


A:	0.306160601310657142	0.689109859711850012	0.303163636334498785	0.0422497102865108825	0.0529427715895446767	0.368612283655544881	0.0957583444450226955	0.0135078805646292641	0.00589269324614904335	0.000823989189164339503	0.00203227504864998935	0.0013168714448073591	0.992764391773444518	0.0088807106448255138	0.00233388341894649359	0.496303344361641166	0.236653715139159785	0.229170942934076555	0.0032668467875145232	0.016887724098933692	0.223935105174172712	0.296547413500672726
C:	0.284412907573933811	0.0899887267353772986	0.553286694071056676	0.816279890251304917	0.0488495352918094917	0.141915224071067345	0.237056016298980566	0.971755279834400114	0.000414003020465446011	0.0342714017749639587	0.0013259512499585933	0.00181378947168094842	0.00215201944716612329	0.988802438937823014	0.612948693066909081	0.0823757316669313323	0.0686983689795980258	0.0979907960199300208	0.476185430033377209	0.0158699885808334968	0.169580636233496462	0.189639472280742821
G:	0.196328134768814149	0.15493476725604201	0.0259731990580816201	0.116888369552559494	0.378520329367798831	0.238585602949680246	0.473649455583716955	0.00393202012955472625	0.955082086937981103	0.000372239929688279174	0.00423957160561535298	0.991918457634983514	0.0013034291443724812	0.000662276249585672981	0.00193217613156346464	0.0612199590909774559	0.098662892622158551	0.220730961656155545	0.00339260116821861573	0.0692473971775015093	0.123036962534851479	0.182442054433859925
T:	0.213098356346594897	0.0659666462967306795	0.117576470536362919	0.0245820299096247063	0.519687363750847	0.250886889323707528	0.193536183672279783	0.0108048194714158952	0.038611216795404408	0.964532369106183423	0.992402202095776064	0.00495088144852817825	0.00378015963501687773	0.00165457416776579881	0.382785247382580961	0.360100964880450046	0.595985023259083638	0.452107299389837879	0.517155122010889653	0.897994890142731302	0.483447296057479346	0.331371059784724528



3	AAGTCAAC	0.498811975780435754


A:	0.113095855538293002	0.154088909432481602	0.79176756395019335	0.969532523866522688	0.46388651661556409	0.672341258775061129	0.676212838091917013	0.888331112855900593	0.75015186596783353	0.00194945744562838871	0.00184762869442155221	0.00273582423190444731	0.990652780218073986	0.964929097484125978	0.100149206943326029	0.133239610353003338	0.241527268294919469	0.410479396939456463	0.824095578150278147	0.720684842801229688	0.275963060873766014	0.212792255477107691
C:	0.164644904500302577	0.125093278153710557	0.16731469206996849	0.00294306602679388879	0.0238692518502430688	0.124633988438594261	0.0694707778666437269	0.0230524074560073326	0.00182703611460182666	0.000826972521395583994	0.0024438006660103043	0.99307951902651339	0.00547289184484119952	0.000769412201463419559	0.891172847888004122	0.0239795863550284074	0.539503052886449008	0.223156637350683133	0.0952296532671817747	0.0368427969169446516	0.440904869433904145	0.107191338496593885
G:	0.491028217467080053	0.327110480037160111	0.0194708956968243466	0.0253910610310161283	0.508814398723304205	0.12861307474526637	0.116697775715346528	0.0224383272929461673	0.245957703821449265	0.988122222907492823	0.00301369773976862591	0.00207633069937368381	0.000957766267912839963	0.0332095545356580612	0.00139233891428569049	0.790807635596590014	0.131144106379924094	0.151343015699663427	0.00308875484053542287	0.178010771928563708	0.208801176265784584	0.368719605554406483
T:	0.231231022494324368	0.39370733237664773	0.0214468482830138138	0.0021333490756672951	0.00342983281088863658	0.0744116780410782405	0.137618608326092732	0.0661781523951459069	0.00206339409611537792	0.00910134712548320414	0.992694872899799518	0.00210832604220847872	0.00291656166917197468	0.00109193577875254112	0.00728560625438415852	0.0519731676953782403	0.0878255724387074294	0.215020950010196977	0.0775860137420046552	0.0644615883532619516	0.0743308934265452567	0.311296800471891941



4	A..GTCAACG	0.498683143911194931


A:	0.0237393623418827243	0.331371059784724528	0.483447296057479346	0.897994890142731302	0.517155122010889653	0.452107299389837879	0.595985023259083638	0.360100964880450046	0.382785247382580961	0.00272252717252381819	0.00464048515817998541	0.00331929562543612933	0.990844860131967753	0.966329018136204854	0.0351324792727764849	0.0412050638635120101	0.193536183672279783	0.250886889323707528	0.519687363750847	0.0245820299096247063	0.117576470536362919	0.0659666462967306795	0.213098356346594897
C:	0.443064344334712858	0.182442054433859925	0.123036962534851479	0.0692473971775015093	0.00339260116821861573	0.220730961656155545	0.098662892622158551	0.0612199590909774559	0.00193217613156346464	0.000495243287834640962	0.00106828792131574271	0.992757462146306012	0.00497116997602803838	0.000835797000962806543	0.941106315586402924	0.0160054273928050158	0.473649455583716955	0.238585602949680246	0.378520329367798831	0.116888369552559494	0.0259731990580816201	0.15493476725604201	0.196328134768814149
G:	0.0458194777568414926	0.189639472280742821	0.169580636233496462	0.0158699885808334968	0.476185430033377209	0.0979907960199300208	0.0686983689795980258	0.0823757316669313323	0.612948693066909081	0.98099158438513258	0.00224108598192175806	0.00192957470852947546	0.00176394807668512405	0.0314564139498571445	0.00349848203732179086	0.87646413693866239	0.237056016298980566	0.141915224071067345	0.0488495352918094917	0.816279890251304917	0.553286694071056676	0.0899887267353772986	0.284412907573933811
T:	0.487376815566562925	0.296547413500672726	0.223935105174172712	0.016887724098933692	0.0032668467875145232	0.229170942934076555	0.236653715139159785	0.496303344361641166	0.00233388341894649359	0.015790645154508961	0.992050140938582514	0.00199366751972838356	0.00242002181531908445	0.0013787709129751951	0.0202627231034988005	0.0663253718050205837	0.0957583444450226955	0.368612283655544881	0.0529427715895446767	0.0422497102865108825	0.303163636334498785	0.689109859711850012	0.306160601310657142



5	GCGTTGAC	0.498650610482430018


A:	0.129371810055611539	0.306160601310657142	0.689109859711850012	0.303163636334498785	0.0422497102865108825	0.0529427715895446767	0.368612283655544881	0.0957583444450226955	0.0582970180332458433	0.0216631411506638348	0.00384352802826291483	0.00440018361918535379	0.00303118981998375788	0.987280940325313317	0.0564426166441149833	0.00233388341894649359	0.496303344361641166	0.236653715139159785	0.229170942934076555	0.0032668467875145232	0.016887724098933692	0.223935105174172712
C:	0.0692662559167679872	0.284412907573933811	0.0899887267353772986	0.553286694071056676	0.816279890251304917	0.0488495352918094917	0.141915224071067345	0.237056016298980566	0.820936267065179233	0.00853879721107249278	0.0352438215497883153	0.00252140648017546051	0.00230349846462233447	0.00372066969714770671	0.938911489911980693	0.612948693066909081	0.0823757316669313323	0.0686983689795980258	0.0979907960199300208	0.476185430033377209	0.0158699885808334968	0.169580636233496462
G:	0.156995214483284449	0.196328134768814149	0.15493476725604201	0.0259731990580816201	0.116888369552559494	0.378520329367798831	0.238585602949680246	0.473649455583716955	0.0318434473461931989	0.896082256828262595	0.00289947638591688581	0.0111694715086767845	0.985253560112533009	0.00200872986882199812	0.00169034840590184225	0.00193217613156346464	0.0612199590909774559	0.098662892622158551	0.220730961656155545	0.00339260116821861573	0.0692473971775015093	0.123036962534851479
T:	0.644366719544336025	0.213098356346594897	0.0659666462967306795	0.117576470536362919	0.0245820299096247063	0.519687363750847	0.250886889323707528	0.193536183672279783	0.0889232675553817248	0.073715804810001077	0.958013174036031884	0.981908938391962401	0.00941175160286089911	0.00698966010871697805	0.00295554503800248127	0.382785247382580961	0.360100964880450046	0.595985023259083638	0.452107299389837879	0.517155122010889653	0.897994890142731302	0.483447296057479346



