1	CGGTCAAC	0.496804924429516942


A:	0.369188318349251194	0.312909612846714986	0.354162844088345893	0.115624298272736129	0.347823569394196556	0.21179050174798493	0.3049526338879511	0.0256330660511402712	0.0935649179963594812	0.0013070040894408065	0.00243220864938752186	0.0114482590346714482	0.980859690566484312	0.941074441413269689	0.0528966288570679924	0.0375444857569569284	0.228084240246350228	0.488933068581477608	0.040267977579442724	0.382598105449421659	0.127727082310288668	0.275005444812514732
C:	0.18952442028840278	0.146748189343008927	0.129567808800718864	0.362898087724435862	0.124609015964040054	0.168173580970495532	0.295851989426448177	0.702341622356590955	0.0026755758046437097	0.000571571282855262057	0.00344780836004465708	0.986303389432191797	0.0151557561334673922	0.000473432057945556581	0.923759774320030777	0.30214585730166876	0.500714448611143243	0.184926540907022677	0.233518145463352733	0.0986431386429043069	0.185222279464033382	0.179571540088394565
G:	0.124342590038004478	0.210972332269548769	0.106926117273837016	0.382928784362826275	0.371973881623655244	0.553680830550002297	0.0672439848071765102	0.0194313259711975607	0.903445810785451102	0.978089934479297631	0.00141743526100312311	0.00114482590346714482	0.000353619977544921279	0.055171276505014367	0.00942966732057932657	0.544433793014171158	0.109596405142272023	0.0918553384413298186	0.143901987251458021	0.265941088507721258	0.605022127710143479	0.353230006736980091
T:	0.316944671324341548	0.329369865540727318	0.409343229837098228	0.138548829640001733	0.155593533018108146	0.0663550867315172417	0.331951391878424213	0.252593985621071214	0.000313695413545707005	0.0200314901484063008	0.992702547729564698	0.00110352562966960985	0.00363093332250337487	0.00328085002377038743	0.0139139295023219037	0.115875863927203154	0.161604906000234507	0.234285052070169897	0.582311889705746522	0.252817667399952776	0.0820285105155344707	0.192193008362110612



2	G..GGTCAAC	0.496542697683607448


A:	0.0647255518784870611	0.369188318349251194	0.312909612846714986	0.354162844088345893	0.115624298272736129	0.347823569394196556	0.21179050174798493	0.3049526338879511	0.0256330660511402712	0.201570656926117461	0.00350168364201021866	0.00292787265675838527	0.00800766480313498138	0.983949551034034999	0.939940804190665222	0.0612840358559995704	0.0375444857569569284	0.228084240246350228	0.488933068581477608	0.040267977579442724	0.382598105449421659	0.127727082310288668	0.275005444812514732
C:	0.230047317033707703	0.18952442028840278	0.146748189343008927	0.129567808800718864	0.362898087724435862	0.124609015964040054	0.168173580970495532	0.295851989426448177	0.702341622356590955	0.00346451435349490114	0.000974407677105866437	0.00258992382188262455	0.989576016606549678	0.0111723962978861304	0.000568547886733064177	0.926576088286382316	0.30214585730166876	0.500714448611143243	0.184926540907022677	0.233518145463352733	0.0986431386429043069	0.185222279464033382	0.179571540088394565
G:	0.104385541730853787	0.124342590038004478	0.210972332269548769	0.106926117273837016	0.382928784362826275	0.371973881623655244	0.553680830550002297	0.0672439848071765102	0.0194313259711975607	0.794224374773243242	0.985731461569242404	0.00125341071342421001	0.00160630437713608973	0.000725201595650634727	0.0548036649838521952	0.00628502032836990905	0.544433793014171158	0.109596405142272023	0.0918553384413298186	0.143901987251458021	0.265941088507721258	0.605022127710143479	0.353230006736980091
T:	0.600841589356951449	0.316944671324341548	0.329369865540727318	0.409343229837098228	0.138548829640001733	0.155593533018108146	0.0663550867315172417	0.331951391878424213	0.252593985621071214	0.000740453947144395099	0.0097924471116415111	0.99322879280793478	0.000810014213179250993	0.00415285107242823605	0.00468698293874951848	0.00585485552924820434	0.115875863927203154	0.161604906000234507	0.234285052070169897	0.582311889705746522	0.252817667399952776	0.0820285105155344707	0.192193008362110612



3	C.GGTCAAC	0.496338963797105744


A:	0.0647255518784870611	0.369188318349251194	0.312909612846714986	0.354162844088345893	0.115624298272736129	0.347823569394196556	0.21179050174798493	0.3049526338879511	0.0256330660511402712	0.391750969614494282	0.00144874850744980162	0.00415831739100324629	0.0136417670085733482	0.970179780169935719	0.8805545849774022	0.176022063554551513	0.0375444857569569284	0.228084240246350228	0.488933068581477608	0.040267977579442724	0.382598105449421659	0.127727082310288668	0.275005444812514732
C:	0.230047317033707703	0.18952442028840278	0.146748189343008927	0.129567808800718864	0.362898087724435862	0.124609015964040054	0.168173580970495532	0.295851989426448177	0.702341622356590955	0.00948690744057444572	0.000701275771885425043	0.0028758179131951925	0.984174359422271204	0.0238927621921517364	0.000554926480556851572	0.790003406014494569	0.30214585730166876	0.500714448611143243	0.184926540907022677	0.233518145463352733	0.0986431386429043069	0.185222279464033382	0.179571540088394565
G:	0.104385541730853787	0.124342590038004478	0.210972332269548769	0.106926117273837016	0.382928784362826275	0.371973881623655244	0.553680830550002297	0.0672439848071765102	0.0194313259711975607	0.597865963925642409	0.981120088953177051	0.000942727952880135792	0.000989972353967877028	0.00133169839181705262	0.11327427279651757	0.0128138757962887955	0.544433793014171158	0.109596405142272023	0.0918553384413298186	0.143901987251458021	0.265941088507721258	0.605022127710143479	0.353230006736980091
T:	0.600841589356951449	0.316944671324341548	0.329369865540727318	0.409343229837098228	0.138548829640001733	0.155593533018108146	0.0663550867315172417	0.331951391878424213	0.252593985621071214	0.000896159019288863271	0.016729886767487722	0.992023136742921425	0.00119390121518757084	0.00459575924609549228	0.005616215745523379	0.0211606546346651229	0.115875863927203154	0.161604906000234507	0.234285052070169897	0.582311889705746522	0.252817667399952776	0.0820285105155344707	0.192193008362110612



4	G.GTTGACC	0.496234009976786684


A:	0.134621676774928509	0.0814372871009812211	0.192193008362110612	0.0820285105155344707	0.252817667399952776	0.582311889705746522	0.234285052070169897	0.161604906000234507	0.115875863927203154	0.00907232183308982096	0.00418873352438992931	0.00427110499444384443	0.000849896365877182355	0.992553187249832133	0.0166301575948723487	0.000809367221158657565	0.252593985621071214	0.331951391878424213	0.0663550867315172417	0.155593533018108146	0.138548829640001733	0.409343229837098228	0.329369865540727318
C:	0.333731619854762098	0.20221051528422399	0.353230006736980091	0.605022127710143479	0.265941088507721258	0.143901987251458021	0.0918553384413298186	0.109596405142272023	0.544433793014171158	0.00457731471330011571	0.0627861687029657657	0.00110013125412118001	0.0013526607517081932	0.00103820959508718691	0.981632653158404775	0.755436031291534924	0.0194313259711975607	0.0672439848071765102	0.553680830550002297	0.371973881623655244	0.382928784362826275	0.106926117273837016	0.210972332269548769
G:	0.363396033253919721	0.273068758388108095	0.179571540088394565	0.185222279464033382	0.0986431386429043069	0.233518145463352733	0.184926540907022677	0.500714448611143243	0.30214585730166876	0.828595808638181269	0.000331528014464090749	0.0213146666780957792	0.984391954553505883	0.00406193486449732438	0.000754180522625244296	0.00414744875268984301	0.702341622356590955	0.295851989426448177	0.168173580970495532	0.124609015964040054	0.362898087724435862	0.129567808800718864	0.146748189343008927
T:	0.168250670116389672	0.443283439226686694	0.275005444812514732	0.127727082310288668	0.382598105449421659	0.040267977579442724	0.488933068581477608	0.228084240246350228	0.0375444857569569284	0.157754554815428794	0.932693569758180214	0.973314097073339196	0.0134054883289087413	0.00234666829058335575	0.000983008724097632151	0.239607152734616576	0.0256330660511402712	0.3049526338879511	0.21179050174798493	0.347823569394196556	0.115624298272736129	0.354162844088345893	0.312909612846714986



5	CGTTGACC	0.496091990760245812


A:	0.0814372871009812211	0.192193008362110612	0.0820285105155344707	0.252817667399952776	0.582311889705746522	0.234285052070169897	0.161604906000234507	0.115875863927203154	0.0288571951040758825	0.00343403067746024173	0.00501942746298874172	0.00103072704796845756	0.992435378015141171	0.0195580493070438281	0.000993999801602164397	0.252593985621071214	0.331951391878424213	0.0663550867315172417	0.155593533018108146	0.138548829640001733	0.409343229837098228	0.329369865540727318
C:	0.20221051528422399	0.353230006736980091	0.605022127710143479	0.265941088507721258	0.143901987251458021	0.0918553384413298186	0.109596405142272023	0.544433793014171158	0.0143226304771760369	0.154104022300898257	0.000531443865266420733	0.000814601522881080304	0.000820780442685691126	0.977858588633248023	0.770961626768849575	0.0194313259711975607	0.0672439848071765102	0.553680830550002297	0.371973881623655244	0.382928784362826275	0.106926117273837016	0.210972332269548769
G:	0.273068758388108095	0.179571540088394565	0.185222279464033382	0.0986431386429043069	0.233518145463352733	0.184926540907022677	0.500714448611143243	0.30214585730166876	0.800503928778094761	0.000569372956607783602	0.026210539767391873	0.986878713258895215	0.00353184569907877478	0.000691603474648558065	0.0150987833409412796	0.702341622356590955	0.295851989426448177	0.168173580970495532	0.124609015964040054	0.362898087724435862	0.129567808800718864	0.146748189343008927
T:	0.443283439226686694	0.275005444812514732	0.127727082310288668	0.382598105449421659	0.040267977579442724	0.488933068581477608	0.228084240246350228	0.0375444857569569284	0.15631624564065332	0.841892574065033718	0.968238588904352965	0.0112759581702552474	0.00321199584309436329	0.0018917585850595905	0.212945590088606981	0.0256330660511402712	0.3049526338879511	0.21179050174798493	0.347823569394196556	0.115624298272736129	0.354162844088345893	0.312909612846714986



