1	CGTTGACC	0.498253548739328966


A:	0.322119381631493611	0.25715715234185951	0.0983057486554621552	0.471658299608046039	0.235467565423187863	0.207888217465623714	0.120708633829792961	0.039363350081952032	0.0134627799348588466	0.00370856274176296542	0.0034325970243449011	0.00223547947999867105	0.990506985511973637	0.00751817266874939563	0.00672427736612734153	0.443978939874494878	0.263702371482619281	0.181784322853055114	0.198068641767720641	0.178231358122540586	0.429313380643181399	0.208828288675929791
C:	0.415297850904414346	0.311652554777994646	0.0552813849727419657	0.454525359651777573	0.14477552165449867	0.116119959193934814	0.51377219010315649	0.836305166845506112	0.0101801152325175737	0.00724595138135837594	0.00216547124261501473	0.00593129179540949508	0.00200526815312360107	0.987717433681049116	0.766617246218955636	0.0544311134439356323	0.325281878064399274	0.045882583760982154	0.0711388832579586928	0.0152820507595411326	0.240132082479575439	0.256212809100819268
G:	0.108484091658335288	0.0367608202644563004	0.743276399854862159	0.0231070064802566133	0.378079025485966281	0.338018901873059698	0.287521939181287206	0.0262796563559568438	0.841019728276959418	0.00326257693980837219	0.0105650546632376148	0.988577591587410497	0.00238733516614642048	0.00312762033017645353	0.00553559672514766473	0.398450932527880789	0.089611559513414169	0.161518031232032714	0.129506603627106256	0.513313186754627881	0.0738694150988406221	0.260947821937591229
T:	0.154098675805756755	0.394429472615689543	0.10313646651693372	0.0507093342599197741	0.241677887436347186	0.337972921467381774	0.0779972368857633422	0.0980518267165850116	0.135337376555664161	0.985782908937070286	0.983836877069802469	0.00325563713718133675	0.005100411168756341	0.00163677332002503507	0.221122879689769357	0.1031390141536887	0.321404190939567275	0.610815062153930018	0.60128587134721441	0.293173404363290401	0.25668512177840254	0.274011080285659713



2	AAAGTCAA	0.497630037720865595


A:	0.0726254475299747609	0.225834187658411999	0.238037131002194997	0.937498870015237662	0.380905686274561448	0.464382393949510279	0.4014679906987684	0.884880132667869832	0.865809850150500737	0.876106246391076812	0.00433426477178483713	0.00523249456697539855	0.00781084960612465951	0.95629131432540472	0.95848644955936381	0.40568769488142139	0.240701640644752124	0.447484088291533497	0.0857826667934436243	0.521179560743477397	0.193611301261987978	0.109299829905500218
C:	0.339275592868884854	0.122691204316690718	0.205456945008958123	0.0215083495888640462	0.0162648467432265216	0.0597223560472338595	0.345578533837875982	0.0342919166935464478	0.0155048812914409888	0.0213416264893127522	0.00448404889884307883	0.00318581513079270516	0.9848967354946228	0.0250467519701756408	0.0152953560535753471	0.5203130897386563	0.1075372988823751	0.202198597412081244	0.0300663435947656661	0.149237481112109502	0.276905361375794934	0.500738525307855391
G:	0.189893756622121901	0.157684058157577205	0.490829233868573297	0.0130821420450671349	0.497489327080104801	0.363113659302925682	0.156601802944579937	0.0487795026068755092	0.0314749917070791083	0.0996716089959632232	0.984614317365049894	0.00347676935691726192	0.00160062007049673872	0.00391870220357554581	0.0137393102394996424	0.0443868509750986624	0.516404580897211677	0.225789285177599817	0.109356893934388992	0.19849145355752959	0.499698424849495629	0.16234298116286993
T:	0.398205202979018484	0.493790549867320078	0.0656766901202735824	0.0279106383508311568	0.10534013990210723	0.112781590700330179	0.0963516725187756805	0.0320484480317082111	0.0872102768509791658	0.00288051812364721266	0.00656736896432219033	0.988104920945314634	0.00569179482875580194	0.0147432315008440937	0.0124788841475612003	0.0296123644048236466	0.135356479575661099	0.124528029118785443	0.774794095677401718	0.131091504586883511	0.0297849125127214594	0.227618663623774461



3	AGTCAACG	0.496894853087155053


A:	0.144510192043164666	0.27781000745129391	0.0518059224131385891	0.11073652940561612	0.768237900443275479	0.550554274811755825	0.505691475366293871	0.221122879689769357	0.00828434927314678251	0.0157492920211879635	0.0119640309020515397	0.95631302508125158	0.960205752291140455	0.0845788362802908222	0.13320753977165685	0.124127564862955782	0.22942385519246677	0.754495907882891618	0.147267702879783313	0.0834645582070563992	0.401724632619114585	0.327208354210373298
C:	0.0999766264689045812	0.173331197489037765	0.139526098924332088	0.141937063219899085	0.0353682855729835696	0.156889150761969363	0.145284393908360061	0.00553559672514766473	0.00464201442988623531	0.00328702976819516329	0.969844563843808911	0.0156522426024545371	0.0175290413793475676	0.836893774376357491	0.0920739999620881158	0.642502802963066949	0.173090107827402758	0.0685329660511726662	0.0337463308669227449	0.675780204683815056	0.0737180671280733145	0.246682986861093912
G:	0.687133836992484547	0.421402903152979002	0.684619448717191543	0.552248672926762164	0.0842982016038646207	0.156461823156623465	0.105377563092176049	0.766617246218955636	0.965408650895780019	0.00702587703146678991	0.00475937591494739136	0.00719306911031266938	0.0136779840632587855	0.0443270710930579216	0.72098023467199436	0.125506003447036824	0.139536688792865553	0.126447247581540047	0.793505771054071511	0.121191771561900033	0.36957887549810362	0.122564973638924042
T:	0.0683793444954462058	0.127455891906689323	0.12404852994533778	0.19507773444772263	0.11209561237987633	0.136094751269651348	0.243646567633170019	0.00672427736612734153	0.0216649854011869628	0.973937801179150083	0.013432029339192158	0.0208416632059812141	0.00858722226625319237	0.0342003182502937649	0.0537382255942606751	0.107863628726940445	0.457949348187264919	0.0505238784843956687	0.0254801951992224313	0.119563465547228512	0.15497842475470848	0.303543685289608749



4	CGTTGAC.A	0.496029579631743511


A:	0.32428856854929781	0.189378283477856151	0.0707954912950113072	0.286260781252351763	0.0333422568554669874	0.167209812247289394	0.181161731531634323	0.129246050230074743	0.0571568584894172544	0.0344506550823915753	0.0204526904940687555	0.0229876652718954669	0.9586092449177013	0.0219148524551969553	0.00672427736612734153	0.563912573457825514	0.217878780163458874	0.21791249549947487	0.0144802476595037234	0.0950617625863114202	0.167727162765803534	0.240622914575619963	0.442863198445094199
C:	0.195403185633710877	0.383887487790792845	0.446938416445839456	0.494714559250063096	0.0504780442134151798	0.140606907722648084	0.16346962967318759	0.744447278446577769	0.0271738819253127579	0.0108291237788122057	0.0115201427342688682	0.00914976573951955338	0.00416811300924019588	0.960872212939103691	0.766617246218955636	0.173057706879441645	0.125424748272475216	0.336884569590794698	0.874717726055952479	0.0295042752607335605	0.15494271661058932	0.270457234673992599	0.0215107318954694381
G:	0.185000480018744984	0.0601971839718413187	0.378848864351433822	0.185992715250132462	0.362287689019084428	0.24623738825686003	0.544328810144344527	0.0202642147803932128	0.804462585913707268	0.0141409548121670694	0.0177381507325685193	0.954621096248191618	0.00459719236633308728	0.00802676659101812357	0.00553559672514766473	0.112717936093214889	0.0972582919935119959	0.0669405908920543011	0.00424805500222527786	0.268303420825973183	0.0326573311441061763	0.255810488922214681	0.506552991342015334
T:	0.295307765798246329	0.366537044759509685	0.103417227907715415	0.0330319442474526791	0.553892009912033405	0.445945891773202491	0.11103982865083356	0.106042456542954275	0.11120667367156272	0.94057926632662915	0.950289016039093857	0.0132414727403933621	0.032625449706725417	0.0091861680146812301	0.221122879689769357	0.150311783569517952	0.559438179570553915	0.378262344017676131	0.10655397128231852	0.607130541326981837	0.64467278947950097	0.233109361828172757	0.0290730783174210289



5	A..GGTCAAC	0.495933829611248966


A:	0.76337920005888347	0.107607766202784406	0.274011080285659713	0.25668512177840254	0.293173404363290401	0.60128587134721441	0.610815062153930018	0.321404190939567275	0.1031390141536887	0.374695093927081197	0.0070517329602167152	0.00128724444338685678	0.00181902919751869991	0.980196384069048832	0.98073000175119567	0.104740567275555522	0.0980518267165850117	0.0779972368857633422	0.337972921467381774	0.241677887436347186	0.0507093342599197741	0.10313646651693372	0.394429472615689543
C:	0.0538453508199486472	0.594728200993691809	0.260947821937591229	0.0738694150988406221	0.513313186754627881	0.129506603627106256	0.161518031232032714	0.089611559513414169	0.398450932527880789	0.00328549648837608424	0.00181617300734790563	0.00587381528494636166	0.984743963271696273	0.0108476292932835565	0.00254882528421965422	0.863892574972958472	0.0262796563559568438	0.287521939181287206	0.338018901873059698	0.378079025485966281	0.0231070064802566133	0.743276399854862159	0.0367608202644563004
G:	0.1270969392755163	0.162795706644556986	0.256212809100819268	0.240132082479575439	0.0152820507595411326	0.0711388832579586928	0.045882583760982154	0.325281878064399274	0.0544311134439356323	0.615932769400162446	0.987408304097603094	0.0029489066565600071	0.00620890253267562624	0.00179321323950461715	0.0137914676585372179	0.0190424205672890206	0.836305166845506112	0.51377219010315649	0.116119959193934814	0.14477552165449867	0.454525359651777573	0.0552813849727419657	0.311652554777994646
T:	0.0556785098456515831	0.134868326158966799	0.208828288675929791	0.429313380643181399	0.178231358122540586	0.198068641767720641	0.181784322853055114	0.263702371482619281	0.443978939874494878	0.00608664018438027252	0.00372378993483228509	0.989890033615106775	0.00722810499810940041	0.0071627733981629941	0.0029297053060474581	0.0123244371841969852	0.039363350081952032	0.120708633829792961	0.207888217465623714	0.235467565423187863	0.471658299608046039	0.0983057486554621552	0.25715715234185951



