1	CGGTCAAC	0.495431196285686061


A:	0.483267531779668422	0.203826095497253433	0.184261624773271148	0.377134601355429475	0.26913937611347363	0.284223003930240315	0.263491588205660335	0.0389937886859196511	0.114801945428092557	0.00470202980885054637	0.00679920981358388203	0.00968441491741609873	0.936739784690820006	0.949772952189703625	0.283670174140431529	0.128388286447319611	0.511299909005327718	0.290387018715869068	0.272794005373433099	0.294180351232398856	0.11256362939046958	0.371616602951690665
C:	0.0265507585157926658	0.120241685503924848	0.273128786134774792	0.126416975910092913	0.171882184465780605	0.264289724233345216	0.284924579648194997	0.245250479722355756	0.0265192870490192873	0.00842513289876470314	0.00320613101386912022	0.979827582728871426	0.0509159368499071023	0.0100980617141131738	0.61595002800735187	0.195086147926582472	0.0996663103518861179	0.0523322643583700349	0.154093007296664477	0.225260288002241972	0.101207820783583454	0.425015695163706114
G:	0.32897282239222222	0.491371365773989065	0.176796366044734092	0.19768063491732823	0.138077262717817091	0.278258666061667021	0.240137908948447346	0.0182521303251209215	0.856352861585938476	0.983581188472667095	0.00863670893641575996	0.00494773830968628529	0.00379701466575817752	0.0139506896933595967	0.0766368431623521069	0.574511330690655514	0.204984217307464614	0.152257229833313765	0.262829792926509644	0.383317720144249771	0.353462377319763858	0.140162816637368208
T:	0.161208887312316693	0.184560853224832654	0.365813223047219968	0.298767787817149381	0.420901176702928674	0.173228605774747449	0.211445923197697322	0.697503601266603671	0.00232590593694967901	0.0032916488197176552	0.981357950236131238	0.00554026404402619019	0.00854726379351471379	0.0261782964028236041	0.0237429546898644939	0.102014234935442403	0.18404956333532155	0.505023487092447132	0.31028319440339278	0.0972416406211094007	0.432766172506183108	0.0632048852472350122



2	AGTCAACG	0.494784735982706824


A:	0.316939303703707108	0.46280646454740543	0.280356551215587679	0.213729868165577354	0.402622943000736149	0.418873408615646103	0.312261950897842242	0.552295786418566113	0.00372027915646234571	0.00516747991354795162	0.00927315114599423806	0.966528036249174543	0.973613694441875485	0.116703385904514107	0.097843012924795097	0.0711678790588313508	0.272744621491167568	0.300615922973766925	0.268091218307577842	0.0240819336129525132	0.36593322026245927	0.287107607386732842
C:	0.189191023165218713	0.0633381166955578653	0.264624253785677233	0.149757251217126819	0.0883702766521549519	0.238334240024815249	0.235617335670420954	0.0274475062370060619	0.00472586111411419746	0.00228254727843906887	0.982066216950589154	0.0250775997847168551	0.00968353067642225423	0.859993009278121045	0.0258186139814347172	0.549731531915559766	0.229210950309585689	0.493248466755669099	0.0841796646859590025	0.56604915384784487	0.137398174333495576	0.185639205046428335
G:	0.0780827403765694339	0.248348177805637905	0.155030318384487708	0.311199453660856841	0.336345070828507312	0.150700867558106497	0.0715831034586767492	0.418643240797915256	0.987497409842468179	0.00626824564217137883	0.00312426193459595264	0.00159556992171550761	0.0119294924867174524	0.00847878175039682217	0.850255452222940024	0.200687395167524931	0.144016563976861299	0.0758861496850054291	0.29811958917122115	0.0713616627822926899	0.188713907415228547	0.340966229183800644
T:	0.415786932754504745	0.2255072409513988	0.29998887661424738	0.325313426956438985	0.172661709518601587	0.192091483801432151	0.380537609973060054	0.00161346654651256914	0.00405644988695527771	0.986281727165841601	0.00553636996882065559	0.00679879404439309378	0.00477328239498480878	0.0148248230669680253	0.0260829208708301618	0.178413193858083952	0.354027864222385444	0.130249460585558546	0.349609527835242006	0.338507249756909927	0.307954697988816607	0.186286958383038178



3	GTTGACCA	0.494468316293771917


A:	0.276780437602176632	0.101977564569948157	0.315350170103540377	0.58097385820993173	0.379765992773122023	0.0742240816243340963	0.0949735573176614842	0.015067005215166301	0.00300481256664694004	0.0042514148599393337	0.00237541622328832112	0.990007806202507139	0.00206782760246203285	0.00223084152196908079	0.697503601266603671	0.171148215222275847	0.169501518967041483	0.361575629196247223	0.284803434040753489	0.401209158353191549	0.234217784027205872	0.16300909091390782
C:	0.187835173738968335	0.49535251489063445	0.227368630841580277	0.0684476430068226813	0.0506057071445705288	0.367053138524617283	0.613431892475289993	0.0213026715395065203	0.00358544537214339109	0.00264023846745538657	0.00311554866973323558	0.000858584312202156426	0.990129857526664549	0.799203164702871222	0.0182521303251209215	0.170630469234150261	0.466971389072191924	0.0976113431557265743	0.364855568654040285	0.115274931241058725	0.214203765164556921	0.292458289330704913
G:	0.206145460536559663	0.326704841081768904	0.115193014557244384	0.28670857008080365	0.0858471726965820754	0.316443334498181402	0.10057183952757319	0.882791846947997122	0.00549124237247201647	0.0109763731405311182	0.991651739735149243	0.00452930122400867115	0.0033923142640649729	0.00478929508823373814	0.245250479722355756	0.229616955072198998	0.246608582029280777	0.16073684180568872	0.194576629458679422	0.14351373341940664	0.313229930393422696	0.0860970155894481767
T:	0.329238928122295371	0.0759650794576484881	0.342088184497634962	0.0638699287024419379	0.483781127385725373	0.242279445352867219	0.191022710679475333	0.0808384762973300567	0.987918499688737652	0.982131973532074162	0.00285729537182920063	0.00460430826128203318	0.00441000060680844557	0.193776698686925959	0.0389937886859196511	0.428604360471374895	0.116918509931485817	0.380076185842337483	0.155764367846526804	0.340002176986343086	0.238348520414814511	0.458435604165939091



4	CGTTGACC	0.494249851088867258


A:	0.173905667869558463	0.276780437602176632	0.101977564569948157	0.315350170103540377	0.58097385820993173	0.379765992773122023	0.0742240816243340963	0.0949735573176614842	0.0578626979322430305	0.00399262398899866835	0.00959600591897953589	0.00532554567528913202	0.985449469704430147	0.00403874350245202357	0.00161346654651256914	0.697503601266603671	0.171148215222275847	0.169501518967041483	0.361575629196247223	0.284803434040753489	0.401209158353191549	0.234217784027205872
C:	0.30188417020253208	0.187835173738968335	0.49535251489063445	0.227368630841580277	0.0684476430068226813	0.0506057071445705288	0.367053138524617283	0.613431892475289993	0.0704510808066607091	0.0202262455139080919	0.00177881101918927103	0.00469569438898155878	0.00224242008907950075	0.985067190670588791	0.418643240797915256	0.0182521303251209215	0.170630469234150261	0.466971389072191924	0.0976113431557265743	0.364855568654040285	0.115274931241058725	0.214203765164556921
G:	0.291652040095343739	0.206145460536559663	0.326704841081768904	0.115193014557244384	0.28670857008080365	0.0858471726965820754	0.316443334498181402	0.10057183952757319	0.765480312494557597	0.00993030729765888682	0.0218657195985845415	0.98505841022432981	0.00496917964419423037	0.00562314599651370072	0.0274475062370060619	0.245250479722355756	0.229616955072198998	0.246608582029280777	0.16073684180568872	0.194576629458679422	0.14351373341940664	0.313229930393422696
T:	0.232558121832565718	0.329238928122295371	0.0759650794576484881	0.342088184497634962	0.0638699287024419379	0.483781127385725373	0.242279445352867219	0.191022710679475333	0.106205908766538663	0.965850823199434353	0.966759463463246652	0.00492034971139949908	0.00733893056229612228	0.00527091983044548438	0.552295786418566113	0.0389937886859196511	0.428604360471374895	0.116918509931485817	0.380076185842337483	0.155764367846526804	0.340002176986343086	0.238348520414814511



5	G..GGTCAAC	0.49345088161209068


A:	0.14591530918457237	0.458435604165939091	0.238348520414814511	0.340002176986343086	0.155764367846526804	0.380076185842337483	0.116918509931485817	0.428604360471374895	0.0389937886859196511	0.27057761490578904	0.00878660869072667058	0.003590039899117979	0.00909178515023935318	0.977452112530478523	0.985471642258883156	0.100499020903956672	0.191022710679475333	0.242279445352867218	0.483781127385725373	0.0638699287024419379	0.342088184497634962	0.0759650794576484881	0.329238928122295371
C:	0.298380156549989101	0.0860970155894481767	0.313229930393422696	0.14351373341940664	0.194576629458679422	0.16073684180568872	0.246608582029280777	0.229616955072198998	0.245250479722355756	0.0106261975545528687	0.0037429970925451004	0.00333739338537277683	0.985272682584079121	0.015893746952701203	0.0039701924843188176	0.857913533216759951	0.10057183952757319	0.316443334498181402	0.0858471726965820754	0.28670857008080365	0.115193014557244384	0.326704841081768904	0.206145460536559663
G:	0.108711402578087085	0.292458289330704913	0.214203765164556921	0.115274931241058725	0.364855568654040285	0.0976113431557265743	0.466971389072191924	0.170630469234150261	0.0182521303251209215	0.71735834723560883	0.984671060885763171	0.00304379001112692013	0.00223046365814218187	0.00361530252690131998	0.00535957943245977482	0.0310377036269015704	0.613431892475289993	0.367053138524617283	0.0506057071445705288	0.0684476430068226813	0.227368630841580277	0.49535251489063445	0.187835173738968335
T:	0.446993131687351444	0.16300909091390782	0.234217784027205872	0.401209158353191549	0.284803434040753489	0.361575629196247223	0.169501518967041483	0.171148215222275847	0.697503601266603671	0.00143784030404926068	0.00279933333096505749	0.990028776704382324	0.00340506860753934399	0.00303883798991895438	0.00519858582433825116	0.0105497422523818058	0.0949735573176614842	0.0742240816243340963	0.379765992773122023	0.58097385820993173	0.315350170103540377	0.101977564569948157	0.276780437602176632



