1	GGTCAACC	0.493028062922607995


A:	0.278154636764131751	0.364944254620059101	0.0409072603774602376	0.263651495329530313	0.0383960242649306132	0.115504445871840481	0.144180522832583212	0.0684530618296059924	0.00291887094298854742	0.00439768366191411919	0.00607314918137592827	0.988806017773255925	0.978135060757335323	0.148884891502722003	0.0957826029138402151	0.128676971096066213	0.103371332855370409	0.180391363402522357	0.103894333926643381	0.472740528312391975	0.135528337446013662	0.137235970331583306
C:	0.165833648565445383	0.246045837241207487	0.104704093322457379	0.143737752486111851	0.452353913557692624	0.584824804447827647	0.152407527567011483	0.0178235111431077822	0.00142549235731850887	0.00339866910257750953	0.990898374200324265	0.00252740084314168753	0.000769702277457938092	0.841264247399222375	0.48940063839762438	0.220635235919621263	0.361748306796917935	0.162918830242896856	0.195763993616662726	0.0683317960866172511	0.182003613218214725	0.322193520079420925
G:	0.178292431602801633	0.155961039901678239	0.147110797875107812	0.354751061462939406	0.436262638126643167	0.0409334045433306428	0.352196782320804269	0.909123425584840238	0.991245616451576268	0.00087268065878967002	0.00174570843255520333	0.00480573719930217071	0.018030997006733113	0.00383755939797205511	0.319832798824585797	0.370857312265585769	0.206454075202760497	0.428672325388969776	0.656910210094738657	0.174073338540502665	0.318603009138443203	0.31602200984611723
T:	0.377719283067621233	0.233048868237055173	0.70727784842497457	0.23785969072141843	0.072987424050733596	0.25873734513700123	0.351215167279601035	0.00460000144244598727	0.00441002024811667604	0.991330966576718701	0.00128276818574460361	0.00386084418430021702	0.00306423995847362622	0.00601330170008356632	0.0949839598639496083	0.279830480718726755	0.328426285144951158	0.228017480965611011	0.0434314623619552363	0.284854337060488108	0.36386504019732841	0.22454849974287854



2	C.GGTCAAC	0.492803613082535113


A:	0.701842876384588566	0.081964334583465766	0.278154636764131751	0.364944254620059101	0.0409072603774602376	0.263651495329530313	0.0383960242649306132	0.115504445871840481	0.144180522832583212	0.147797251532202817	0.0025172437318992864	0.00833544074671459313	0.0135537193534360886	0.986105082649995294	0.963093237478190152	0.044549250078084745	0.0957826029138402151	0.128676971096066213	0.103371332855370409	0.180391363402522357	0.103894333926643381	0.472740528312391975	0.135528337446013662
C:	0.0409834337642040012	0.165610386513028821	0.165833648565445383	0.246045837241207487	0.104704093322457379	0.143737752486111851	0.452353913557692624	0.584824804447827647	0.152407527567011483	0.00824599274860801912	0.00168381015044134309	0.00173235503221876284	0.982462552064118027	0.00460551324878865555	0.00099573097574538828	0.923095529519804148	0.48940063839762438	0.220635235919621263	0.361748306796917935	0.162918830242896856	0.195763993616662726	0.0683317960866172511	0.182003613218214725
G:	0.119476315859494007	0.51875549503901621	0.178292431602801633	0.155961039901678239	0.147110797875107812	0.354751061462939406	0.436262638126643167	0.0409334045433306428	0.352196782320804269	0.831972416796631539	0.98491417154664753	0.00104372195392230498	0.00114499968533026044	0.00297438294007613358	0.030920555014356303	0.00583482584164143295	0.319832798824585797	0.370857312265585769	0.206454075202760497	0.428672325388969776	0.656910210094738657	0.174073338540502665	0.318603009138443203
T:	0.137697373991713426	0.233669783864489203	0.377719283067621233	0.233048868237055173	0.70727784842497457	0.23785969072141843	0.072987424050733596	0.25873734513700123	0.351215167279601035	0.0119843389225576249	0.0108847745710118401	0.988888482267144339	0.00283872889711562393	0.0063150211611399171	0.00499047653170815709	0.0265203945604696735	0.0949839598639496083	0.279830480718726755	0.328426285144951158	0.228017480965611011	0.0434314623619552363	0.284854337060488108	0.36386504019732841



3	C..GGTCAAC	0.492727513358810197


A:	0.701842876384588566	0.081964334583465766	0.278154636764131751	0.364944254620059101	0.0409072603774602376	0.263651495329530313	0.0383960242649306132	0.115504445871840481	0.144180522832583212	0.105199906367024742	0.00162911942561177046	0.0108226085211579425	0.0042932408034837689	0.968688484143345863	0.950492902525612488	0.106764008833714135	0.0957826029138402151	0.128676971096066213	0.103371332855370409	0.180391363402522357	0.103894333926643381	0.472740528312391975	0.135528337446013662
C:	0.0409834337642040012	0.165610386513028821	0.165833648565445383	0.246045837241207487	0.104704093322457379	0.143737752486111851	0.452353913557692624	0.584824804447827647	0.152407527567011483	0.009798630848237805	0.00201795578275223304	0.00297569042915371885	0.990380434864298381	0.0142690013977932171	0.00137824045537993174	0.848878687252999521	0.48940063839762438	0.220635235919621263	0.361748306796917935	0.162918830242896856	0.195763993616662726	0.0683317960866172511	0.182003613218214725
G:	0.119476315859494007	0.51875549503901621	0.178292431602801633	0.155961039901678239	0.147110797875107812	0.354751061462939406	0.436262638126643167	0.0409334045433306428	0.352196782320804269	0.866460594789840327	0.973257224275828356	0.00127851324621457152	0.00221870961629448355	0.00478455563757466591	0.0445382958435672365	0.00487092461568257824	0.319832798824585797	0.370857312265585769	0.206454075202760497	0.428672325388969776	0.656910210094738657	0.174073338540502665	0.318603009138443203
T:	0.137697373991713426	0.233669783864489203	0.377719283067621233	0.233048868237055173	0.70727784842497457	0.23785969072141843	0.072987424050733596	0.25873734513700123	0.351215167279601035	0.0185408679948971257	0.0230957005158076402	0.984923187803473767	0.00310761471592336653	0.0122579588212862537	0.00359056117544034404	0.0394863792976037653	0.0949839598639496083	0.279830480718726755	0.328426285144951158	0.228017480965611011	0.0434314623619552363	0.284854337060488108	0.36386504019732841



4	C.GTTGACC	0.492332125663804655


A:	0.306506319965519249	0.22454849974287854	0.36386504019732841	0.284854337060488108	0.0434314623619552363	0.228017480965611011	0.328426285144951158	0.279830480718726755	0.0949839598639496083	0.0246364498119137232	0.00603858664341469766	0.0118414592570044038	0.00338232280124342818	0.988846521310640837	0.0162218979374076743	0.0262673998352332948	0.351215167279601035	0.25873734513700123	0.072987424050733596	0.23785969072141843	0.707277848424974571	0.233048868237055173	0.377719283067621233
C:	0.199131642777489555	0.31602200984611723	0.318603009138443203	0.174073338540502665	0.656910210094738657	0.428672325388969776	0.206454075202760497	0.370857312265585769	0.319832798824585796	0.00465178668760382684	0.0203366330352951652	0.00715697505428045492	0.00208903335928010355	0.00149560321500826053	0.980283436638686983	0.840556781921626572	0.352196782320804269	0.0409334045433306428	0.436262638126643167	0.354751061462939406	0.147110797875107812	0.155961039901678239	0.178292431602801633
G:	0.290397645208943998	0.322193520079420925	0.182003613218214725	0.0683317960866172511	0.195763993616662726	0.162918830242896856	0.361748306796917935	0.220635235919621263	0.48940063839762438	0.769785615593486278	0.000952471454420808413	0.00849923839656559031	0.986614520360683648	0.00430974730467801188	0.00117700619305038312	0.0172872117346430123	0.152407527567011483	0.584824804447827647	0.452353913557692624	0.143737752486111851	0.104704093322457379	0.246045837241207487	0.165833648565445383
T:	0.203964392048047198	0.137235970331583306	0.135528337446013662	0.472740528312391975	0.103894333926643381	0.180391363402522357	0.103371332855370409	0.128676971096066213	0.0957826029138402151	0.200926147906996172	0.972672308866869329	0.972502327292149551	0.00791412347879282046	0.00534812816967289095	0.00231765923085495988	0.115888606508497121	0.144180522832583212	0.115504445871840481	0.0383960242649306132	0.263651495329530313	0.0409072603774602376	0.364944254620059101	0.278154636764131751



5	GTTGACCA	0.492263500099265436


A:	0.36386504019732841	0.284854337060488108	0.0434314623619552363	0.228017480965611011	0.328426285144951158	0.279830480718726755	0.0949839598639496083	0.0321020431660551291	0.00443126243508887551	0.0260594811510134066	0.00225335969886025629	0.989109953439909221	0.00612576295084344278	0.0431960020856568603	0.351215167279601035	0.25873734513700123	0.072987424050733596	0.23785969072141843	0.707277848424974571	0.233048868237055173	0.377719283067621233	0.233669783864489203
C:	0.318603009138443203	0.174073338540502665	0.656910210094738657	0.428672325388969776	0.206454075202760497	0.370857312265585769	0.319832798824585796	0.0348795423674975905	0.028617221954074237	0.0113925408544759898	0.00303444094274358218	0.00299916881089994802	0.981145881961182411	0.876602814751278821	0.352196782320804269	0.0409334045433306428	0.436262638126643167	0.354751061462939406	0.147110797875107812	0.155961039901678239	0.178292431602801633	0.51875549503901621
G:	0.182003613218214725	0.0683317960866172511	0.195763993616662726	0.162918830242896856	0.361748306796917935	0.220635235919621263	0.48940063839762438	0.803516909448955432	0.00190812606363178655	0.013045690087218701	0.959227082129631762	0.00324061918150861239	0.00321812433453251444	0.0188847146196357466	0.152407527567011483	0.584824804447827647	0.452353913557692624	0.143737752486111851	0.104704093322457379	0.246045837241207487	0.165833648565445383	0.165610386513028821
T:	0.135528337446013662	0.472740528312391975	0.103894333926643381	0.180391363402522357	0.103371332855370409	0.128676971096066213	0.0957826029138402151	0.129501505017491849	0.965043389547205101	0.949502287907291903	0.0354851172287643997	0.00465025856768221827	0.00951023075344163216	0.0613164685434285716	0.144180522832583212	0.115504445871840481	0.0383960242649306132	0.263651495329530313	0.0409072603774602376	0.364944254620059101	0.278154636764131751	0.081964334583465766



