1	ATAACAAT	0.493296813737654474


A:	0.121024744943627839	0.181287575288109805	0.135300485974607781	0.00872770254470985528	0.224904832830148506	0.175202670813332381	0.0750841954568386463	0.856095310213203505	0.0301302837791460965	0.981071767385741919	0.982986006206488891	0.00130038702392577553	0.98346862299268891	0.988375106257869718	0.00639526810189804532	0.431541171482996018	0.351207131363806429	0.707971722377031588	0.0220154056496937589	0.321798547047692644	0.711738613186477851	0.479469591700425428
C:	0.218499309398576378	0.323950033444305011	0.389885547174789194	0.938280487577820259	0.0155318077073524484	0.420110946255858474	0.0702914817273359383	0.00969118743469464003	0.0265653610052157684	0.00197969249576741913	0.00355077699829211284	0.985081796987411052	0.00220092146732859401	0.00494550454049522465	0.00325259268843021655	0.0522824065088632347	0.056371357698153432	0.146816929167117026	0.168134020430687142	0.333777528663395372	0.0876177347816380541	0.0881341111966732203
G:	0.14268559640834827	0.164864709521892675	0.235849598982179435	0.0049168777453777116	0.256269421446469453	0.275345332310421023	0.592493988395648881	0.0443465019095660892	0.090545694749841804	0.0132374038577307271	0.00212836040419057442	0.00313364368945341258	0.00242712011401411741	0.00251318714021723011	0.00185215333293929157	0.272774322762786335	0.525447140946736675	0.0838368074400254347	0.478219209307732446	0.016329344547048932	0.0863165498679937996	0.297188226659391625
T:	0.517790349249447512	0.329897681745692508	0.23896436786842359	0.0480749321320921744	0.503293938016029593	0.129341050620388122	0.262130334420176534	0.0898670004425357654	0.852758660465796331	0.00371113626075993484	0.0113348563910284221	0.0104841722992097598	0.0119033354259683783	0.00416620206141782763	0.988499985876732447	0.243402099245354412	0.0669743699913034639	0.0613745410158259515	0.331631364611886654	0.328094579741863052	0.114327102163890296	0.135208070443509727



2	ATTGTT.TC	0.493222368355749665


A:	0.135208070443509727	0.114327102163890296	0.328094579741863052	0.331631364611886654	0.0613745410158259515	0.0669743699913034639	0.243402099245354412	0.972217731587403564	0.00579225951176172882	0.00827230402270606572	0.0366355156087759619	0.0212901560278892577	0.0362196653753564864	0.852758660465796331	0.066303454945975119	0.262130334420176534	0.129341050620388122	0.503293938016029593	0.0480749321320921744	0.23896436786842359	0.329897681745692508	0.517790349249447512	0.11992182313622175
C:	0.297188226659391625	0.0863165498679937996	0.016329344547048932	0.478219209307732446	0.0838368074400254347	0.525447140946736675	0.272774322762786335	0.00294674452279162113	0.00560944729977610258	0.00596785603287300467	0.00969820230491484378	0.0031376167650388548	0.0227344794877629126	0.090545694749841804	0.131131378535450379	0.592493988395648881	0.275345332310421023	0.256269421446469453	0.0049168777453777116	0.235849598982179435	0.164864709521892675	0.14268559640834827	0.189919320431406167
G:	0.0881341111966732203	0.0876177347816380541	0.333777528663395372	0.168134020430687142	0.146816929167117026	0.056371357698153432	0.0522824065088632347	0.00713761323646682609	0.00633151740730541534	0.00192182161929551833	0.951428140376170184	0.00713030492775002357	0.0236593183558085794	0.0265653610052157684	0.0177480206674941195	0.0702914817273359383	0.420110946255858474	0.0155318077073524484	0.938280487577820259	0.389885547174789194	0.323950033444305011	0.218499309398576378	0.0440934837275689011
T:	0.479469591700425428	0.711738613186477851	0.321798547047692644	0.0220154056496937589	0.707971722377031588	0.351207131363806429	0.431541171482996018	0.0176979106533379883	0.982266775781156753	0.983838018325125411	0.00223814171013901076	0.968441922279321864	0.917386536781072022	0.0301302837791460965	0.784817145851080383	0.0750841954568386463	0.175202670813332381	0.224904832830148506	0.00872770254470985528	0.135300485974607781	0.181287575288109805	0.121024744943627839	0.646065372704803182



3	A.AACAAT.G	0.492227902129137922


A:	0.121024744943627839	0.181287575288109805	0.135300485974607781	0.00872770254470985528	0.224904832830148506	0.175202670813332381	0.0750841954568386463	0.724012536438073061	0.0301302837791460965	0.912734050911320402	0.954324165249504563	0.00285200099785131794	0.978033467099804213	0.980974308549547706	0.019080413556970411	0.431541171482996018	0.351207131363806429	0.707971722377031588	0.0220154056496937589	0.321798547047692644	0.711738613186477851	0.479469591700425428	0.406969929185976521
C:	0.218499309398576378	0.323950033444305011	0.389885547174789194	0.938280487577820259	0.0155318077073524484	0.420110946255858474	0.0702914817273359383	0.044258031975277295	0.0265653610052157684	0.0173380009700615131	0.00314163839356341742	0.975890776944361184	0.00265325237491373583	0.00841167134753131435	0.0087495363932025587	0.0522824065088632347	0.056371357698153432	0.146816929167117026	0.168134020430687142	0.333777528663395372	0.0876177347816380541	0.0881341111966732203	0.425728509746962253
G:	0.14268559640834827	0.164864709521892675	0.235849598982179435	0.0049168777453777116	0.256269421446469453	0.275345332310421023	0.592493988395648881	0.12264997771535261	0.090545694749841804	0.0197837476174261234	0.00479687269929038363	0.00875774373325143245	0.00836439388048334461	0.00638223313467606624	0.00237274368716718745	0.272774322762786335	0.525447140946736675	0.0838368074400254347	0.478219209307732446	0.016329344547048932	0.0863165498679937996	0.297188226659391625	0.0913958643869458205
T:	0.517790349249447512	0.329897681745692508	0.23896436786842359	0.0480749321320921744	0.503293938016029593	0.129341050620388122	0.262130334420176534	0.109079453871297034	0.852758660465796331	0.0501442005011919613	0.0377373236576416359	0.0124994783245360654	0.0109488866447987061	0.00423178696824491332	0.969797306362659843	0.243402099245354412	0.0669743699913034639	0.0613745410158259515	0.331631364611886654	0.328094579741863052	0.114327102163890296	0.135208070443509727	0.0759056966801154061



4	AACAATGG	0.491577948183442525


A:	0.117893981118163863	0.0362120804495881764	0.0281425244314926502	0.241604336904473343	0.106071327738434923	0.340758463879301118	0.105895620093246681	0.937627437474973087	0.969889594011750553	0.00382351060210195629	0.986606831992475921	0.980374269969082388	0.0307284591420437654	0.387103274901331331	0.152725229404292863	0.250803388732275073	0.204174183350677708	0.130415573343703887	0.906086183090709036	0.086490573337240956	0.125513634847509643	0.217205104290301873
C:	0.663657051216850995	0.794460290914242363	0.0373862029162741998	0.121441305442638327	0.160580308089294854	0.0475311040083295147	0.0575990324082105621	0.0137728392100529018	0.00238362808735104178	0.971791387092358319	0.00484298602031727819	0.0120349892853508523	0.00899883728810397964	0.0109399443546032827	0.0335990145878713434	0.143624370106293325	0.0924516796307255581	0.710495512159183273	0.0622013118930207664	0.1888830341720588	0.268165769028539689	0.210817696612829277
G:	0.112624701417319644	0.0272612148708014547	0.376380236406674246	0.232508084960514755	0.409595541599662417	0.250977131790227069	0.221022876354662709	0.0330183653135610254	0.00321569133206336085	0.00278048081593755535	0.00614219409932601855	0.00449254782017756801	0.00193506750838278228	0.556419834901282135	0.683163128895813687	0.192107325787461142	0.345120253449275725	0.0294778715215223001	0.0295154409079873078	0.0902650034821779784	0.195031689803687259	0.0388030991542605095
T:	0.105824266247665497	0.142066413765368006	0.558091036245558904	0.404446272692373574	0.323752822572607806	0.360733300322142299	0.615482471143880048	0.0155813580014129855	0.0245110865688350441	0.0216046214896021697	0.00240798788788078251	0.00309819292538919213	0.958337636061469473	0.0455369458427832508	0.130512627112022107	0.413464915373970461	0.358253883569321009	0.12961104297559054	0.00219706410828288995	0.634361389008522265	0.411288906320263409	0.53317409994260834



5	AACAAT.GT	0.490782007378364518


A:	0.383083506656747282	0.0547608903757250794	0.0924715291950829692	0.010679563131861298	0.0299766477304235664	0.724012536438073061	0.324105117939784561	0.888879147231285277	0.909905916986607558	0.0054921903148033125	0.966401432142408794	0.97102226519359163	0.0147533203330498002	0.387103274901331331	0.171572983085536815	0.151940353278981059	0.0841754578935418674	0.0371662791954086342	0.813085008477798384	0.28518483966836481	0.140265883274401757	0.690805928183030952	0.601596569462183706
C:	0.365519837004506125	0.75822067052382501	0.0808552909915387161	0.0105917008608045581	0.141559939292865532	0.044258031975277295	0.0525037554373157232	0.0199570891896801525	0.0083731735748798615	0.963329824936721525	0.00872672534285228549	0.0157811085608198378	0.0129987638541370326	0.0109399443546032827	0.0565819706300627575	0.0586833958186287179	0.2327747408684354	0.741487387883925898	0.00537576543542277103	0.0527272766003455923	0.215217619848556001	0.084692220145929082	0.226609343358951914
G:	0.138532192629331346	0.0182464204794957205	0.190855788987757872	0.0428037675887438983	0.150681179735929226	0.12264997771535261	0.19258482320994841	0.0275600748142784277	0.00549534999220939966	0.0133840540933948826	0.00764417997203321891	0.00800572495374841363	0.00497525453334161365	0.556419834901282135	0.731830348955018032	0.207586663030970559	0.547127713249231501	0.022627713798863639	0.166742483466437978	0.414821942237416563	0.324328736954672999	0.127769785296063431	0.126798721578256454
T:	0.112864463709415247	0.168772018620954191	0.635817390825620442	0.935924968418590246	0.677782233240781676	0.109079453871297034	0.430806303412951305	0.0636036887647561426	0.0762255594463031809	0.0177939306550802796	0.0172276625427057016	0.00519090129184011884	0.967272661279471553	0.0455369458427832508	0.0400146973293823955	0.581789587871419665	0.135922087988791231	0.198718619121801829	0.0147967426203408676	0.247265941493873035	0.320187759922369242	0.0967320663749765352	0.044995365600607926



