1	CGTTGACC	0.49955254020600584


A:	0.193933692541165643	0.282151961165843415	0.390526681033835338	0.180096601183074384	0.276059704367538368	0.41083922954572801	0.114996404585932524	0.0242712066616074646	0.0168118824226144646	0.00130741285882354484	0.00348264457218082203	0.00198719995503646363	0.992099392317213575	0.00611748904389372059	0.00136507036601125544	0.461890350468246504	0.250246325477376784	0.113276297862565991	0.267932777985113948	0.419673291710581923	0.237851226442114576	0.432748865970122206
C:	0.389578442530689186	0.333179441021971923	0.153048808981172101	0.41082473671830645	0.13190634644471139	0.147353143830304253	0.197715738402120839	0.950025730961661249	0.000910780635153834854	0.0329298098300244246	0.00101750511026280276	0.00228479704955724009	0.000866978948397854626	0.990233864849154676	0.532479462062678023	0.0750410327104403673	0.0999714568454086457	0.163091488191410096	0.37871865983291169	0.0848966063067791333	0.200726833019210037	0.0770481569022624694
G:	0.147874108454436967	0.0680788846361370862	0.356195983862235173	0.0921920667402918399	0.397300158183987159	0.196498575394355601	0.547597818351736756	0.00938952084287053626	0.95280827280239892	0.000573706543481505426	0.00547887424355627967	0.992660964408353332	0.0026802214447790539	0.00112729810148936621	0.00657567888356808546	0.164042513079053066	0.194391019900021962	0.205123122418971865	0.172145954951730924	0.31993219254992626	0.05790533070254259	0.184952050411577516
T:	0.268613756473708204	0.316589713176047575	0.100228526122757388	0.316886595358327326	0.194733791003763082	0.245309051229612135	0.13969003866020988	0.0163135415338607505	0.0294690641398327803	0.965189070767670525	0.990020976074000096	0.00306703858705296405	0.00435340728960951608	0.00252134800546223728	0.459579788687742637	0.299026103742260063	0.455391197777192608	0.518509091527052048	0.181202607230243438	0.175497909432712683	0.503516609836132797	0.305250926716037809



2	AGTCAACG	0.499026677746076204


A:	0.305250926716037809	0.503516609836132797	0.175497909432712683	0.181202607230243438	0.518509091527052048	0.455391197777192608	0.299026103742260063	0.459579788687742637	0.00197259894317514029	0.00638638183336990871	0.00619757958724788642	0.983305591314111115	0.966809548128640496	0.0349095212912743681	0.0209544845672508519	0.13969003866020988	0.245309051229612135	0.194733791003763082	0.316886595358327326	0.100228526122757388	0.316589713176047575	0.268613756473708204
C:	0.184952050411577516	0.05790533070254259	0.31993219254992626	0.172145954951730924	0.205123122418971865	0.194391019900021962	0.164042513079053066	0.00657567888356808546	0.00164797176539773931	0.00156249007196733505	0.988454373112687662	0.00942397375724002463	0.00145936679400948313	0.955625722311299948	0.0109629050889627685	0.547597818351736756	0.196498575394355601	0.397300158183987159	0.0921920667402918399	0.356195983862235173	0.0680788846361370862	0.147874108454436967
G:	0.0770481569022624694	0.200726833019210037	0.0848966063067791333	0.37871865983291169	0.163091488191410096	0.0999714568454086457	0.0750410327104403673	0.532479462062678023	0.980313791020526089	0.00322273932042938959	0.00287256821053427636	0.000944185386615347265	0.0301618918142023232	0.000955969185267954888	0.955213632752500703	0.197715738402120839	0.147353143830304253	0.13190634644471139	0.41082473671830645	0.153048808981172101	0.333179441021971923	0.389578442530689186
T:	0.432748865970122206	0.237851226442114576	0.419673291710581923	0.267932777985113948	0.113276297862565991	0.250246325477376784	0.461890350468246504	0.00136507036601125544	0.0160656382709010311	0.988828388774233367	0.00247547908953017516	0.00632624954203351302	0.00156919326314769782	0.00850878721215772939	0.012868977591285677	0.114996404585932524	0.41083922954572801	0.276059704367538368	0.180096601183074384	0.390526681033835338	0.282151961165843415	0.193933692541165643



3	GCGTTGAC	0.498863973130494913


A:	0.15509464754193687	0.193933692541165643	0.282151961165843415	0.390526681033835338	0.180096601183074384	0.276059704367538368	0.41083922954572801	0.114996404585932524	0.0367323185910290349	0.0245527951538197605	0.00266958823173727164	0.0039912206605124448	0.00347717723572921548	0.991844956589834312	0.0167048539013457722	0.00136507036601125544	0.461890350468246504	0.250246325477376784	0.113276297862565991	0.267932777985113948	0.419673291710581923	0.237851226442114576
C:	0.264046821168274677	0.389578442530689186	0.333179441021971923	0.153048808981172101	0.41082473671830645	0.13190634644471139	0.147353143830304253	0.197715738402120839	0.886528066018184424	0.002827717854302226	0.0187914366612528901	0.00149321335048077516	0.00181100019428079703	0.00192075718632997317	0.979665864669734782	0.532479462062678023	0.0750410327104403673	0.0999714568454086457	0.163091488191410096	0.37871865983291169	0.0848966063067791333	0.200726833019210037
G:	0.179118824699024194	0.147874108454436967	0.0680788846361370862	0.356195983862235173	0.0921920667402918399	0.397300158183987159	0.196498575394355601	0.547597818351736756	0.0167313828857175509	0.940573376080102496	0.00231139000699588365	0.00638189497504958177	0.989635335768565111	0.00155031781391440478	0.00185160593452188873	0.00657567888356808546	0.164042513079053066	0.194391019900021962	0.205123122418971865	0.172145954951730924	0.31993219254992626	0.05790533070254259
T:	0.401739706590764259	0.268613756473708204	0.316589713176047575	0.100228526122757388	0.316886595358327326	0.194733791003763082	0.245309051229612135	0.13969003866020988	0.0600082325050689906	0.0320461109117755171	0.976227585100013955	0.988133671013957198	0.00507648680142487649	0.00468396840992130988	0.00177767549439755744	0.459579788687742637	0.299026103742260063	0.455391197777192608	0.518509091527052048	0.181202607230243438	0.175497909432712683	0.503516609836132797



4	G..CGTTGAC	0.498729029815116643


A:	0.136619021344326261	0.15509464754193687	0.193933692541165643	0.282151961165843415	0.390526681033835338	0.180096601183074384	0.276059704367538368	0.41083922954572801	0.114996404585932524	0.035447510604294688	0.0388707949018661762	0.00250838435515205013	0.00493732112128588669	0.0076490475210722303	0.988951994061896411	0.00922176088195680129	0.00136507036601125544	0.461890350468246504	0.250246325477376784	0.113276297862565991	0.267932777985113948	0.419673291710581923	0.237851226442114576
C:	0.280530281274207193	0.264046821168274677	0.389578442530689186	0.333179441021971923	0.153048808981172101	0.41082473671830645	0.13190634644471139	0.147353143830304253	0.197715738402120839	0.805115416249887675	0.0040616338696632635	0.0130064739285664145	0.00448096765703698413	0.00136324383589428759	0.00318041594204323587	0.981090892997898677	0.532479462062678023	0.0750410327104403673	0.0999714568454086457	0.163091488191410096	0.37871865983291169	0.0848966063067791333	0.200726833019210037
G:	0.349114664894169382	0.179118824699024194	0.147874108454436967	0.0680788846361370862	0.356195983862235173	0.0921920667402918399	0.397300158183987159	0.196498575394355601	0.547597818351736756	0.0732821036004264042	0.901297069347181024	0.00501968458305780428	0.00490208596686405235	0.985643826921026083	0.0028157439704369432	0.00453340619683242983	0.00657567888356808546	0.164042513079053066	0.194391019900021962	0.205123122418971865	0.172145954951730924	0.31993219254992626	0.05790533070254259
T:	0.233736032487297164	0.401739706590764259	0.268613756473708204	0.316589713176047575	0.100228526122757388	0.316886595358327326	0.194733791003763082	0.245309051229612135	0.13969003866020988	0.0861549695453912327	0.0557705018812895367	0.979465457133223731	0.985679625254813077	0.00534388172200739901	0.00505184602562340967	0.00515393992331209226	0.459579788687742637	0.299026103742260063	0.455391197777192608	0.518509091527052048	0.181202607230243438	0.175497909432712683	0.503516609836132797



5	CGTTGAC.A	0.498412933603332181


A:	0.193933692541165643	0.282151961165843415	0.390526681033835338	0.180096601183074384	0.276059704367538368	0.41083922954572801	0.114996404585932524	0.0662966542736845977	0.0117434948496821823	0.00161614386762994036	0.00478282992030112579	0.00263033656391315491	0.991680305204659497	0.0113228097995869572	0.00136507036601125544	0.461890350468246504	0.250246325477376784	0.113276297862565991	0.267932777985113948	0.419673291710581923	0.237851226442114576	0.432748865970122206	0.232643639569154556
C:	0.389578442530689186	0.333179441021971923	0.153048808981172101	0.41082473671830645	0.13190634644471139	0.147353143830304253	0.197715738402120839	0.864175537420600321	0.00328977186972612679	0.0188618932152796174	0.00174921354713196948	0.0042324347302043906	0.00190007715104400802	0.984788586731899924	0.532479462062678023	0.0750410327104403673	0.0999714568454086457	0.163091488191410096	0.37871865983291169	0.0848966063067791333	0.200726833019210037	0.0770481569022624694	0.218743587595087166
G:	0.147874108454436967	0.0680788846361370862	0.356195983862235173	0.0921920667402918399	0.397300158183987159	0.196498575394355601	0.547597818351736756	0.0416951908244095227	0.928211241915051027	0.0017380367934231743	0.00492995360437329298	0.991352425779165568	0.00196810022068488437	0.00107870223986959516	0.00657567888356808546	0.164042513079053066	0.194391019900021962	0.205123122418971865	0.172145954951730924	0.31993219254992626	0.05790533070254259	0.184952050411577516	0.131033911174514402
T:	0.268613756473708204	0.316589713176047575	0.100228526122757388	0.316886595358327326	0.194733791003763082	0.245309051229612135	0.13969003866020988	0.027832617481305559	0.0567554913655406642	0.977783926123667268	0.988538002928193612	0.00178480292671688638	0.00445151742361161072	0.00280990122864352346	0.459579788687742637	0.299026103742260063	0.455391197777192608	0.518509091527052048	0.181202607230243438	0.175497909432712683	0.503516609836132797	0.305250926716037809	0.417578861661243876



