1	CGTTGACC	0.499230020484360699


A:	0.206643413334966326	0.204668569433645851	0.257614019896514301	0.142419177740359265	0.285612796294499418	0.474043415027425068	0.0681662384158641601	0.0785270756858363189	0.0181166838529159838	0.000853255817928253125	0.00182650842770306205	0.00111319368058475477	0.992859039615595778	0.00531796468671045671	0.00280939044381763889	0.356242235410697733	0.205562614137273134	0.157809140325916705	0.495949080245904721	0.339705675988046113	0.294950011632979254	0.410159931002663221
C:	0.48178528982543762	0.380469148708433784	0.141865845232793843	0.428511905764298606	0.14557933453538085	0.151260094761420051	0.271301772981426618	0.905937542718195709	0.000309205063124516553	0.042117405601112379	0.000831607490460862146	0.000545017320737584831	0.00110000962045054878	0.991560751755420124	0.629572953301958257	0.137399101594816845	0.0514916127034648455	0.236842379737888907	0.20761542751775071	0.117533658227717383	0.20470344327332913	0.0653218527837624713
G:	0.107810700789368337	0.128285781817170428	0.466431367090563236	0.154843600202099602	0.381713678257187929	0.236447531739801047	0.586974451341315286	0.0123042291380600615	0.967831200979244123	0.000436784517588596247	0.00681402713432092341	0.983910486334240043	0.00380948981695914876	0.00122429903216874287	0.00360867363562908798	0.066758885373967704	0.260879402681051798	0.266677609232306899	0.159438735345675075	0.226336259861619763	0.0571001054660394585	0.361230606607686396
T:	0.203760596050227716	0.286576500040749937	0.13408876778012862	0.274225316293242527	0.187094190912931803	0.138248958471353833	0.0735575372613939361	0.00323115245790791052	0.0137429101047153768	0.956592554063370772	0.990527856947515152	0.0144313026644376179	0.00223146094699452397	0.0018969845257006763	0.364008982618595017	0.439599777620517718	0.482066370478210223	0.338670870703887488	0.136996756890669495	0.316424405922616741	0.443246439627652158	0.163287609605887912



2	GCGTTGAC	0.499009245108692494


A:	0.22473630005569179	0.206643413334966326	0.204668569433645851	0.257614019896514301	0.142419177740359265	0.285612796294499418	0.474043415027425068	0.0681662384158641601	0.0947451108401906033	0.0174475714786225875	0.00172055572202786119	0.00469994006898689577	0.00178387052265620192	0.991004353421696657	0.0152997936000190064	0.00280939044381763889	0.356242235410697733	0.205562614137273134	0.157809140325916705	0.495949080245904721	0.339705675988046113	0.294950011632979254
C:	0.268747447262291499	0.48178528982543762	0.380469148708433784	0.141865845232793843	0.428511905764298606	0.14557933453538085	0.151260094761420051	0.271301772981426618	0.866034631085412094	0.00121712966167721067	0.0409284323070574453	0.00154206522901098965	0.001086923442296072	0.00103152851769874555	0.981170304382711518	0.629572953301958257	0.137399101594816845	0.0514916127034648455	0.236842379737888907	0.20761542751775071	0.117533658227717383	0.20470344327332913
G:	0.185455391586012265	0.107810700789368337	0.128285781817170428	0.466431367090563236	0.154843600202099602	0.381713678257187929	0.236447531739801047	0.586974451341315286	0.0243723744735368731	0.966956641018087601	0.00150915056186641175	0.00577808121896073483	0.981828417711280005	0.00319485791223659836	0.00201144935153287576	0.00360867363562908798	0.066758885373967704	0.260879402681051798	0.266677609232306899	0.159438735345675075	0.226336259861619763	0.0571001054660394585
T:	0.321060861096004446	0.203760596050227716	0.286576500040749937	0.13408876778012862	0.274225316293242527	0.187094190912931803	0.138248958471353833	0.0735575372613939361	0.0148478836008604291	0.0143786578416126006	0.955841861409048282	0.98797991348304138	0.0153007883237677207	0.00476926014836799891	0.0015184526657366001	0.364008982618595017	0.439599777620517718	0.482066370478210223	0.338670870703887488	0.136996756890669495	0.316424405922616741	0.443246439627652158



3	AAGTCAAC	0.498644794033389311


A:	0.470064637649240021	0.0449047479661464786	0.570139799590996434	0.130302084476663601	0.144279027071643214	0.446922746381389031	0.503214515622748542	0.891917286449583554	0.866374291004220269	0.000917273465496125336	0.00330519188446544924	0.00770565869450913561	0.991310077528048909	0.979761213761276453	0.0429316909013212661	0.00634787467177749912	0.136876501317789641	0.162256769040704124	0.213743975116199724	0.215291644130261907	0.0773841944200281372	0.303068512996873461
C:	0.041193953861628443	0.171310603639980465	0.0522621635853200715	0.419292300600340078	0.430606712552257245	0.166015445787325142	0.181570306569784996	0.00343153589843378901	0.00216486508817912445	0.00149267325119385144	0.00161800672791013765	0.989019016349639305	0.00547328532451347724	0.000580443533722079964	0.948314882426985077	0.0170519397628543019	0.508723683951792129	0.146423429274858214	0.294932269754732144	0.195526669255503751	0.116337446774369314	0.118178605538694702
G:	0.38814688736799285	0.14590551633145734	0.284020256255556409	0.175797802473097953	0.244449090673155359	0.254487960645478843	0.103646643759049477	0.0473590123521280075	0.129104399171467444	0.988959642289797889	0.00228287636609815845	0.000722803813812659812	0.00096771637220052484	0.0182560592357359601	0.000366664639892027741	0.901023642584551863	0.179239269315361899	0.13152590859650621	0.130813234905952192	0.225384623645181664	0.449312623991545941	0.0631094996763874017
T:	0.100594521121138686	0.637879132062415717	0.0935777805681270855	0.274607812449898367	0.180665169702944182	0.132573847185806984	0.211568534048416985	0.0572921652998546491	0.0023564447361331627	0.0086304109935121343	0.992793925021526255	0.00255252114203889924	0.00224892077523708926	0.0014022834692655068	0.00838676203180162931	0.0755765429808163359	0.175160545415056331	0.559793893087931452	0.36051052022311594	0.363797062969052678	0.356965734814056607	0.515643381788044435



4	AGTCAACG	0.498553091097152088


A:	0.163287609605887912	0.443246439627652158	0.316424405922616741	0.136996756890669495	0.338670870703887488	0.482066370478210223	0.439599777620517718	0.364008982618595017	0.00120143197445023206	0.00345127167495344806	0.0118892418133655162	0.988617780464927896	0.96204422601470779	0.0160719091363694263	0.00634787467177749912	0.073557537261393936	0.138248958471353833	0.187094190912931803	0.274225316293242527	0.13408876778012862	0.286576500040749937	0.203760596050227716
C:	0.361230606607686396	0.0571001054660394585	0.226336259861619763	0.159438735345675075	0.266677609232306899	0.260879402681051798	0.066758885373967704	0.00360867363562908798	0.000994967104187294547	0.0010822529595337867	0.986228496556199318	0.00588999494754353404	0.000587594051187052593	0.973581673888000235	0.0170519397628543019	0.586974451341315286	0.236447531739801047	0.381713678257187929	0.154843600202099602	0.466431367090563236	0.128285781817170428	0.107810700789368337
G:	0.0653218527837624713	0.20470344327332913	0.117533658227717383	0.20761542751775071	0.236842379737888907	0.0514916127034648455	0.137399101594816845	0.629572953301958257	0.988504299937328909	0.00253527208869751212	0.000711051771332420236	0.000486543660470202089	0.0363782745439982248	0.000447782862651330695	0.901023642584551863	0.271301772981426618	0.151260094761420051	0.14557933453538085	0.428511905764298606	0.141865845232793843	0.380469148708433784	0.48178528982543762
T:	0.410159931002663221	0.294950011632979254	0.339705675988046113	0.495949080245904721	0.157809140325916705	0.205562614137273134	0.356242235410697733	0.00280939044381763889	0.00929930098403356415	0.992931203276815253	0.00117120985910274552	0.00500568092705836828	0.00098990539010693307	0.00989863411297900759	0.0755765429808163359	0.0681662384158641601	0.474043415027425068	0.285612796294499418	0.142419177740359265	0.257614019896514301	0.204668569433645851	0.206643413334966326



5	A.GTCAACG	0.498268261964735516


A:	0.355263441795361136	0.163287609605887912	0.443246439627652158	0.316424405922616741	0.136996756890669495	0.338670870703887488	0.482066370478210223	0.439599777620517718	0.364008982618595017	0.00145025619323431741	0.00471915187529087153	0.0125801851578182918	0.984462914677319724	0.953020113977017213	0.0263306387742203462	0.0215628541605504161	0.073557537261393936	0.138248958471353833	0.187094190912931803	0.274225316293242527	0.13408876778012862	0.286576500040749937	0.203760596050227716
C:	0.0983647073979646285	0.361230606607686396	0.0571001054660394585	0.226336259861619763	0.159438735345675075	0.266677609232306899	0.260879402681051798	0.066758885373967704	0.00360867363562908798	0.00112063856025516087	0.00109913605520437637	0.98382125229531963	0.012024967484822958	0.001251963449629047	0.930333111973440182	0.0590481432040302318	0.586974451341315286	0.236447531739801047	0.381713678257187929	0.154843600202099602	0.466431367090563236	0.128285781817170428	0.107810700789368337
G:	0.201043178823448763	0.0653218527837624713	0.20470344327332913	0.117533658227717383	0.20761542751775071	0.236842379737888907	0.0514916127034648455	0.137399101594816845	0.629572953301958257	0.976269516198539895	0.00453875636567285899	0.00102292379975151801	0.00165773516498890972	0.0441028494784805753	0.00205299777378927896	0.713242963102233422	0.271301772981426618	0.151260094761420051	0.14557933453538085	0.428511905764298606	0.141865845232793843	0.380469148708433784	0.48178528982543762
T:	0.345328671983225472	0.410159931002663221	0.294950011632979254	0.339705675988046113	0.495949080245904721	0.157809140325916705	0.205562614137273134	0.356242235410697733	0.00280939044381763889	0.0211595890479706269	0.989642955703831893	0.00257563874711055981	0.00185438267286840849	0.00162507309487316471	0.0412832514785501931	0.20614603953318593	0.0681662384158641601	0.474043415027425068	0.285612796294499418	0.142419177740359265	0.257614019896514301	0.204668569433645851	0.206643413334966326



