1	G.GGTCAAC	0.497138464957771522


A:	0.424682583501019584	0.187782706686847633	0.402410619510505192	0.32398402076175118	0.179164976310686021	0.358749079104841954	0.118526820229704701	0.131606968878555158	0.110026335037342046	0.129937329124464378	0.00109985395890673614	0.00380291347619091388	0.00347565953045157967	0.985157346641413563	0.971761039515114931	0.0657583874609207999	0.0402859894805912805	0.106583652402253588	0.292569910408316471	0.210854413249008312	0.534782539864538079	0.433554386163841181	0.241332207316337419
C:	0.0513936589345636795	0.499123439144996275	0.177727611010430969	0.0917822890896531322	0.350193531356219069	0.277540061415569672	0.173184917694973054	0.168212332942064388	0.158541317277967581	0.00954155926647291218	0.00111664202805624613	0.00234705850167635358	0.992581996769674224	0.011947641868359969	0.00104529161910258491	0.917673090746519235	0.272646210055568192	0.165353064457098219	0.350167728818919002	0.408759918811499663	0.105989364242602652	0.411126407700648438	0.181776761587483512
G:	0.266706999292699043	0.220689239112924575	0.182757110133163278	0.361335110402233615	0.126263497949825568	0.220154366128536718	0.353782674161002644	0.66159875030979825	0.267455139981601881	0.856533497699616719	0.986203640423720115	0.00110046579018942975	0.00128068840373507539	0.000770386936924118359	0.0247821185640357952	0.00705201700102057913	0.546664794310535303	0.168323288306105216	0.0748449321791403984	0.272170262855997073	0.2021544566998717	0.0794935569298773455	0.371949786349909487
T:	0.257216758271717694	0.0924046150552315163	0.237104659345900562	0.222898579746362072	0.344377994383269343	0.143556493351051656	0.354505587914319601	0.0385819478695822043	0.463977207703088493	0.00398761390944599108	0.0115798635893169027	0.992749562231943303	0.00266165529613912083	0.0021246245533023499	0.00241155030174668866	0.00951650479153938614	0.140403006153305224	0.559739994834542977	0.282417428593624129	0.108215405083494952	0.157073639192987568	0.0758256492056330354	0.204941244746269583



2	CGTTGACC	0.496568506385018814


A:	0.12546815479423068	0.204941244746269583	0.0758256492056330354	0.157073639192987568	0.108215405083494952	0.282417428593624129	0.559739994834542977	0.140403006153305224	0.0240705385999849956	0.00518593739820344543	0.00525574853405463559	0.0014343340448401384	0.992081850824367197	0.00951508264578720629	0.0101212368656873372	0.463977207703088493	0.0385819478695822043	0.354505587914319601	0.143556493351051656	0.344377994383269343	0.222898579746362072	0.237104659345900562
C:	0.195121808012878723	0.371949786349909487	0.0794935569298773455	0.2021544566998717	0.272170262855997073	0.0748449321791403984	0.168323288306105216	0.546664794310535303	0.0239850813236025739	0.0775763301149831652	0.000671804692160502232	0.0012786139351919108	0.00105164382863558962	0.987663814159748802	0.702749456667236466	0.267455139981601881	0.66159875030979825	0.353782674161002644	0.220154366128536718	0.126263497949825568	0.361335110402233615	0.182757110133163278
G:	0.426965206220410539	0.181776761587483512	0.411126407700648438	0.105989364242602652	0.408759918811499663	0.350167728818919002	0.165353064457098219	0.272646210055568192	0.757414728862837776	0.000985354622275171387	0.0169067573818771949	0.991852901241991718	0.00236526048675625202	0.000845349392826187772	0.0491133144806364706	0.158541317277967581	0.168212332942064388	0.173184917694973054	0.277540061415569672	0.350193531356219069	0.0917822890896531322	0.177727611010430969
T:	0.252444830972480058	0.241332207316337419	0.433554386163841181	0.534782539864538079	0.210854413249008312	0.292569910408316471	0.106583652402253588	0.0402859894805912805	0.194529651213574655	0.916252377864538218	0.977165689391907667	0.00543415077797623277	0.00450124486024096184	0.0019757538016378035	0.238015991986439727	0.110026335037342046	0.131606968878555158	0.118526820229704701	0.358749079104841954	0.179164976310686021	0.32398402076175118	0.402410619510505192



3	GTTGACCA	0.496051884229762434


A:	0.204941244746269583	0.0758256492056330354	0.157073639192987568	0.108215405083494952	0.282417428593624129	0.559739994834542977	0.140403006153305224	0.0180568248824654992	0.00549310406033760176	0.00768515752843996895	0.00203763156536482678	0.98861352295133909	0.0138980969995975587	0.00417197369461980211	0.463977207703088493	0.0385819478695822043	0.354505587914319601	0.143556493351051656	0.344377994383269343	0.222898579746362072	0.237104659345900562	0.0924046150552315163
C:	0.371949786349909487	0.0794935569298773455	0.2021544566998717	0.272170262855997073	0.0748449321791403984	0.168323288306105216	0.546664794310535303	0.0107620228911905776	0.0347078913914157696	0.00120703703355875988	0.00135209607522939296	0.000666246275435247832	0.982432689355931834	0.77524636785678734	0.267455139981601881	0.66159875030979825	0.353782674161002644	0.220154366128536718	0.126263497949825568	0.361335110402233615	0.182757110133163278	0.220689239112924575
G:	0.181776761587483512	0.411126407700648438	0.105989364242602652	0.408759918811499663	0.350167728818919002	0.165353064457098219	0.272646210055568192	0.788484029710563174	0.000945016404835819918	0.00715106234125792474	0.992289837787901057	0.00234760657924676512	0.000523622730422791945	0.0102834375940954156	0.158541317277967581	0.168212332942064388	0.173184917694973054	0.277540061415569672	0.350193531356219069	0.0917822890896531322	0.177727611010430969	0.499123439144996275
T:	0.241332207316337419	0.433554386163841181	0.534782539864538079	0.210854413249008312	0.292569910408316471	0.106583652402253588	0.0402859894805912805	0.182697122515780749	0.958853988143410809	0.983956743096743346	0.00432043457150472279	0.00837262419397889694	0.00314559091404781566	0.210298220854497442	0.110026335037342046	0.131606968878555158	0.118526820229704701	0.358749079104841954	0.179164976310686021	0.32398402076175118	0.402410619510505192	0.187782706686847633



4	GGGTCAAC	0.495819072467473604


A:	0.187782706686847633	0.402410619510505192	0.32398402076175118	0.179164976310686021	0.358749079104841954	0.118526820229704701	0.131606968878555158	0.110026335037342046	0.300633896636187166	0.000864573277424182887	0.00385154249680135887	0.00620849527636290478	0.981719911695477235	0.940933215027317705	0.0844088691921397331	0.0402859894805912805	0.106583652402253588	0.292569910408316471	0.210854413249008312	0.534782539864538079	0.433554386163841181	0.241332207316337419
C:	0.499123439144996275	0.177727611010430969	0.0917822890896531322	0.350193531356219069	0.277540061415569672	0.173184917694973054	0.168212332942064388	0.158541317277967581	0.0158698418711057885	0.00150245615802230873	0.00187231897728137885	0.99089706398004981	0.0131254151809087414	0.000785016490905575255	0.85008883582940676	0.272646210055568192	0.165353064457098219	0.350167728818919002	0.408759918811499663	0.105989364242602652	0.411126407700648438	0.181776761587483512
G:	0.220689239112924575	0.182757110133163278	0.361335110402233615	0.126263497949825568	0.220154366128536718	0.353782674161002644	0.66159875030979825	0.267455139981601881	0.676330678371932481	0.986910565635738112	0.00139022328005887275	0.00100900994311768435	0.000995898528421686498	0.0519346263511685192	0.0413465333542612668	0.546664794310535303	0.168323288306105216	0.0748449321791403984	0.272170262855997073	0.2021544566998717	0.0794935569298773455	0.371949786349909487
T:	0.0924046150552315163	0.237104659345900562	0.222898579746362072	0.344377994383269343	0.143556493351051656	0.354505587914319601	0.0385819478695822043	0.463977207703088493	0.00716558312077456356	0.0107224049288153961	0.99288591524585839	0.00188543080046960127	0.00415877459519233692	0.00634714213060820055	0.0241557616241922397	0.140403006153305224	0.559739994834542977	0.282417428593624129	0.108215405083494952	0.157073639192987568	0.0758256492056330354	0.204941244746269583



5	G..GGTCAAC	0.495607579723745082


A:	0.424682583501019584	0.187782706686847633	0.402410619510505192	0.32398402076175118	0.179164976310686021	0.358749079104841954	0.118526820229704701	0.131606968878555158	0.110026335037342046	0.176188261045012196	0.00329178396422441144	0.0030462074950298742	0.00540161917984346029	0.983819770636431725	0.952397419951359277	0.121736713489049393	0.0402859894805912805	0.106583652402253588	0.292569910408316471	0.210854413249008312	0.534782539864538079	0.433554386163841181	0.241332207316337419
C:	0.0513936589345636795	0.499123439144996275	0.177727611010430969	0.0917822890896531322	0.350193531356219069	0.277540061415569672	0.173184917694973054	0.168212332942064388	0.158541317277967581	0.00972551152914500415	0.00103748553394847894	0.00243118193596194572	0.991854378157477172	0.0100897620558951315	0.000724611147177880428	0.847244410886915798	0.272646210055568192	0.165353064457098219	0.350167728818919002	0.408759918811499663	0.105989364242602652	0.411126407700648438	0.181776761587483512
G:	0.266706999292699043	0.220689239112924575	0.182757110133163278	0.361335110402233615	0.126263497949825568	0.220154366128536718	0.353782674161002644	0.66159875030979825	0.267455139981601881	0.808530217060976522	0.988993687081432207	0.00128696262300472095	0.00144724909398167483	0.000674311002958440813	0.0421437008345539745	0.0269747252745800917	0.546664794310535303	0.168323288306105216	0.0748449321791403984	0.272170262855997073	0.2021544566998717	0.0794935569298773455	0.371949786349909487
T:	0.257216758271717694	0.0924046150552315163	0.237104659345900562	0.222898579746362072	0.344377994383269343	0.143556493351051656	0.354505587914319601	0.0385819478695822043	0.463977207703088493	0.00555601036486627691	0.006677043420394903	0.993235647946003459	0.00129675356869769332	0.00541615630471470304	0.00473426806690886835	0.00404415034945471708	0.140403006153305224	0.559739994834542977	0.282417428593624129	0.108215405083494952	0.157073639192987568	0.0758256492056330354	0.204941244746269583



