1	A.C.TTGACC	0.495672241798600427


A:	0.0692785020150796665	0.481651700215081579	0.0596654115574423031	0.189519174737173958	0.079168579061718781	0.0934823191951412049	0.419512493309450095	0.20488754271904374	0.0976287191068976081	0.0398843452926287835	0.0132408079003507837	0.0109269097598456119	0.00106039439145118104	0.992171485544942673	0.00981118022332052865	0.0110134981920115122	0.459816258335930646	0.193900946751757858	0.17763251421827806	0.0915800801997557277	0.097683022939581041	0.0463559547752869836	0.133418813955586062
C:	0.0715246977392206206	0.119675623683800781	0.640896834307084433	0.0683281444302194363	0.64080012285496609	0.795878879383979799	0.11371204264657089	0.217027892867567993	0.722516119010662251	0.00458988566385188975	0.0217490801566773314	0.000475236314357815724	0.00110158296584057883	0.00104478549414277326	0.987444776323037358	0.670771521848595861	0.206503812055938164	0.0929465824348672109	0.0289317240875749645	0.195899612824767951	0.0552084659677737162	0.44009774116463946	0.139808234006738616
G:	0.0122025220973086862	0.163820910673707068	0.0445639720936485773	0.569814090874162447	0.00389882331040303951	0.041867028110664062	0.192476578315613737	0.375665041953140677	0.0826466825849607068	0.790624686069274494	0.00192285427472842501	0.0100821027671586321	0.987670044523875888	0.00242918195748011854	0.000829653756831586162	0.0432190568101795286	0.272911491635348874	0.272172978968917126	0.446192702259825228	0.00344900541851796147	0.139844386242522539	0.0535758258723851669	0.201939447073435107
T:	0.846994278148391027	0.234851765427410573	0.254873782041824687	0.172338589958444158	0.276132474772912089	0.0687717733102149344	0.274298885728365278	0.202419522460247591	0.0972084792974794336	0.164901082974244833	0.96308725766824346	0.97851575115863794	0.0101679781188323524	0.00435454700343443474	0.00191438969681052751	0.274995923149213099	0.060768437972782316	0.440979491844457805	0.347243059434321748	0.70907130155695836	0.707264124850122704	0.459970478187688389	0.524833504964240214



2	CGTTGACC	0.494580727615644233


A:	0.289167306888979302	0.668302118693323472	0.408279634628971762	0.0473139762339140392	0.0493185800046308423	0.57155905680114258	0.130082815656073964	0.0325026535104515794	0.0398843452926287835	0.00146446667205342833	0.00555226478288685477	0.00115021632977380847	0.991617518096924202	0.0174041689248766142	0.0108424288902339864	0.46473178132320727	0.31070478151627455	0.19637202798175673	0.0073432779049711959	0.0460100282844153104	0.317551288915554106	0.242645393591506204
C:	0.240518889657580801	0.115377237380204297	0.419155212910581927	0.58154734852466285	0.0446683397840003739	0.095559836187206524	0.312154872730363975	0.684786487046581003	0.00458988566385188975	0.100093292528851556	0.000724459085981559978	0.000969487599253908258	0.000967584867991147564	0.980056710910379229	0.567720853471995895	0.121302301237776824	0.111621449080817204	0.0477627197590419291	0.193341733376226119	0.144022755308092222	0.220623638010745614	0.111537061387448296
G:	0.24516088734365873	0.149204651209316878	0.0129783837483159021	0.191968135925561752	0.664730097566949138	0.162449198694691587	0.283895165841329976	0.0326881690082161601	0.790624686069274494	0.000746327987187289401	0.0110615219128966031	0.987660319356629055	0.00331896397654120304	0.000361130135170622765	0.0256910722157207856	0.0516149237366531466	0.27586961344628616	0.437751631485229802	0.00489768640801409777	0.191517003882470726	0.318468117768625817	0.229729154334728802
T:	0.225152916109781168	0.0671159927171553534	0.159586768712130408	0.179170539315861359	0.241282982644419645	0.170431908316959309	0.273867145772232084	0.250022690434751257	0.164901082974244833	0.897695912811907726	0.982661754218234982	0.0102199767143432285	0.00409593305854344697	0.00217799002957353436	0.395745645422049333	0.36235099370236276	0.301804155956622087	0.318113620773971539	0.794417302310788587	0.618450212525021742	0.143356955305074464	0.416088390686316698



3	AAAGTCAA	0.494469054000397062


A:	0.0289424354278329572	0.205005044475754057	0.161144939496809852	0.790361742088847107	0.605535835429727387	0.657289303444986606	0.404308032783414538	0.872428834992493729	0.945763539372430507	0.909345603528054112	0.00270154710445359868	0.00709050120696599931	0.00616257656009809953	0.980675106818553361	0.976534172937463942	0.278756227518888873	0.0735072450720998742	0.304665972919830741	0.809460300363043061	0.0627151764998987829	0.0680500095822464457	0.0531397696828942911
C:	0.227469798200375368	0.0943899793018586772	0.203442998547142107	0.0982120789237996007	0.0385742805686475022	0.0265758894987166664	0.143712194108211107	0.019844143919179825	0.0100611858528093745	0.00338429199831791395	0.000860886460750694671	0.00148723227768509745	0.990229513617087304	0.0111337804472000105	0.00240506797213485165	0.697656942300101458	0.20372225735876395	0.582796875162548974	0.102856755507313668	0.813476253627552815	0.481823466112749282	0.769973974114122893
G:	0.05526956536897717	0.537786964256785779	0.531901133319567326	0.0825904807571095708	0.176180428904290792	0.25652004004483213	0.204710186196297489	0.0697748796331116208	0.0203397893296952739	0.0762978427480353401	0.987555441413535509	0.00112821286088837266	0.00189339177989914073	0.000939774496992626141	0.0133439014903206996	0.00529764844488388934	0.595914994158671429	0.0347675495563157727	0.0477011341719631361	0.0238012787767970367	0.257731238742720763	0.0331939757918399667
T:	0.688318201002814505	0.162818011965601487	0.103510928636480715	0.028835698230243722	0.179709455097334319	0.0596147670114645969	0.247269586912076866	0.0379521414552148251	0.0238354854450648445	0.0109722617255926337	0.00888212502126019712	0.990294053654460531	0.00171451804291545538	0.00725133823725400206	0.00771685760008050648	0.0182891817361257799	0.126855503410464747	0.0777696023613045124	0.0399818099576801348	0.100007291095751366	0.19239528556228351	0.143692280411142849



4	A.CGTTGAC	0.494162241302297881


A:	0.115289578781657468	0.162821371828725485	0.289167306888979302	0.668302118693323472	0.408279634628971762	0.0473139762339140392	0.0493185800046308423	0.57155905680114258	0.130082815656073964	0.0982878512614144127	0.0457903683330460206	0.00258902685703127085	0.0035985241406050505	0.00113583887905577222	0.984195161428482276	0.0534041679354508439	0.0108424288902339864	0.46473178132320727	0.31070478151627455	0.19637202798175673	0.0073432779049711959	0.0460100282844153104	0.317551288915554106
C:	0.532025819243227071	0.0567156288105002581	0.240518889657580801	0.115377237380204297	0.419155212910581927	0.58154734852466285	0.0446683397840003739	0.095559836187206524	0.312154872730363975	0.752687015411109683	0.0031290287507168047	0.0552184134212627586	0.00120357817054389143	0.00190228272303972021	0.00170260200500416581	0.943938226460933397	0.567720853471995895	0.121302301237776824	0.111621449080817204	0.0477627197590419291	0.193341733376226119	0.144022755308092222	0.220623638010745614
G:	0.0817940531713156701	0.373481509430430971	0.24516088734365873	0.149204651209316878	0.0129783837483159021	0.191968135925561752	0.664730097566949138	0.162449198694691587	0.283895165841329976	0.0683829382465805181	0.844110178160190671	0.00103383765217907543	0.0127836930840015568	0.986549347249885132	0.00152850442532662516	0.000385008120609159163	0.0256910722157207856	0.0516149237366531466	0.27586961344628616	0.437751631485229802	0.00489768640801409777	0.191517003882470726	0.318468117768625817
T:	0.270890548803799791	0.406981489930343286	0.225152916109781168	0.0671159927171553534	0.159586768712130408	0.179170539315861359	0.241282982644419645	0.170431908316959309	0.273867145772232084	0.0806421950808953861	0.106970424756046503	0.941158722069526895	0.982414204604849501	0.0104125311480193758	0.0125737321411869327	0.00227259748300660051	0.395745645422049333	0.36235099370236276	0.301804155956622087	0.318113620773971539	0.794417302310788587	0.618450212525021742	0.143356955305074464



5	AAGTCAA..C	0.493988535411186659


A:	0.205005044475754057	0.161144939496809852	0.790361742088847107	0.605535835429727387	0.657289303444986606	0.404308032783414538	0.872428834992493729	0.852908988573104992	0.818100465058667522	0.00325922381304217605	0.00544738203041746	0.00411471595422729129	0.985015323584863364	0.964990899867517796	0.278756227518888873	0.0735072450720998742	0.304665972919830741	0.809460300363043061	0.0627151764998987829	0.0680500095822464457	0.0531397696828942911	0.307521736133086456	0.298052956686252466
C:	0.0943899793018586772	0.203442998547142107	0.0982120789237996007	0.0385742805686475022	0.0265758894987166664	0.143712194108211107	0.019844143919179825	0.0523819109029815907	0.00746120464991577492	0.00132822620215016511	0.00195250392256876308	0.99181467458647344	0.00805757615462263799	0.00213928131867147901	0.697656942300101458	0.20372225735876395	0.582796875162548974	0.102856755507313668	0.813476253627552815	0.481823466112749282	0.769973974114122893	0.153163407630387435	0.239196441191071558
G:	0.537786964256785779	0.531901133319567326	0.0825904807571095708	0.176180428904290792	0.25652004004483213	0.204710186196297489	0.0697748796331116208	0.0377904136787034947	0.165391490584953548	0.984682150255315473	0.000870806076542661142	0.00147197595061585674	0.0003571078532123899	0.0231395630824046944	0.00529764844488388934	0.595914994158671429	0.0347675495563157727	0.0477011341719631361	0.0238012787767970367	0.257731238742720763	0.0331939757918399667	0.131728221895514866	0.195625262821426432
T:	0.162818011965601487	0.103510928636480715	0.028835698230243722	0.179709455097334319	0.0596147670114645969	0.247269586912076866	0.0379521414552148251	0.0569186868452099225	0.00904683970646315567	0.0107303997294921857	0.991729307970471116	0.00259863350868341241	0.00656999240730160768	0.00973025573140603091	0.0182891817361257799	0.126855503410464747	0.0777696023613045124	0.0399818099576801348	0.100007291095751366	0.19239528556228351	0.143692280411142849	0.407586634341011243	0.267125339301249545



