1	G.GGTCAAC	0.497653973428162197


A:	0.176295309955941329	0.0568534329930825086	0.125393669532483345	0.15132625001233341	0.178442740812860999	0.183370301661186504	0.100756715596015965	0.128481977377491347	0.0459196398875284874	0.0816947843782345013	0.00234931882928462487	0.00289640035509321045	0.00453654476608849995	0.952713365601816838	0.892369403540120734	0.0717916626456010401	0.0597693583435879457	0.168701163288323937	0.171430664563281138	0.220478315901979613	0.104473704068880645	0.0521400986137272644	0.165240513656836457
C:	0.0878360802516514734	0.65414545455025716	0.785031951745768965	0.340340999574095376	0.162326269210358347	0.153730459849726575	0.166819046065002505	0.233374144123753424	0.207549548428452084	0.0103839119650937296	0.002451111186990859	0.00318286226229087816	0.989160732430943355	0.0409205046865759806	0.00436605394038263744	0.879492025818096728	0.257596484291132207	0.475182398520901093	0.158013176286425243	0.169864998562339174	0.490463857267822888	0.461952162756177759	0.129313905952077006
G:	0.162746543919138211	0.184850535249102875	0.0367598638883349203	0.320684666445174169	0.421632676989497733	0.435926886363204903	0.532133393252374605	0.538530906854081343	0.436731744165327416	0.904617873233101517	0.987702538616820709	0.00254360355897425593	0.00224251634656742581	0.00374920007730781329	0.0983218257616831397	0.0353156375112854919	0.296512621583532729	0.195102308091599597	0.062888947539999645	0.202432088143988062	0.260769361093138984	0.395426968543713278	0.635373662064439904
T:	0.573122065873268987	0.104150577207557456	0.0528145148334127698	0.187648083968397045	0.237598312987282921	0.226972352125882017	0.200290845086606924	0.0996129716446738861	0.309799067518692012	0.00330343042357025257	0.00749703136690380676	0.991377133823641655	0.00406020645640071887	0.0026169296342993678	0.0049427167578134892	0.0134006740250167396	0.386121535781747119	0.161014130099175372	0.607667211610293974	0.407224597391693151	0.144293077570157483	0.0904807700863816987	0.0700719183266466331



2	GGGTCAAC	0.497382198952879581


A:	0.0568534329930825086	0.125393669532483345	0.15132625001233341	0.178442740812860999	0.183370301661186504	0.100756715596015965	0.128481977377491347	0.0459196398875284874	0.182138318558569328	0.00290886118757822026	0.00574191207151584165	0.00905339808068501985	0.954474285630427304	0.838735782330427352	0.05364024096897132	0.0597693583435879457	0.168701163288323937	0.171430664563281138	0.220478315901979613	0.104473704068880645	0.0521400986137272644	0.165240513656836457
C:	0.65414545455025716	0.785031951745768965	0.340340999574095376	0.162326269210358347	0.153730459849726575	0.166819046065002505	0.233374144123753424	0.207549548428452084	0.0143883868519916958	0.00350730066014529576	0.00611472481205189002	0.983492863289395557	0.0290039608238167488	0.00376978852815499046	0.89208058071462099	0.257596484291132207	0.475182398520901093	0.158013176286425243	0.169864998562339174	0.490463857267822888	0.461952162756177759	0.129313905952077006
G:	0.184850535249102875	0.0367598638883349203	0.320684666445174169	0.421632676989497733	0.435926886363204903	0.532133393252374605	0.538530906854081343	0.436731744165327416	0.799679583176493298	0.967764786646393372	0.00515024969927784467	0.00459479523809654348	0.00405382944735783408	0.148732344501113822	0.0222901591413764312	0.296512621583532729	0.195102308091599597	0.062888947539999645	0.202432088143988062	0.260769361093138984	0.395426968543713278	0.635373662064439904
T:	0.104150577207557456	0.0528145148334127698	0.187648083968397045	0.237598312987282921	0.226972352125882017	0.200290845086606924	0.0996129716446738861	0.309799067518692012	0.00379371141294567835	0.0258190515058831121	0.982993113417154424	0.00285894339182287984	0.0124679240983981135	0.00876208464030383572	0.031989019175031259	0.386121535781747119	0.161014130099175372	0.607667211610293974	0.407224597391693151	0.144293077570157483	0.0904807700863816987	0.0700719183266466331



3	A..GTTGACC	0.496820516619746135


A:	0.182104527632315057	0.130995364968950821	0.0700719183266466331	0.0904807700863816987	0.144293077570157483	0.407224597391693151	0.607667211610293974	0.161014130099175372	0.386121535781747119	0.0278664727448149874	0.0114339795238427055	0.00363363704780078823	0.00406571792862208933	0.989374153753437884	0.00466878553979116015	0.00252412788559603118	0.309799067518692012	0.0996129716446738861	0.200290845086606924	0.226972352125882017	0.237598312987282921	0.187648083968397045	0.0528145148334127698
C:	0.580777179367762834	0.410632304430153753	0.635373662064439904	0.395426968543713278	0.260769361093138984	0.202432088143988062	0.062888947539999645	0.195102308091599597	0.296512621583532729	0.0172934363492138188	0.0934848644511682555	0.00838362277387463293	0.00194497814475968107	0.00428668715952374264	0.986559755797193083	0.829319217748571241	0.436731744165327416	0.538530906854081343	0.532133393252374605	0.435926886363204903	0.421632676989497733	0.320684666445174169	0.0367598638883349203
G:	0.180548324288443141	0.0552239826689332369	0.129313905952077006	0.461952162756177759	0.490463857267822888	0.169864998562339174	0.158013176286425243	0.475182398520901093	0.257596484291132207	0.915889927243832887	0.00308934387099543966	0.0172422258614382845	0.987912197498286566	0.00278111254605172942	0.00372431556836624512	0.013749102285738165	0.207549548428452084	0.233374144123753424	0.166819046065002505	0.153730459849726575	0.162326269210358347	0.340340999574095376	0.785031951745768965
T:	0.0565699687114789686	0.403148347931962189	0.165240513656836457	0.0521400986137272644	0.104473704068880645	0.220478315901979613	0.171430664563281138	0.168701163288323937	0.0597693583435879457	0.0389501636621383072	0.891991812153993599	0.970740514316886294	0.0060771064283316635	0.00355804654098664404	0.00504714309464951204	0.154407552080094562	0.0459196398875284874	0.128481977377491347	0.100756715596015965	0.183370301661186504	0.178442740812860999	0.15132625001233341	0.125393669532483345



4	G..GGTCAAC	0.496667819100772131


A:	0.176295309955941329	0.0568534329930825086	0.125393669532483345	0.15132625001233341	0.178442740812860999	0.183370301661186504	0.100756715596015965	0.128481977377491347	0.0459196398875284874	0.171382449783362606	0.00422970605215758945	0.00542528247899554972	0.00633770986113790624	0.955871906484692069	0.839987580185495479	0.0759082370138479337	0.0597693583435879457	0.168701163288323937	0.171430664563281138	0.220478315901979613	0.104473704068880645	0.0521400986137272644	0.165240513656836457
C:	0.0878360802516514734	0.65414545455025716	0.785031951745768965	0.340340999574095376	0.162326269210358347	0.153730459849726575	0.166819046065002505	0.233374144123753424	0.207549548428452084	0.00700689301071268938	0.00266968885874295389	0.00277979726467413585	0.988867038959007073	0.0364084682089960688	0.00365947073903941757	0.885425203881392528	0.257596484291132207	0.475182398520901093	0.158013176286425243	0.169864998562339174	0.490463857267822888	0.461952162756177759	0.129313905952077006
G:	0.162746543919138211	0.184850535249102875	0.0367598638883349203	0.320684666445174169	0.421632676989497733	0.435926886363204903	0.532133393252374605	0.538530906854081343	0.436731744165327416	0.819573135847821754	0.986739660960305607	0.00136953423561805375	0.00361035779284674618	0.00221449268299433273	0.146043458377601579	0.0217629249014986267	0.296512621583532729	0.195102308091599597	0.062888947539999645	0.202432088143988062	0.260769361093138984	0.395426968543713278	0.635373662064439904
T:	0.573122065873268987	0.104150577207557456	0.0528145148334127698	0.187648083968397045	0.237598312987282921	0.226972352125882017	0.200290845086606924	0.0996129716446738861	0.309799067518692012	0.00203752135810295094	0.00636094412879384993	0.990425386020712261	0.00118489338700827436	0.00550513262331752899	0.0103094906978635243	0.0169036342032609119	0.386121535781747119	0.161014130099175372	0.607667211610293974	0.407224597391693151	0.144293077570157483	0.0904807700863816987	0.0700719183266466331



5	G.GTTGACC	0.496440830740356596


A:	0.182104527632315057	0.130995364968950821	0.0700719183266466331	0.0904807700863816987	0.144293077570157483	0.407224597391693151	0.607667211610293974	0.161014130099175372	0.386121535781747119	0.0173821213772742592	0.0157565819024990024	0.00502551194642212493	0.00166207894126630964	0.982769178070540234	0.0134096637152610404	0.00320003549178630895	0.309799067518692012	0.0996129716446738861	0.200290845086606924	0.226972352125882017	0.237598312987282921	0.187648083968397045	0.0528145148334127698
C:	0.580777179367762834	0.410632304430153753	0.635373662064439904	0.395426968543713278	0.260769361093138984	0.202432088143988062	0.062888947539999645	0.195102308091599597	0.296512621583532729	0.0181667179668917398	0.0411271559473006444	0.00697376877679745299	0.00265324067759270497	0.00269931526606673285	0.978533687689508942	0.749801770875056381	0.436731744165327416	0.538530906854081343	0.532133393252374605	0.435926886363204903	0.421632676989497733	0.320684666445174169	0.0367598638883349203
G:	0.180548324288443141	0.0552239826689332369	0.129313905952077006	0.461952162756177759	0.490463857267822888	0.169864998562339174	0.158013176286425243	0.475182398520901093	0.257596484291132207	0.8448940411509308	0.00511894851148223368	0.0580337065956992345	0.980584401078531086	0.0110798750009117573	0.00353566018865148972	0.0162024943419627327	0.207549548428452084	0.233374144123753424	0.166819046065002505	0.153730459849726575	0.162326269210358347	0.340340999574095376	0.785031951745768965
T:	0.0565699687114789686	0.403148347931962189	0.165240513656836457	0.0521400986137272644	0.104473704068880645	0.220478315901979613	0.171430664563281138	0.168701163288323937	0.0597693583435879457	0.119557119504903201	0.93799731363871812	0.929967012681081188	0.0151002793026098995	0.00345163166248127561	0.00452098840657852781	0.230795699291194577	0.0459196398875284874	0.128481977377491347	0.100756715596015965	0.183370301661186504	0.178442740812860999	0.15132625001233341	0.125393669532483345



