1	CGTTGACC	0.497536976374826285


A:	0.150589947858365443	0.193061876771956194	0.0158719364867501205	0.0118458013730502793	0.102070712990136001	0.278694254948314571	0.156282294341589907	0.119216066986252845	0.0229090195376185413	0.000945719156793696921	0.00515298655710171984	0.00131717091389612802	0.991501870550899077	0.0209239273071354275	0.0235806948653889812	0.426878433703100443	0.172728901013877363	0.183857363878779046	0.118268661645288455	0.00519800982709352653	0.088351291786712291	0.311399525927845702
C:	0.32823286147258821	0.285778724820004466	0.289641588055219731	0.800610374513695872	0.808681583706933084	0.382786916649083493	0.241783080989361403	0.767042872177255847	0.00420043547554897064	0.0486336119737213484	0.000665646392232075513	0.00130132413299164838	0.00199682053783924532	0.976977163575337634	0.799857597717908067	0.133678569698996752	0.50073113142617662	0.14734184211854577	0.00858518359724299977	0.00720709973838269186	0.457847840866761843	0.179029696172608398
G:	0.0988252052616841652	0.025758455785521828	0.115360860895394457	0.0834569387747948925	0.0199937781553783219	0.166840671539356613	0.296419235458221059	0.0422063858569486473	0.899515514124827789	0.000583639190209992727	0.00727691100934277008	0.989322451033747162	0.000960787768118507657	0.000450849621564401326	0.01798943700404917	0.189651907429404564	0.105007223758184668	0.123719460699280439	0.658272021289550282	0.00494123567540149806	0.00705618252086740571	0.373975452825675554
T:	0.422351985407362182	0.495400942622517511	0.579125614562635691	0.104086885338458957	0.0692539251475525922	0.171678156863245323	0.30551538921082763	0.0715346749795426613	0.0733750308620046989	0.949837029679274962	0.986904456041323435	0.008059053919365062	0.00554052114314316996	0.00164805949596253691	0.158572270412653782	0.249791089168498242	0.221532743801761349	0.545081333303394744	0.214874133467918264	0.982653654759122284	0.44674468482565846	0.135595325073870346



2	G.GGTCAAC	0.496817459923569408


A:	0.393860794910053472	0.0679046893226044145	0.135595325073870346	0.44674468482565846	0.982653654759122284	0.214874133467918264	0.545081333303394744	0.221532743801761349	0.249791089168498242	0.231659551408126184	0.00270817197881834114	0.00312078227114247652	0.00715135870735510502	0.987741715270744088	0.974158025746051775	0.0396020202160084139	0.0715346749795426613	0.30551538921082763	0.171678156863245323	0.0692539251475525922	0.104086885338458957	0.579125614562635691	0.495400942622517511
C:	0.200789288353668363	0.758293505178936812	0.373975452825675554	0.00705618252086740571	0.00494123567540149806	0.658272021289550282	0.123719460699280439	0.105007223758184668	0.189651907429404564	0.00700680956446165144	0.000497730990529466975	0.0029925009948577348	0.989341004446093322	0.00740701792597638348	0.000552758796869727204	0.922369303396588468	0.0422063858569486473	0.296419235458221059	0.166840671539356613	0.0199937781553783219	0.0834569387747948925	0.115360860895394457	0.025758455785521828
G:	0.128501603795189387	0.0808054136437199846	0.179029696172608398	0.457847840866761843	0.00720709973838269186	0.00858518359724299977	0.14734184211854577	0.50073113142617662	0.133678569698996752	0.756877280022329988	0.987488189894122914	0.00107330166594648531	0.00238229174301627506	0.000468192708358914406	0.023449837068396649	0.00237170730442091317	0.767042872177255847	0.241783080989361403	0.382786916649083493	0.808681583706933084	0.800610374513695872	0.289641588055219731	0.285778724820004466
T:	0.276848312941088779	0.0929963918547387885	0.311399525927845702	0.088351291786712291	0.00519800982709352653	0.118268661645288455	0.183857363878779046	0.172728901013877363	0.426878433703100443	0.0044563590050821766	0.00930590713652927748	0.992813415068053303	0.00112534510353529791	0.00438307409492061444	0.00183937838868184861	0.0356569690829822046	0.119216066986252845	0.156282294341589907	0.278694254948314571	0.102070712990136001	0.0118458013730502793	0.0158719364867501205	0.193061876771956194



3	A..GGTCAAC	0.496453267162944582


A:	0.393860794910053472	0.0679046893226044145	0.135595325073870346	0.44674468482565846	0.982653654759122284	0.214874133467918264	0.545081333303394744	0.221532743801761349	0.249791089168498242	0.336430498742050339	0.00286854835627427013	0.00153926804973389933	0.00270343230275599134	0.980586400027181327	0.969095948394703502	0.0410603527424025302	0.0715346749795426613	0.30551538921082763	0.171678156863245323	0.0692539251475525922	0.104086885338458957	0.579125614562635691	0.495400942622517511
C:	0.200789288353668363	0.758293505178936812	0.373975452825675554	0.00705618252086740571	0.00494123567540149806	0.658272021289550282	0.123719460699280439	0.105007223758184668	0.189651907429404564	0.0241899631170188665	0.000744606195985048646	0.0059022548621876248	0.99160977537968564	0.0138569300627053588	0.000924948959655485409	0.934319907217736569	0.0422063858569486473	0.296419235458221059	0.166840671539356613	0.0199937781553783219	0.0834569387747948925	0.115360860895394457	0.025758455785521828
G:	0.128501603795189387	0.0808054136437199846	0.179029696172608398	0.457847840866761843	0.00720709973838269186	0.00858518359724299977	0.14734184211854577	0.50073113142617662	0.133678569698996752	0.624255039339659177	0.98739361146162329	0.00126295631554393253	0.00348081886649381798	0.000674787493903207695	0.0286546642980940812	0.00607101854842277183	0.767042872177255847	0.241783080989361403	0.382786916649083493	0.808681583706933084	0.800610374513695872	0.289641588055219731	0.285778724820004466
T:	0.276848312941088779	0.0929963918547387885	0.311399525927845702	0.088351291786712291	0.00519800982709352653	0.118268661645288455	0.183857363878779046	0.172728901013877363	0.426878433703100443	0.0151244988012716177	0.00899323398611739122	0.991295520772534543	0.00220597345106455105	0.00488188241621010623	0.00132443834754693185	0.018548721491438129	0.119216066986252845	0.156282294341589907	0.278694254948314571	0.102070712990136001	0.0118458013730502793	0.0158719364867501205	0.193061876771956194



4	GTTGACCA	0.496435750446694461


A:	0.193061876771956194	0.0158719364867501205	0.0118458013730502793	0.102070712990136001	0.278694254948314571	0.156282294341589907	0.119216066986252845	0.0318469821600391089	0.00228938529177881648	0.00493086573493407223	0.00100138954688124211	0.991522587873581733	0.00692488134958045746	0.00816480284535012385	0.426878433703100443	0.172728901013877363	0.183857363878779046	0.118268661645288455	0.00519800982709352653	0.088351291786712291	0.311399525927845702	0.0929963918547387885
C:	0.285778724820004466	0.289641588055219731	0.800610374513695872	0.808681583706933084	0.382786916649083493	0.241783080989361403	0.767042872177255847	0.00359455838707306746	0.0363605024562241944	0.000731561284177690321	0.00194583303175421196	0.00154395305214179477	0.989875999867799514	0.780110221354331707	0.133678569698996752	0.50073113142617662	0.14734184211854577	0.00858518359724299977	0.00720709973838269186	0.457847840866761843	0.179029696172608398	0.0808054136437199846
G:	0.025758455785521828	0.115360860895394457	0.0834569387747948925	0.0199937781553783219	0.166840671539356613	0.296419235458221059	0.0422063858569486473	0.856278893720887788	0.000514209481198031982	0.00699112340467044773	0.987512149673920178	0.00121091765124062861	0.00113890338897708758	0.0134686343448443594	0.189651907429404564	0.105007223758184668	0.123719460699280439	0.658272021289550282	0.00494123567540149806	0.00705618252086740571	0.373975452825675554	0.758293505178936812
T:	0.495400942622517511	0.579125614562635691	0.104086885338458957	0.0692539251475525922	0.171678156863245323	0.30551538921082763	0.0715346749795426613	0.108279565732000035	0.960835902770798957	0.98734644957621779	0.00954062774744436825	0.00572254142303584367	0.0020602153936429411	0.19825634145547381	0.249791089168498242	0.221532743801761349	0.545081333303394744	0.214874133467918264	0.982653654759122284	0.44674468482565846	0.135595325073870346	0.0679046893226044145



5	AGTCAAC.C	0.495257208794481116


A:	0.31587282941372184	0.0209275366257185369	0.917689275824709059	0.226999409711128855	0.581836709234464246	0.365103888059496283	0.730767701698320473	0.470480441972583173	0.00276691234468962002	0.0053794506329090224	0.0118116187239531176	0.984168786625891532	0.958369752667388118	0.164239392782822705	0.104129946023635994	0.127612706192367065	0.146806781910451733	0.0411906472119955413	0.405296290963993322	0.819129448230445226	0.367761558959604182	0.108723587435294149	0.184490599924822352
C:	0.13440058513111586	0.402271848974413004	0.00845589717504342715	0.631634553362440276	0.0652308549630577805	0.190348353580088459	0.0673636807381416836	0.0109537506625272236	0.00105688236403405541	0.00254234553492058258	0.985943374252764278	0.00963516288123056248	0.00168898910606252021	0.797398193399450361	0.11955548936470023	0.546192247314940025	0.0605403836802022152	0.10304812873512608	0.140108055440034458	0.0379228249031520701	0.0883337817522306906	0.310700743438518503	0.305069436106426792
G:	0.32067381396466182	0.0694595041792056612	0.0698391808392528836	0.013601614545049399	0.120409660901069032	0.289668315591882191	0.0636381712147789048	0.509051161287060931	0.971780807675625028	0.00114575759643978721	0.00074846435410027202	0.00149692594978960058	0.0369377636754583361	0.00563162308762943383	0.54178763214972412	0.243975115035644651	0.191680041769879639	0.142779456856681589	0.017566182532651078	0.0998955516263468814	0.257195098654527106	0.362888473647922624	0.174563758914694045
T:	0.229052771490500479	0.507341110220662798	0.00401564616099463031	0.12776442238138147	0.232522774901408941	0.154879442768533068	0.138230446348758938	0.0095146460778286723	0.0243953976156512968	0.990932446235730608	0.00149654266918233207	0.00469912454308830509	0.00300349455109102605	0.0327307907300975002	0.234526932461939655	0.0822199314570482584	0.600972792639466412	0.712981767196196789	0.437029471063321142	0.0430521752400558227	0.286709560633638022	0.217687195478264724	0.335876205054056811



