1	CGTTGACC	0.499032440835064577


A:	0.229478916892178066	0.0716395541642443907	0.0227705879305288501	0.255369762770122278	0.332816788437821518	0.316254869271044802	0.140094684638058029	0.102602273737093295	0.0725625101418154764	0.00116451764181742971	0.00484514660495678132	0.000644168279530337987	0.992390278323511339	0.0113367525190507108	0.00218786335788087827	0.187685055984551696	0.235291838720658605	0.200169020457887385	0.240757478003300293	0.188915600473201971	0.250540678844162084	0.155868867239678805
C:	0.0877538674479259255	0.482378355687517558	0.284739393869649584	0.266666840665885064	0.275245163238166076	0.120524890590695828	0.250212549990973879	0.698542627719889793	0.000826337441058277795	0.052643184241563749	0.000441785783700495055	0.000543652487153484706	0.000853776027099821108	0.985479836229853384	0.692010213725076732	0.364120239982922136	0.267220653343318752	0.44597956591122899	0.157492990789614117	0.400526687989488931	0.25034003651971859	0.189634055490692998
G:	0.181556592072587263	0.0941409278067778918	0.63440966615263034	0.358075499170981095	0.238365587513699155	0.207635579416811357	0.393979874396392165	0.185454841364344094	0.923416215425029507	0.000722169210743219233	0.0134392870284271372	0.966059973932911266	0.00329277365020512999	0.000549799697495742902	0.0375760996304558879	0.260509648047974471	0.349925252496770678	0.2055926002488426	0.241612666355362509	0.247998835301320923	0.171664567271299123	0.239800081474286385
T:	0.501210623587308746	0.35184116234146016	0.0580803520471912263	0.119887897393011563	0.153572460810313251	0.355584660721448013	0.215712890974575927	0.0134002571786728176	0.0031949369920967388	0.945470128905875602	0.981273780582915586	0.0327522053004049115	0.00346317199918371021	0.00263361155360016246	0.268225823286586501	0.187685055984551696	0.147562255439251965	0.148258813382041025	0.360136864851723081	0.162558876235988175	0.327454717364820203	0.414696995795341812



2	GGTCAAC..A	0.497553667851968919


A:	0.414696995795341812	0.327454717364820203	0.162558876235988175	0.360136864851723081	0.148258813382041025	0.147562255439251965	0.187685055984551696	0.270096189775829211	0.00107198461495911977	0.00337257854450032147	0.0212254882360124	0.985081517959434898	0.981176755802004997	0.00599246991349467119	0.0134002571786728176	0.215712890974575927	0.355584660721448013	0.153572460810313251	0.119887897393011563	0.0580803520471912263	0.35184116234146016	0.501210623587308746	0.034504470287082287
C:	0.239800081474286385	0.171664567271299123	0.247998835301320923	0.241612666355362509	0.2055926002488426	0.349925252496770678	0.260509648047974471	0.0147375200471895331	0.00284512659931051625	0.00172304018460027099	0.977312892067976067	0.0115154885650235394	0.000695212579017683698	0.978699441534144064	0.185454841364344094	0.393979874396392165	0.207635579416811357	0.238365587513699155	0.358075499170981095	0.63440966615263034	0.0941409278067778918	0.181556592072587263	0.210207496652877769
G:	0.189634055490692998	0.25034003651971859	0.400526687989488931	0.157492990789614117	0.44597956591122899	0.267220653343318752	0.364120239982922136	0.714364414430047418	0.990756127668358915	0.00195010882206866658	0.000764229137551023974	0.00109963751062515151	0.0164229418395949716	0.00110362938030391269	0.698542627719889793	0.250212549990973879	0.120524890590695828	0.275245163238166076	0.266666840665885064	0.284739393869649584	0.482378355687517558	0.0877538674479259255	0.426844018091730008
T:	0.155868867239678805	0.250540678844162084	0.188915600473201971	0.240757478003300293	0.200169020457887385	0.235291838720658605	0.187685055984551696	0.000801875746933838033	0.00532676111737144932	0.992954272448830741	0.000697390558460508918	0.00230335596491641084	0.00170508977938234788	0.0142044591720573517	0.102602273737093295	0.140094684638058029	0.316254869271044802	0.332816788437821518	0.255369762770122278	0.0227705879305288501	0.0716395541642443907	0.229478916892178066	0.328444014968309936



3	CGGTCAAC	0.497484070927590635


A:	0.132128239648828819	0.414696995795341812	0.327454717364820203	0.162558876235988175	0.360136864851723081	0.148258813382041025	0.147562255439251965	0.187685055984551696	0.278628081652981407	0.00327728071361892792	0.0019232415659345061	0.0182368173820572625	0.982575899673386121	0.953885498894592722	0.0259431201344922939	0.0134002571786728176	0.215712890974575927	0.355584660721448013	0.153572460810313251	0.119887897393011563	0.0580803520471912263	0.35184116234146016
C:	0.130184746505159776	0.239800081474286385	0.171664567271299123	0.247998835301320923	0.241612666355362509	0.2055926002488426	0.349925252496770678	0.260509648047974471	0.0331755484491713932	0.00105051309558288113	0.00318948026023175037	0.979616843193062917	0.0124592851444485621	0.000669522316042387135	0.937012482914420503	0.185454841364344094	0.393979874396392165	0.207635579416811357	0.238365587513699155	0.358075499170981095	0.63440966615263034	0.0941409278067778918
G:	0.197614216698314495	0.189634055490692998	0.25034003651971859	0.400526687989488931	0.157492990789614117	0.44597956591122899	0.267220653343318752	0.364120239982922136	0.687356030984297619	0.990805694206882489	0.00192537038596063237	0.000719297656231682152	0.000927626992304908286	0.0431550066510263252	0.00279989577277836264	0.698542627719889793	0.250212549990973879	0.120524890590695828	0.275245163238166076	0.266666840665885064	0.284739393869649584	0.482378355687517558
T:	0.540072797147696909	0.155868867239678805	0.250540678844162084	0.188915600473201971	0.240757478003300293	0.200169020457887385	0.235291838720658605	0.187685055984551696	0.000840338913549580804	0.00486651198391570194	0.992961907787873111	0.00142704176864813787	0.00403718818986040847	0.00228997213833856566	0.0342445011783088403	0.102602273737093295	0.140094684638058029	0.316254869271044802	0.332816788437821518	0.255369762770122278	0.0227705879305288501	0.0716395541642443907



4	G..GGTCAAC	0.497477815643469814


A:	0.0807765872266899231	0.132128239648828819	0.414696995795341812	0.327454717364820203	0.162558876235988175	0.360136864851723081	0.148258813382041025	0.147562255439251965	0.187685055984551696	0.205091968967608583	0.00514638690544586125	0.00253307436564056238	0.0116995089800766643	0.98837252931649576	0.971016056056127347	0.00732868708546179017	0.0134002571786728176	0.215712890974575927	0.355584660721448013	0.153572460810313251	0.119887897393011563	0.0580803520471912263	0.35184116234146016
C:	0.15934216307748579	0.130184746505159776	0.239800081474286385	0.171664567271299123	0.247998835301320923	0.241612666355362509	0.2055926002488426	0.349925252496770678	0.260509648047974471	0.0163112141239621611	0.00133263068227805729	0.00176125687209711302	0.986326808650132694	0.00812274198655714773	0.000429014666650075193	0.981489729224228927	0.185454841364344094	0.393979874396392165	0.207635579416811357	0.238365587513699155	0.358075499170981095	0.63440966615263034	0.0941409278067778918
G:	0.165803405214883744	0.197614216698314495	0.189634055490692998	0.25034003651971859	0.400526687989488931	0.157492990789614117	0.44597956591122899	0.267220653343318752	0.364120239982922136	0.777459506418122097	0.988463652591082894	0.00214057111318009875	0.00101869947649492835	0.000748485409655708477	0.025259162571719468	0.00183726403081786137	0.698542627719889793	0.250212549990973879	0.120524890590695828	0.275245163238166076	0.266666840665885064	0.284739393869649584	0.482378355687517558
T:	0.594077844480940543	0.540072797147696909	0.155868867239678805	0.250540678844162084	0.188915600473201971	0.240757478003300293	0.200169020457887385	0.235291838720658605	0.187685055984551696	0.00113731049030715864	0.00505732982119318751	0.993565097649082226	0.000954982893295713607	0.00275624328729138363	0.00329576670550310957	0.00934431965949142185	0.102602273737093295	0.140094684638058029	0.316254869271044802	0.332816788437821518	0.255369762770122278	0.0227705879305288501	0.0716395541642443907



5	GCGTTGAC	0.497303752084652887


A:	0.170168603091966267	0.237228669356491315	0.204445620788625996	0.385658919178578273	0.0943887609745522777	0.341572072933399406	0.356766608531990266	0.155775457263779495	0.0870116801987173257	0.029807158225909517	0.00216533287310145056	0.00483862293670680769	0.00120203787036001698	0.992528723371902235	0.0113181643729949697	0.00218786335788087827	0.192343747258085413	0.174256003470127347	0.0490394044913083309	0.181575852242258101	0.117762844565074544	0.259402400276274294
C:	0.40094028732586032	0.249686230713605931	0.546883581991081874	0.152672132759892489	0.407418476400913065	0.17766888941679259	0.179021434690241439	0.322937335217783364	0.710613520679219393	0.00218066272345459175	0.020679312264310419	0.00185875181773938607	0.000899278311592128305	0.00117804586601217501	0.985770907401671133	0.692010213725076732	0.392443088045794006	0.133988526652932303	0.14766429827373624	0.334164663932255692	0.290379388559919654	0.424220496968883
G:	0.185389320104712093	0.224973157849522366	0.141456523204069765	0.3306124111541673	0.209240997114897114	0.260567131126953087	0.147765041446010505	0.430370155278533021	0.181875533615361226	0.964738698097152504	0.00246735932404677366	0.0110235695306955213	0.976379191904213747	0.00266825916117582091	0.000999213630734285665	0.0375760996304558879	0.151230618777716574	0.34869989776273717	0.330006981316793592	0.404639100413354653	0.461053655322126288	0.0399153338221253868
T:	0.243501789477461319	0.288111942080380388	0.107214274016222365	0.131056536907361938	0.288951765509637543	0.220191906522854917	0.316446915331757789	0.0909170522399041203	0.020499265506702055	0.00327348095348338731	0.974687995538541357	0.982279055714858285	0.0215194919138341078	0.00362497160090976884	0.00191171459459961113	0.268225823286586501	0.263982545918404007	0.34305557211420318	0.473289315918161836	0.0796203834121315551	0.130804111552879514	0.276461768932717318



