1	AGTCAACG	0.499329958308516974


A:	0.293161170206595001	0.334358862194205391	0.843812393495672169	0.367954616566834763	0.339716186950543718	0.503118154366200282	0.437730981656363417	0.520358567595789615	0.00176291569338014374	0.00712219333277369345	0.00638954462444519607	0.991857964313588558	0.978156079560858833	0.0213485633892819464	0.031828701178463039	0.185060088308400765	0.283742206144245119	0.481949245942725534	0.0220056046070389506	0.114709347496531028	0.099907422990918712	0.287992404593069877
C:	0.295608473392132535	0.206563448247580421	0.100760238485929242	0.00271484596836991866	0.268788207685457001	0.139584301396242051	0.135954875381396075	0.00244096045934035946	0.00180553227116473687	0.000668789289678387387	0.990733789835509192	0.0039531585068743034	0.00107162576010439218	0.96813141293475378	0.00669491625514119308	0.410742735170099244	0.217021305914988161	0.424017667328495737	0.107565223055091533	0.0199981061773715158	0.189922495780126006	0.202804014852003392
G:	0.151636991545286254	0.167632222936334025	0.0152484576066837784	0.625861009065622226	0.146357846463815053	0.0600909179689487332	0.0890842721749314073	0.475469905688156786	0.991198783269579265	0.00240638734867105518	0.00106984513888582147	0.00176066385429525924	0.0198763172973578034	0.00112026417009551115	0.95368057964839111	0.251325501281758458	0.196555484112879116	0.0468710336248315819	0.835732636651039814	0.425801486945600356	0.0533336017092353428	0.265733292791638679
T:	0.25959336485598621	0.291445466621880162	0.0401789104117148112	0.00346952839917309271	0.245137758900184229	0.297206626268608934	0.337229870787309101	0.00173056625671323947	0.00523276876587585481	0.989802630028876864	0.00180682040115979005	0.00242821332524187984	0.000895977381678971562	0.00939975950586876223	0.00779580291800465832	0.152871675239741533	0.302681003827887605	0.047162053103947147	0.034696535686829703	0.439491059380497099	0.656836479519719939	0.243470287763288052



2	CGTTGACC	0.499187264244590034


A:	0.243470287763288052	0.656836479519719939	0.439491059380497099	0.034696535686829703	0.047162053103947147	0.302681003827887605	0.152871675239741533	0.00457008929090610664	0.0113424651716983834	0.00122220426186840627	0.00153751322878659819	0.00156276285110938257	0.991900587092201695	0.00623471918818162204	0.00173056625671323947	0.337229870787309101	0.297206626268608934	0.245137758900184229	0.00346952839917309271	0.0401789104117148112	0.291445466621880162	0.25959336485598621
C:	0.265733292791638679	0.0533336017092353428	0.425801486945600356	0.835732636651039814	0.0468710336248315819	0.196555484112879116	0.251325501281758458	0.965546447479574637	0.000483251533341448236	0.022584543210615231	0.00271326865375817824	0.00149811911825160243	0.00144570174987310257	0.990720835953321936	0.475469905688156786	0.0890842721749314073	0.0600909179689487332	0.146357846463815053	0.625861009065622226	0.0152484576066837784	0.167632222936334025	0.151636991545286254
G:	0.202804014852003392	0.189922495780126006	0.0199981061773715158	0.107565223055091533	0.424017667328495737	0.21702130591498816	0.410742735170099244	0.0103747908356243287	0.974973130145945853	0.000475150415127649065	0.0032361892724303045	0.992234143553362787	0.00149732282100948985	0.00126760104382771293	0.00244096045934035946	0.135954875381396075	0.139584301396242051	0.268788207685457001	0.00271484596836991866	0.100760238485929242	0.206563448247580421	0.295608473392132535
T:	0.287992404593069877	0.099907422990918712	0.114709347496531028	0.0220056046070389506	0.481949245942725534	0.283742206144245119	0.185060088308400765	0.0195086723938949282	0.013201153149014315	0.975718102112388714	0.992513028845024919	0.004704974477276228	0.00515638833691571281	0.00177684381466872908	0.520358567595789615	0.437730981656363417	0.503118154366200282	0.339716186950543718	0.367954616566834763	0.843812393495672169	0.334358862194205391	0.293161170206595001



3	A..GTCAACG	0.498302645292570351


A:	0.013971869711707127	0.293161170206595001	0.334358862194205391	0.843812393495672169	0.367954616566834763	0.339716186950543718	0.503118154366200282	0.437730981656363417	0.520358567595789615	0.00441407325020551625	0.00520844650682642781	0.00527190073567733495	0.987399899425264583	0.976764041991640223	0.0304453738111298184	0.0638025855564745827	0.185060088308400765	0.283742206144245119	0.481949245942725534	0.0220056046070389506	0.114709347496531028	0.099907422990918712	0.287992404593069877
C:	0.595373602963740151	0.295608473392132535	0.206563448247580421	0.100760238485929242	0.00271484596836991866	0.268788207685457001	0.139584301396242051	0.135954875381396075	0.00244096045934035946	0.00213286088797245986	0.00118947338117160896	0.98884519610528259	0.00491076453535998916	0.0015007184669487709	0.937359472929652977	0.0254246224026630084	0.410742735170099244	0.217021305914988161	0.424017667328495737	0.107565223055091533	0.0199981061773715158	0.189922495780126006	0.202804014852003392
G:	0.0724780069193217048	0.151636991545286254	0.167632222936334025	0.0152484576066837784	0.625861009065622226	0.146357846463815053	0.0600909179689487332	0.0890842721749314073	0.475469905688156786	0.979031190747406333	0.00336082605803905032	0.0024537195199792283	0.0055830112611191654	0.0196118784042124565	0.0057051659466089448	0.870496786205042902	0.251325501281758458	0.196555484112879116	0.0468710336248315819	0.835732636651039814	0.425801486945600356	0.0533336017092353428	0.265733292791638679
T:	0.318176520405231018	0.25959336485598621	0.291445466621880162	0.0401789104117148112	0.00346952839917309271	0.245137758900184229	0.297206626268608934	0.337229870787309101	0.00173056625671323947	0.0144218751144156906	0.990241254053962913	0.00342918363906084659	0.00210632477825626295	0.00212336113719854966	0.02648998731260826	0.0402760058358195067	0.152871675239741533	0.302681003827887605	0.047162053103947147	0.034696535686829703	0.439491059380497099	0.656836479519719939	0.243470287763288052



4	GCGTTGAC	0.498203916021441334


A:	0.191427965152068314	0.243470287763288052	0.656836479519719939	0.439491059380497099	0.034696535686829703	0.047162053103947147	0.302681003827887605	0.152871675239741533	0.0254804821747578913	0.0261952795981671271	0.00524864206204532059	0.00300806228359797721	0.00499307468409988685	0.979160761982730373	0.0314293914078335768	0.00173056625671323947	0.337229870787309101	0.297206626268608934	0.245137758900184229	0.00346952839917309271	0.0401789104117148112	0.291445466621880162
C:	0.0470879370095373437	0.265733292791638679	0.0533336017092353428	0.425801486945600356	0.835732636651039814	0.0468710336248315819	0.196555484112879116	0.251325501281758458	0.847022808082027119	0.0105281651809748809	0.0263768802151278211	0.00759513488848927535	0.00272102457207087525	0.00548749873592486998	0.959193985488526843	0.475469905688156786	0.0890842721749314073	0.0600909179689487332	0.146357846463815053	0.625861009065622226	0.0152484576066837784	0.167632222936334025
G:	0.143699193967542761	0.202804014852003392	0.189922495780126006	0.0199981061773715158	0.107565223055091533	0.424017667328495737	0.21702130591498816	0.410742735170099244	0.0243889990035158297	0.927533775948364797	0.00391242442135233306	0.0131990820040581966	0.979955360422366897	0.00124556481007675356	0.0042323042147394437	0.00244096045934035946	0.135954875381396075	0.139584301396242051	0.268788207685457001	0.00271484596836991866	0.100760238485929242	0.206563448247580421
T:	0.617784903870851582	0.287992404593069877	0.099907422990918712	0.114709347496531028	0.0220056046070389506	0.481949245942725534	0.283742206144245119	0.185060088308400765	0.10310771073969916	0.0357427792724931946	0.964462053301474525	0.976197720823854551	0.0123305403214623404	0.0141061744712680034	0.00514431888890013643	0.520358567595789615	0.437730981656363417	0.503118154366200282	0.339716186950543718	0.367954616566834763	0.843812393495672169	0.334358862194205391



5	A..AGTCAAC	0.498101642761427366


A:	0.0821970163773828216	0.126596113797849684	0.39289667161978477	0.251887748260577906	0.218322407315693902	0.157483557915310191	0.648792440290570673	0.616396180664805527	0.722538505938464547	0.678346614717229492	0.0036444981789295077	0.00360343380593603975	0.00544054885726868894	0.988148470706461409	0.974877567945017944	0.054096564105337906	0.031828701178463039	0.248079825252459395	0.230831257678655751	0.234021428424493054	0.570925815577713864	0.480550314777947975	0.421491904695859939
C:	0.0650860138030777871	0.292847054066793218	0.0726014035060511653	0.326611871280397832	0.144836729006645598	0.15443397957791793	0.232403538470194664	0.166441485937521247	0.0705927314833985288	0.00487899682962719026	0.000807019293409412051	0.00231320878376566112	0.990347574444229864	0.00287064902578429747	0.00227040931436134312	0.929607376549196712	0.00669491625514119308	0.358575100403553993	0.138046881155671743	0.146805058146366862	0.0619860506326496116	0.197212418306843975	0.221202096019273455
G:	0.0520840214446736214	0.176233177172564686	0.220582614024326882	0.172376829416315858	0.579928719339552504	0.468882353928944707	0.081073696418823276	0.119817356292506558	0.0693000002848851771	0.308995862472163793	0.984502186314209352	0.00356217156643455712	0.00142999686069950192	0.00440355603543041084	0.0217753348642020664	0.00368304997644255468	0.95368057964839111	0.267268976012333573	0.0782177967122191118	0.227838818000514618	0.294519934330164028	0.238696309569792833	0.254875270312348704
T:	0.80063294837486577	0.404323654962792412	0.313919310849837183	0.249123551042708404	0.0569121443381079964	0.219200108577827171	0.0377303248204113862	0.0973449771051666683	0.137568762293251747	0.00777852598097952438	0.011046296213451728	0.990521185843863742	0.00278187983780194476	0.00457732423232388256	0.00107668787641864672	0.0126130093690228274	0.00779580291800465832	0.126076098331653039	0.552904064453453395	0.391334695428625466	0.0725681994594724959	0.0835409573454152164	0.102430728972517901



