1	G.GGTCAAC	0.495928409147034129


A:	0.410885700801465473	0.176852215676976388	0.386834395333187487	0.28009922435205465	0.220452838254017092	0.239054024801185647	0.104958380355721254	0.0973203584684475992	0.089719847621958935	0.145788062997994899	0.00303373981687301837	0.00251892295181504089	0.007313915382306107	0.983184047417543915	0.973606154533860383	0.0936807517665126945	0.0819128284030598621	0.136461767790178859	0.272868348682132281	0.283726221411148884	0.340278783422170877	0.196242851570482025	0.293119461523850089
C:	0.0551606539454520915	0.411040819770724133	0.215675606825962517	0.140610511647303603	0.299183135504288784	0.423505244347262523	0.193312362210449794	0.144296677547976876	0.105955524804934885	0.012815406383225285	0.000973996236880332698	0.00319758938445066662	0.990057340710755831	0.0132725378421185699	0.00122965700926991472	0.881727889000484685	0.334232917057459054	0.224649697635931979	0.442517481581845614	0.343774237208765137	0.170499617250209149	0.51260216654512921	0.152447803114749426
G:	0.268416304876459621	0.263667866273341222	0.144822823188635893	0.398862712144198304	0.125156168957666222	0.173369321891500716	0.322577721817124651	0.736463230019796734	0.387474091777076279	0.832208950645102879	0.988863225396119908	0.00133216965120468626	0.00106711796538574595	0.000741711984131399892	0.0227407279758301301	0.00736775445402011779	0.456913748767983818	0.221341342340145854	0.0643428298371154252	0.272024566621864604	0.294581109254867663	0.191616108197414069	0.271316351577356086
T:	0.265537340376622814	0.148439098278958257	0.252667174652214103	0.180427551856443442	0.355207857284027902	0.164071408960051114	0.379151535616704301	0.0219197339637787913	0.416850535796029901	0.00918757997367693676	0.00712903855012674101	0.992951318012529606	0.00156162594155231565	0.00280170275620611546	0.00242346048103957196	0.0172236047789825028	0.126940505771497266	0.417547192233743308	0.22027133989890668	0.100474974758221375	0.194640490072752311	0.099538873686974696	0.283116383784044399



2	GTTGACT..A	0.495763249985889259


A:	0.277120758559134554	0.49600813865397554	0.184935476144954678	0.629141407015255894	0.335447311490605153	0.154765578347790095	0.154954973588628849	0.0597878459481391958	0.00274522683315895409	0.00747262068686615214	0.0034774863277072667	0.991384286324911634	0.0239702189904773354	0.00534294732458371769	0.221116309113470168	0.154753560326777179	0.460355390072040133	0.360424321685796831	0.476372979401156762	0.235214935091024583	0.568325846885653287	0.109790710796386783	0.259926711812257206
C:	0.258365018369243864	0.313159949122200472	0.31283828262648323	0.0859513340083541352	0.248015394064497177	0.106776271037584804	0.581881608000302622	0.00586850737161542583	0.039022860034177284	0.00115167931876500313	0.00122842006685941306	0.00151791346397416462	0.970713388188429782	0.510058045318137394	0.128914445758683984	0.231270274592499303	0.153233474208655534	0.272847408070737335	0.150105397104892982	0.212111380583386836	0.219310047199366981	0.223941201921435874	0.165534226787089407
G:	0.21606176932906666	0.122960871968595206	0.129349111395571043	0.146608743402551	0.110530327884190431	0.48843110582328465	0.0520856599933627728	0.841986267072696213	0.00167152383769689397	0.0242829192044110986	0.976188480240480187	0.00312565797976277398	0.00338140576764555867	0.00816433238812472588	0.117832305488180971	0.191464634064898371	0.308206214461716315	0.121542037477969897	0.272394507802458044	0.365560828189005729	0.0809164747749065835	0.520493361235413331	0.455967888239312245
T:	0.248452453742554921	0.0678710402552287823	0.372877129832991049	0.138298515573838971	0.306006966560707239	0.25002704479134045	0.211077758417705756	0.0923573796075491655	0.956560389294966868	0.967092780789957746	0.0191056133649531333	0.00397214223135142765	0.00193498705344732389	0.476434674969154163	0.532136939639664876	0.422511531015825147	0.0782049212575880182	0.245186232765495937	0.101127115691492213	0.187112856136582852	0.131447631140073149	0.145774726046764012	0.118571173161341142



3	CGTTGAC..C	0.494183134264125918


A:	0.443624418081854391	0.108968835750235475	0.498530722741013751	0.30600661555816164	0.433819100819925234	0.353885559770348004	0.190801753268670154	0.0403905740335917516	0.0254940600680705519	0.00235336476149790379	0.00714762788166393155	0.00270213964410038832	0.986378611964629676	0.0119108051548504158	0.0320277147085032911	0.378356923852604861	0.141322387435299113	0.308434591976075753	0.335347316989079476	0.109258222517720332	0.123796414645417069	0.295481482729857933	0.105187955551930315
C:	0.316402287173384679	0.120831553628356719	0.242085905672016926	0.23688111142465879	0.21966625953519273	0.0795106569327589226	0.110702129718071556	0.8401675051300123	0.0123632727138595676	0.0322690677360803557	0.000576461134423210012	0.00239997129754815596	0.000995740569037398742	0.982820090275188139	0.420348104781622811	0.169859810237409628	0.696383004552188344	0.260538951040315332	0.109676617770892919	0.358190289869864934	0.131321157994414352	0.234141091224394616	0.326269356061202128
G:	0.094681993217702445	0.390207025204133374	0.171234175765922923	0.206540069997987817	0.209053757840310583	0.206294591325510706	0.617971862339231035	0.0845965831697903919	0.886195237822386552	0.00257924332295113309	0.0265341262636795489	0.989071306048328009	0.00236890198711236984	0.00107352425282997644	0.097411100708852385	0.242986975037383103	0.107064951183198109	0.16791614267353774	0.393577271014379396	0.369897595434512221	0.203838214759563837	0.118558058678656804	0.182852505461917461
T:	0.145291301527058484	0.379992585417274433	0.0881491958210463996	0.250572203019191753	0.137460881804571452	0.360309191971382368	0.0805242546740272551	0.0348453376666055568	0.0759474293956833283	0.962798324179470607	0.96574178472023331	0.00582658301002344703	0.0102567454792205549	0.00419558031713146822	0.450213079801021513	0.208796290872602409	0.0552296568293144349	0.263110314310071174	0.16139879422564821	0.162653892177902513	0.541044212600604742	0.351819367367090646	0.385690182924950095



4	AAGTCAAC	0.493967944285290922


A:	0.145774726046764012	0.131447631140073149	0.187112856136582852	0.101127115691492213	0.245186232765495937	0.0782049212575880182	0.422511531015825147	0.532136939639664876	0.736575570667168561	0.00395202717499974795	0.0101899396705264574	0.0079490282752700926	0.95190123701003085	0.960092600103510739	0.237646613030950638	0.211077758417705756	0.25002704479134045	0.306006966560707239	0.138298515573838971	0.372877129832991049	0.0678710402552287823	0.248452453742554921
C:	0.520493361235413331	0.0809164747749065835	0.365560828189005729	0.272394507802458044	0.121542037477969897	0.308206214461716315	0.191464634064898371	0.117832305488180971	0.0537341504920302216	0.00198786794709482603	0.000989188452184033731	0.987853283463160052	0.0359721181501275414	0.00216466602460436234	0.679512247777738672	0.0520856599933627728	0.48843110582328465	0.110530327884190431	0.146608743402551	0.129349111395571043	0.122960871968595206	0.21606176932906666
G:	0.223941201921435874	0.219310047199366981	0.212111380583386836	0.150105397104892982	0.272847408070737335	0.153233474208655534	0.231270274592499303	0.128914445758683984	0.202666048345515705	0.935731981413591908	0.00176478588246635255	0.00184910192629330143	0.00202286085904465301	0.0307844980878921736	0.033026131640337762	0.581881608000302622	0.106776271037584804	0.248015394064497177	0.0859513340083541351	0.31283828262648323	0.313159949122200472	0.258365018369243864
T:	0.109790710796386783	0.568325846885653287	0.235214935091024583	0.476372979401156762	0.360424321685796831	0.460355390072040133	0.154753560326777179	0.221116309113470168	0.00702423049528551331	0.0583281234643135178	0.987056085994823156	0.00234858633527655418	0.0101037839807969551	0.00695823578399272541	0.049815007550972928	0.154954973588628849	0.154765578347790095	0.335447311490605153	0.629141407015255894	0.184935476144954678	0.49600813865397554	0.277120758559134554



5	GGGTCAAC	0.493576073124102946


A:	0.176852215676976388	0.386834395333187487	0.28009922435205465	0.220452838254017092	0.239054024801185647	0.104958380355721254	0.0973203584684475992	0.089719847621958935	0.248699118828445701	0.00249069812518761121	0.00193577537451240457	0.00951155444080459583	0.977484858930834149	0.960037569569514409	0.0766718884448707005	0.0819128284030598621	0.136461767790178859	0.272868348682132281	0.283726221411148884	0.340278783422170877	0.196242851570482025	0.293119461523850089
C:	0.411040819770724133	0.215675606825962517	0.140610511647303603	0.299183135504288784	0.423505244347262523	0.193312362210449794	0.144296677547976876	0.105955524804934885	0.0307585212260867195	0.00160350786286965774	0.00443148979769833108	0.986731994758313366	0.0156961200566110746	0.00152146293381847901	0.829993967084214708	0.334232917057459054	0.224649697635931979	0.442517481581845614	0.343774237208765137	0.170499617250209149	0.51260216654512921	0.152447803114749426
G:	0.263667866273341222	0.144822823188635893	0.398862712144198304	0.125156168957666222	0.173369321891500716	0.322577721817124651	0.736463230019796734	0.387474091777076279	0.705469063964207442	0.983998107398180885	0.00280885908356437077	0.0012159568528781872	0.00127044414825996749	0.0340213209785285071	0.0442706350634841382	0.456913748767983818	0.221341342340145854	0.0643428298371154252	0.272024566621864604	0.294581109254867663	0.191616108197414069	0.271316351577356086
T:	0.148439098278958257	0.252667174652214103	0.180427551856443442	0.355207857284027902	0.164071408960051114	0.379151535616704301	0.0219197339637787913	0.416850535796029901	0.0150732959812601373	0.0119076866137618465	0.990823875744224894	0.00254049394800385104	0.00554857686429480858	0.00441964651813860462	0.049063509407430453	0.126940505771497266	0.417547192233743308	0.22027133989890668	0.100474974758221375	0.194640490072752311	0.099538873686974696	0.283116383784044399



